1716 4
1 0 
1 6 1 0 3 1 0 3
1 7 2 3 2 1 1 0 3
1 10 2 0 3 2 0 3 3 3 3 3
1 11 1 0 1 0 1 0 1 0 0 1 3
1 9 3 1 3 1 2 3 1 0 1
1 17 2 1 0 1 1 1 0 1 0 1 0 0 1 3 0 1 1
1 5 3 1 1 0 3
1 6 0 1 3 0 1 3
1 14 1 0 0 3 3 3 3 3 3 1 3 3 3 3
1 7 2 1 2 0 1 3 1
1 11 2 0 3 2 0 3 3 1 1 0 1
1 14 1 0 3 0 3 3 3 3 3 2 0 3 2 1
1 6 2 1 3 1 2 3
1 9 2 1 2 1 2 3 1 0 3
1 2 2 3
1 8 2 0 3 3 1 2 0 3
1 7 2 3 3 1 0 1 3
1 12 1 0 3 1 0 1 0 1 0 0 1 3
1 8 3 3 0 3 3 3 2 3
1 4 3 1 3 3
1 18 2 0 3 0 3 3 3 3 3 3 3 3 3 2 3 0 1 1
1 10 1 0 1 3 1 3 1 2 0 1
1 17 1 0 1 0 1 0 0 3 3 3 3 3 3 3 1 0 1
1 26 3 1 1 0 1 0 1 0 0 3 3 3 3 3 3 3 1 0 1 0 0 3 3 3 2 1
1 10 2 3 0 3 3 3 3 1 2 1
1 8 3 1 2 0 3 1 0 3
1 5 3 1 1 0 1
1 19 1 0 1 0 1 0 1 0 0 3 3 3 1 0 3 2 1 3 3
1 13 0 3 3 3 3 3 3 3 3 3 2 0 3
1 10 1 0 1 0 1 1 2 3 3 3
1 8 2 1 3 1 2 3 3 1
1 10 1 0 1 2 1 2 0 1 2 1
1 15 1 0 1 3 3 0 3 3 3 3 3 3 3 3 1
1 10 3 1 2 0 1 2 1 0 1 1
1 7 2 1 3 1 0 1 3
1 10 2 0 1 0 1 1 0 3 3 1
1 7 3 3 1 0 1 2 3
1 5 1 0 0 1 3
1 10 3 1 0 3 1 0 3 1 0 3
1 6 2 0 3 1 0 3
1 5 2 1 2 0 3
1 16 3 1 2 3 2 3 0 3 3 3 3 3 3 3 3 3
1 7 1 0 3 2 3 2 3
1 8 2 3 0 3 3 3 3 3
1 12 0 3 3 3 3 3 3 3 3 3 3 3
1 9 2 0 1 2 1 2 3 3 3
1 19 0 3 3 1 0 3 3 3 3 3 3 3 3 3 3 3 1 0 1
1 17 0 1 1 3 3 0 3 3 3 3 3 3 3 3 3 0 3
1 8 3 3 3 1 3 3 2 3
1 17 1 0 3 0 3 3 3 3 3 3 1 0 1 3 1 0 3
1 17 2 0 3 1 0 0 3 3 3 3 1 2 0 3 2 0 3
1 9 2 1 3 1 2 1 2 0 3
1 19 2 0 3 3 3 0 3 3 3 0 3 3 3 3 3 3 3 3 3
1 5 2 3 2 0 3
1 19 2 0 1 1 0 1 0 0 3 3 3 3 3 3 3 3 3 2 3
1 6 2 0 1 1 0 3
1 4 0 3 3 1
1 26 2 1 1 0 1 0 1 0 1 0 0 3 3 3 3 3 3 3 3 1 0 3 3 3 3 3
1 10 1 0 0 3 3 3 0 3 3 1
1 11 3 1 1 0 1 2 0 3 2 0 3
1 9 2 3 3 3 3 1 1 0 1
1 13 1 0 1 0 0 3 0 3 3 1 2 0 1
1 9 0 1 1 2 1 0 3 3 3
1 29 3 3 1 0 1 0 1 0 1 0 0 1 1 1 0 1 0 1 0 0 3 3 3 3 3 3 1 2 1
1 3 0 1 3
1 5 2 1 2 0 1
1 7 2 3 3 1 1 0 3
1 10 3 1 0 3 3 1 2 3 2 3
1 15 1 0 1 2 3 0 3 3 3 3 3 3 3 3 1
1 6 0 1 3 1 0 1
1 14 1 0 0 3 3 3 3 3 3 3 3 3 3 3
1 9 2 0 1 2 1 2 1 3 1
1 8 0 1 3 1 0 1 3 1
1 13 1 0 0 3 3 3 0 1 1 0 0 1 1
1 8 1 0 3 0 1 3 2 3
1 14 1 0 1 2 1 1 0 1 0 1 0 0 1 3
1 27 1 0 1 0 1 0 0 3 3 3 3 3 3 3 3 1 0 3 3 3 3 3 3 3 2 0 1
1 8 2 3 2 3 3 1 3 3
1 9 3 1 2 3 3 3 1 0 3
1 6 2 0 3 2 0 3
1 6 2 3 3 1 2 3
1 7 3 1 2 3 1 0 1
1 17 0 1 3 3 3 1 0 1 0 1 0 0 3 3 1 2 1
1 11 1 0 1 2 1 2 0 3 1 0 1
1 22 1 0 1 0 0 3 3 3 3 3 3 3 3 1 3 1 0 1 3 2 0 1
1 5 1 0 1 3 1
1 10 0 3 3 3 3 3 3 1 3 1
1 11 0 3 3 3 3 3 3 1 2 0 1
1 7 2 0 3 3 3 2 1
1 6 3 1 2 3 3 1
1 9 2 1 2 1 3 1 1 0 3
1 5 2 0 1 0 3
1 19 2 0 1 1 0 0 3 3 3 3 1 0 3 3 3 3 3 3 3
1 14 2 1 1 0 1 0 1 0 0 3 3 3 3 3
1 6 3 3 2 3 2 3
1 14 1 0 1 0 1 0 1 0 0 3 3 3 3 1
1 8 1 0 1 2 3 0 1 1
1 4 2 1 0 3
1 3 2 0 1
1 11 0 1 3 2 1 1 0 3 1 0 3
1 6 3 3 2 1 2 1
1 10 2 0 3 2 3 3 3 0 1 1
1 5 2 1 1 0 1
1 5 3 3 1 0 1
1 7 0 1 3 3 1 3 3
1 5 2 3 1 0 1
1 5 2 1 0 1 3
1 6 2 1 2 1 2 3
1 5 2 0 3 3 1
1 17 2 1 0 1 1 1 0 0 3 3 3 3 3 3 1 2 1
1 11 0 3 3 3 0 1 1 2 1 3 3
1 24 3 1 2 1 3 1 1 0 1 0 1 0 1 0 0 3 3 3 3 3 3 3 3 1
1 13 2 1 1 0 1 0 1 0 1 0 0 1 3
1 8 2 1 0 1 1 1 0 3
1 5 2 3 2 0 1
1 10 3 3 2 0 3 1 0 1 2 3
1 9 3 3 1 0 3 3 3 3 1
1 12 0 3 3 3 3 3 3 3 0 3 3 1
1 11 2 0 3 0 1 3 2 0 1 3 1
1 6 0 3 3 3 3 3
1 17 2 0 1 0 1 1 0 1 1 0 3 3 3 3 3 3 3
1 15 3 1 1 0 1 0 1 0 1 0 0 1 1 3 1
1 5 3 3 2 0 3
1 24 1 0 1 0 1 0 0 3 3 3 3 3 3 3 3 3 0 3 3 3 3 3 3 1
1 9 3 3 3 3 2 1 2 0 1
1 13 0 3 3 3 3 3 3 3 2 1 1 0 3
1 6 2 3 2 1 3 3
1 10 2 3 3 3 2 0 3 2 0 1
1 4 3 3 3 1
1 21 0 3 3 3 3 3 0 3 0 1 1 0 3 3 3 3 3 3 3 3 1
1 10 1 0 3 2 1 3 1 0 1 1
1 20 0 3 3 3 3 3 3 3 3 1 3 1 2 3 0 3 3 3 3 3
1 9 3 3 2 3 3 1 1 0 3
1 8 0 1 3 2 3 0 1 1
1 12 0 3 0 3 3 3 3 3 3 3 3 1
1 8 2 0 3 1 0 3 3 1
1 7 2 1 1 0 0 1 1
1 10 1 0 1 0 1 3 2 3 3 1
1 9 2 1 1 0 0 1 1 3 3
1 12 2 3 2 3 0 3 3 3 3 3 3 1
1 16 2 3 1 0 1 0 0 3 3 3 3 3 3 1 3 1
1 14 2 3 1 0 1 0 1 0 0 3 3 3 3 1
1 12 1 0 1 0 0 1 1 2 3 2 0 1
1 10 1 0 1 2 0 3 3 1 2 3
1 5 0 1 3 3 3
1 11 1 0 1 0 1 3 1 0 3 3 3
1 14 3 3 1 0 1 0 1 0 0 1 3 1 0 1
1 8 0 3 3 1 3 1 2 3
1 5 3 3 1 0 3
1 4 2 1 3 1
1 5 2 0 1 2 1
1 14 0 3 3 3 3 3 0 1 3 2 3 1 0 1
1 17 1 0 1 0 0 3 3 3 3 1 0 1 3 3 3 3 1
1 8 2 0 3 3 3 2 0 1
1 6 1 0 3 1 0 1
1 5 1 0 3 2 1
1 8 1 0 1 2 1 1 0 3
1 7 1 0 1 3 3 2 3
1 6 3 3 2 1 2 3
1 17 3 1 1 0 0 3 3 3 3 3 3 3 3 3 2 0 1
1 7 3 3 0 1 0 1 1
1 7 2 3 0 1 1 3 3
1 10 3 3 2 3 2 3 0 3 3 3
1 8 1 0 3 1 0 0 1 3
1 9 3 3 1 0 1 2 3 2 3
1 8 2 3 1 0 3 1 0 1
1 13 1 0 1 0 1 0 1 0 0 1 1 2 3
1 14 3 1 1 0 1 0 0 3 3 3 3 3 3 1
1 15 2 3 0 3 3 3 3 3 3 3 3 1 0 1 1
1 7 2 0 3 3 1 3 3
1 13 0 1 3 2 3 0 3 3 3 3 3 3 1
1 10 2 0 1 0 1 3 2 3 3 3
1 7 2 3 0 1 1 2 3
1 10 1 0 3 2 3 2 3 1 0 3
1 9 1 0 3 2 3 3 3 2 1
1 12 2 3 1 0 0 3 3 3 3 3 3 1
1 19 3 3 1 0 1 0 1 0 0 1 3 0 3 3 3 3 3 3 1
1 16 3 1 0 1 1 1 0 1 0 1 0 0 1 3 3 1
1 10 0 3 3 3 3 3 3 3 3 1
1 12 2 3 1 0 1 0 0 3 3 3 3 3
1 10 3 1 2 0 1 1 0 3 2 3
1 5 0 1 3 3 1
1 5 1 0 3 2 3
1 7 0 3 2 3 0 1 3
1 13 1 0 3 1 0 0 3 3 3 3 3 3 3
1 15 1 0 3 1 0 1 0 0 1 1 1 0 3 2 3
1 21 0 3 3 1 1 0 1 0 1 0 0 3 3 3 3 1 0 3 1 0 3
1 15 0 1 1 1 0 1 0 0 3 3 3 3 1 2 1
1 7 3 1 3 1 1 0 3
1 26 1 0 1 0 1 0 1 0 0 3 3 1 3 1 1 0 1 0 0 3 3 3 3 3 3 1
1 10 1 0 1 1 0 1 3 3 2 1
1 3 1 0 1
1 9 1 0 1 0 1 0 0 1 1
1 7 2 0 1 2 1 3 1
1 8 3 1 1 0 1 2 0 1
1 8 2 3 3 3 3 1 2 3
1 10 1 0 1 0 0 3 3 3 3 3
1 2 2 1
1 3 2 0 3
1 20 2 3 3 1 1 0 1 0 1 0 1 0 0 3 3 3 3 3 3 1
1 6 1 0 1 1 0 1
1 14 3 1 1 0 1 0 1 0 0 1 1 0 1 1
1 14 2 1 1 0 1 0 0 3 3 3 3 1 3 3
1 14 1 0 1 0 1 0 1 0 0 1 3 1 0 1
1 4 2 1 2 1
1 7 2 0 1 3 3 3 3
1 6 0 1 3 1 3 1
1 9 2 3 3 3 3 1 1 0 3
1 10 3 1 0 3 3 3 3 1 2 3
1 24 1 0 1 0 1 0 0 1 1 2 0 1 0 3 3 3 3 3 3 3 3 1 3 1
1 6 2 1 0 3 3 3
1 10 2 1 3 3 0 3 3 3 3 3
1 7 2 0 3 2 1 3 3
1 5 3 1 2 0 3
1 9 1 0 0 1 1 2 3 3 1
1 8 2 1 2 3 3 3 2 1
1 17 3 1 3 3 0 1 1 1 0 1 0 1 0 0 3 3 3
1 4 3 1 2 3
1 6 1 0 3 0 1 1
1 7 1 0 1 0 0 1 3
1 8 3 1 2 3 3 3 3 3
1 8 2 3 2 0 3 0 1 1
1 11 3 3 2 3 1 0 0 3 2 0 3
1 5 1 0 1 3 3
1 8 2 3 3 1 2 1 3 1
1 8 2 3 2 0 1 1 0 1
1 10 2 1 2 0 1 2 0 1 2 1
1 12 3 3 1 0 1 0 1 0 0 3 3 1
1 16 2 1 1 0 1 0 1 0 1 0 0 3 3 3 3 3
1 20 0 3 3 3 1 0 1 0 0 3 3 3 3 3 3 3 3 3 2 3
1 6 2 1 2 3 2 3
1 11 0 1 3 0 1 3 1 0 0 1 3
1 10 3 1 1 0 3 1 0 3 3 3
1 12 0 3 3 3 3 3 3 3 3 1 3 3
1 11 0 3 3 3 3 3 3 3 2 0 3
1 6 3 1 0 3 3 1
1 13 1 0 1 3 1 0 3 3 3 3 3 3 1
1 13 1 0 1 0 1 0 0 3 2 1 1 0 3
1 9 3 3 3 3 2 0 3 3 1
1 18 1 0 1 0 1 0 1 0 0 3 3 3 2 3 2 1 2 3
1 15 1 0 1 0 1 0 1 0 0 1 1 0 0 1 3
1 9 2 1 0 1 1 2 3 2 1
1 5 3 3 2 0 1
1 10 3 1 2 0 3 2 3 1 0 3
1 4 3 1 2 1
1 9 0 1 1 3 3 3 3 3 1
1 9 2 1 3 3 3 3 1 0 1
1 10 1 0 0 1 1 2 1 1 0 3
1 8 0 1 3 3 1 1 0 1
1 7 3 3 2 3 2 0 1
1 25 3 1 3 1 1 0 1 0 1 0 1 0 0 3 3 3 3 3 3 3 3 3 0 1 1
1 10 3 3 1 0 3 3 1 1 0 3
1 6 1 0 0 3 3 1
1 24 2 1 1 0 1 0 1 0 1 0 0 1 3 3 1 1 0 1 0 1 0 0 1 3
1 4 2 3 3 1
1 14 0 3 3 3 3 3 3 3 3 1 2 3 2 3
1 8 0 3 3 3 3 3 3 1
1 10 0 3 3 3 3 3 3 3 3 3
1 11 2 0 3 3 1 1 0 3 1 0 3
1 10 2 3 2 0 3 0 1 1 0 3
1 8 2 0 1 2 1 1 0 1
1 5 1 0 1 2 1
1 7 2 0 3 2 1 2 3
1 9 3 3 2 1 0 1 3 2 1
1 17 0 3 3 3 3 3 3 3 3 3 0 1 1 3 3 3 1
1 8 2 3 2 0 1 2 0 1
1 3 1 0 3
1 10 3 1 3 3 2 0 3 0 1 3
1 8 0 3 3 3 3 3 3 3
1 12 2 1 2 0 1 2 1 1 0 0 1 1
1 11 2 1 1 0 1 0 0 1 3 2 3
1 8 3 3 2 0 3 2 0 1
1 18 0 3 3 3 3 3 3 1 3 3 2 3 0 3 3 3 3 1
1 11 2 0 1 0 1 3 2 0 1 3 1
1 11 2 3 0 3 3 3 3 1 1 0 3
1 4 3 1 3 1
1 10 1 0 0 1 1 3 1 1 0 1
1 19 0 1 3 0 3 3 3 3 3 0 3 3 3 3 3 3 3 3 3
1 11 0 1 3 2 3 0 3 3 3 3 1
1 13 2 0 3 0 3 3 1 0 1 1 2 0 1
1 10 1 0 1 0 0 1 3 1 0 3
1 7 3 1 0 1 3 2 3
1 13 1 0 0 1 1 3 1 0 3 3 3 3 1
1 7 3 3 0 1 1 2 1
1 14 0 1 1 1 0 1 1 0 1 0 0 1 3 1
1 14 1 0 1 0 1 0 0 1 1 0 1 1 0 1
1 18 2 3 2 1 1 0 1 0 1 0 1 0 0 3 3 3 3 1
1 17 1 0 1 0 1 0 0 1 3 2 3 1 0 3 0 1 1
1 8 1 0 1 0 1 0 0 1
1 16 3 3 3 3 2 1 0 3 3 3 3 3 3 3 3 1
1 12 0 3 3 3 3 3 3 3 3 1 2 3
1 14 1 0 1 0 3 3 3 3 3 3 3 1 0 3
1 19 1 0 1 0 1 0 1 0 0 3 3 3 3 1 1 0 0 1 1
1 26 1 0 1 0 1 0 1 0 0 1 1 0 1 1 1 0 0 3 3 3 3 3 3 1 3 1
1 18 2 1 1 0 0 3 1 0 1 0 1 0 1 0 0 3 3 1
1 5 1 0 1 2 3
1 4 2 1 3 3
1 6 2 1 3 3 2 3
1 9 2 1 2 3 3 1 0 1 1
1 9 2 3 3 3 3 3 2 0 3
1 9 2 3 2 3 0 1 1 3 1
1 7 2 3 1 0 1 3 3
1 8 2 0 1 0 1 3 3 1
1 12 3 3 0 3 3 3 3 3 3 3 3 1
1 2 3 1
1 6 3 3 3 3 3 3
1 7 2 3 1 0 0 1 3
1 4 2 3 2 1
1 9 2 3 1 0 1 2 1 3 3
1 10 1 0 1 2 0 1 2 3 2 3
1 13 2 3 2 0 3 0 3 3 3 3 3 3 1
1 10 0 3 3 3 2 0 1 1 0 1
1 37 1 0 1 0 0 3 3 3 3 1 1 0 1 0 1 0 1 0 0 3 3 3 1 0 1 0 1 0 0 3 1 0 1 0 0 1 3
1 4 3 3 2 3
1 5 2 1 0 1 1
1 9 2 1 1 0 3 0 1 3 1
1 8 1 0 1 0 0 3 2 1
1 4 0 3 3 3
1 6 2 3 3 1 2 1
1 10 0 3 3 3 3 3 3 3 2 1
1 19 2 0 3 1 0 3 0 3 3 3 3 3 3 3 3 3 2 0 3
1 22 1 0 1 0 1 0 1 0 0 1 1 1 0 1 3 3 0 3 3 3 3 1
1 8 2 3 0 3 3 3 3 1
1 13 1 0 1 0 1 0 1 0 0 1 1 3 1
1 10 3 1 1 0 3 2 3 1 0 3
1 17 1 0 1 1 0 1 0 1 0 0 1 1 1 0 1 2 3
1 3 0 1 1
1 13 2 0 1 1 0 1 0 0 3 3 3 2 3
1 17 3 3 3 1 0 3 3 3 3 3 3 3 3 3 1 0 1
1 17 2 1 2 3 0 1 1 0 3 3 3 3 3 3 3 3 3
1 8 0 1 3 0 1 1 2 1
1 13 1 0 1 0 1 0 0 1 1 2 3 2 1
1 7 3 3 2 3 1 0 1
1 7 0 1 1 3 3 3 1
1 17 0 1 1 0 1 0 1 0 0 3 3 1 2 0 1 3 1
1 11 2 0 3 0 1 1 2 0 3 3 1
1 9 1 0 1 2 1 3 1 3 3
1 11 2 3 3 1 0 3 3 3 1 0 3
1 14 1 0 1 0 1 0 1 0 0 1 1 1 0 1
1 9 0 3 2 3 2 3 2 0 1
1 11 0 3 3 1 1 0 0 3 1 0 3
1 11 3 1 3 3 1 0 3 0 3 3 3
1 11 2 0 1 0 1 1 1 0 0 1 1
1 10 2 1 2 0 3 1 0 0 1 3
1 5 0 1 3 2 1
1 7 2 1 2 0 3 3 1
1 9 3 1 2 3 3 1 2 0 1
1 8 0 1 1 2 0 1 3 3
1 12 2 1 1 0 0 1 1 3 3 1 0 1
1 7 3 3 3 3 1 0 1
1 2 3 3
1 9 0 3 3 1 0 1 1 2 1
1 9 2 1 1 0 1 0 0 1 3
1 9 2 0 3 1 0 3 1 0 1
1 15 1 0 1 0 0 1 3 2 3 2 0 3 1 0 3
1 7 2 1 3 1 2 0 1
1 13 0 1 1 3 1 0 1 3 1 0 0 1 3
1 5 0 1 1 2 1
1 8 2 0 3 0 3 0 1 1
1 5 0 1 1 2 3
1 4 3 3 3 3
1 18 0 3 3 3 3 3 3 3 3 1 1 0 0 1 3 0 1 3
1 15 1 0 0 3 3 3 1 0 1 0 1 0 0 1 1
1 7 2 3 3 3 1 0 3
1 15 3 3 0 3 3 3 3 3 3 3 3 1 1 0 1
1 5 2 0 1 0 1
1 10 2 0 3 3 1 1 0 3 2 3
1 21 1 0 1 0 0 1 2 3 2 3 1 0 1 0 1 0 1 0 0 1 1
1 19 0 3 3 3 3 3 3 3 0 3 3 3 3 3 3 3 1 0 1
1 18 0 1 3 1 0 0 3 3 3 3 3 3 3 3 3 1 0 1
1 8 2 1 2 0 3 0 1 1
1 15 2 0 3 1 0 0 3 3 3 3 3 3 3 3 3
1 13 0 1 2 3 1 0 1 0 0 1 3 2 1
1 6 2 1 3 1 3 1
1 10 0 1 1 0 1 1 2 1 2 1
1 8 2 1 2 1 3 1 3 3
1 13 2 1 2 1 2 0 1 0 3 3 3 3 1
1 6 3 1 3 3 3 1
1 13 1 0 1 0 0 3 3 3 3 3 1 0 3
1 6 0 1 3 1 0 3
1 17 2 3 2 1 1 0 1 0 1 0 1 0 0 1 1 3 1
1 22 3 3 0 3 3 1 1 0 1 0 1 0 0 3 3 3 3 3 3 3 3 3
1 7 0 3 2 0 3 0 3
1 9 1 0 1 0 1 0 0 1 3
1 13 3 1 1 0 3 0 3 3 3 3 3 3 1
1 7 2 1 2 0 1 2 1
1 14 1 0 1 0 0 3 3 3 3 3 3 3 2 3
1 7 1 0 3 2 1 0 3
1 12 0 3 3 3 3 3 3 3 2 3 2 1
1 12 1 0 1 0 1 0 1 0 0 3 3 3
1 6 2 0 1 2 0 1
1 9 3 1 2 1 2 3 0 1 1
1 7 3 3 2 3 2 0 3
1 11 2 0 3 0 1 1 2 1 1 0 3
1 13 1 0 1 0 1 0 0 1 3 0 1 2 1
1 10 1 0 3 2 0 1 3 1 3 3
1 26 2 3 1 0 1 0 0 1 1 1 0 1 0 0 3 3 1 1 0 1 0 1 0 0 1 1
1 6 1 0 3 2 0 1
1 4 3 3 2 1
1 14 1 0 1 0 1 0 1 0 0 3 3 1 3 1
1 4 2 3 2 3
1 4 2 3 3 3
1 6 2 3 0 3 3 3
1 6 2 0 1 1 0 1
1 24 1 0 1 0 0 3 3 1 2 0 3 2 3 1 0 1 0 1 0 1 0 0 1 1
1 6 1 0 1 1 0 3
1 14 3 3 0 3 3 3 3 3 3 3 3 1 3 1
1 12 1 0 3 3 3 1 0 1 0 0 1 1
1 10 2 1 0 1 3 0 1 1 3 3
1 13 2 3 2 0 1 0 3 3 3 3 3 3 1
1 5 2 3 0 1 3
1 19 1 0 1 0 1 0 1 0 0 3 3 3 3 1 2 1 0 1 1
1 8 3 3 2 0 3 0 1 3
1 16 3 3 2 0 1 1 0 1 0 1 0 1 0 0 1 3
1 10 2 3 1 0 1 2 3 2 0 1
1 8 2 0 3 0 3 2 0 3
1 9 1 0 1 0 0 1 3 2 1
1 11 0 3 3 1 1 0 1 0 3 3 1
1 10 2 0 1 2 3 1 0 3 2 1
1 20 3 1 1 0 1 0 1 0 0 3 3 3 3 3 3 3 3 3 3 1
1 11 3 3 1 0 3 0 1 1 2 0 1
1 11 2 0 1 0 3 3 3 3 3 3 3
1 10 2 0 3 3 3 3 3 1 0 3
1 9 2 0 1 2 3 0 3 3 3
1 5 2 0 3 2 3
1 10 0 1 1 1 0 1 0 0 1 3
1 2 0 1
1 5 2 0 1 3 1
1 8 2 1 2 3 2 3 3 3
1 13 0 3 3 3 3 3 3 1 2 3 2 0 3
1 14 1 0 1 0 0 1 0 1 3 3 1 1 0 3
1 15 3 1 1 0 1 0 0 3 3 3 3 1 1 0 1
1 7 2 0 3 3 3 3 1
1 8 0 1 3 2 0 1 3 3
1 11 2 3 1 0 1 0 1 0 0 1 3
1 19 1 0 0 1 3 0 3 3 3 3 3 3 3 3 1 3 1 2 1
1 8 3 1 3 3 0 3 3 3
1 7 3 1 1 0 1 2 1
1 7 3 1 2 0 3 2 3
1 7 1 0 3 2 1 3 3
1 5 1 0 3 3 1
0 23 2 1 0 3 3 3 3 3 1 0 1 0 1 0 0 3 3 3 3 3 3 3 1
0 5 0 3 3 1 2
0 9 1 0 1 0 1 3 2 1 2
0 11 3 3 3 1 1 0 1 0 1 0 0
0 16 1 0 1 1 0 1 0 1 0 0 3 3 3 3 3 3
0 10 0 3 3 3 3 3 3 1 1 0
0 12 2 0 3 2 3 0 3 3 3 3 3 3
0 18 1 0 1 0 1 0 1 0 0 1 3 2 0 1 2 0 3 2
0 4 2 1 2 0
0 6 0 1 1 0 1 0
0 10 1 0 1 0 0 1 3 3 3 2
0 7 3 3 2 1 2 1 3
0 7 3 1 2 3 2 1 1
0 5 2 3 3 1 1
0 12 2 1 2 0 3 1 0 1 0 1 0 0
0 11 2 0 3 2 3 1 0 1 0 1 0
0 17 2 1 1 0 1 0 0 3 3 3 3 3 3 3 3 3 2
0 15 1 0 1 0 1 0 1 0 0 1 1 2 0 1 1
0 6 0 1 3 2 3 1
0 10 3 1 1 0 1 0 3 3 3 3
0 9 1 0 0 3 3 3 3 1 1
0 18 0 3 3 3 1 0 1 0 0 3 3 3 3 3 3 1 1 0
0 17 1 0 3 3 3 0 3 3 3 3 3 3 3 3 3 1 0
0 16 1 0 1 0 1 0 1 0 0 1 1 2 0 1 1 0
0 12 1 0 1 0 0 3 3 3 2 0 1 2
0 13 1 0 1 1 0 1 0 0 1 1 0 3 3
0 16 2 0 3 0 3 3 3 3 3 3 3 3 1 2 1 3
0 9 0 1 3 2 3 2 0 3 3
0 5 3 3 2 3 2
0 8 2 1 3 3 3 1 1 0
0 11 0 3 3 3 3 3 3 3 2 3 2
0 8 2 0 3 2 3 3 1 3
0 4 2 0 1 2
0 1 1
0 17 1 0 1 0 1 0 1 0 0 1 1 1 0 1 0 1 0
0 9 3 1 2 3 1 0 1 0 0
0 9 0 1 3 2 3 2 0 1 0
0 7 0 1 1 2 0 3 3
0 7 2 3 1 0 0 3 3
0 20 1 0 1 0 1 0 0 1 1 0 3 3 3 3 3 3 3 3 1 3
0 8 1 0 3 1 0 0 3 3
0 14 0 1 3 0 3 3 3 3 3 3 3 3 1 3
0 7 2 1 3 3 3 1 1
0 6 1 0 1 3 3 0
0 11 1 0 3 3 3 1 0 1 0 1 0
0 8 2 0 3 1 0 1 2 0
0 11 0 3 3 3 2 1 0 3 3 3 3
0 9 0 3 3 3 3 3 3 1 2
0 6 1 0 0 1 1 0
0 31 1 0 0 3 3 3 3 1 1 0 1 0 1 0 0 3 3 3 3 3 3 3 3 3 0 3 3 3 3 3 3
0 14 1 0 3 2 0 3 1 0 1 0 1 0 1 0
0 18 1 0 1 0 1 0 0 1 1 0 3 3 3 3 3 3 3 3
0 16 2 0 3 1 0 1 0 0 3 3 3 3 3 3 3 3
0 16 1 0 1 0 1 0 1 0 0 1 1 3 3 2 1 2
0 8 3 1 3 3 0 1 1 2
0 7 2 0 3 3 1 2 0
0 7 2 3 2 3 3 1 2
0 17 2 3 1 0 1 0 1 0 1 0 0 1 1 1 0 1 2
0 15 1 0 0 3 3 3 3 1 1 0 1 0 1 0 0
0 11 1 0 1 0 3 3 1 2 1 1 0
0 9 2 3 1 0 1 0 1 0 0
0 13 2 1 0 3 3 3 3 3 3 3 3 3 2
0 14 3 3 1 0 1 0 1 0 0 1 3 0 3 3
0 10 1 0 1 0 3 3 3 3 3 3
0 4 3 1 1 0
0 23 3 1 2 3 2 1 1 0 1 0 1 0 1 0 0 3 3 3 3 3 3 3 3
0 7 1 0 3 2 0 3 1
0 6 2 3 2 0 1 2
0 7 2 0 1 2 1 1 0
0 16 1 0 0 3 3 3 3 3 3 3 3 3 1 0 1 1
0 9 1 0 1 0 1 0 0 3 3
0 8 2 0 3 0 3 3 3 3
0 12 1 0 0 3 3 3 3 3 3 1 1 0
0 7 3 3 2 1 2 1 0
0 7 3 1 2 3 2 3 3
0 7 2 3 3 3 3 3 1
0 8 3 3 2 1 2 0 1 0
0 9 1 0 3 3 3 1 0 1 0
0 6 3 3 0 1 1 0
0 20 1 0 1 2 0 3 1 0 1 0 1 0 1 0 0 3 3 1 2 0
0 11 0 3 3 3 3 3 3 3 3 3 2
0 17 0 1 3 0 3 3 3 3 3 3 1 1 0 1 0 1 0
0 14 2 0 3 1 0 0 3 3 3 3 3 3 1 3
0 8 1 0 3 3 3 2 1 3
0 8 3 1 2 0 3 2 1 0
0 8 1 0 3 3 1 3 1 0
0 8 2 1 1 0 3 2 1 1
0 4 1 0 3 0
0 9 0 1 1 2 0 3 3 1 2
0 2 2 0
0 7 2 0 1 2 0 1 3
0 8 3 3 2 0 1 3 3 0
0 15 0 3 3 3 2 1 0 3 3 3 3 3 3 3 3
0 18 2 1 1 0 0 3 3 3 3 1 1 0 1 0 0 1 1 3
0 12 2 1 0 3 3 3 3 3 1 0 1 0
0 17 1 0 3 1 0 0 3 3 3 3 3 3 3 3 1 1 0
0 6 2 0 3 0 3 3
0 5 0 3 3 3 1
0 4 2 1 1 0
0 12 2 0 3 1 0 1 0 0 3 3 3 3
0 12 2 3 2 0 1 0 3 3 3 3 3 0
0 13 1 0 1 0 0 3 3 3 3 3 3 1 0
0 4 1 0 1 0
0 20 0 3 3 3 3 3 3 1 2 1 0 1 1 0 3 3 3 3 3 3
0 13 2 3 1 0 3 1 0 1 0 1 0 1 0
0 5 0 3 3 3 3
0 11 3 3 1 0 1 0 1 0 0 3 3
0 20 1 0 1 0 1 0 1 0 0 1 1 1 0 1 0 1 0 0 3 3
0 19 0 3 3 3 3 3 2 0 3 1 0 1 0 1 0 0 1 1 1
0 6 3 3 3 3 2 0
0 14 2 3 2 0 1 0 3 3 3 3 3 0 3 3
0 5 2 1 3 3 3
0 7 3 3 2 3 0 3 3
0 10 2 0 3 1 0 1 0 0 3 3
0 15 2 0 1 1 0 1 0 1 0 0 1 3 3 3 2
0 11 3 3 2 3 0 3 3 3 3 3 3
0 14 2 3 0 1 3 1 0 1 0 1 0 1 0 0
0 8 0 1 1 1 0 1 0 0
0 11 0 1 1 0 1 0 1 0 1 0 0
0 10 3 1 0 3 3 1 1 0 1 0
0 6 1 0 3 3 1 3
0 7 2 3 2 0 1 2 0
0 5 2 3 2 3 2
0 5 2 1 2 1 3
0 6 1 0 1 2 1 1
0 7 0 3 3 3 3 1 2
0 14 2 1 0 3 3 3 3 3 3 1 2 0 1 0
0 20 3 3 1 0 1 0 1 0 0 3 3 3 3 3 3 3 3 1 2 0
0 8 1 0 1 0 1 1 2 0
0 12 1 0 1 2 0 3 1 0 1 0 1 0
0 9 3 1 0 3 3 3 1 0 0
0 18 2 1 2 1 1 0 3 1 0 1 0 1 0 0 3 3 3 3
0 12 3 1 1 0 3 1 0 1 0 1 0 0
0 6 2 0 1 2 3 2
0 9 0 1 3 1 0 1 0 1 0
0 21 0 3 3 3 3 3 3 1 1 0 0 3 3 3 3 3 3 3 3 3 2
0 9 2 3 2 0 1 1 0 3 3
0 5 2 1 2 1 2
0 21 1 0 3 2 0 3 1 0 1 0 1 0 1 0 0 3 3 3 3 3 3
0 5 3 1 2 3 2
0 10 2 0 3 1 0 1 0 1 0 0
0 17 0 3 3 3 3 3 1 0 1 0 1 0 1 0 0 3 1
0 15 3 3 0 3 3 3 3 3 3 3 3 1 2 3 1
0 17 0 3 3 3 3 3 3 1 1 0 0 3 3 3 3 3 3
0 8 3 1 0 3 3 1 1 0
0 7 1 0 3 3 1 1 0
0 8 2 1 2 1 1 0 3 1
0 8 3 3 2 3 1 0 1 0
0 18 3 3 2 0 1 1 0 0 3 3 3 3 3 3 3 1 0 0
0 19 1 0 1 0 1 0 1 0 0 3 3 3 0 1 1 0 1 1 2
0 8 0 3 3 3 3 3 1 0
0 7 0 1 1 2 1 1 0
0 7 2 1 2 1 2 3 0
0 8 1 0 3 2 3 0 3 3
0 9 3 3 2 1 0 3 3 3 3
0 9 3 1 2 0 1 1 0 1 2
0 8 3 3 2 1 2 0 3 2
0 13 1 0 3 2 0 3 0 3 3 3 3 1 3
0 7 1 0 1 0 0 3 0
0 22 1 0 3 1 0 0 3 3 3 3 3 3 3 3 1 1 0 1 0 1 0 0
0 5 1 0 1 1 0
0 8 3 1 3 3 3 3 1 0
0 7 0 1 3 2 0 3 1
0 16 1 0 3 1 0 1 0 1 0 0 3 3 3 3 3 3
0 7 1 0 0 3 3 1 0
0 8 3 1 2 1 3 3 1 0
0 7 2 3 1 0 3 2 0
0 15 2 3 1 0 1 0 1 0 1 0 0 1 1 1 0
0 15 1 0 1 0 1 0 0 1 1 2 1 0 1 1 2
0 14 2 0 3 0 3 3 3 3 3 3 3 3 1 2
0 3 3 1 0
0 19 0 1 3 0 3 3 3 3 3 3 1 1 0 1 0 1 0 1 0
0 10 0 3 3 3 3 1 3 3 1 0
0 16 3 3 1 0 3 1 0 1 0 1 0 0 3 3 3 3
0 9 0 1 1 1 0 1 0 1 0
0 7 3 1 1 0 3 2 0
0 13 0 3 3 3 3 3 2 0 3 1 0 1 0
0 7 0 3 3 3 3 3 2
0 10 2 0 3 3 1 2 0 1 1 0
0 8 3 1 2 3 2 1 1 0
0 20 3 3 1 0 3 1 0 1 0 1 0 0 3 3 3 3 3 3 3 3
0 6 2 3 2 0 1 0
0 18 2 3 1 0 3 2 1 1 0 1 0 1 0 0 3 3 3 3
0 12 1 0 3 2 0 3 1 0 1 0 1 0
0 14 1 0 1 0 1 0 1 0 0 3 3 3 2 0
0 12 2 1 0 3 3 3 3 3 3 1 2 0
0 18 2 3 0 1 3 1 0 1 0 1 0 1 0 0 3 1 0 0
0 7 3 3 0 3 3 3 3
0 19 1 0 3 1 0 0 3 3 3 3 3 3 3 3 1 1 0 1 0
0 7 0 1 1 2 0 3 2
0 7 3 1 1 0 1 2 0
0 28 1 0 1 0 1 0 1 0 0 1 1 1 0 1 0 1 0 0 3 3 3 3 3 3 3 3 1 0
0 8 1 0 0 1 1 2 1 0
0 9 1 0 1 0 0 1 3 1 0
0 9 1 0 3 2 0 3 0 3 3
0 6 3 3 2 0 1 2
0 6 3 1 2 0 3 2
0 18 2 0 3 2 3 1 0 1 0 1 0 1 0 0 3 3 3 3
0 7 2 1 1 0 0 3 3
0 9 2 0 3 0 1 1 3 1 3
0 15 1 0 1 0 1 0 1 0 0 1 1 1 0 1 0
0 9 2 0 1 1 0 1 0 1 0
0 5 3 3 3 1 0
0 9 3 3 0 3 3 3 3 3 3
0 8 2 3 2 0 1 2 1 2
0 33 2 1 0 3 3 3 3 3 1 0 1 0 1 0 0 3 3 3 3 3 3 3 1 0 0 3 3 3 3 3 3 3 3
0 8 3 1 2 0 1 3 1 3
0 9 2 3 3 3 1 0 0 3 3
0 13 3 3 2 3 1 0 1 0 0 3 3 1 0
0 12 1 0 1 1 0 1 0 0 3 3 3 3
0 17 1 0 1 0 0 1 1 3 1 3 1 1 0 1 0 1 0
0 7 1 0 1 2 1 1 0
0 18 3 3 1 0 3 1 0 1 0 1 0 0 3 3 3 3 3 3
0 8 1 0 1 2 1 1 0 0
0 7 3 1 1 0 0 1 2
0 9 0 3 3 3 3 3 2 1 2
0 5 1 0 1 0 0
0 12 1 0 3 1 0 0 3 3 3 3 3 3
0 11 2 1 1 0 1 0 1 0 1 0 0
0 11 0 1 3 1 0 1 0 1 0 1 0
0 19 1 0 3 2 0 3 1 0 1 0 1 0 1 0 0 3 3 3 3
0 10 2 1 1 0 0 1 3 3 1 3
0 14 1 0 1 1 0 1 0 1 0 0 3 3 3 3
0 5 3 1 2 1 2
0 9 0 3 3 1 2 1 3 3 2
0 8 2 1 3 1 2 1 1 0
0 16 2 1 2 1 1 0 3 1 0 1 0 1 0 0 3 3
0 9 2 0 3 2 3 1 0 1 0
0 6 2 0 1 2 1 2
0 14 2 0 3 1 0 1 0 0 3 3 3 3 3 3
0 12 2 1 1 0 0 3 3 3 3 1 1 0
0 11 2 3 1 0 3 1 0 1 0 1 0
0 6 2 1 1 0 3 1
0 9 3 1 2 0 1 1 0 1 3
0 11 2 3 1 0 1 0 1 0 1 0 0
0 12 2 3 2 3 1 0 1 0 1 0 1 0
0 6 3 3 2 0 1 3
0 3 3 3 2
0 7 2 1 2 3 2 1 0
0 27 1 0 0 3 3 3 3 1 1 0 1 0 1 0 0 3 3 3 3 3 3 3 3 3 0 3 3
0 9 1 0 3 1 0 1 3 3 0
0 13 2 1 1 0 1 0 1 0 1 0 0 3 3
0 13 1 0 3 2 0 1 0 3 3 3 3 3 3
0 10 1 0 1 0 0 3 0 1 3 2
0 2 1 0
0 7 3 1 3 1 2 1 2
0 12 1 0 1 0 1 0 1 0 0 1 1 1
0 16 1 0 1 0 0 3 3 3 3 3 3 3 3 3 2 0
0 15 0 1 3 0 3 3 3 3 3 3 1 1 0 1 0
0 6 1 0 3 0 3 3
0 7 3 3 1 0 0 3 3
0 8 2 1 1 0 3 3 3 2
0 10 0 1 3 2 0 3 1 0 1 0
0 10 1 0 1 0 0 1 1 1 0 0
0 17 2 3 1 0 1 0 1 0 0 3 3 3 3 3 3 3 2
0 10 0 1 3 1 0 0 3 3 3 3
0 5 3 3 2 1 3
0 8 2 3 2 3 1 0 1 0
0 19 2 0 3 3 1 2 0 1 1 0 1 0 1 0 0 3 3 3 3
0 13 2 0 3 0 1 3 0 3 3 3 3 3 3
0 22 0 3 3 3 3 3 3 1 2 1 0 1 1 0 3 3 3 3 3 3 3 3
0 6 3 1 1 0 1 2
0 4 2 0 1 3
0 5 3 3 0 3 1
0 7 1 0 1 2 3 2 0
0 13 3 3 2 3 0 3 3 3 3 3 3 3 3
0 8 1 0 1 3 3 0 3 3
0 10 3 1 1 0 1 0 1 0 1 0
0 13 2 1 2 1 1 0 3 1 0 1 0 1 0
0 15 2 1 1 0 0 3 3 3 3 1 1 0 1 0 0
0 12 3 1 1 0 1 0 0 1 3 3 1 3
0 4 1 0 3 3
0 13 1 0 1 0 0 3 3 3 2 0 1 2 0
0 11 2 0 3 1 0 1 0 1 0 1 0
0 16 3 3 2 0 1 1 0 0 3 3 3 3 3 3 3 1
0 14 1 0 1 2 0 3 1 0 1 0 1 0 1 0
0 11 2 3 0 3 3 3 3 3 3 3 3
0 11 1 0 0 3 3 1 0 3 3 3 3
0 17 2 3 2 3 1 0 1 0 1 0 1 0 0 3 3 3 3
0 8 2 0 3 0 3 3 3 1
0 10 2 0 1 1 0 1 0 1 0 0
0 7 3 1 2 1 2 3 1
0 6 2 0 3 2 1 0
0 7 2 3 2 1 2 3 3
0 17 2 0 3 3 3 1 0 1 0 1 0 1 0 0 1 3 2
0 7 0 1 1 1 0 1 2
0 11 2 0 3 0 1 3 0 3 3 3 3
0 14 0 3 3 3 3 3 3 3 3 1 1 0 1 3
0 8 2 3 2 0 1 0 3 3
0 11 0 3 3 3 3 3 3 3 3 1 1
0 11 2 1 0 3 3 3 3 3 3 1 2
0 10 1 0 3 1 0 1 0 1 0 0
0 12 2 1 1 0 3 2 1 1 0 1 0 0
0 12 2 0 3 3 1 2 0 1 1 0 1 0
0 12 1 0 1 1 0 1 0 1 0 0 3 3
0 14 2 0 3 2 3 1 0 1 0 1 0 1 0 0
0 13 1 0 1 0 1 0 0 1 1 2 0 1 2
0 13 1 0 1 2 0 1 0 3 3 3 3 3 3
0 15 1 0 1 0 1 0 1 0 0 1 3 1 0 1 0
0 6 2 3 1 0 3 3
0 9 2 1 1 0 1 2 0 1 3
0 8 0 1 3 2 3 2 1 3
0 8 1 0 3 2 0 3 1 0
0 10 1 0 0 3 2 0 3 0 3 3
0 8 2 1 1 0 1 0 1 0
0 3 3 1 2
0 8 1 0 3 3 3 0 3 3
0 4 2 0 1 1
0 7 1 0 3 2 0 1 0
0 7 0 3 3 1 0 3 3
0 18 1 0 1 0 1 0 1 0 0 1 1 2 0 1 1 0 1 2
0 7 3 3 3 1 0 3 3
0 12 1 0 1 0 1 0 1 0 0 1 1 3
0 15 3 3 1 0 1 0 1 0 0 3 3 3 3 3 3
0 7 2 0 3 1 0 1 0
0 10 2 0 3 1 0 0 3 3 3 3
0 5 0 1 3 2 0
0 11 2 0 3 1 0 1 2 0 3 1 0
0 4 0 1 1 2
0 6 2 1 2 0 1 3
0 22 1 0 1 0 1 0 1 0 0 1 1 1 0 1 0 1 0 0 3 3 3 3
0 4 2 0 3 1
0 7 1 0 1 0 1 3 0
0 15 1 0 1 0 1 0 1 0 0 1 1 2 0 1 3
0 25 2 1 0 3 3 3 3 3 1 0 1 0 1 0 0 3 3 3 3 3 3 3 1 0 0
0 20 2 3 1 0 3 2 1 1 0 1 0 1 0 0 3 3 3 3 3 3
0 13 1 0 1 0 1 0 0 3 3 3 3 3 3
0 7 2 3 3 3 1 0 0
0 14 0 3 3 3 3 3 3 1 3 3 1 0 1 3
0 6 0 1 1 2 3 2
0 14 1 0 3 3 3 0 3 3 3 3 3 3 3 3
0 4 1 0 3 2
0 8 3 1 0 1 3 2 3 3
0 11 2 0 3 3 3 1 0 1 0 1 0
0 6 3 1 2 3 2 0
0 16 1 0 1 0 1 0 1 0 0 3 3 3 0 1 1 0
0 11 2 1 1 0 3 2 1 1 0 1 0
0 5 3 3 2 1 2
0 13 1 0 1 0 1 0 1 0 0 1 1 2 0
0 16 1 0 1 0 1 0 0 1 1 0 3 3 3 3 3 3
0 15 3 3 1 0 1 0 0 3 3 3 3 3 3 3 3
0 6 0 1 3 1 0 0
0 9 0 1 1 2 3 2 0 1 0
0 22 2 1 2 1 1 0 3 1 0 1 0 1 0 0 3 3 3 3 3 3 3 3
0 16 2 3 0 3 3 3 3 3 3 3 3 1 2 0 1 0
0 14 1 0 1 0 1 0 1 0 0 1 1 3 3 2
0 9 3 3 1 0 1 0 0 3 3
0 8 3 3 2 1 2 3 1 0
0 9 1 0 1 1 0 1 0 1 0
0 9 2 1 0 3 3 3 3 3 3
0 7 0 1 3 1 0 1 0
0 13 2 3 1 0 1 0 1 0 0 3 3 3 3
0 5 2 1 3 1 0
0 19 1 0 0 3 3 3 3 3 3 3 3 3 1 0 1 1 0 3 2
0 7 2 1 3 3 2 1 3
0 13 2 3 0 1 3 1 0 1 0 1 0 1 0
0 9 3 1 0 1 3 3 3 2 0
0 7 3 3 3 1 2 1 3
0 6 1 0 0 1 1 3
0 7 3 3 2 1 1 0 0
0 14 3 1 2 3 2 1 1 0 1 0 1 0 1 0
0 7 3 1 2 1 3 1 0
0 9 3 3 0 3 3 1 3 1 2
0 11 2 1 0 3 3 3 3 3 3 3 3
0 18 1 0 3 2 0 1 0 3 3 3 3 3 3 3 3 3 1 0
0 9 2 1 1 0 3 2 0 3 3
0 15 2 0 3 0 1 3 0 3 3 3 3 3 3 3 3
0 9 2 1 2 1 0 3 3 3 3
0 24 2 1 0 3 3 3 3 3 1 0 1 0 1 0 0 3 3 3 3 3 3 3 1 0
0 7 3 3 2 1 0 3 3
0 10 0 1 3 0 3 3 3 3 3 3
0 12 1 0 0 1 1 0 3 3 3 3 3 3
0 7 0 1 3 0 1 1 2
0 11 1 0 0 3 3 3 3 3 3 3 3
0 12 0 3 3 3 3 3 3 1 2 3 2 0
0 11 1 0 1 0 1 0 0 1 1 2 0
0 7 2 1 1 0 1 2 0
0 13 1 0 1 0 1 0 1 0 0 3 3 3 2
0 6 2 3 0 1 1 3
0 14 1 0 1 0 0 1 1 1 0 0 1 3 2 0
0 16 2 3 0 1 3 1 0 1 0 1 0 1 0 0 3 1
0 12 0 3 3 1 1 0 1 0 0 1 1 2
0 8 3 1 2 1 2 3 1 0
0 18 0 3 3 1 1 0 1 0 0 1 1 2 1 0 3 3 3 3
0 7 2 0 3 0 1 1 3
0 6 0 1 1 3 1 3
0 20 2 3 1 0 1 0 1 0 0 3 3 3 3 3 3 3 2 3 1 0
0 17 1 0 1 1 0 1 0 1 0 1 0 0 1 1 2 3 3
0 10 1 0 3 2 0 3 1 0 1 0
0 7 2 0 1 2 0 3 2
0 11 2 3 0 1 3 1 0 1 0 1 0
0 6 2 0 3 1 0 0
0 12 1 0 1 0 1 0 0 1 1 0 3 3
0 6 0 1 3 3 3 2
0 15 0 3 3 3 1 0 1 0 0 3 3 3 3 3 3
0 8 3 1 1 0 3 2 1 3
0 6 2 0 3 2 3 3
0 7 0 1 1 1 0 3 3
0 6 1 0 0 1 1 2
0 9 2 3 0 1 1 2 1 2 0
0 3 2 1 1
0 6 3 1 0 1 1 0
0 19 3 1 2 3 2 1 1 0 1 0 1 0 1 0 0 3 3 3 3
0 15 0 3 3 3 3 3 3 1 1 0 0 3 3 3 3
0 14 2 1 0 3 3 3 3 3 3 3 3 3 2 0
0 6 1 0 3 2 3 1
0 6 3 3 2 0 3 1
0 11 1 0 1 0 0 3 3 3 3 1 2
0 7 0 1 1 1 0 1 0
0 12 0 3 3 3 3 3 3 3 2 3 2 0
0 19 2 0 1 1 0 1 0 1 0 1 0 0 1 3 1 0 3 2 0
0 8 3 1 2 3 2 0 1 0
0 13 1 0 0 3 3 1 0 3 3 3 3 3 3
0 8 2 0 1 1 0 1 0 0
0 10 1 0 3 0 1 3 1 0 3 3
0 6 3 3 1 0 3 1
0 15 2 0 3 3 1 2 0 1 1 0 1 0 1 0 0
0 8 3 1 0 3 3 3 1 0
0 9 2 0 3 3 1 2 0 1 1
0 18 0 3 3 3 3 3 3 1 2 1 0 1 1 0 3 3 3 3
0 14 1 0 1 3 3 0 3 3 3 3 3 3 3 3
0 6 2 3 3 1 1 0
0 6 2 1 2 3 1 0
0 11 1 0 1 0 0 3 3 3 3 3 3
0 11 3 3 1 0 1 0 0 3 3 3 3
0 3 0 1 2
0 13 3 3 1 0 0 3 3 3 3 3 3 3 3
0 14 2 0 3 3 3 1 0 1 0 1 0 1 0 0
0 5 2 1 2 3 2
0 8 2 3 3 1 1 0 3 2
0 6 3 3 2 0 3 3
0 18 1 0 1 0 1 0 1 0 0 3 3 3 2 0 1 2 1 2
0 7 3 1 3 3 3 3 1
0 6 3 3 2 3 1 0
0 12 1 0 1 3 3 0 3 3 3 3 3 3
0 7 0 1 3 2 0 1 2
0 5 1 0 3 1 0
0 5 2 3 2 1 2
0 16 1 0 3 3 3 0 3 3 3 3 3 3 3 3 3 1
0 9 1 0 1 0 0 3 3 3 0
0 17 2 3 3 3 1 0 0 3 3 3 3 3 3 3 3 1 3
0 15 1 0 1 2 0 3 1 0 1 0 1 0 1 0 0
0 10 0 3 3 1 2 1 3 3 2 0
0 15 0 3 3 3 3 3 2 1 2 0 3 1 0 1 0
0 12 0 3 3 3 3 3 3 3 3 1 1 0
0 9 2 1 2 1 1 0 1 0 0
0 6 0 1 3 3 1 3
0 24 1 0 1 0 1 0 1 0 0 1 1 1 0 1 0 1 0 0 3 3 3 3 3 3
0 17 1 0 1 0 1 0 1 0 0 1 1 2 0 1 3 3 3
0 8 2 1 3 1 0 1 1 3
0 6 3 3 0 3 1 0
0 9 3 1 3 1 1 0 1 1 0
0 10 2 3 2 3 1 0 1 0 1 0
0 14 2 0 1 0 3 3 3 3 3 3 3 3 3 2
0 10 2 0 1 0 3 3 3 3 3 3
0 14 3 1 1 0 3 1 0 1 0 1 0 0 3 3
0 15 3 3 1 0 1 0 1 0 1 0 0 1 1 2 0
0 7 2 0 3 1 0 1 2
0 6 2 0 1 3 3 3
0 10 2 0 3 1 0 1 2 0 3 1
0 8 2 0 1 3 3 3 3 2
0 5 1 0 0 3 2
0 19 1 0 0 3 3 3 3 1 1 0 1 0 1 0 0 3 3 3 3
0 9 0 1 1 2 1 1 0 1 2
0 5 2 1 2 3 3
0 6 2 3 1 0 1 0
0 3 2 1 2
0 16 0 3 3 3 3 3 2 1 2 0 3 1 0 1 0 0
0 5 0 1 1 2 0
0 17 2 3 0 1 3 1 0 1 0 1 0 1 0 0 3 1 0
0 5 3 3 2 1 0
0 14 2 0 3 3 1 2 0 1 1 0 1 0 1 0
0 8 2 3 2 0 1 1 0 0
0 4 1 0 3 1
0 15 1 0 1 0 1 0 0 3 3 3 3 3 3 3 3
0 8 0 1 3 3 3 2 1 0
0 6 1 0 1 2 1 0
0 7 2 3 2 3 2 3 3
0 19 2 1 1 0 1 0 0 3 3 3 3 3 3 3 3 3 2 1 2
0 10 3 3 1 0 0 1 1 2 3 3
0 9 2 3 0 3 3 3 3 3 3
0 20 1 0 1 0 1 0 1 0 0 3 3 3 3 1 1 0 1 0 1 0
0 17 3 3 1 0 1 0 0 3 3 3 3 3 3 3 3 3 1
0 5 0 3 2 3 3
0 18 2 0 1 1 0 1 0 1 0 1 0 0 1 3 1 0 3 2
0 7 1 0 1 2 0 3 1
0 9 2 1 1 0 3 1 0 3 2
0 9 1 0 1 0 0 1 1 1 0
0 11 0 3 3 3 3 3 3 1 3 3 1
0 14 1 0 0 1 1 0 3 3 3 3 3 3 3 3
0 6 3 1 2 0 1 1
0 8 2 0 1 2 3 2 1 2
0 9 3 3 3 3 0 3 3 3 3
0 6 2 1 1 0 1 0
0 12 2 0 3 0 3 3 3 3 3 3 3 3
0 3 2 3 3
0 8 2 3 2 3 0 1 1 0
0 15 2 3 2 3 1 0 1 0 1 0 1 0 0 3 3
0 6 2 0 3 3 3 2
0 16 1 0 3 1 0 0 3 3 3 3 3 3 3 3 1 1
0 13 0 3 3 3 3 3 3 1 1 0 0 3 3
0 14 1 0 1 0 1 0 1 0 0 1 1 2 1 3
0 6 1 0 3 2 1 3
0 9 3 3 0 3 1 0 1 0 0
0 7 3 1 0 1 3 1 0
0 13 2 3 1 0 0 3 3 3 3 3 3 1 3
0 9 3 1 0 1 3 1 0 3 3
0 16 1 0 1 0 1 0 1 0 0 1 3 2 0 1 2 0
0 7 2 0 3 2 0 1 0
0 8 3 3 0 3 1 0 1 0
0 6 2 0 1 3 1 1
0 12 2 1 1 0 1 0 1 0 0 1 1 2
0 5 2 1 2 1 0
0 8 3 3 2 0 1 1 0 0
0 11 2 3 2 3 2 1 1 0 1 0 0
0 6 3 3 0 1 3 2
0 7 3 3 2 0 3 1 0
0 28 1 0 3 1 0 0 3 3 3 3 3 3 3 3 1 1 0 1 0 1 0 0 3 3 3 3 3 3
0 14 1 0 3 2 1 3 1 0 3 3 3 3 3 3
0 17 1 0 1 1 0 1 0 0 1 1 0 3 3 3 3 3 3
0 7 3 1 0 3 3 3 1
0 7 3 3 2 3 3 1 3
0 14 1 0 0 3 3 3 3 1 1 0 1 0 1 0
0 16 2 3 1 0 3 1 0 1 0 1 0 1 0 0 3 3
0 10 1 0 1 1 0 1 0 0 3 3
0 12 2 0 3 1 0 1 2 0 3 1 0 0
0 21 3 1 2 3 2 1 1 0 1 0 1 0 1 0 0 3 3 3 3 3 3
0 11 1 0 0 1 1 2 0 3 3 3 3
0 4 0 1 3 0
0 16 3 1 1 0 3 1 0 1 0 1 0 0 3 3 3 3
0 17 3 3 2 0 1 1 0 0 3 3 3 3 3 3 3 1 0
0 5 2 1 1 0 0
0 10 3 1 0 1 1 0 3 3 3 3
0 5 3 1 2 3 3
0 9 3 1 1 0 3 2 0 1 2
0 5 0 1 3 1 0
0 18 2 3 1 0 1 0 1 0 1 0 0 1 1 1 0 1 2 0
0 7 2 1 2 1 3 3 2
0 6 3 3 3 1 1 0
0 14 1 0 0 3 3 3 3 3 3 1 1 0 1 1
0 12 1 0 1 0 1 0 1 0 0 1 3 2
0 7 3 1 0 3 3 3 3
0 8 0 3 3 3 3 1 2 0
0 10 1 0 0 1 3 3 1 3 1 2
0 8 0 3 3 1 1 0 1 0
0 13 2 1 1 0 1 0 1 0 0 1 1 2 0
0 12 0 1 3 0 3 3 3 3 3 3 3 3
0 6 3 1 2 0 1 3
0 23 1 0 0 3 3 3 3 1 1 0 1 0 1 0 0 3 3 3 3 3 3 3 3
0 14 1 0 1 0 1 0 0 1 1 0 3 3 3 3
0 8 1 0 3 3 1 1 0 0
0 15 1 0 0 3 3 1 0 3 3 3 3 3 3 1 3
0 10 2 1 1 0 1 0 1 3 2 0
0 6 2 0 1 0 3 3
0 10 1 0 0 3 3 3 3 1 1 0
0 11 1 0 1 2 0 1 0 3 3 3 3
0 16 2 1 1 0 1 0 1 0 0 1 1 2 0 3 2 0
0 13 3 1 2 1 3 1 0 3 3 3 3 3 3
0 9 2 3 1 0 0 3 3 3 3
0 10 1 0 1 0 1 0 0 1 1 2
0 5 2 1 0 3 3
0 13 1 0 1 0 0 1 1 3 1 0 1 3 0
0 10 1 0 1 0 1 0 0 1 1 3
0 12 0 1 3 2 0 3 1 0 1 0 1 0
0 14 1 0 3 3 3 1 0 1 0 1 0 1 0 0
0 5 2 0 3 2 0
0 5 2 3 2 3 1
0 8 2 3 2 1 2 0 1 3
0 18 0 3 3 3 3 3 1 0 1 0 1 0 1 0 0 3 1 0
0 12 1 0 1 0 3 3 3 3 3 3 3 3
0 9 3 3 2 3 0 3 3 3 3
0 6 0 1 1 3 1 2
0 7 2 3 3 1 2 3 3
0 6 1 0 3 3 1 1
0 7 3 3 2 1 2 1 2
0 22 1 0 3 2 0 1 0 3 3 3 3 3 3 3 3 3 1 0 1 0 1 0
0 6 2 3 2 1 1 0
0 9 2 3 0 3 3 3 3 3 2
0 11 2 1 2 1 0 3 3 3 3 3 3
0 6 3 1 1 0 3 2
0 4 0 1 1 3
0 13 2 0 3 1 0 1 0 1 0 0 1 3 2
0 7 0 1 1 3 1 1 0
0 18 1 0 1 0 0 3 3 3 3 1 2 0 1 1 0 1 0 0
0 6 2 1 0 1 1 0
0 13 3 3 1 0 1 0 1 0 0 3 3 3 3
0 8 3 1 3 1 2 1 2 0
0 9 1 0 3 1 0 1 0 1 0
0 6 1 0 3 1 0 0
0 26 1 0 1 0 1 0 1 0 0 1 1 1 0 1 0 1 0 0 3 3 3 3 3 3 3 3
0 11 2 1 1 0 0 3 3 3 3 1 1
0 12 0 1 1 1 0 1 0 1 0 1 0 0
0 16 0 3 3 3 3 3 3 3 3 1 1 0 1 3 1 3
0 13 2 1 1 0 1 0 0 3 3 3 3 3 3
0 6 2 1 2 0 3 0
0 11 3 3 1 0 0 3 3 3 3 3 3
0 12 2 3 3 1 1 0 1 0 0 1 1 2
0 17 3 3 1 0 1 0 1 0 0 3 3 3 3 3 3 3 3
0 6 2 3 2 1 2 0
0 14 1 0 1 0 3 3 1 2 1 0 3 3 3 3
0 19 1 0 1 2 0 3 1 0 1 0 1 0 1 0 0 3 3 1 2
0 6 1 0 1 3 3 2
0 5 2 3 2 3 3
0 21 1 0 3 1 0 0 3 3 3 3 3 3 3 3 1 1 0 1 0 1 0
0 15 2 3 3 3 1 0 0 3 3 3 3 3 3 3 3
0 9 1 0 3 2 0 1 0 3 3
0 7 2 1 3 1 2 1 1
0 9 2 1 1 0 1 0 1 0 0
0 11 1 0 1 0 0 1 3 1 0 3 3
0 8 2 3 2 1 2 0 1 2
0 7 0 3 3 3 3 3 3
0 10 3 1 2 3 2 1 1 0 1 0
0 9 0 3 3 3 3 3 3 3 2
0 9 1 0 1 2 0 1 0 3 3
0 4 3 1 2 0
0 6 0 1 1 1 0 0
0 12 1 0 1 0 1 0 1 0 0 1 3 0
0 7 0 3 3 3 3 3 1
0 12 1 0 3 3 3 0 3 3 3 3 3 3
0 8 1 0 1 2 0 3 1 0
0 9 2 1 1 0 0 3 3 3 3
0 14 1 0 3 1 0 0 3 3 3 3 3 3 3 3
0 12 2 0 3 1 0 0 3 3 3 3 3 3
0 10 0 3 3 3 3 1 2 0 1 3
0 12 3 3 1 0 1 0 1 0 0 1 3 0
0 7 2 3 2 1 2 3 1
0 4 0 1 3 2
0 5 0 3 3 3 2
0 10 1 0 0 1 1 0 3 3 3 3
0 11 3 3 2 3 1 0 1 0 0 3 3
0 7 1 0 1 3 3 2 0
0 29 2 1 0 3 3 3 3 3 1 0 1 0 1 0 0 3 3 3 3 3 3 3 1 0 0 3 3 3 3
0 8 2 3 1 0 3 2 1 1
0 13 2 3 1 0 3 2 1 1 0 1 0 1 0
0 8 1 0 1 0 1 0 1 0
0 15 1 0 3 2 0 3 1 0 1 0 1 0 1 0 0
0 8 2 3 2 3 2 1 1 0
0 5 2 1 2 3 0
0 12 0 3 3 3 3 3 2 1 2 0 3 1
0 5 3 3 2 3 3
0 1 3
0 9 3 3 0 3 3 3 3 3 2
0 10 0 1 1 2 1 1 0 1 2 0
0 10 1 0 3 0 1 3 3 3 1 0
0 6 3 1 1 0 3 1
0 6 1 0 3 3 3 0
0 12 0 3 3 3 3 3 1 0 1 0 1 0
0 10 0 3 3 1 2 3 3 1 1 0
0 10 1 0 1 0 0 3 3 3 2 0
0 5 3 3 2 3 1
0 8 0 1 1 0 1 0 1 0
0 7 2 3 3 1 3 1 2
0 7 2 1 1 0 3 2 0
0 10 1 0 1 1 0 1 0 1 0 0
0 9 3 3 2 0 1 0 1 1 2
0 10 0 3 3 3 3 3 2 1 2 0
0 8 1 0 3 2 1 2 3 3
0 6 1 0 1 0 1 0
0 12 1 0 1 0 3 3 1 2 1 0 3 3
0 5 3 3 3 1 1
0 8 3 3 0 1 3 2 1 3
0 3 3 1 3
0 11 2 3 1 0 0 3 3 3 3 3 3
0 8 3 3 1 0 0 1 3 2
0 11 3 3 0 3 3 3 3 3 3 3 3
0 13 2 0 3 3 3 1 0 1 0 1 0 1 0
0 7 2 1 1 0 3 1 0
0 16 1 0 1 0 1 0 1 0 0 3 3 3 3 1 1 0
0 14 1 0 0 3 3 3 3 3 3 3 3 3 1 0
0 8 0 1 1 3 1 3 3 3
0 6 2 3 2 3 1 0
0 16 2 3 1 0 3 2 1 1 0 1 0 1 0 0 3 3
0 6 2 0 3 3 1 2
0 9 1 0 1 0 1 0 1 0 0
0 7 0 3 3 3 2 3 2
0 8 2 1 2 1 1 0 1 0
0 13 2 0 1 1 0 1 0 1 0 0 1 3 0
0 8 1 0 3 0 1 3 1 0
0 9 2 1 1 0 3 3 3 2 0
0 19 1 0 1 0 0 1 1 3 1 3 1 1 0 1 0 1 0 1 0
0 12 2 0 3 1 0 1 0 1 0 1 0 0
0 8 1 0 1 0 3 3 3 3
0 7 2 0 3 2 0 3 0
0 13 1 0 1 0 1 0 1 0 0 3 3 3 0
0 6 2 3 1 0 3 2
0 10 1 0 3 2 3 0 3 3 3 3
0 14 2 3 1 0 3 2 1 1 0 1 0 1 0 0
0 3 2 3 2
0 9 2 0 3 3 3 1 0 1 0
0 7 1 0 3 3 3 1 0
0 8 2 1 1 0 1 3 3 2
0 16 1 0 1 0 1 0 1 0 0 3 3 3 2 0 1 2
0 8 2 3 3 1 3 1 2 0
0 6 2 1 2 1 1 0
0 7 0 3 3 1 2 1 3
0 14 2 3 1 0 1 0 1 0 1 0 0 1 1 1
0 3 2 3 0
0 10 1 0 1 0 1 0 0 1 1 0
0 6 3 1 1 0 1 0
0 10 2 0 3 0 3 3 3 3 3 3
0 20 1 0 1 0 1 0 1 0 0 3 3 3 0 1 1 0 1 1 2 0
0 8 1 0 0 1 1 0 3 3
0 18 2 3 1 0 3 1 0 1 0 1 0 1 0 0 3 3 3 3
0 5 2 3 3 1 3
0 7 1 0 3 2 0 3 0
0 7 2 0 3 0 1 3 0
0 24 1 0 3 2 0 1 0 3 3 3 3 3 3 3 3 3 1 0 1 0 1 0 1 0
0 7 3 1 1 0 1 0 0
0 6 3 3 2 0 3 2
0 7 1 0 3 1 0 1 3
0 6 0 1 3 0 3 3
0 18 1 0 1 0 1 0 1 0 0 1 1 1 0 1 0 1 0 0
0 6 1 0 1 3 3 3
0 8 3 3 3 1 1 0 1 0
0 1 2
0 17 0 3 3 3 1 0 1 0 0 3 3 3 3 3 3 1 1
0 7 3 1 2 1 3 3 1
0 9 0 3 3 3 3 1 3 3 2
0 7 2 1 2 1 0 3 3
0 5 3 3 3 3 0
0 15 2 1 1 0 1 0 1 0 1 0 0 3 3 1 3
0 18 1 0 1 1 0 1 0 1 0 0 3 3 3 3 3 3 3 3
0 5 3 1 3 3 0
0 7 1 0 1 0 1 0 0
0 15 1 0 1 0 1 0 0 1 1 2 0 1 2 3 2
0 7 1 0 1 0 0 3 3
0 6 2 0 1 2 3 3
0 14 0 3 3 1 1 0 1 0 0 1 1 2 1 0
0 11 3 3 1 0 1 0 1 0 1 0 0
0 11 0 3 3 3 3 3 2 0 3 1 0
0 7 3 3 2 1 3 1 2
0 14 1 0 1 0 0 3 3 3 3 1 2 0 1 1
0 9 2 3 0 1 3 1 0 1 0
0 6 2 3 1 0 3 1
0 6 0 1 1 3 1 1
0 6 1 0 1 1 0 0
0 11 0 3 2 1 3 1 0 3 3 3 3
0 21 1 0 0 3 3 3 3 1 1 0 1 0 1 0 0 3 3 3 3 3 3
0 11 3 1 2 1 3 1 0 3 3 3 3
0 12 1 0 3 2 1 3 1 0 3 3 3 3
0 8 1 0 3 2 1 3 1 0
0 14 1 0 1 3 3 0 3 3 3 3 3 3 3 2
0 8 3 1 3 3 2 0 3 2
0 8 3 1 1 0 1 0 3 3
0 15 2 0 1 1 0 1 0 1 0 0 1 3 0 3 3
0 15 1 0 1 0 1 0 1 0 0 1 3 2 0 1 2
0 5 2 3 2 1 3
0 13 0 3 3 3 3 3 3 3 3 3 2 1 2
0 15 2 1 1 0 1 0 1 0 1 0 0 3 3 3 3
0 9 0 3 3 3 3 3 3 1 3
0 9 1 0 1 0 0 3 3 3 3
0 13 3 3 3 1 1 0 1 0 1 0 0 3 3
0 11 2 3 1 0 3 2 1 1 0 1 0
0 7 0 3 2 3 0 3 3
0 7 3 3 1 0 3 1 0
0 27 2 1 0 3 3 3 3 3 1 0 1 0 1 0 0 3 3 3 3 3 3 3 1 0 0 3 3
0 16 0 3 3 3 3 3 3 1 2 1 0 1 1 0 3 3
0 10 0 1 1 0 1 0 1 0 1 0
0 7 2 0 3 3 3 1 0
0 6 0 1 1 2 1 1
0 5 2 3 3 1 2
0 16 1 0 1 0 1 0 1 0 0 1 3 1 0 1 0 0
0 3 0 3 2
0 6 0 3 3 3 1 0
0 3 3 3 1
0 8 1 0 1 2 0 1 1 0
0 17 1 0 1 0 1 0 1 0 0 3 3 3 3 3 3 3 3
0 7 2 3 2 0 1 1 0
0 12 0 1 3 1 0 1 0 1 0 1 0 0
0 24 0 1 3 0 3 3 3 3 3 3 1 1 0 1 0 1 0 1 0 0 3 3 3 3
0 20 0 3 3 3 3 3 2 0 3 1 0 1 0 1 0 0 1 1 1 0
0 9 3 1 0 3 3 3 3 3 3
0 13 0 3 3 3 3 3 2 1 2 0 3 1 0
0 7 0 1 1 2 3 2 0
0 11 0 3 3 3 1 0 1 0 0 3 3
0 8 3 3 2 0 3 3 1 0
0 6 1 0 0 3 2 0
0 5 2 3 3 3 2
0 7 3 3 1 0 1 0 0
0 9 3 3 2 0 3 1 0 3 3
0 13 1 0 1 0 0 3 3 3 0 3 3 3 3
0 11 2 0 3 2 0 1 0 3 3 3 3
0 6 3 3 1 0 1 3
0 6 2 1 2 0 3 1
0 10 1 0 1 2 0 3 1 0 1 0
0 5 3 3 3 3 1
0 7 2 0 1 2 3 2 0
0 7 3 1 3 3 3 3 3
0 16 3 3 0 3 3 3 3 3 3 3 3 1 2 3 1 0
0 12 1 0 1 0 0 1 1 3 1 3 1 1
0 14 0 3 3 3 3 1 3 3 1 0 0 1 3 2
0 7 3 1 2 0 1 1 0
0 12 2 3 1 0 1 0 1 0 0 1 1 3
0 6 1 0 1 0 3 3
0 7 2 3 0 1 3 1 0
0 6 1 0 3 2 1 0
0 6 3 3 2 1 2 0
0 9 1 0 1 0 0 3 3 3 2
0 12 1 0 1 0 1 0 1 0 0 1 1 2
0 5 2 1 3 3 2
0 6 3 1 3 3 1 0
0 10 2 3 2 0 1 0 3 3 3 3
0 4 2 3 1 0
0 35 1 0 0 3 3 3 3 1 1 0 1 0 1 0 0 3 3 3 3 3 3 3 3 3 0 3 3 3 3 3 3 3 3 1 3
0 7 2 0 3 2 3 1 0
0 5 0 3 3 1 1
0 30 1 0 1 0 1 0 1 0 0 1 1 1 0 1 0 1 0 0 3 3 3 3 3 3 3 3 1 0 3 3
0 11 1 0 1 0 0 3 3 3 0 3 3
0 14 0 3 3 3 3 3 3 3 3 3 2 1 2 0
0 21 1 0 1 0 1 0 1 0 0 3 3 3 3 1 1 0 1 0 1 0 0
0 13 1 0 1 0 0 3 3 3 3 3 3 3 3
0 6 3 3 1 0 3 2
0 11 0 3 3 3 3 1 3 3 1 0 0
0 8 3 3 0 1 1 0 3 2
0 19 3 3 1 0 1 0 1 0 0 3 3 3 3 3 3 3 3 1 2
0 23 2 3 2 3 1 0 1 0 1 0 1 0 0 3 3 3 3 3 3 3 3 1 2
0 4 2 0 3 2
0 5 3 3 2 1 1
0 17 1 0 1 2 0 3 1 0 1 0 1 0 1 0 0 3 3
0 6 1 0 3 2 1 1
0 6 3 3 1 0 1 0
0 24 1 0 3 1 0 0 3 3 3 3 3 3 3 3 1 1 0 1 0 1 0 0 3 3
0 7 2 3 1 0 1 1 0
0 9 0 3 2 1 3 1 0 3 3
0 17 1 0 1 2 3 2 0 1 0 3 3 3 3 3 3 3 3
0 7 2 0 1 2 1 2 0
0 10 1 0 1 0 1 0 0 1 3 0
0 3 2 1 0
0 10 1 0 1 0 3 3 1 2 1 1
0 14 0 3 3 3 3 3 3 1 2 1 0 1 1 0
0 11 0 3 3 3 3 3 3 3 3 3 1
0 13 1 0 1 0 1 0 1 0 0 1 3 2 0
0 10 1 0 3 1 0 0 3 3 3 3
0 14 0 3 3 3 3 3 1 0 1 0 1 0 1 0
0 6 1 0 3 2 1 2
0 15 1 0 1 0 1 0 1 0 0 3 3 3 3 1 1
0 7 3 3 2 3 2 3 2
0 9 3 3 1 0 0 3 3 3 3
0 12 1 0 0 3 3 3 3 1 1 0 1 0
0 22 1 0 1 0 1 0 0 1 1 0 3 3 3 3 3 3 3 3 1 3 1 2
0 7 2 3 0 3 3 3 3
0 16 3 3 1 0 1 0 1 0 0 1 3 0 3 3 3 3
0 4 2 0 1 0
0 6 1 0 3 2 3 0
0 8 3 1 1 0 1 2 3 0
0 15 0 3 3 3 3 3 1 0 1 0 1 0 1 0 0
0 9 1 0 3 2 0 3 2 3 0
0 8 2 0 3 2 3 0 3 3
0 9 2 1 2 1 1 0 3 1 0
0 10 3 3 1 0 1 0 0 1 1 2
0 8 2 3 0 1 3 3 1 0
0 10 1 0 1 2 0 3 1 0 1 2
0 13 1 0 1 0 1 0 0 1 1 3 3 2 0
0 7 0 1 3 2 1 2 0
0 5 1 0 0 3 3
0 13 3 3 0 3 3 3 3 3 3 3 3 1 2
0 25 1 0 3 2 0 1 0 3 3 3 3 3 3 3 3 3 1 0 1 0 1 0 1 0 0
0 6 1 0 3 3 1 2
0 1 0
0 7 3 3 0 1 3 1 0
0 17 1 0 3 2 0 3 1 0 1 0 1 0 1 0 0 3 3
0 10 3 3 3 1 1 0 1 0 1 0
0 9 2 1 1 0 1 0 1 3 2
0 9 3 3 2 3 1 0 1 0 0
0 6 2 0 3 2 3 2
0 5 3 1 3 3 1
0 20 0 1 3 0 3 3 3 3 3 3 1 1 0 1 0 1 0 1 0 0
0 10 2 3 0 3 3 3 3 1 1 0
0 5 3 1 1 0 0
0 10 3 3 0 1 3 1 0 1 1 0
0 7 2 1 0 3 3 3 3
0 10 0 3 3 3 3 3 2 0 3 1
0 9 0 3 3 3 2 3 2 3 3
0 7 3 1 0 1 3 1 2
0 15 1 0 1 0 1 0 0 1 1 3 3 2 0 3 2
0 9 0 3 3 3 3 3 3 1 1
0 10 0 1 3 0 3 0 1 3 1 0
0 6 2 0 3 3 3 1
0 10 2 1 1 0 1 0 1 0 1 0
0 16 0 3 3 3 3 3 2 0 3 1 0 1 0 1 0 0
0 11 3 1 1 0 1 0 1 0 1 0 0
0 25 1 0 0 3 3 3 3 1 1 0 1 0 1 0 0 3 3 3 3 3 3 3 3 3 0
0 10 2 3 0 3 3 3 3 3 2 0
0 22 0 1 3 0 3 3 3 3 3 3 1 1 0 1 0 1 0 1 0 0 3 3
0 11 3 1 1 0 3 1 0 1 0 1 0
0 11 1 0 1 1 0 1 0 1 0 1 0
0 9 2 3 1 0 3 1 0 1 0
0 9 2 3 0 3 3 3 3 1 1
0 6 1 0 1 2 3 3
0 12 1 0 3 1 0 1 0 1 0 0 3 3
0 6 0 1 3 2 3 2
0 10 1 0 1 0 0 1 1 3 1 3
0 11 0 1 1 1 0 1 0 1 0 1 0
0 11 1 0 0 3 3 3 3 3 3 1 1
0 9 0 3 3 3 2 1 0 3 3
0 13 2 0 3 2 3 1 0 1 0 1 0 1 0
0 14 3 3 1 0 1 0 1 0 1 0 0 1 1 2
0 12 2 0 1 0 3 3 3 3 3 3 3 3
0 4 3 3 2 0
0 7 2 1 2 0 3 1 0
0 5 3 3 1 0 0
0 8 0 1 3 0 3 3 3 3
0 14 2 1 1 0 0 3 3 3 3 1 1 0 1 0
0 7 0 1 3 1 0 3 3
0 10 2 0 3 2 3 0 3 3 3 3
0 7 1 0 3 2 0 3 2
0 10 3 3 2 0 1 1 0 0 3 3
0 8 2 1 1 0 3 2 3 3
0 11 2 3 3 3 1 0 0 3 3 3 3
0 13 2 3 2 3 1 0 1 0 1 0 1 0 0
0 9 2 1 0 3 3 3 3 3 1
0 13 0 3 2 1 3 1 0 3 3 3 3 3 3
0 14 3 3 2 0 1 1 0 0 3 3 3 3 3 3
0 10 2 3 2 3 2 1 1 0 1 0
0 11 3 3 1 0 3 1 0 1 0 1 0
0 7 3 3 0 3 3 1 3
0 34 1 0 1 0 1 0 1 0 0 1 1 1 0 1 0 1 0 0 3 3 3 3 3 3 3 3 1 0 3 3 3 3 1 2
0 9 2 1 1 0 1 0 0 3 3
0 13 1 0 1 0 1 0 1 0 0 3 3 3 3
0 6 2 0 3 2 3 1
0 29 1 0 0 3 3 3 3 1 1 0 1 0 1 0 0 3 3 3 3 3 3 3 3 3 0 3 3 3 3
0 8 1 0 0 3 2 0 3 0
0 10 2 1 0 3 3 3 3 3 1 0
0 8 1 0 0 1 1 3 1 2
0 9 2 0 3 3 1 2 0 1 3
0 3 2 3 1
0 6 3 1 0 1 3 2
0 6 3 3 3 3 1 0
0 9 2 0 3 2 0 1 0 3 3
0 10 0 3 3 3 3 3 1 0 1 0
0 12 3 3 2 0 1 1 0 0 3 3 3 3
0 7 1 0 3 2 3 1 0
0 11 1 0 1 2 3 2 0 1 0 3 3
0 8 2 0 3 1 0 0 3 3
0 8 2 3 0 1 1 2 1 2
0 12 3 3 1 0 3 1 0 1 0 1 0 0
0 6 3 1 3 1 1 0
0 9 0 3 3 1 1 0 1 0 0
0 9 3 1 1 0 3 1 0 1 0
0 6 2 3 1 0 1 1
0 14 2 1 0 3 3 3 3 3 1 0 1 0 1 0
0 14 1 0 1 0 0 3 3 3 3 3 3 3 2 0
0 15 0 3 3 3 3 3 3 3 3 1 1 0 1 0 0
0 13 2 3 3 3 1 0 0 3 3 3 3 3 3
0 20 1 0 3 2 0 1 0 3 3 3 3 3 3 3 3 3 1 0 1 0
0 12 0 3 3 3 3 3 3 3 3 3 1 0
0 7 0 1 3 2 3 2 0
0 9 1 0 0 1 1 2 0 3 3
0 20 2 1 2 1 1 0 3 1 0 1 0 1 0 0 3 3 3 3 3 3
0 12 1 0 1 1 0 0 1 3 3 3 1 0
0 6 2 1 1 0 1 3
0 9 2 3 3 1 1 0 1 0 0
0 5 2 3 1 0 0
0 8 3 3 1 0 1 3 3 2
0 5 3 3 0 3 3
0 10 3 3 1 0 0 1 3 2 1 3
0 4 2 0 3 0
0 7 1 0 1 1 0 1 0
0 5 2 0 3 1 0
0 5 3 3 3 3 2
0 9 0 3 3 3 3 3 1 0 0
0 18 2 1 1 0 3 2 1 1 0 1 0 0 3 3 3 3 3 3
0 4 2 0 3 3
0 8 3 1 0 1 3 3 3 2
0 18 1 0 1 0 0 3 3 3 3 3 3 3 3 3 2 0 1 3
0 7 3 3 2 1 2 3 1
0 7 1 0 3 2 1 1 0
0 8 0 3 3 3 3 3 2 0
0 8 1 0 1 0 3 3 1 2
0 13 1 0 0 3 3 3 3 3 3 3 3 3 1
0 11 2 1 2 0 3 1 0 1 0 1 0
0 17 3 1 2 3 2 1 1 0 1 0 1 0 1 0 0 3 3
0 9 0 3 3 3 3 1 3 3 1
0 9 2 0 1 3 3 3 3 1 0
0 7 0 3 3 3 3 1 3
0 6 3 3 3 1 2 0
0 17 1 0 0 3 3 3 3 3 3 3 3 3 1 0 1 1 0
0 6 2 0 3 2 1 2
0 7 0 3 3 3 2 1 0
0 13 1 0 3 3 3 1 0 1 0 1 0 1 0
0 6 2 1 1 0 3 3
0 9 2 3 1 0 3 2 1 1 0
0 11 2 0 1 1 0 1 0 1 0 1 0
0 11 3 3 3 3 0 3 3 3 3 3 3
0 9 1 0 3 2 0 3 2 1 3
0 17 2 0 1 1 0 1 0 1 0 0 1 3 0 3 3 3 3
0 17 1 0 1 0 1 0 0 3 3 3 3 3 3 1 3 1 1
0 6 2 3 2 0 1 1
0 9 2 0 3 1 0 1 0 1 0
0 5 2 3 0 3 3
0 7 2 3 3 3 2 1 3
0 18 2 1 0 3 3 3 3 3 3 1 2 0 1 0 3 3 3 3
0 14 1 0 1 1 0 1 0 1 0 1 0 0 3 3
0 3 2 1 3
0 6 3 3 2 0 1 1
0 12 0 3 3 3 3 3 3 1 3 3 1 0
0 12 1 0 1 0 1 0 0 1 1 2 1 0
0 4 2 3 2 0
0 19 1 0 1 0 1 0 1 0 0 1 1 2 0 1 1 0 1 2 0
0 10 2 0 1 2 1 0 3 3 3 3
0 8 2 3 3 3 3 3 1 0
0 7 0 1 3 2 3 1 0
0 9 1 0 0 1 1 3 1 2 0
0 8 2 0 1 0 3 3 3 3
0 18 3 3 1 0 1 0 0 3 3 3 3 3 3 3 3 3 1 0
0 5 2 3 3 3 3
0 16 2 1 0 3 3 3 3 3 3 1 2 0 1 0 3 3
0 20 2 1 1 0 1 0 0 3 3 3 3 3 3 3 3 3 2 1 2 0
0 15 1 0 3 2 0 1 0 3 3 3 3 3 3 3 3
0 19 0 3 3 3 3 3 3 1 1 0 0 3 3 3 3 3 3 3 3
0 6 2 3 1 0 1 3
0 15 1 0 1 0 1 0 1 0 0 3 3 3 3 3 3
0 8 2 0 1 2 3 3 1 0
0 10 2 0 1 2 0 1 2 1 1 0
0 5 2 1 2 3 1
0 4 0 1 1 1
0 5 3 3 0 3 2
0 9 3 3 1 0 1 0 1 0 0
0 15 1 0 1 0 0 1 1 3 1 3 1 1 0 1 0
0 7 1 0 3 1 0 1 0
0 5 3 1 0 3 3
0 15 3 1 2 3 2 1 1 0 1 0 1 0 1 0 0
0 32 1 0 1 0 1 0 1 0 0 1 1 1 0 1 0 1 0 0 3 3 3 3 3 3 3 3 1 0 3 3 3 3
0 8 2 1 2 0 3 0 3 3
0 6 3 3 2 1 1 0
0 10 3 1 1 0 1 0 0 1 1 3
0 14 2 3 0 3 3 3 3 3 3 3 3 1 2 0
0 18 1 0 1 0 1 0 1 0 0 1 3 1 0 1 0 0 3 3
0 5 2 0 1 2 0
0 22 1 0 1 0 0 1 1 3 1 3 1 1 0 1 0 1 0 1 0 0 3 3
0 16 2 1 1 0 3 2 1 1 0 1 0 0 3 3 3 3
0 16 2 0 3 2 3 1 0 1 0 1 0 1 0 0 3 3
0 6 2 3 3 3 1 0
0 14 3 1 0 1 1 0 3 3 3 3 3 3 3 3
0 11 0 3 3 3 3 3 3 1 1 0 0
0 7 2 0 1 1 0 1 0
0 15 1 0 1 1 0 1 0 1 0 1 0 0 1 1 2
0 7 3 3 3 1 3 3 0
0 13 1 0 1 0 0 3 3 3 3 3 3 3 2
0 3 1 0 0
0 10 1 0 3 2 1 3 1 0 3 3
0 6 0 1 1 0 1 2
0 8 0 3 3 3 1 0 1 0
0 8 3 1 3 1 1 0 1 1
0 9 2 0 3 3 1 2 0 1 2
0 13 0 3 3 3 1 0 1 0 0 3 3 3 3
0 5 0 1 1 1 0
0 5 2 3 3 3 1
0 6 2 0 1 2 1 1
0 8 2 0 3 3 3 2 1 3
0 11 1 0 0 1 3 3 1 3 1 2 0
0 10 1 0 1 3 3 0 3 3 3 3
0 19 2 3 2 3 1 0 1 0 1 0 1 0 0 3 3 3 3 3 3
0 3 0 3 3
0 7 3 1 0 3 3 1 1
0 9 2 1 2 0 3 1 0 3 3
0 10 1 0 1 0 0 1 1 3 1 0
0 11 0 3 3 3 3 3 3 1 2 3 2
0 9 2 1 2 0 3 1 0 1 2
0 20 1 0 1 0 0 1 1 3 1 3 1 1 0 1 0 1 0 1 0 0
0 17 1 0 3 2 0 1 0 3 3 3 3 3 3 3 3 3 1
0 9 3 1 3 3 2 0 3 2 0
0 9 3 1 2 1 3 1 0 3 3
0 14 1 0 1 0 1 0 1 0 0 1 3 2 3 2
0 8 2 0 1 2 1 0 3 3
0 7 0 1 1 1 0 3 0
0 8 2 3 1 0 1 0 1 0
0 11 2 3 1 0 1 0 1 0 0 3 3
0 14 2 0 3 1 0 1 0 1 0 0 1 3 2 0
0 13 3 3 1 0 1 0 0 1 3 3 3 1 0
0 7 1 0 1 0 1 3 2
0 10 1 0 1 0 3 3 1 2 1 0
0 9 0 3 3 3 1 0 1 0 0
0 3 3 3 0
0 4 1 0 1 2
0 8 2 3 2 1 2 3 1 0
0 5 3 1 3 1 2
0 20 1 0 1 0 1 0 1 0 0 1 3 1 0 1 0 0 3 3 3 3
0 6 3 3 2 0 1 0
0 8 0 1 3 2 0 3 1 0
0 15 0 3 3 3 3 3 2 0 3 1 0 1 0 1 0
0 12 2 0 1 1 0 1 0 1 0 1 0 0
0 18 1 0 1 0 1 0 1 0 0 3 3 3 3 1 1 0 1 0
0 7 3 3 2 0 1 1 0
0 4 0 1 1 0
0 5 3 3 2 3 0
0 13 1 0 1 0 1 0 1 0 0 1 1 1 0
0 5 2 1 3 1 2
0 8 2 0 1 3 3 3 3 1
0 9 1 0 0 3 3 1 0 3 3
0 15 1 0 1 0 1 0 0 3 3 3 3 3 3 1 3
0 22 1 0 1 0 1 0 1 0 0 1 3 1 0 1 0 0 3 3 3 3 3 3
0 9 0 1 3 0 1 1 2 3 0
0 31 2 1 0 3 3 3 3 3 1 0 1 0 1 0 0 3 3 3 3 3 3 3 1 0 0 3 3 3 3 3 3
0 15 1 0 0 3 3 3 3 3 3 1 1 0 1 1 0
0 7 2 0 3 1 0 3 2
0 14 2 1 1 0 3 2 1 1 0 1 0 0 3 3
0 11 2 1 1 0 1 0 0 3 3 3 3
0 8 2 0 3 1 0 1 0 0
0 6 2 0 1 2 1 0
0 8 3 3 1 0 1 0 1 0
0 7 2 0 1 2 0 1 2
0 5 2 3 2 3 0
0 13 1 0 1 2 3 2 0 1 0 3 3 3 3
0 8 3 3 1 0 0 1 1 2
0 7 1 0 1 0 1 1 2
0 5 0 3 2 1 3
0 7 2 3 2 3 2 1 1
0 13 0 1 3 0 3 3 3 3 3 3 1 1 0
0 10 3 3 1 0 1 0 1 0 1 0
0 6 2 3 3 1 2 0
0 11 3 1 0 3 3 1 1 0 1 0 0
0 6 3 1 0 1 1 3
0 8 3 1 1 0 1 0 1 0
0 23 1 0 3 2 0 3 1 0 1 0 1 0 1 0 0 3 3 3 3 3 3 3 2
0 9 2 0 1 2 0 1 2 1 1
0 5 0 3 3 1 0
0 11 1 0 1 0 1 0 0 3 3 3 3
0 12 3 1 0 1 1 0 3 3 3 3 3 3
0 9 0 3 3 3 3 3 3 3 3
0 6 3 1 3 3 2 0
0 8 3 1 0 1 1 0 3 3
0 5 0 3 2 3 0
0 7 1 0 1 2 0 1 0
0 7 1 0 0 3 3 3 3
0 5 2 1 2 1 1
0 8 3 3 2 1 2 1 2 0
0 9 0 1 1 1 0 1 2 3 3
0 8 2 3 3 1 1 0 1 0
0 5 3 1 3 3 3
0 15 2 1 0 3 3 3 3 3 1 0 1 0 1 0 0
0 7 2 1 1 0 1 0 0
0 8 1 0 1 1 0 1 0 0
0 9 2 1 1 0 3 2 1 1 0
0 26 1 0 3 1 0 0 3 3 3 3 3 3 3 3 1 1 0 1 0 1 0 0 3 3 3 3
0 6 2 1 1 0 1 2
0 12 0 3 3 3 3 3 3 1 1 0 3 3
0 8 1 0 0 1 3 3 1 3
0 3 3 3 3
0 19 2 1 0 3 3 3 3 3 1 0 1 0 1 0 0 3 3 3 3
0 7 0 3 3 1 2 3 3
0 11 1 0 1 0 1 0 1 0 0 1 2
0 8 1 0 1 0 0 1 1 3
0 6 2 0 3 3 1 0
0 13 1 0 1 0 1 0 1 0 0 1 2 1 3
0 5 0 1 2 3 2
0 6 1 0 3 3 3 1
0 11 0 3 3 3 3 3 3 1 2 1 0
0 15 1 0 1 0 0 3 3 3 3 1 2 0 1 1 0
0 10 1 0 3 3 3 0 3 3 3 3
0 15 0 3 3 3 3 1 3 3 1 0 0 1 3 2 0
0 12 1 0 0 3 2 0 3 0 3 3 3 0
0 13 2 3 0 3 3 3 3 3 3 3 3 1 2
0 19 2 3 1 0 1 0 1 0 0 3 3 3 3 3 3 3 2 3 1
0 14 0 3 3 3 3 3 3 3 3 3 1 0 1 2
0 7 2 3 0 3 3 1 0
0 9 1 0 3 0 1 3 3 1 2
0 17 0 3 3 3 2 1 0 3 3 3 3 3 3 3 3 1 2
0 13 1 0 1 0 0 1 1 3 1 3 1 1 0
0 6 3 1 2 3 1 0
0 11 2 1 2 1 1 0 3 1 0 1 0
0 12 3 1 1 0 1 0 3 3 3 3 1 3
0 15 1 0 1 0 0 3 3 3 2 0 1 2 0 1 2
0 9 1 0 1 2 3 2 0 1 0
0 11 2 0 1 1 0 1 0 0 1 1 0
0 13 3 3 1 0 1 0 0 3 3 3 3 3 3
0 22 3 3 1 0 3 1 0 1 0 1 0 0 3 3 3 3 3 3 3 3 3 2
0 15 2 3 1 0 0 3 3 3 3 3 3 1 3 3 3
0 14 2 3 1 0 3 1 0 1 0 1 0 1 0 0
0 12 3 1 2 3 2 1 1 0 1 0 1 0
0 4 3 3 1 0
0 8 1 0 1 0 0 1 3 2
0 5 3 1 2 3 1
0 14 0 3 3 3 3 3 3 3 2 3 2 0 1 2
0 8 3 3 2 3 2 3 2 0
0 9 3 3 1 0 1 3 3 2 0
0 5 1 0 3 2 0
0 13 1 0 1 0 1 0 0 1 3 3 2 1 3
0 22 2 3 1 0 3 2 1 1 0 1 0 1 0 0 3 3 3 3 3 3 3 3
0 6 1 0 3 3 3 2
0 21 2 1 0 3 3 3 3 3 1 0 1 0 1 0 0 3 3 3 3 3 3
0 15 1 0 1 0 0 3 3 3 3 3 3 3 3 3 2
0 21 2 3 2 3 1 0 1 0 1 0 1 0 0 3 3 3 3 3 3 3 3
0 14 0 1 1 0 1 0 1 0 1 0 0 1 1 2
0 8 0 3 3 1 1 0 1 2
0 12 1 0 1 0 1 0 0 1 1 3 3 2
0 7 0 3 2 1 3 1 0
0 9 1 0 0 3 3 3 3 3 3
0 4 1 0 1 3
0 9 0 3 3 1 2 3 3 1 1
0 7 3 3 3 3 0 3 3
0 15 1 0 1 1 0 1 0 0 1 1 0 3 3 3 3
0 12 0 1 3 0 3 3 3 3 3 3 1 1
0 9 2 1 2 0 3 1 0 1 0
0 12 2 3 0 3 3 3 3 3 2 0 1 1
0 11 3 1 0 3 3 3 3 3 3 3 3
0 7 2 0 1 2 0 3 0
0 6 2 3 2 0 3 3
0 9 2 0 3 0 1 3 0 3 3
0 13 0 1 3 2 0 3 1 0 1 0 1 0 0
0 12 1 0 1 1 0 1 0 1 0 1 0 0
0 14 3 3 1 0 3 1 0 1 0 1 0 0 3 3
0 11 1 0 3 2 0 3 0 3 3 3 3
0 6 3 1 2 0 1 0
0 9 2 1 2 3 1 0 1 0 0
0 13 1 0 1 0 1 0 1 0 0 1 3 1 0
0 33 1 0 0 3 3 3 3 1 1 0 1 0 1 0 0 3 3 3 3 3 3 3 3 3 0 3 3 3 3 3 3 3 3
0 7 3 3 3 1 2 1 2
0 5 2 0 1 1 0
0 6 2 3 2 3 2 0
0 16 0 3 3 1 1 0 1 0 0 1 1 2 1 0 3 3
0 19 1 0 1 0 1 0 0 3 3 3 3 3 3 1 3 3 3 1 2
0 11 1 0 1 0 1 0 0 1 3 3 2
0 5 3 3 3 1 3
0 11 1 0 3 2 0 1 0 3 3 3 3
0 6 1 0 1 2 3 2
0 7 2 3 1 0 3 1 0
0 8 2 1 2 3 1 0 1 0
0 16 2 0 1 1 0 1 0 1 0 1 0 0 1 3 1 0
0 16 1 0 1 0 0 3 3 3 3 3 3 1 0 1 3 2
0 6 3 1 2 0 1 2
0 7 3 1 1 0 3 1 0
0 15 1 0 1 2 3 2 0 1 0 3 3 3 3 3 3
0 13 3 3 3 3 0 3 3 3 3 3 3 3 3
0 11 1 0 1 0 1 0 1 0 0 3 3
0 17 2 1 0 3 3 3 3 3 1 0 1 0 1 0 0 3 3
0 10 2 3 1 0 1 0 1 0 1 0
0 15 2 1 2 0 3 1 0 1 0 1 0 0 1 1 3
0 15 2 1 1 0 1 0 0 3 3 3 3 3 3 3 3
0 8 0 1 3 1 0 0 3 3
0 6 2 0 3 2 3 0
0 14 0 3 3 3 3 3 3 3 3 1 1 0 1 0
0 6 2 3 0 1 1 2
0 17 1 0 1 0 1 0 0 3 3 3 3 3 3 1 3 3 3
0 8 1 0 1 0 0 1 1 1
0 5 3 1 3 1 1
0 9 2 0 1 2 0 3 2 3 0
0 5 2 3 2 1 1
0 4 1 0 1 1
0 6 0 1 3 2 1 2
0 8 3 1 2 3 1 0 1 0
0 5 3 1 2 1 3
0 6 2 3 1 0 1 2
0 9 3 3 1 0 3 1 0 1 0
0 17 1 0 0 3 3 3 3 1 1 0 1 0 1 0 0 3 3
0 13 2 3 0 3 3 3 3 3 2 0 1 1 0
0 7 1 0 1 2 0 1 1
0 11 1 0 1 1 0 1 0 0 1 1 0
0 15 2 3 1 0 1 0 1 0 0 3 3 3 3 3 3
0 7 0 3 2 3 3 3 2
0 18 1 0 1 0 1 0 0 3 3 3 3 3 3 1 3 1 1 0
0 7 1 0 0 1 1 2 0
0 6 2 1 1 0 3 2
0 14 2 1 2 1 1 0 3 1 0 1 0 1 0 0
0 9 2 3 2 0 1 2 0 1 3
0 3 3 1 1
0 12 1 0 1 0 0 3 3 3 3 1 2 0
0 5 1 0 1 2 0
0 7 2 0 1 3 1 1 0
0 5 3 1 3 3 2
0 7 0 1 1 0 1 3 2
0 10 1 0 1 0 1 1 2 0 1 2
0 14 1 0 3 1 0 1 0 1 0 0 3 3 3 3
0 13 1 0 1 0 0 1 1 1 0 0 1 3 2
0 6 0 1 3 0 3 0
0 15 2 1 1 0 1 0 1 0 0 1 1 2 0 3 2
0 15 3 3 1 0 0 3 3 3 3 3 3 3 3 1 2
0 9 1 0 1 0 1 0 0 1 2
0 9 2 0 3 0 3 3 3 1 0
0 17 1 0 1 0 0 3 3 3 3 1 2 0 1 1 0 1 0
0 13 0 3 3 3 2 1 0 3 3 3 3 3 3
0 17 2 0 3 3 1 2 0 1 1 0 1 0 1 0 0 3 3
0 6 0 3 3 1 1 0
0 5 3 3 3 1 2
