1772 4
1 0 
1 17 3 3 1 3 1 3 1 3 3 0 1 0 2 0 1 0 2
1 16 3 3 3 3 0 3 0 2 0 3 0 2 0 1 0 2
1 8 3 1 3 1 3 3 0 3
1 14 0 1 0 0 3 3 0 1 0 2 0 3 0 2
1 14 3 1 0 3 0 2 0 1 0 2 0 1 0 2
1 15 0 3 3 1 3 1 3 1 3 1 3 0 3 0 2
1 14 0 3 0 3 0 2 0 1 0 2 0 1 0 2
1 17 3 0 3 0 3 0 1 0 2 0 3 0 2 0 3 0 2
1 17 0 3 3 3 3 0 1 0 2 0 3 0 2 0 1 0 2
1 22 0 3 3 1 3 1 0 3 0 2 0 3 0 2 0 1 0 2 0 3 0 2
1 14 0 3 0 3 0 2 0 1 0 2 0 3 0 2
1 17 0 3 0 3 3 0 1 0 2 0 1 0 2 0 1 0 2
1 6 0 3 0 3 0 2
1 15 0 0 1 0 3 3 1 0 3 0 2 0 1 0 2
1 14 0 3 1 0 0 3 0 1 0 2 0 3 0 2
1 8 3 3 1 3 0 1 0 2
1 19 0 3 3 0 3 3 1 3 1 3 1 0 1 0 2 0 1 0 2
1 13 3 0 1 1 3 0 3 0 2 0 1 0 2
1 29 3 1 3 1 1 1 1 1 3 3 1 3 1 0 3 0 2 0 3 0 2 0 1 0 2 0 3 0 2
1 13 3 3 3 0 3 0 1 0 2 0 1 0 2
1 18 3 0 3 3 3 1 3 1 3 1 0 1 0 2 0 1 0 2
1 14 3 0 3 3 0 3 0 3 0 2 0 1 0 2
1 8 3 0 3 1 1 0 1 1
1 19 3 3 3 0 3 0 2 0 1 0 2 0 3 0 2 0 1 0 2
1 15 0 3 0 3 0 0 3 0 3 0 2 0 3 0 2
1 8 0 1 0 2 0 3 0 2
1 16 3 1 3 1 0 3 0 2 0 3 0 2 0 1 0 2
1 16 3 0 3 3 0 3 0 2 0 1 0 2 0 3 0 2
1 20 3 3 1 3 1 3 1 3 0 1 0 2 0 1 0 2 0 1 0 2
1 10 0 3 3 3 3 1 3 1 3 1
1 4 3 1 3 3
1 15 3 1 3 1 3 1 3 0 1 0 2 0 1 0 2
1 9 0 3 0 3 3 0 1 0 2
1 10 3 1 3 1 3 1 3 1 0 3
1 14 3 3 0 3 0 2 0 1 0 2 0 1 0 2
1 20 0 3 0 3 1 0 0 1 0 3 0 2 0 1 0 2 0 1 0 2
1 21 3 0 3 0 3 0 1 0 2 0 3 0 2 0 1 0 2 0 3 0 2
1 23 0 3 3 1 3 1 3 1 3 1 3 0 3 0 2 0 3 0 2 0 1 0 2
1 14 0 3 0 1 0 2 0 3 0 2 0 3 0 2
1 9 3 0 3 0 2 0 3 0 2
1 8 0 0 3 3 0 1 0 2
1 16 0 3 1 0 0 1 0 2 0 3 0 2 0 3 0 2
1 17 3 0 3 0 3 0 1 0 2 0 3 0 2 0 1 0 2
1 3 3 3 3
1 11 0 3 3 0 3 0 2 0 3 0 2
1 10 3 0 3 3 3 1 3 1 3 1
1 10 0 3 0 1 0 0 0 3 0 2
1 3 0 3 3
1 20 3 0 3 1 0 0 3 1 0 1 0 2 0 1 0 2 0 3 0 2
1 16 3 3 3 3 0 1 0 2 0 1 0 2 0 1 0 2
1 7 3 1 3 0 1 0 2
1 17 3 0 1 0 2 0 3 0 2 0 1 0 2 0 1 0 2
1 21 3 3 1 3 1 3 1 3 1 0 1 0 2 0 3 0 2 0 1 0 2
1 16 0 1 0 2 0 1 0 2 0 3 0 2 0 1 0 2
1 22 3 1 3 1 3 1 0 3 0 3 0 3 0 2 0 1 0 2 0 3 0 2
1 19 3 1 3 1 3 1 3 1 3 3 3 0 1 0 2 0 1 0 2
1 12 3 1 3 1 3 1 0 3 3 1 0 3
1 2 3 3
1 15 0 3 3 0 3 0 2 0 1 0 2 0 3 0 2
1 18 0 3 3 0 3 3 0 1 0 2 0 3 0 2 0 1 0 2
1 9 0 3 0 0 3 0 3 0 2
1 19 3 1 3 1 3 1 3 0 3 0 2 0 3 0 2 0 1 0 2
1 16 3 0 3 3 0 1 0 2 0 1 0 2 0 1 0 2
1 5 3 0 3 0 2
1 11 3 0 3 0 1 0 2 0 3 0 2
1 16 0 3 3 3 0 1 0 2 0 3 0 2 0 1 0 2
1 10 1 0 1 0 3 3 0 3 0 2
1 21 0 3 0 3 3 0 1 0 2 0 3 0 2 0 1 0 2 0 3 0 2
1 3 0 3 0
1 18 1 0 0 0 3 3 0 3 0 2 0 3 0 2 0 1 0 2
1 15 3 1 3 1 3 1 3 0 3 0 2 0 3 0 2
1 19 3 0 3 0 1 0 2 0 1 0 2 0 3 0 2 0 1 0 2
1 15 3 3 1 3 1 3 1 3 1 3 3 0 1 0 2
1 20 3 1 3 1 3 1 3 1 1 0 1 1 0 3 0 2 0 3 0 2
1 17 3 0 1 0 2 0 1 0 2 0 3 0 2 0 3 0 2
1 2 0 3
1 13 3 0 3 1 0 0 3 0 2 0 1 0 2
1 4 0 3 0 3
1 9 0 3 3 3 1 0 3 0 2
1 22 1 3 1 1 0 3 0 1 0 2 0 1 0 2 0 1 0 2 0 3 0 2
1 10 3 3 0 3 0 2 0 3 0 2
1 21 0 3 0 3 0 0 1 0 2 0 3 0 2 0 3 0 2 0 1 0 2
1 5 3 1 3 1 0
1 7 3 1 0 0 1 0 2
1 7 3 0 3 1 0 0 0
1 7 3 0 3 0 1 0 2
1 28 3 1 3 1 3 1 3 1 0 3 3 3 0 1 0 2 0 3 0 2 0 1 0 2 0 3 0 2
1 16 3 3 1 3 1 3 1 3 0 1 0 2 0 3 0 2
1 13 3 0 3 0 2 0 3 0 2 0 1 0 2
1 3 3 0 3
1 15 3 1 3 0 3 0 2 0 1 0 2 0 3 0 2
1 15 0 3 0 3 1 1 0 0 3 0 2 0 3 0 2
1 5 0 3 3 3 3
1 17 3 3 1 3 1 0 3 0 2 0 3 0 2 0 1 0 2
1 10 3 1 3 1 3 3 0 3 0 2
1 9 3 3 1 0 3 0 1 0 2
1 16 3 0 3 0 0 0 1 3 0 3 0 2 0 3 0 2
1 22 0 3 1 1 0 1 3 1 3 1 3 1 3 1 0 3 0 2 0 3 0 2
1 15 3 3 3 0 1 0 2 0 3 0 2 0 1 0 2
1 14 3 3 0 3 0 2 0 3 0 2 0 3 0 2
1 18 3 0 3 0 0 3 0 3 0 2 0 3 0 2 0 1 0 2
1 17 0 3 0 3 3 1 1 1 1 0 1 0 2 0 3 0 2
1 21 3 3 3 1 0 0 3 0 2 0 3 0 2 0 1 0 2 0 3 0 2
1 18 0 3 0 3 0 3 0 1 0 2 0 1 0 2 0 3 0 2
1 5 1 0 1 0 2
1 3 1 1 0
1 10 3 0 3 3 0 3 0 1 0 2
1 13 3 1 3 1 3 1 0 3 3 0 1 0 2
1 20 3 3 3 3 0 1 0 2 0 1 0 2 0 1 0 2 0 1 0 2
1 10 3 3 0 1 0 2 0 3 0 2
1 19 1 0 0 0 3 0 2 0 3 0 2 0 3 0 2 0 3 0 2
1 16 0 3 0 2 0 1 0 2 0 3 0 2 0 3 0 2
1 5 0 3 0 3 3
1 7 3 3 3 0 1 0 2
1 16 0 3 0 3 0 3 0 2 0 1 0 2 0 1 0 2
1 10 0 3 3 0 3 3 0 3 0 2
1 7 3 3 3 0 3 0 2
1 11 0 3 3 0 3 0 2 0 1 0 2
1 21 3 0 3 0 3 0 3 0 2 0 1 0 2 0 3 0 2 0 1 0 2
1 10 3 3 1 0 1 0 0 3 0 2
1 9 3 0 1 0 2 0 3 0 2
1 24 0 3 3 1 3 1 0 3 0 0 1 0 0 3 0 2 0 3 0 2 0 1 0 2
1 20 0 3 0 3 0 3 0 2 0 3 0 2 0 1 0 2 0 1 0 2
1 11 3 3 3 0 3 0 2 0 3 0 2
1 12 0 3 0 2 0 1 0 2 0 1 0 2
1 14 3 0 3 3 0 3 0 1 0 2 0 1 0 2
1 12 0 3 0 2 0 3 0 2 0 1 0 2
1 19 3 3 3 0 3 0 2 0 3 0 2 0 3 0 2 0 1 0 2
1 10 0 3 0 3 0 2 0 1 0 2
1 16 0 3 0 0 0 3 0 2 0 1 0 2 0 1 0 2
1 24 3 3 1 3 1 3 1 3 0 1 0 2 0 1 0 2 0 1 0 2 0 3 0 2
1 19 3 3 1 3 1 3 1 1 1 1 1 0 1 0 2 0 3 0 2
1 20 1 1 0 1 0 1 0 2 0 1 0 2 0 3 0 2 0 1 0 2
1 12 0 3 0 3 0 3 0 2 0 3 0 2
1 13 3 0 3 0 2 0 3 0 2 0 3 0 2
1 16 3 3 0 3 0 1 0 2 0 3 0 2 0 3 0 2
1 12 0 3 3 3 0 1 0 2 0 1 0 2
1 18 0 3 0 1 0 2 0 1 0 2 0 1 0 2 0 1 0 2
1 19 0 3 3 0 3 0 2 0 1 0 2 0 1 0 2 0 3 0 2
1 24 3 3 3 1 3 1 3 1 0 1 0 2 0 1 0 2 0 1 0 2 0 3 0 2
1 17 3 3 1 0 3 0 1 0 2 0 3 0 2 0 3 0 2
1 6 3 0 3 3 0 3
1 16 0 3 3 1 3 1 3 1 3 1 3 1 0 1 0 2
1 10 3 0 0 1 0 3 0 3 0 2
1 15 3 3 3 0 1 0 2 0 1 0 2 0 3 0 2
1 13 3 1 3 3 3 0 3 0 2 0 1 0 2
1 8 3 3 3 3 0 1 0 2
1 13 3 0 1 0 2 0 1 0 2 0 3 0 2
1 12 3 3 3 3 0 1 0 2 0 1 0 2
1 12 0 3 0 2 0 1 0 2 0 3 0 2
1 22 3 3 0 3 0 3 0 3 0 2 0 3 0 2 0 3 0 2 0 1 0 2
1 4 3 3 0 3
1 15 3 3 3 0 3 0 2 0 3 0 2 0 3 0 2
1 8 0 3 0 2 0 3 0 2
1 24 0 3 3 1 3 1 3 1 0 3 0 3 0 3 0 2 0 1 0 2 0 1 0 2
1 8 3 0 3 3 0 3 0 2
1 11 3 3 3 0 1 0 2 0 1 0 2
1 9 3 1 3 1 3 1 3 1 3
1 14 0 3 0 3 0 3 0 3 0 2 0 1 0 2
1 6 3 1 0 1 0 3
1 8 0 3 0 2 0 1 0 2
1 13 3 0 1 0 2 0 1 0 2 0 1 0 2
1 18 0 3 0 3 0 2 0 1 0 2 0 3 0 2 0 1 0 2
1 14 3 3 0 3 0 2 0 1 0 2 0 3 0 2
1 17 3 0 3 0 2 0 1 0 2 0 1 0 2 0 3 0 2
1 18 3 3 0 3 0 2 0 3 0 2 0 3 0 2 0 1 0 2
1 20 3 1 3 1 3 1 3 1 0 3 0 2 0 1 0 2 0 1 0 2
1 9 0 3 0 3 3 0 3 0 2
1 11 0 3 3 0 1 0 2 0 3 0 2
1 21 3 3 0 3 3 0 3 0 2 0 3 0 2 0 1 0 2 0 3 0 2
1 5 1 0 1 0 3
1 15 3 0 3 0 3 0 2 0 3 0 2 0 1 0 2
1 6 3 0 3 0 3 3
1 14 3 1 3 1 3 1 3 1 3 1 0 3 0 2
1 15 3 3 3 0 3 0 2 0 1 0 2 0 3 0 2
1 11 3 0 3 0 1 0 2 0 1 0 2
1 11 1 0 3 0 1 0 2 0 3 0 2
1 7 3 0 3 0 3 0 2
1 13 0 1 1 0 3 0 3 0 2 0 3 0 2
1 33 3 3 1 3 1 3 1 3 1 3 1 3 1 3 1 3 1 0 1 0 2 0 3 0 2 0 1 0 2 0 3 0 2
1 13 3 0 3 0 2 0 1 0 2 0 3 0 2
1 14 3 3 0 1 0 2 0 3 0 2 0 1 0 2
1 4 0 1 0 2
1 15 3 3 1 0 0 1 1 0 1 0 2 0 1 0 2
1 17 3 0 1 0 2 0 1 0 2 0 1 0 2 0 1 0 2
1 22 1 1 1 3 1 3 1 3 1 3 1 0 3 3 0 3 0 2 0 1 0 2
1 16 0 3 0 2 0 1 0 2 0 1 0 2 0 3 0 2
1 6 0 3 0 1 0 2
1 21 0 3 0 3 3 0 3 0 2 0 1 0 2 0 1 0 2 0 3 0 2
1 13 1 1 1 3 0 0 0 1 3 0 1 0 2
1 28 3 1 3 1 3 1 3 1 3 1 0 1 0 3 0 2 0 1 0 2 0 3 0 2 0 1 0 2
1 16 0 3 3 1 3 1 3 1 0 3 0 2 0 1 0 2
1 19 1 0 3 0 1 0 2 0 1 0 2 0 1 0 2 0 3 0 2
1 7 3 3 1 0 1 0 3
1 22 3 0 3 3 0 3 0 3 0 2 0 3 0 2 0 1 0 2 0 1 0 2
1 23 0 3 0 3 0 3 3 0 1 0 2 0 1 0 2 0 1 0 2 0 3 0 2
1 10 0 3 0 3 0 2 0 3 0 2
1 26 3 3 3 1 3 1 3 1 3 1 0 3 0 2 0 3 0 2 0 1 0 2 0 3 0 2
1 6 3 1 0 1 0 2
1 19 0 0 3 0 1 0 2 0 3 0 2 0 1 0 2 0 3 0 2
1 18 3 1 3 1 3 3 0 3 0 2 0 1 0 2 0 3 0 2
1 15 3 0 3 0 1 0 2 0 1 0 2 0 1 0 2
1 14 0 3 0 1 0 2 0 1 0 2 0 1 0 2
1 19 3 1 3 1 3 1 3 0 1 0 2 0 1 0 2 0 3 0 2
1 18 0 3 0 3 0 2 0 3 0 2 0 1 0 2 0 1 0 2
1 15 0 0 3 0 1 0 2 0 3 0 2 0 1 0 2
1 9 3 0 1 0 2 0 1 0 2
1 13 0 0 3 0 3 0 1 0 2 0 3 0 2
1 23 0 3 3 1 3 1 3 0 3 0 2 0 1 0 2 0 1 0 2 0 3 0 2
1 16 3 3 0 3 0 1 0 2 0 3 0 2 0 1 0 2
1 15 3 0 3 0 1 0 2 0 3 0 2 0 3 0 2
1 9 3 0 3 0 2 0 1 0 2
1 19 0 3 3 0 1 0 2 0 3 0 2 0 3 0 2 0 3 0 2
1 12 3 3 3 3 0 3 0 2 0 1 0 2
1 12 0 1 0 2 0 1 0 2 0 3 0 2
1 13 0 3 3 0 3 0 3 0 2 0 3 0 2
1 8 0 1 0 2 0 1 0 2
1 2 3 1
1 24 3 1 3 1 3 1 3 3 0 3 0 2 0 3 0 2 0 3 0 2 0 3 0 2
1 16 0 1 0 3 0 3 0 2 0 3 0 2 0 3 0 2
1 18 3 3 0 3 0 2 0 1 0 2 0 3 0 2 0 3 0 2
1 21 1 0 0 3 3 0 1 0 2 0 3 0 2 0 1 0 2 0 1 0 2
1 14 3 3 3 1 3 1 3 1 3 1 0 3 0 2
1 19 3 0 3 0 3 0 2 0 1 0 2 0 1 0 2 0 1 0 2
1 6 3 3 0 3 0 2
1 15 3 3 3 0 3 0 2 0 1 0 2 0 1 0 2
1 10 0 3 3 3 0 3 0 1 0 2
1 17 3 0 1 0 2 0 3 0 2 0 3 0 2 0 1 0 2
1 14 0 3 3 3 1 3 0 1 0 2 0 1 0 2
1 10 0 3 0 1 0 2 0 3 0 2
1 8 3 1 1 3 0 1 0 2
1 5 3 3 0 3 3
1 13 3 3 3 0 3 0 3 0 2 0 1 0 2
1 12 0 1 0 2 0 1 0 2 0 1 0 2
1 5 3 0 1 0 2
1 6 0 3 3 0 3 3
1 6 3 3 0 1 0 2
1 12 3 3 3 3 0 1 0 2 0 3 0 2
1 7 3 1 3 1 3 1 3
1 19 3 3 3 0 1 0 2 0 3 0 2 0 1 0 2 0 1 0 2
1 34 3 3 3 1 3 1 3 1 3 1 3 1 3 1 3 1 3 1 0 1 0 2 0 3 0 2 0 1 0 2 0 3 0 2
1 18 0 3 0 3 3 3 0 1 0 2 0 3 0 2 0 1 0 2
1 20 0 3 3 3 0 3 0 2 0 3 0 2 0 1 0 2 0 3 0 2
1 15 0 3 3 0 1 0 2 0 1 0 2 0 3 0 2
1 4 0 3 0 2
1 11 3 0 3 0 3 0 2 0 1 0 2
1 22 0 3 3 0 3 3 0 3 0 2 0 3 0 2 0 3 0 2 0 1 0 2
1 8 0 3 3 3 0 1 0 2
1 24 1 0 0 0 0 3 0 3 0 3 0 2 0 3 0 2 0 3 0 2 0 3 0 2
1 15 3 3 3 3 1 3 1 0 3 0 2 0 1 0 2
1 4 3 0 3 3
1 16 0 0 3 1 0 1 0 2 0 1 0 2 0 3 0 2
1 15 3 0 0 0 3 0 2 0 1 0 2 0 1 0 2
1 17 3 3 1 3 1 3 1 3 1 0 3 0 2 0 3 0 2
1 5 3 3 1 3 1
1 1 3
1 19 3 0 3 0 3 0 2 0 3 0 2 0 3 0 2 0 1 0 2
1 10 3 3 1 3 1 3 1 3 0 3
1 16 0 3 0 2 0 3 0 2 0 3 0 2 0 1 0 2
1 13 0 3 3 0 3 0 1 0 2 0 3 0 2
1 7 0 3 3 0 1 0 2
1 13 3 3 3 3 1 3 1 3 1 0 1 0 2
1 20 3 0 3 3 1 0 0 1 0 1 0 2 0 1 0 2 0 1 0 2
1 5 0 3 3 1 0
1 16 0 3 0 2 0 3 0 2 0 3 0 2 0 3 0 2
1 4 0 3 3 3
1 23 3 0 3 0 3 0 3 0 3 0 2 0 1 0 2 0 3 0 2 0 1 0 2
1 16 0 1 0 2 0 1 0 2 0 1 0 2 0 1 0 2
1 13 3 0 1 0 2 0 3 0 2 0 3 0 2
1 11 3 1 3 1 3 1 3 0 3 0 2
1 2 1 1
1 12 3 0 3 3 0 1 0 2 0 1 0 2
1 28 1 1 1 0 3 1 3 1 3 1 3 1 0 3 0 2 0 3 0 2 0 1 0 2 0 1 0 2
1 12 0 3 0 2 0 3 0 2 0 3 0 2
1 13 3 0 1 0 2 0 3 0 2 0 1 0 2
1 10 0 3 3 1 3 1 3 1 3 3
1 17 3 0 3 0 2 0 3 0 2 0 3 0 2 0 1 0 2
1 18 0 3 3 1 3 1 0 1 0 2 0 3 0 2 0 3 0 2
1 10 3 1 0 1 0 2 0 1 0 2
1 10 0 3 0 1 0 2 0 1 0 2
1 7 3 0 3 0 3 0 3
1 11 0 3 3 0 1 0 2 0 1 0 2
1 20 0 3 3 3 0 3 0 2 0 1 0 2 0 1 0 2 0 1 0 2
1 20 3 3 3 3 0 3 0 2 0 3 0 2 0 3 0 2 0 3 0 2
1 23 1 0 0 0 3 0 3 0 3 0 2 0 3 0 2 0 1 0 2 0 3 0 2
1 21 3 1 3 1 0 1 1 3 3 0 3 0 2 0 1 0 2 0 1 0 2
0 17 0 3 3 0 3 0 2 0 1 0 2 0 3 0 2 0 1
0 15 3 1 3 1 3 1 3 1 3 0 1 0 2 0 3
0 11 0 3 3 0 3 0 1 0 2 0 1
0 17 3 3 3 3 0 1 0 2 0 3 0 2 0 1 0 2 0
0 14 3 3 0 1 1 0 3 0 2 0 3 0 2 0
0 18 3 0 3 3 1 3 1 0 3 0 3 0 2 0 1 0 2 0
0 11 1 1 0 0 3 0 1 0 2 0 3
0 16 0 3 3 3 0 3 0 3 0 2 0 1 0 2 0 3
0 17 3 3 1 1 1 0 3 0 3 0 2 0 1 0 2 0 1
0 13 0 3 3 3 0 3 0 3 0 2 0 1 0
0 10 3 3 0 3 0 1 0 2 0 3
0 10 1 1 3 0 1 0 2 0 3 0
0 16 3 0 0 3 1 1 0 1 0 2 0 3 0 2 0 1
0 11 0 3 0 3 3 0 3 0 2 0 1
0 17 0 3 3 1 1 0 1 0 3 0 2 0 1 0 2 0 1
0 8 3 3 0 1 0 2 0 1
0 18 3 3 3 0 1 0 2 0 1 0 2 0 3 0 2 0 1 0
0 15 1 1 0 3 3 0 1 0 2 0 1 0 2 0 3
0 18 0 3 0 3 0 3 0 2 0 1 0 2 0 1 0 2 0 1
0 17 1 1 0 3 0 3 0 2 0 1 0 2 0 1 0 2 0
0 17 3 1 3 1 3 1 0 3 0 2 0 3 0 2 0 3 0
0 14 0 1 1 1 3 3 0 3 0 3 0 2 0 3
0 14 0 3 0 3 0 3 0 2 0 1 0 2 0 1
0 8 0 3 0 0 1 0 2 0
0 11 3 1 3 1 3 1 0 3 0 2 0
0 17 3 3 1 3 1 0 3 0 3 0 2 0 1 0 2 0 3
0 13 3 0 3 3 0 3 0 2 0 1 0 2 0
0 14 3 1 1 1 1 0 1 0 2 0 3 0 2 0
0 24 3 1 3 1 3 1 0 3 3 0 1 0 2 0 1 0 2 0 3 0 2 0 1 0
0 11 3 3 1 3 1 1 0 1 0 2 0
0 11 3 3 3 0 3 0 3 0 2 0 3
0 22 3 0 3 3 1 3 1 3 1 0 3 0 2 0 3 0 2 0 1 0 2 0
0 20 0 1 0 0 3 0 1 0 2 0 1 0 2 0 3 0 2 0 1 0
0 11 3 0 3 3 0 1 0 2 0 1 0
0 18 0 3 3 0 3 0 1 0 2 0 3 0 2 0 1 0 2 0
0 8 3 3 0 3 0 2 0 3
0 14 0 3 0 3 0 3 0 3 0 1 0 2 0 3
0 9 3 1 3 1 0 1 0 2 0
0 8 1 0 1 0 1 0 2 0
0 20 1 0 0 3 3 0 3 0 2 0 1 0 2 0 3 0 2 0 1 0
0 8 0 0 3 0 2 0 3 0
0 16 3 1 3 1 3 3 3 0 3 0 2 0 1 0 2 0
0 9 0 3 1 1 0 3 0 2 0
0 15 3 1 3 3 3 0 3 0 2 0 3 0 2 0 3
0 11 0 3 3 3 0 1 0 2 0 3 0
0 17 3 1 3 1 3 1 3 1 3 0 3 0 3 0 2 0 3
0 14 1 1 0 3 0 3 0 2 0 1 0 2 0 1
0 23 3 3 3 1 3 1 3 1 0 3 0 2 0 3 0 2 0 1 0 2 0 3 0
0 12 3 3 1 3 1 0 1 0 2 0 1 0
0 17 0 3 3 0 0 3 0 3 0 2 0 1 0 2 0 3 0
0 18 3 0 3 0 1 0 2 0 3 0 2 0 3 0 2 0 3 0
0 5 0 3 0 2 0
0 19 0 3 3 1 3 1 3 1 3 0 1 0 2 0 1 0 2 0 3
0 12 1 0 0 3 3 0 3 0 2 0 1 0
0 16 3 0 3 0 2 0 1 0 2 0 3 0 2 0 3 0
0 15 0 3 1 3 1 3 0 3 0 2 0 1 0 2 0
0 11 0 3 3 1 3 1 0 3 0 2 0
0 19 0 3 3 3 3 0 3 0 2 0 3 0 2 0 3 0 2 0 1
0 21 3 0 0 0 3 0 3 0 3 0 2 0 1 0 2 0 3 0 2 0 3
0 24 3 1 3 1 3 1 3 1 3 0 3 0 2 0 3 0 2 0 1 0 2 0 3 0
0 15 3 0 3 3 1 0 1 0 2 0 3 0 2 0 1
0 19 1 0 3 3 0 3 0 2 0 1 0 2 0 3 0 2 0 1 0
0 18 0 3 3 3 3 0 3 0 2 0 3 0 2 0 1 0 2 0
0 15 3 1 0 3 3 1 0 1 0 1 0 2 0 3 0
0 8 3 1 3 0 3 0 2 0
0 15 3 1 3 1 0 3 3 0 0 0 0 1 0 2 0
0 11 3 1 3 3 3 0 3 0 2 0 3
0 16 3 0 1 0 2 0 1 0 2 0 3 0 2 0 1 0
0 6 0 1 0 2 0 1
0 25 3 1 3 1 3 1 0 3 0 3 0 3 0 2 0 1 0 2 0 1 0 2 0 3 0
0 12 0 3 0 3 0 2 0 3 0 2 0 3
0 18 3 1 3 1 0 3 3 0 3 0 2 0 3 0 2 0 1 0
0 21 0 3 3 1 3 1 3 1 3 1 0 3 0 3 0 2 0 1 0 2 0
0 13 3 3 0 3 0 1 0 2 0 3 0 2 0
0 20 3 1 0 0 3 3 0 1 0 2 0 1 0 2 0 1 0 2 0 1
0 13 0 3 3 3 0 1 0 2 0 3 0 2 0
0 16 3 3 3 0 1 0 2 0 1 0 2 0 3 0 2 0
0 14 3 0 3 0 1 0 2 0 3 0 2 0 1 0
0 14 0 1 0 2 0 3 0 2 0 1 0 2 0 1
0 13 3 0 3 3 0 3 0 2 0 3 0 2 0
0 24 3 0 3 3 1 3 1 3 1 0 3 0 2 0 3 0 2 0 1 0 2 0 3 0
0 16 0 3 3 0 3 3 0 3 0 2 0 3 0 2 0 3
0 17 3 1 3 1 3 1 0 3 0 1 0 2 0 1 0 2 0
0 15 3 1 0 1 0 2 0 1 0 2 0 3 0 2 0
0 14 0 0 1 3 0 1 0 2 0 3 0 2 0 1
0 10 1 0 3 0 3 0 2 0 3 0
0 14 0 3 3 3 0 1 1 0 1 0 2 0 3 0
0 7 0 3 0 1 0 2 0
0 18 3 1 1 1 1 0 1 0 2 0 3 0 2 0 1 0 2 0
0 14 3 3 3 3 0 3 0 2 0 1 0 2 0 1
0 23 3 1 3 1 3 1 0 3 0 3 0 3 0 2 0 1 0 2 0 1 0 2 0
0 25 3 1 3 1 0 3 3 0 0 0 0 1 0 2 0 3 0 2 0 1 0 2 0 3 0
0 12 3 0 3 0 3 0 1 0 2 0 3 0
0 17 0 3 0 3 0 3 0 2 0 1 0 2 0 3 0 2 0
0 15 3 3 0 1 0 2 0 3 0 2 0 1 0 2 0
0 10 3 0 1 0 2 0 1 0 2 0
0 11 3 0 3 3 3 0 1 0 2 0 3
0 15 0 3 0 3 0 3 0 2 0 1 0 2 0 1 0
0 24 3 1 3 1 3 1 3 1 3 1 3 1 3 1 3 0 1 0 2 0 3 0 2 0
0 9 3 3 3 1 0 1 0 2 0
0 22 3 1 3 1 3 1 0 3 3 0 1 0 2 0 1 0 2 0 3 0 2 0
0 11 0 3 3 0 3 3 0 3 0 2 0
0 10 1 0 3 3 0 3 0 2 0 1
0 16 3 0 3 0 3 0 2 0 1 0 2 0 3 0 2 0
0 12 3 1 3 1 3 1 0 1 0 2 0 3
0 17 0 3 0 3 0 2 0 3 0 2 0 3 0 2 0 3 0
0 16 0 1 0 0 3 0 1 0 2 0 1 0 2 0 3 0
0 20 1 1 0 3 3 0 1 0 2 0 1 0 2 0 3 0 2 0 1 0
0 17 0 3 3 3 1 3 1 3 1 3 1 0 3 0 2 0 1
0 10 0 3 3 3 0 3 0 2 0 3
0 13 3 3 0 1 0 2 0 3 0 2 0 3 0
0 19 0 3 3 3 0 1 0 2 0 1 0 2 0 1 0 2 0 1 0
0 15 0 3 3 0 3 0 1 0 2 0 3 0 2 0 1
0 10 3 0 3 0 3 0 2 0 1 0
0 14 0 3 3 0 1 0 2 0 3 0 2 0 3 0
0 14 0 3 3 1 0 1 0 2 0 3 0 2 0 1
0 9 1 1 3 3 0 3 0 2 0
0 13 3 0 3 0 3 0 2 0 1 0 2 0 3
0 18 3 0 3 3 1 0 1 0 2 0 3 0 2 0 1 0 2 0
0 12 3 1 3 1 3 1 3 0 1 0 2 0
0 14 0 3 0 3 3 0 1 0 2 0 1 0 2 0
0 17 3 1 3 1 0 3 0 2 0 3 0 2 0 3 0 2 0
0 18 3 1 3 1 3 1 3 0 3 0 2 0 1 0 2 0 1 0
0 13 3 1 3 1 3 1 3 0 3 0 2 0 1
0 9 1 1 0 3 0 3 0 2 0
0 15 0 1 0 2 0 3 0 2 0 1 0 2 0 3 0
0 21 3 3 1 1 1 0 3 0 3 0 2 0 1 0 2 0 1 0 2 0 3
0 14 3 3 0 1 0 3 0 2 0 3 0 2 0 3
0 12 0 3 3 0 1 0 2 0 3 0 2 0
0 19 0 3 0 3 0 3 0 3 0 1 0 2 0 3 0 2 0 1 0
0 16 0 3 3 3 1 3 1 3 1 3 1 0 3 0 2 0
0 14 0 1 0 2 0 3 0 2 0 3 0 2 0 3
0 16 0 3 3 0 3 0 2 0 3 0 2 0 3 0 2 0
0 15 3 3 3 3 0 3 0 2 0 1 0 2 0 1 0
0 15 1 1 0 0 3 0 1 0 2 0 3 0 2 0 3
0 13 0 3 0 2 0 1 0 2 0 3 0 2 0
0 16 3 3 1 3 1 3 1 3 1 3 0 1 0 2 0 1
0 11 0 1 0 2 0 1 0 2 0 3 0
0 16 3 0 3 0 2 0 3 0 2 0 1 0 2 0 1 0
0 15 0 0 0 3 0 2 0 3 0 2 0 3 0 2 0
0 20 3 3 0 1 1 0 3 0 2 0 3 0 2 0 1 0 2 0 3 0
0 14 3 3 3 0 3 0 3 0 2 0 1 0 2 0
0 13 0 3 0 2 0 3 0 2 0 3 0 2 0
0 12 3 1 3 3 0 3 0 1 0 2 0 3
0 22 3 1 3 1 3 1 3 1 0 1 0 2 0 3 0 2 0 1 0 2 0 3
0 13 0 3 0 3 0 1 0 2 0 1 0 2 0
0 29 3 1 3 1 3 1 3 1 3 1 3 1 3 1 3 0 1 0 2 0 3 0 2 0 3 0 2 0 1
0 15 0 1 3 3 0 1 0 2 0 3 0 2 0 3 0
0 11 0 3 1 1 1 0 0 3 0 2 0
0 16 1 1 0 0 3 0 1 0 2 0 3 0 2 0 1 0
0 13 0 3 0 3 0 1 0 2 0 3 0 2 0
0 11 3 3 3 3 0 3 0 2 0 3 0
0 13 0 3 1 1 1 0 0 3 0 2 0 1 0
0 20 3 0 3 0 3 0 1 0 2 0 3 0 2 0 1 0 2 0 1 0
0 9 3 0 3 3 0 1 0 2 0
0 18 3 1 3 1 3 1 3 0 1 0 2 0 3 0 2 0 3 0
0 12 3 0 0 3 1 1 0 1 0 2 0 3
0 8 0 3 0 1 0 2 0 1
0 10 3 0 3 0 1 0 2 0 3 0
0 10 0 3 0 0 1 0 2 0 3 0
0 13 0 3 3 3 0 1 0 2 0 1 0 2 0
0 9 0 1 0 1 0 1 0 2 0
0 21 0 1 0 3 3 0 3 0 1 0 2 0 1 0 2 0 1 0 2 0 1
0 13 3 1 0 1 0 2 0 1 0 2 0 3 0
0 10 0 3 3 1 0 1 0 2 0 3
0 10 3 1 3 3 3 0 3 0 2 0
0 17 3 3 0 3 0 2 0 1 0 2 0 3 0 2 0 3 0
0 10 0 3 0 3 3 0 3 0 2 0
0 11 3 0 3 3 3 0 3 0 2 0 3
0 12 3 3 3 0 0 0 0 0 1 0 2 0
0 17 3 3 1 3 1 3 1 3 1 3 0 1 0 2 0 1 0
0 13 3 1 3 1 3 1 0 3 0 1 0 2 0
0 12 3 1 0 0 0 0 3 0 2 0 3 0
0 12 3 1 3 1 0 3 3 0 3 0 2 0
0 9 0 3 0 2 0 1 0 2 0
0 14 1 1 0 1 0 1 0 2 0 3 0 2 0 1
0 16 3 3 3 0 3 0 3 0 2 0 1 0 2 0 1 0
0 16 3 1 3 1 3 0 1 0 2 0 1 0 2 0 1 0
0 15 0 3 3 3 0 1 0 2 0 3 0 2 0 1 0
0 17 3 1 3 1 3 1 0 3 3 3 0 3 0 2 0 1 0
0 21 3 3 1 3 1 3 1 3 1 3 3 1 3 1 3 1 0 3 0 2 0
0 18 0 3 3 1 1 0 1 0 3 0 2 0 1 0 2 0 1 0
0 20 3 0 3 3 1 0 1 0 2 0 3 0 2 0 1 0 2 0 3 0
0 16 0 3 3 0 1 0 2 0 1 0 2 0 3 0 2 0
0 16 3 0 3 0 3 0 2 0 3 0 2 0 1 0 2 0
0 13 0 3 1 3 1 3 0 3 0 2 0 1 0
0 16 3 3 3 0 0 0 0 0 1 0 2 0 1 0 2 0
0 28 3 1 3 1 3 1 3 1 3 1 3 1 3 1 3 0 1 0 2 0 3 0 2 0 3 0 2 0
0 19 3 0 3 3 0 3 0 2 0 3 0 2 0 3 0 2 0 1 0
0 13 0 3 3 0 0 3 0 3 0 2 0 1 0
0 12 3 3 3 0 1 0 2 0 3 0 2 0
0 14 0 3 3 1 0 3 0 2 0 1 0 2 0 1
0 8 0 3 1 0 1 0 2 0
0 15 0 3 3 3 0 3 0 3 0 2 0 1 0 2 0
0 10 0 0 1 3 0 1 0 2 0 3
0 11 3 0 3 3 3 0 1 0 2 0 1
0 14 0 1 0 2 0 1 0 2 0 3 0 2 0 3
0 12 3 1 0 0 3 3 0 1 0 2 0 1
0 13 0 1 1 1 3 3 0 3 0 3 0 2 0
0 15 3 1 3 1 3 1 0 3 3 0 1 0 2 0 1
0 11 3 3 3 3 0 1 0 2 0 3 0
0 19 3 1 3 1 3 1 3 1 0 3 0 2 0 3 0 2 0 3 0
0 11 1 0 3 3 0 3 0 2 0 1 0
0 11 0 3 0 2 0 3 0 2 0 3 0
0 15 3 1 0 0 3 3 0 1 0 2 0 1 0 2 0
0 23 3 0 3 3 1 3 1 3 1 0 3 0 2 0 3 0 2 0 1 0 2 0 3
0 17 3 0 3 3 0 3 0 2 0 1 0 2 0 1 0 2 0
0 11 0 0 1 3 0 1 0 2 0 3 0
0 9 3 1 3 1 0 3 0 2 0
0 18 3 0 3 0 3 0 1 0 2 0 3 0 2 0 1 0 2 0
0 19 3 1 3 1 3 0 3 1 0 1 0 2 0 1 0 2 0 1 0
0 10 1 1 3 3 0 3 0 2 0 3
0 13 3 1 0 0 3 3 1 0 3 0 2 0 1
0 14 3 0 0 0 3 0 3 0 3 0 2 0 1 0
0 15 0 3 3 1 3 1 3 1 3 0 1 0 2 0 3
0 9 3 0 3 0 1 0 2 0 3
0 9 0 0 0 3 0 2 0 3 0
0 21 3 1 3 1 3 1 0 3 0 3 0 3 0 2 0 1 0 2 0 1 0
0 9 3 3 1 0 1 0 2 0 3
0 23 0 3 0 3 3 1 0 0 1 0 3 0 2 0 3 0 2 0 1 0 2 0 3
0 9 3 1 0 3 0 2 0 1 0
0 11 0 1 0 1 0 1 0 2 0 1 0
0 15 3 1 3 1 3 0 3 1 0 1 0 2 0 1 0
0 16 0 1 0 0 1 0 2 0 1 0 2 0 1 0 2 0
0 8 3 0 1 0 2 0 3 0
0 6 0 3 0 2 0 1
0 15 1 1 0 3 3 0 1 0 2 0 3 0 2 0 1
0 15 3 3 3 3 0 1 0 2 0 3 0 2 0 1 0
0 12 0 3 3 0 3 0 2 0 3 0 2 0
0 13 0 3 3 3 0 1 1 0 1 0 2 0 3
0 9 3 3 0 1 0 2 0 1 0
0 16 3 1 1 1 1 0 1 0 2 0 3 0 2 0 1 0
0 11 1 1 0 3 3 0 1 0 2 0 3
0 18 3 0 3 0 3 0 2 0 1 0 2 0 3 0 2 0 3 0
0 14 0 3 0 2 0 3 0 2 0 1 0 2 0 1
0 12 1 1 0 3 3 0 1 0 2 0 1 0
0 12 3 3 0 3 3 0 1 0 2 0 1 0
0 11 1 1 3 3 0 3 0 2 0 3 0
0 11 1 1 0 1 0 1 0 2 0 3 0
0 11 0 3 1 1 0 3 0 2 0 3 0
0 13 0 3 0 3 3 1 0 3 0 2 0 3 0
0 13 3 1 3 1 3 1 0 3 0 2 0 3 0
0 9 1 1 3 0 1 0 2 0 3
0 13 3 3 1 3 1 3 0 1 0 2 0 3 0
0 14 3 1 3 1 3 1 3 1 3 0 3 0 2 0
0 18 1 0 0 3 3 0 3 0 2 0 1 0 2 0 3 0 2 0
0 21 3 1 3 1 3 1 3 1 1 0 0 0 3 1 3 1 0 1 0 2 0
0 10 3 3 0 0 1 0 2 0 3 0
0 14 3 0 3 0 1 0 2 0 1 0 2 0 3 0
0 12 3 3 1 3 1 3 0 1 0 2 0 3
0 9 3 0 3 0 0 1 0 2 0
0 12 0 3 0 3 0 0 3 0 1 0 2 0
0 19 3 1 3 1 0 3 3 0 0 0 0 1 0 2 0 3 0 2 0
0 15 0 3 3 3 0 1 0 2 0 3 0 2 0 3 0
0 27 3 3 1 3 1 3 1 3 1 3 3 1 3 1 3 1 0 3 0 2 0 1 0 2 0 1 0
0 25 3 1 3 1 3 1 3 1 1 0 0 0 3 1 3 1 0 1 0 2 0 3 0 2 0
0 16 1 0 1 0 1 0 2 0 3 0 2 0 3 0 2 0
0 21 3 1 3 1 3 1 3 0 3 0 2 0 1 0 2 0 1 0 2 0 3
0 15 1 1 3 1 3 1 0 1 0 2 0 1 0 2 0
0 15 3 0 1 0 2 0 1 0 2 0 1 0 2 0 3
0 14 0 3 3 3 0 1 0 2 0 3 0 2 0 1
0 16 1 1 0 3 3 0 1 0 2 0 1 0 2 0 3 0
0 11 3 3 0 0 0 1 0 2 0 3 0
0 10 0 3 3 3 0 1 0 2 0 3
0 19 0 3 3 0 3 3 0 3 0 2 0 3 0 2 0 3 0 2 0
0 13 0 3 0 0 1 0 2 0 3 0 2 0 3
0 18 0 3 0 3 0 3 0 2 0 1 0 2 0 3 0 2 0 1
0 11 3 3 0 3 0 2 0 1 0 2 0
0 13 0 3 3 0 3 3 0 3 0 2 0 3 0
0 15 3 0 3 0 0 1 0 2 0 3 0 2 0 3 0
0 12 3 0 0 1 0 2 0 3 0 2 0 1
0 11 3 1 0 1 0 2 0 1 0 2 0
0 16 3 0 3 3 3 0 3 0 2 0 3 0 2 0 1 0
0 17 1 0 0 1 0 2 0 1 0 2 0 3 0 2 0 1 0
0 19 3 1 3 1 3 1 0 3 0 3 0 3 0 2 0 1 0 2 0
0 14 0 3 0 2 0 1 0 2 0 1 0 2 0 1
0 14 0 3 3 3 3 0 3 0 2 0 3 0 2 0
0 15 3 3 0 1 0 2 0 3 0 2 0 3 0 2 0
0 6 3 0 1 0 2 0
0 18 3 1 3 1 3 1 3 1 0 1 0 2 0 3 0 2 0 1
0 16 0 3 3 3 3 0 3 0 2 0 3 0 2 0 1 0
0 14 0 3 0 0 1 0 3 3 1 0 1 0 2 0
0 12 0 3 3 1 1 0 1 0 3 0 2 0
0 16 0 0 0 1 0 3 0 3 0 2 0 1 0 2 0 3
0 7 0 0 3 0 2 0 3
0 10 3 0 3 1 0 0 1 0 2 0
0 14 0 3 0 2 0 3 0 2 0 3 0 2 0 3
0 10 0 3 0 3 0 3 0 2 0 3
0 15 0 3 0 2 0 1 0 2 0 1 0 2 0 1 0
0 20 3 3 1 1 1 0 3 0 3 0 2 0 1 0 2 0 1 0 2 0
0 18 0 3 3 0 1 0 2 0 3 0 2 0 3 0 2 0 1 0
0 17 3 3 1 3 1 1 0 1 0 2 0 1 0 2 0 3 0
0 19 3 1 0 0 3 3 0 1 0 2 0 1 0 2 0 1 0 2 0
0 18 0 3 0 3 0 0 3 0 1 0 2 0 3 0 2 0 1 0
0 17 3 0 3 0 3 0 2 0 3 0 2 0 1 0 2 0 1
0 12 3 1 0 1 0 2 0 1 0 2 0 3
0 10 1 0 1 0 1 0 2 0 3 0
0 23 0 3 0 3 0 3 0 3 0 1 0 2 0 3 0 2 0 1 0 2 0 1 0
0 15 3 3 3 0 3 0 3 0 2 0 1 0 2 0 3
0 13 0 3 0 2 0 3 0 2 0 1 0 2 0
0 17 3 0 3 0 3 0 2 0 1 0 2 0 3 0 2 0 3
0 15 0 3 0 3 1 0 3 0 2 0 3 0 2 0 3
0 27 3 0 3 3 1 3 1 3 1 3 1 3 0 1 0 2 0 1 0 2 0 1 0 2 0 1 0
0 12 0 3 3 3 0 3 0 3 0 2 0 1
0 11 0 3 0 3 3 0 3 0 2 0 3
0 13 3 1 3 1 0 3 0 2 0 1 0 2 0
0 16 0 3 0 3 0 2 0 3 0 2 0 1 0 2 0 3
0 24 0 3 3 3 1 3 1 3 1 3 1 0 3 0 2 0 1 0 2 0 3 0 2 0
0 16 0 3 0 3 3 1 0 0 1 0 3 0 2 0 3 0
0 9 3 3 3 1 0 3 0 2 0
0 12 0 3 0 3 0 2 0 3 0 2 0 1
0 12 3 3 0 1 0 2 0 3 0 2 0 1
0 13 3 1 0 3 0 2 0 1 0 2 0 3 0
0 12 0 3 0 3 3 0 3 0 2 0 1 0
0 14 3 1 3 0 3 0 3 0 2 0 3 0 2 0
0 12 0 3 0 1 0 2 0 3 0 2 0 1
0 19 3 3 3 3 0 1 0 2 0 3 0 2 0 1 0 2 0 1 0
0 13 3 1 3 1 3 1 3 1 0 1 0 2 0
0 26 3 1 3 1 3 1 3 1 3 1 3 1 3 1 3 0 1 0 2 0 3 0 2 0 3 0
0 16 0 3 3 0 3 3 0 3 0 2 0 3 0 2 0 1
0 11 0 3 0 3 0 3 0 3 0 2 0
0 14 3 3 3 3 0 1 0 2 0 3 0 2 0 1
0 11 3 0 3 0 0 1 0 2 0 3 0
0 16 3 3 0 1 0 2 0 3 0 2 0 3 0 2 0 1
0 12 3 1 0 3 0 2 0 1 0 2 0 3
0 18 0 3 0 3 3 1 0 0 1 0 3 0 2 0 3 0 2 0
0 18 3 0 3 0 1 0 2 0 1 0 2 0 1 0 2 0 1 0
0 12 0 3 3 0 0 3 0 3 0 2 0 1
0 18 3 1 0 1 1 3 1 3 1 0 1 0 2 0 3 0 2 0
0 15 3 0 3 0 2 0 1 0 2 0 1 0 2 0 3
0 8 0 3 0 3 0 2 0 3
0 19 3 1 3 0 3 0 3 0 2 0 3 0 2 0 3 0 2 0 1
0 14 0 3 3 1 3 1 3 1 3 0 1 0 2 0
0 19 3 3 1 3 1 3 1 3 1 3 0 1 0 2 0 1 0 2 0
0 8 3 0 3 0 2 0 1 0
0 15 3 3 3 0 3 0 3 0 2 0 1 0 2 0 1
0 14 0 3 0 2 0 1 0 2 0 3 0 2 0 1
0 21 3 3 3 1 3 1 3 1 0 3 0 2 0 3 0 2 0 1 0 2 0
0 13 1 1 0 3 0 3 0 2 0 1 0 2 0
0 21 0 3 3 3 0 3 0 3 0 2 0 1 0 2 0 3 0 2 0 3 0
0 19 0 3 3 3 3 0 1 0 2 0 3 0 2 0 1 0 2 0 3
0 13 3 3 3 3 0 3 0 2 0 1 0 2 0
0 14 0 3 0 3 3 0 3 0 1 0 2 0 3 0
0 13 1 3 3 1 0 1 0 2 0 1 0 2 0
0 13 0 0 0 3 0 2 0 3 0 2 0 3 0
0 14 0 3 3 0 3 0 2 0 3 0 2 0 3 0
0 17 3 3 3 1 3 1 3 1 3 1 0 1 0 2 0 3 0
0 16 3 3 0 3 0 2 0 3 0 2 0 1 0 2 0 1
0 10 0 1 0 2 0 3 0 2 0 3
0 12 0 3 3 0 3 0 2 0 1 0 2 0
0 15 1 1 0 0 3 0 1 0 2 0 3 0 2 0 1
0 18 0 3 3 3 0 1 1 0 1 0 2 0 3 0 2 0 1 0
0 11 0 0 1 0 0 3 0 1 0 2 0
0 18 0 3 0 0 1 0 2 0 3 0 2 0 3 0 2 0 3 0
0 16 0 3 0 0 1 0 3 3 1 0 1 0 2 0 1 0
0 18 0 3 3 3 0 1 0 2 0 3 0 2 0 1 0 2 0 3
0 13 0 3 0 3 3 0 3 0 1 0 2 0 3
0 16 1 0 0 1 0 2 0 1 0 2 0 3 0 2 0 1
0 14 0 3 0 3 3 1 3 1 0 1 0 2 0 3
0 14 3 0 3 3 1 3 1 3 1 0 3 0 2 0
0 13 3 1 3 0 3 3 0 1 0 2 0 3 0
0 11 0 3 0 3 3 1 0 3 0 2 0
0 12 0 1 0 3 3 0 3 0 1 0 2 0
0 14 3 3 0 3 3 0 1 0 2 0 1 0 2 0
0 13 3 3 3 0 3 0 2 0 3 0 2 0 3
0 20 0 3 3 0 3 0 1 0 2 0 3 0 2 0 1 0 2 0 3 0
0 10 0 1 0 2 0 1 0 2 0 1
0 8 3 0 1 0 2 0 1 0
0 15 0 1 0 2 0 3 0 2 0 3 0 2 0 3 0
0 11 0 1 3 3 0 1 0 2 0 3 0
0 11 0 3 0 3 0 3 0 1 0 2 0
0 11 3 0 3 0 2 0 1 0 2 0 3
0 16 3 1 3 1 3 1 0 3 3 3 0 3 0 2 0 1
0 20 1 1 0 3 3 3 1 3 1 3 1 3 1 0 1 0 2 0 1 0
0 23 0 3 3 1 3 1 3 1 3 0 1 0 2 0 1 0 2 0 3 0 2 0 1
0 16 3 0 3 3 1 3 1 0 3 0 2 0 1 0 2 0
0 13 0 1 0 0 0 3 3 0 3 0 2 0 1
0 15 0 3 0 2 0 1 0 2 0 3 0 2 0 1 0
0 20 0 3 3 3 0 1 1 0 1 0 2 0 3 0 2 0 1 0 2 0
0 14 0 3 0 2 0 3 0 2 0 1 0 2 0 3
0 10 0 1 0 0 3 0 3 0 2 0
0 11 0 3 3 0 3 0 1 0 2 0 3
0 18 3 1 3 1 3 1 3 1 3 0 3 0 2 0 1 0 2 0
0 12 3 3 0 3 0 2 0 1 0 2 0 3
0 25 3 1 3 1 3 1 3 1 3 1 3 1 3 1 3 0 1 0 2 0 3 0 2 0 3
0 15 0 1 0 2 0 1 0 2 0 1 0 2 0 3 0
0 17 3 3 0 3 0 2 0 3 0 2 0 1 0 2 0 3 0
0 21 3 3 1 3 1 1 0 1 0 2 0 1 0 2 0 3 0 2 0 3 0
0 23 3 3 1 3 1 3 1 3 1 3 3 1 3 1 3 1 0 3 0 2 0 1 0
0 14 0 3 3 0 1 0 2 0 3 0 2 0 1 0
0 11 3 1 0 0 0 0 3 0 2 0 3
0 19 0 3 3 3 3 0 3 0 2 0 3 0 2 0 1 0 2 0 3
0 13 3 0 3 0 3 0 2 0 1 0 2 0 1
0 11 1 0 1 0 0 1 0 2 0 3 0
0 15 0 1 0 2 0 1 0 2 0 3 0 2 0 1 0
0 10 1 0 1 0 0 1 0 2 0 3
0 24 3 1 3 1 0 3 3 0 0 0 0 1 0 2 0 3 0 2 0 1 0 2 0 3
0 19 3 1 3 1 3 1 0 3 3 0 1 0 2 0 1 0 2 0 3
0 19 3 1 3 1 0 3 0 2 0 3 0 2 0 3 0 2 0 3 0
0 11 0 3 0 3 0 3 0 2 0 1 0
0 21 3 1 3 1 3 1 3 1 0 3 0 2 0 3 0 2 0 1 0 2 0
0 22 0 3 3 1 1 0 1 0 3 0 2 0 1 0 2 0 1 0 2 0 1 0
0 9 0 3 0 2 0 3 0 2 0
0 13 3 3 0 1 0 2 0 1 0 2 0 3 0
0 17 0 0 0 3 0 2 0 3 0 2 0 3 0 2 0 1 0
0 13 1 0 3 3 0 3 0 2 0 1 0 2 0
0 13 3 0 3 0 3 0 2 0 3 0 2 0 1
0 12 3 0 1 0 2 0 1 0 2 0 1 0
0 15 3 3 0 3 1 3 1 3 1 0 1 0 2 0 1
0 15 0 3 0 2 0 1 0 2 0 3 0 2 0 3 0
0 12 3 0 3 0 3 3 0 3 0 2 0 1
0 19 3 1 3 1 3 1 3 1 0 3 0 2 0 3 0 2 0 1 0
0 7 3 0 1 0 2 0 1
0 20 0 3 3 0 3 3 0 3 0 2 0 3 0 2 0 3 0 2 0 1
0 9 3 1 0 1 0 2 0 1 0
0 17 1 0 1 0 1 0 2 0 3 0 2 0 3 0 2 0 3
0 15 3 3 0 3 0 3 0 3 0 2 0 1 0 2 0
0 20 3 3 1 3 1 1 0 1 0 2 0 1 0 2 0 3 0 2 0 3
0 16 3 1 3 1 3 1 3 1 3 0 3 0 2 0 1 0
0 17 0 3 0 1 0 2 0 3 0 2 0 3 0 2 0 3 0
0 18 3 1 3 1 3 1 3 1 3 0 3 0 2 0 3 0 2 0
0 14 3 3 3 0 1 0 2 0 3 0 2 0 1 0
0 19 3 0 3 3 1 3 1 3 1 0 3 0 2 0 3 0 2 0 1
0 14 3 1 3 1 3 0 3 1 0 1 0 2 0 1
0 15 1 1 0 1 0 1 0 2 0 3 0 2 0 1 0
0 17 3 3 0 1 0 2 0 1 0 2 0 3 0 2 0 1 0
0 15 0 1 0 2 0 3 0 2 0 3 0 2 0 1 0
0 11 3 3 1 3 1 3 0 1 0 2 0
0 20 0 0 0 1 0 3 0 3 0 2 0 1 0 2 0 3 0 2 0 1
0 16 3 1 3 1 0 3 3 0 0 0 0 1 0 2 0 3
0 19 0 3 0 3 0 3 0 2 0 3 0 2 0 1 0 2 0 1 0
0 22 3 1 3 1 3 1 3 1 3 1 3 1 3 1 3 0 1 0 2 0 3 0
0 18 0 3 3 3 1 3 1 3 1 3 1 0 3 0 2 0 1 0
0 15 0 3 0 2 0 1 0 2 0 1 0 2 0 3 0
0 15 3 3 0 3 3 0 1 0 2 0 1 0 2 0 3
0 17 0 1 1 1 3 3 0 3 0 3 0 2 0 3 0 2 0
0 10 0 3 0 3 0 3 0 2 0 1
0 15 0 3 0 1 0 2 0 3 0 2 0 1 0 2 0
0 15 3 3 1 3 1 1 0 1 0 2 0 1 0 2 0
0 14 1 1 0 3 3 0 1 0 2 0 1 0 2 0
0 18 3 1 3 1 0 3 0 2 0 3 0 2 0 3 0 2 0 3
0 16 3 3 0 1 1 0 3 0 2 0 3 0 2 0 1 0
0 19 0 3 3 1 3 1 3 1 3 1 0 1 0 2 0 3 0 2 0
0 14 0 1 0 2 0 1 0 2 0 1 0 2 0 3
0 22 0 3 0 3 3 1 0 0 1 0 3 0 2 0 3 0 2 0 1 0 2 0
0 9 3 0 0 1 0 2 0 3 0
0 16 3 3 0 1 0 2 0 3 0 2 0 3 0 2 0 3
0 10 3 3 1 0 1 0 2 0 3 0
0 12 3 0 3 0 1 0 2 0 1 0 2 0
0 31 3 1 3 1 3 1 3 1 1 0 0 0 3 1 3 1 0 1 0 2 0 3 0 2 0 1 0 2 0 3 0
0 26 3 1 3 1 3 1 3 1 1 0 0 0 3 1 3 1 0 1 0 2 0 3 0 2 0 1
0 14 3 1 0 0 0 0 3 0 2 0 3 0 2 0
0 14 3 0 1 0 2 0 3 0 2 0 3 0 2 0
0 14 0 1 0 2 0 1 0 2 0 3 0 2 0 1
0 15 3 3 3 1 3 1 3 1 0 3 0 2 0 3 0
0 10 1 1 0 3 0 3 0 2 0 1
0 11 0 3 0 3 0 2 0 1 0 2 0
0 13 3 1 3 1 3 1 3 1 0 3 0 2 0
0 15 0 1 1 1 0 3 0 3 0 3 0 2 0 3 0
0 18 3 3 0 1 0 3 0 2 0 3 0 2 0 3 0 2 0 3
0 18 3 3 3 1 3 1 3 1 3 1 3 0 1 0 2 0 1 0
0 13 0 3 0 3 0 3 0 3 0 1 0 2 0
0 18 3 1 3 1 3 3 3 0 3 0 2 0 1 0 2 0 1 0
0 10 0 3 3 0 1 0 2 0 3 0
0 17 3 0 3 3 3 1 3 1 3 1 3 1 0 3 0 2 0
0 19 3 0 3 3 1 0 1 0 2 0 3 0 2 0 1 0 2 0 3
0 16 3 0 3 0 1 0 2 0 3 0 2 0 3 0 2 0
0 20 0 3 3 0 0 3 0 3 0 2 0 1 0 2 0 3 0 2 0 1
0 7 3 0 1 0 2 0 3
0 11 3 3 0 3 0 3 0 2 0 3 0
0 11 0 3 0 3 3 3 0 3 0 2 0
0 15 3 1 3 1 3 1 3 1 3 0 3 0 2 0 3
0 13 0 3 0 3 0 2 0 1 0 2 0 3 0
0 14 3 0 3 0 2 0 1 0 2 0 3 0 2 0
0 11 0 1 0 0 3 0 3 0 2 0 1
0 17 3 0 3 3 1 3 1 0 3 0 2 0 1 0 2 0 3
0 11 3 1 3 1 0 3 0 2 0 3 0
0 20 3 1 3 1 0 3 3 0 0 0 0 1 0 2 0 3 0 2 0 1
0 11 3 0 3 3 1 0 1 0 2 0 3
0 12 1 0 0 1 0 2 0 1 0 2 0 3
0 15 0 3 3 3 0 3 0 2 0 3 0 2 0 1 0
0 16 3 0 3 3 1 3 1 3 1 0 3 0 2 0 3 0
0 13 0 1 1 1 0 3 0 3 0 3 0 2 0
0 20 3 3 3 0 3 0 3 0 2 0 1 0 2 0 3 0 2 0 3 0
0 9 3 3 3 0 1 0 2 0 3
0 14 3 1 3 1 0 3 0 2 0 1 0 2 0 3
0 15 3 1 3 1 3 1 3 1 0 1 0 2 0 1 0
0 14 3 1 0 0 3 3 1 0 3 0 2 0 1 0
0 11 1 0 0 1 0 2 0 1 0 2 0
0 18 3 0 3 0 1 0 2 0 3 0 2 0 1 0 2 0 3 0
0 19 0 3 3 0 3 0 1 0 2 0 3 0 2 0 1 0 2 0 3
0 14 0 3 3 1 1 0 1 0 3 0 2 0 1 0
0 11 3 0 3 1 0 0 1 0 2 0 3
0 17 3 3 0 3 0 3 0 3 0 2 0 1 0 2 0 1 0
0 17 0 3 1 3 1 3 0 3 0 2 0 1 0 2 0 3 0
0 17 0 3 0 3 0 3 0 1 0 2 0 3 0 2 0 3 0
0 5 0 1 0 2 0
0 19 0 0 1 0 0 3 0 1 0 2 0 3 0 2 0 3 0 2 0
0 18 0 3 3 3 3 0 1 0 2 0 3 0 2 0 1 0 2 0
0 11 3 0 3 3 0 3 0 2 0 1 0
0 18 0 3 3 1 3 1 3 1 3 1 0 3 0 3 0 2 0 1
0 15 3 0 3 3 3 0 3 0 2 0 3 0 2 0 1
0 14 3 3 3 0 1 0 2 0 1 0 2 0 3 0
0 15 3 1 3 1 3 1 3 3 0 1 0 2 0 1 0
0 12 3 3 3 0 3 0 1 0 2 0 3 0
0 18 1 1 0 3 3 0 1 0 2 0 1 0 2 0 3 0 2 0
0 18 3 1 3 1 3 0 3 1 0 1 0 2 0 1 0 2 0 1
0 14 0 3 3 3 3 0 1 0 2 0 3 0 2 0
0 15 3 3 1 1 0 3 0 2 0 3 0 2 0 3 0
0 17 3 3 0 1 0 2 0 3 0 2 0 3 0 2 0 1 0
0 16 1 0 0 3 3 0 3 0 2 0 1 0 2 0 3 0
0 13 3 0 0 3 1 1 0 1 0 2 0 3 0
0 12 3 0 1 0 2 0 3 0 2 0 3 0
0 15 0 3 0 3 0 3 0 1 0 2 0 3 0 2 0
0 14 3 1 3 1 3 0 1 0 2 0 1 0 2 0
0 16 3 0 1 0 2 0 3 0 2 0 3 0 2 0 3 0
0 15 3 0 3 3 3 0 1 0 2 0 3 0 2 0 1
0 12 0 3 3 3 0 1 1 0 1 0 2 0
0 14 0 3 0 3 0 1 0 2 0 1 0 2 0 1
0 19 0 0 0 1 0 3 0 3 0 2 0 1 0 2 0 3 0 2 0
0 18 3 3 3 0 3 0 3 0 2 0 1 0 2 0 3 0 2 0
0 18 3 1 3 1 3 1 3 1 3 0 3 0 3 0 2 0 3 0
0 12 3 3 0 1 0 2 0 1 0 2 0 1
0 22 3 1 3 1 3 1 3 1 3 0 3 0 2 0 3 0 2 0 1 0 2 0
0 11 3 3 3 1 0 3 0 2 0 3 0
0 20 0 3 3 3 0 3 0 3 0 2 0 1 0 2 0 3 0 2 0 3
0 14 0 3 0 0 1 0 2 0 3 0 2 0 3 0
0 16 0 1 0 3 3 0 3 0 1 0 2 0 1 0 2 0
0 22 3 1 0 3 3 1 0 1 0 1 0 2 0 3 0 2 0 3 0 2 0 1
0 7 1 0 0 1 0 2 0
0 20 3 1 3 1 3 1 3 1 3 0 3 0 2 0 1 0 2 0 3 0
0 16 1 1 0 3 3 0 1 0 2 0 3 0 2 0 1 0
0 13 0 1 0 2 0 1 0 2 0 1 0 2 0
0 12 0 3 3 0 3 0 1 0 2 0 1 0
0 13 0 3 0 3 0 3 0 1 0 2 0 3 0
0 10 3 3 1 3 1 0 1 0 2 0
0 14 3 3 1 3 1 3 1 0 3 0 2 0 1 0
0 14 3 0 3 0 3 0 2 0 1 0 2 0 1 0
0 16 0 3 3 0 0 3 0 3 0 2 0 1 0 2 0 3
0 13 3 1 3 1 3 1 3 0 1 0 2 0 3
0 16 0 0 0 0 3 0 3 0 2 0 1 0 2 0 3 0
0 18 0 1 0 0 1 0 2 0 1 0 2 0 1 0 2 0 1 0
0 14 0 1 1 1 0 3 0 3 0 3 0 2 0 3
0 26 3 3 1 3 1 3 1 3 1 3 3 1 3 1 3 1 0 3 0 2 0 1 0 2 0 1
0 10 3 3 3 0 3 0 3 0 2 0
0 12 3 0 1 0 2 0 3 0 2 0 1 0
0 11 1 3 3 1 0 1 0 2 0 1 0
0 16 3 3 3 0 3 0 3 0 2 0 1 0 2 0 3 0
0 12 0 3 3 0 1 0 2 0 1 0 2 0
0 12 3 1 1 1 1 0 1 0 2 0 3 0
0 13 3 3 1 3 1 0 3 0 3 0 2 0 1
0 9 1 1 0 1 0 1 0 2 0
0 14 3 0 3 3 3 0 1 0 2 0 3 0 2 0
0 11 3 3 0 1 1 0 3 0 2 0 3
0 13 0 3 1 1 0 3 0 2 0 3 0 2 0
0 13 3 0 3 0 1 0 2 0 3 0 2 0 1
0 17 3 3 0 1 0 2 0 3 0 2 0 1 0 2 0 1 0
0 12 0 3 0 0 1 0 2 0 3 0 2 0
0 13 3 3 0 1 0 2 0 3 0 2 0 1 0
0 14 0 3 3 0 3 0 2 0 1 0 2 0 3 0
0 13 0 1 3 3 0 1 0 2 0 3 0 2 0
0 10 3 3 3 0 1 0 2 0 3 0
0 17 0 3 0 3 3 3 0 3 0 2 0 1 0 2 0 3 0
0 11 0 3 0 1 0 2 0 1 0 2 0
0 11 3 0 3 0 2 0 3 0 2 0 3
0 11 0 0 0 0 3 0 3 0 2 0 1
0 13 3 3 1 1 1 0 3 0 3 0 2 0 1
0 15 3 0 3 0 2 0 3 0 2 0 3 0 2 0 1
0 9 1 0 1 0 0 1 0 2 0
0 9 3 3 3 0 1 0 2 0 1
0 8 3 3 3 0 3 0 2 0
0 14 3 1 3 1 3 1 0 3 0 1 0 2 0 1
0 15 0 1 0 2 0 1 0 2 0 3 0 2 0 3 0
0 20 3 3 0 3 1 3 1 3 1 0 1 0 2 0 1 0 2 0 3 0
0 14 3 3 3 0 3 0 3 0 2 0 3 0 2 0
0 10 3 3 3 0 3 0 2 0 1 0
0 14 0 3 3 3 0 1 0 2 0 1 0 2 0 1
0 15 0 3 0 3 0 1 0 2 0 1 0 2 0 1 0
0 16 3 1 3 1 3 1 0 3 3 0 1 0 2 0 1 0
0 19 0 1 1 1 3 3 0 3 0 3 0 2 0 3 0 2 0 3 0
0 16 3 3 0 1 0 2 0 1 0 2 0 3 0 2 0 1
0 10 0 3 0 2 0 1 0 2 0 3
0 11 3 0 1 0 2 0 1 0 2 0 1
0 11 0 3 0 3 3 0 1 0 2 0 1
0 19 3 3 0 3 0 3 0 3 0 2 0 1 0 2 0 1 0 2 0
0 11 3 3 3 0 3 0 1 0 2 0 3
0 12 3 0 3 0 3 0 2 0 3 0 2 0
0 17 0 3 0 0 1 0 2 0 3 0 2 0 3 0 2 0 3
0 14 3 1 3 1 3 1 3 0 1 0 2 0 3 0
0 20 3 0 3 3 1 3 1 3 1 0 3 0 2 0 3 0 2 0 1 0
0 10 0 3 3 3 3 0 1 0 2 0
0 12 0 3 3 0 3 0 1 0 2 0 3 0
0 16 0 3 0 3 0 2 0 3 0 2 0 3 0 2 0 3
0 14 0 3 3 3 0 3 0 2 0 1 0 2 0 1
0 19 3 1 0 1 1 3 1 3 1 0 1 0 2 0 3 0 2 0 3
0 20 0 3 3 1 3 1 3 1 3 1 0 1 0 2 0 3 0 2 0 1
0 14 3 0 1 0 2 0 1 0 2 0 3 0 2 0
0 17 0 3 0 3 3 1 0 3 0 2 0 3 0 2 0 3 0
0 13 0 3 3 0 3 0 2 0 3 0 2 0 3
0 8 3 1 0 3 0 2 0 1
0 11 0 3 3 3 3 0 3 0 2 0 3
0 10 0 3 1 0 1 0 2 0 3 0
0 11 3 0 1 0 2 0 1 0 2 0 3
0 14 3 1 3 1 3 1 3 1 0 1 0 2 0 1
0 12 0 3 0 3 0 3 0 3 0 2 0 1
0 13 1 1 3 0 1 0 2 0 3 0 2 0 1
0 13 0 3 3 3 0 3 0 2 0 1 0 2 0
0 10 3 0 3 0 1 0 2 0 1 0
0 17 0 3 3 3 0 3 0 3 0 2 0 1 0 2 0 3 0
0 12 0 3 0 3 3 3 0 3 0 2 0 1
0 12 0 3 3 1 3 1 0 3 0 2 0 1
0 13 0 3 3 1 3 1 3 3 0 3 0 2 0
0 15 0 3 0 3 0 3 0 3 0 1 0 2 0 3 0
0 8 3 3 1 0 1 0 2 0
0 10 3 3 3 0 3 0 1 0 2 0
0 9 3 1 3 0 3 0 2 0 3
0 9 3 3 0 3 0 2 0 1 0
0 18 0 3 3 0 3 0 2 0 3 0 2 0 3 0 2 0 3 0
0 17 0 3 0 1 0 2 0 3 0 2 0 1 0 2 0 1 0
0 11 3 1 3 0 3 0 3 0 2 0 3
0 18 0 3 3 3 0 1 0 2 0 3 0 2 0 3 0 2 0 1
0 17 0 3 3 3 0 1 1 0 1 0 2 0 3 0 2 0 1
0 14 3 1 3 1 3 1 3 1 3 0 1 0 2 0
0 25 3 0 3 3 3 1 3 1 3 1 3 1 0 3 0 2 0 3 0 2 0 3 0 2 0
0 20 1 1 0 0 3 0 1 0 2 0 3 0 2 0 3 0 2 0 1 0
0 18 1 0 3 3 0 3 0 2 0 1 0 2 0 3 0 2 0 1
0 12 0 3 0 3 3 0 3 0 1 0 2 0
0 16 3 3 3 0 3 0 2 0 3 0 2 0 3 0 2 0
0 15 3 1 0 0 0 0 3 0 2 0 3 0 2 0 1
0 20 3 3 1 3 1 3 1 3 1 3 0 1 0 2 0 1 0 2 0 1
0 14 0 3 0 3 0 0 3 0 1 0 2 0 3 0
0 21 3 0 3 3 3 1 3 1 3 1 3 1 0 3 0 2 0 3 0 2 0
0 11 0 3 3 0 1 0 0 3 0 2 0
0 17 3 3 0 3 0 2 0 3 0 2 0 1 0 2 0 1 0
0 11 0 3 0 3 0 2 0 3 0 2 0
0 17 3 0 3 0 1 0 2 0 3 0 2 0 1 0 2 0 3
0 18 0 3 3 3 0 3 0 2 0 3 0 2 0 1 0 2 0 1
0 23 3 1 3 1 3 1 0 3 3 0 1 0 2 0 1 0 2 0 3 0 2 0 1
0 16 3 0 3 0 2 0 3 0 2 0 3 0 2 0 1 0
0 16 3 1 3 1 3 1 3 0 1 0 2 0 3 0 2 0
0 14 3 3 3 0 3 0 2 0 3 0 2 0 3 0
0 21 3 1 3 1 3 1 3 1 0 1 0 2 0 3 0 2 0 1 0 2 0
0 24 0 3 3 1 3 1 3 1 3 0 1 0 2 0 1 0 2 0 3 0 2 0 1 0
0 22 0 3 0 3 0 3 0 3 0 1 0 2 0 3 0 2 0 1 0 2 0 1
0 20 0 3 0 3 0 3 0 1 0 2 0 3 0 2 0 3 0 2 0 3
0 20 3 0 0 0 3 0 3 0 3 0 2 0 1 0 2 0 3 0 2 0
0 15 3 0 3 3 1 3 1 3 1 0 3 0 2 0 3
0 15 3 1 3 1 3 1 0 3 0 3 0 3 0 2 0
0 10 3 1 3 1 0 1 0 2 0 3
0 20 3 1 3 1 3 1 0 3 0 3 0 3 0 2 0 1 0 2 0 1
0 13 0 3 3 1 3 1 0 3 0 2 0 1 0
0 17 3 1 3 1 3 1 0 3 0 2 0 3 0 2 0 1 0
0 18 0 3 0 3 0 3 0 3 0 1 0 2 0 3 0 2 0 1
0 15 3 0 3 3 1 3 1 0 3 0 3 0 2 0 1
0 12 3 0 3 1 1 1 0 3 0 2 0 3
0 14 3 3 1 1 0 3 0 2 0 3 0 2 0 3
0 19 3 0 3 3 3 0 1 0 2 0 3 0 2 0 1 0 2 0 3
0 21 0 3 0 3 0 3 0 3 0 1 0 2 0 3 0 2 0 1 0 2 0
0 13 0 3 3 1 0 3 0 2 0 1 0 2 0
0 9 3 3 0 1 0 3 0 2 0
0 17 0 1 0 0 1 0 2 0 1 0 2 0 1 0 2 0 1
0 11 0 3 3 1 0 3 0 2 0 1 0
0 15 0 3 3 1 3 1 3 3 0 3 0 2 0 1 0
0 16 3 0 3 3 3 0 1 0 2 0 3 0 2 0 1 0
0 21 1 1 3 1 3 1 0 1 0 2 0 1 0 2 0 1 0 2 0 3 0
0 12 3 0 3 3 3 0 3 0 2 0 1 0
0 11 0 3 0 3 0 1 0 2 0 3 0
0 29 3 1 3 1 3 1 3 1 1 0 0 0 3 1 3 1 0 1 0 2 0 3 0 2 0 1 0 2 0
0 12 3 0 3 3 1 3 1 0 3 0 2 0
0 14 3 0 3 0 0 1 0 2 0 3 0 2 0 3
0 12 3 3 1 3 1 1 0 1 0 2 0 1
0 11 3 3 0 1 0 2 0 3 0 2 0
0 15 3 3 0 1 1 0 3 0 2 0 3 0 2 0 1
0 8 0 3 0 1 0 2 0 3
0 13 0 3 0 3 0 3 0 2 0 1 0 2 0
0 10 3 3 1 1 0 3 0 2 0 3
0 17 3 1 3 1 3 1 0 1 0 2 0 3 0 2 0 3 0
0 16 0 3 3 0 3 0 1 0 2 0 3 0 2 0 1 0
0 13 3 3 3 0 3 0 2 0 1 0 2 0 1
0 16 0 3 3 3 3 0 1 0 2 0 3 0 2 0 1 0
0 13 3 3 0 3 0 2 0 1 0 2 0 1 0
0 10 3 0 3 0 3 0 2 0 3 0
0 9 1 3 3 1 0 1 0 2 0
0 12 0 3 0 1 0 2 0 1 0 2 0 3
0 12 3 0 3 0 1 0 2 0 3 0 2 0
0 22 3 1 3 1 3 1 3 1 1 0 0 0 3 1 3 1 0 1 0 2 0 3
0 17 0 3 0 3 0 3 0 3 0 1 0 2 0 3 0 2 0
0 16 3 3 3 1 3 1 3 1 3 1 0 3 0 2 0 1
0 17 0 3 0 3 0 2 0 1 0 2 0 3 0 2 0 3 0
0 17 3 0 3 0 0 1 0 2 0 3 0 2 0 3 0 2 0
0 30 3 1 3 1 3 1 3 1 1 0 0 0 3 1 3 1 0 1 0 2 0 3 0 2 0 1 0 2 0 3
0 16 3 0 3 0 2 0 1 0 2 0 3 0 2 0 1 0
0 8 3 1 0 1 0 2 0 1
0 21 3 3 1 3 1 3 1 3 1 3 0 1 0 2 0 1 0 2 0 1 0
0 15 0 3 3 3 3 0 1 0 2 0 3 0 2 0 1
0 18 3 3 3 0 0 0 0 0 1 0 2 0 1 0 2 0 3 0
0 18 3 1 3 1 3 1 3 1 0 3 0 2 0 3 0 2 0 3
0 13 0 1 0 1 0 1 0 2 0 1 0 2 0
0 11 3 3 0 3 0 3 0 3 0 2 0
0 10 3 1 1 1 1 0 1 0 2 0
0 19 0 3 0 3 0 1 0 2 0 3 0 2 0 3 0 2 0 1 0
0 11 0 1 0 2 0 3 0 2 0 1 0
0 16 1 1 3 1 3 1 0 1 0 2 0 1 0 2 0 1
0 8 1 1 3 0 1 0 2 0
0 18 0 3 0 3 0 3 0 2 0 3 0 2 0 1 0 2 0 1
0 19 1 1 0 3 0 3 0 2 0 1 0 2 0 1 0 2 0 3 0
0 25 3 3 3 1 3 1 3 1 3 1 0 1 0 2 0 3 0 2 0 3 0 2 0 1 0
0 26 3 0 3 3 1 3 1 3 1 3 1 3 0 1 0 2 0 1 0 2 0 1 0 2 0 1
0 12 3 0 3 3 1 0 1 0 2 0 3 0
0 12 3 1 3 1 3 3 3 0 3 0 2 0
0 10 3 1 3 1 3 0 1 0 2 0
0 22 0 3 0 3 0 0 3 0 1 0 2 0 3 0 2 0 1 0 2 0 3 0
0 20 3 3 3 0 0 0 0 0 1 0 2 0 1 0 2 0 3 0 2 0
0 12 3 0 3 3 3 0 3 0 2 0 3 0
0 17 3 3 3 0 0 0 0 0 1 0 2 0 1 0 2 0 3
0 23 0 3 3 1 3 1 3 1 3 1 0 3 0 3 0 2 0 1 0 2 0 1 0
0 22 3 3 1 1 1 0 3 0 3 0 2 0 1 0 2 0 1 0 2 0 3 0
0 19 0 3 3 3 0 3 0 3 0 2 0 1 0 2 0 3 0 2 0
0 14 0 1 0 0 3 0 1 0 2 0 1 0 2 0
0 13 0 3 3 0 3 0 2 0 1 0 2 0 3
0 13 3 0 3 0 1 0 2 0 3 0 2 0 3
0 15 3 1 3 1 3 1 0 3 0 2 0 3 0 2 0
0 16 0 3 0 3 0 0 3 0 1 0 2 0 3 0 2 0
0 16 0 3 1 3 1 3 0 3 0 2 0 1 0 2 0 3
0 10 3 0 3 0 0 1 0 2 0 3
0 15 0 3 0 2 0 3 0 2 0 3 0 2 0 1 0
0 9 3 3 0 0 0 1 0 2 0
0 12 0 3 3 0 3 3 0 1 0 2 0 1
0 15 1 1 0 3 0 3 0 2 0 1 0 2 0 1 0
0 9 3 3 1 1 0 3 0 2 0
0 16 3 1 3 1 3 1 0 3 0 2 0 3 0 2 0 1
0 16 3 3 0 3 1 3 1 3 1 0 1 0 2 0 1 0
0 15 0 3 0 2 0 3 0 2 0 3 0 2 0 3 0
0 18 3 1 3 1 3 1 0 3 3 0 1 0 2 0 1 0 2 0
0 11 0 0 0 1 0 3 0 3 0 2 0
0 13 1 1 0 1 0 1 0 2 0 3 0 2 0
0 20 0 3 3 3 3 0 1 0 2 0 3 0 2 0 1 0 2 0 3 0
0 16 3 0 3 3 1 0 1 0 2 0 3 0 2 0 1 0
0 11 3 1 0 0 3 3 0 1 0 2 0
0 13 1 0 0 0 1 3 3 0 3 0 2 0 3
0 11 3 0 3 3 3 0 3 0 2 0 1
0 16 3 1 3 1 3 1 0 3 1 1 0 0 1 0 2 0
0 14 3 0 3 3 0 3 0 2 0 3 0 2 0 3
0 18 3 3 1 1 1 0 3 0 3 0 2 0 1 0 2 0 1 0
0 12 3 3 0 3 0 3 0 3 0 2 0 1
0 25 3 3 1 3 1 3 1 3 1 3 3 1 3 1 3 1 0 3 0 2 0 1 0 2 0
0 10 1 3 3 1 0 1 0 2 0 1
0 10 0 3 3 0 3 0 2 0 3 0
0 13 3 3 0 3 0 2 0 3 0 2 0 3 0
0 17 3 0 3 3 1 3 1 3 1 3 1 3 0 1 0 2 0
0 16 3 0 3 0 2 0 1 0 2 0 1 0 2 0 1 0
0 6 0 0 3 0 2 0
0 9 0 3 0 0 1 0 2 0 3
0 9 0 1 0 2 0 1 0 2 0
0 19 3 0 3 0 3 0 1 0 2 0 3 0 2 0 1 0 2 0 1
0 15 3 1 3 1 3 1 3 1 1 1 0 3 0 2 0
0 9 3 0 3 0 1 0 2 0 1
0 18 0 1 0 0 3 0 1 0 2 0 1 0 2 0 3 0 2 0
0 11 3 0 0 3 1 1 0 1 0 2 0
0 17 0 3 3 3 0 3 0 2 0 3 0 2 0 1 0 2 0
0 21 0 3 0 3 3 1 0 3 0 2 0 3 0 2 0 3 0 2 0 3 0
0 17 0 3 0 3 0 2 0 3 0 2 0 1 0 2 0 3 0
0 8 3 0 3 0 3 0 2 0
0 13 0 3 3 1 0 1 0 2 0 3 0 2 0
0 10 3 3 0 3 3 0 3 0 2 0
0 16 3 0 3 0 1 0 2 0 3 0 2 0 1 0 2 0
0 12 1 0 0 0 3 3 0 1 0 2 0 1
0 14 3 3 3 1 3 1 3 1 0 3 0 2 0 3
0 7 3 0 3 0 2 0 1
0 9 3 0 3 0 3 0 2 0 1
0 16 3 3 3 1 3 1 3 1 3 1 3 0 1 0 2 0
0 16 0 3 0 3 0 2 0 1 0 2 0 3 0 2 0 3
0 19 3 1 1 1 1 0 1 0 2 0 3 0 2 0 1 0 2 0 1
0 27 3 1 3 1 3 1 3 1 1 0 0 0 3 1 3 1 0 1 0 2 0 3 0 2 0 1 0
0 15 0 3 3 0 0 3 0 3 0 2 0 1 0 2 0
0 15 3 3 0 3 0 1 0 2 0 3 0 2 0 3 0
0 15 3 0 1 0 2 0 1 0 2 0 3 0 2 0 1
0 13 3 3 3 0 1 0 2 0 1 0 2 0 1
0 20 0 3 3 1 3 1 3 1 3 0 1 0 2 0 1 0 2 0 3 0
0 11 0 3 0 3 1 0 3 0 2 0 3
0 11 3 3 3 0 3 0 3 0 2 0 1
0 20 3 1 1 1 1 0 1 0 2 0 3 0 2 0 1 0 2 0 1 0
0 14 3 1 3 3 0 3 0 2 0 3 0 2 0 1
0 21 0 3 0 3 0 0 3 0 1 0 2 0 3 0 2 0 1 0 2 0 3
0 20 0 3 3 1 1 0 1 0 3 0 2 0 1 0 2 0 1 0 2 0
0 11 3 1 1 1 1 0 1 0 2 0 3
0 17 3 0 3 0 1 0 2 0 3 0 2 0 3 0 2 0 3
0 8 0 1 0 0 1 0 2 0
0 16 3 1 3 3 3 0 3 0 2 0 3 0 2 0 3 0
0 14 1 1 3 0 1 0 2 0 3 0 2 0 1 0
0 9 0 3 3 0 1 0 2 0 1
0 14 0 3 0 2 0 1 0 2 0 3 0 2 0 3
0 13 3 3 0 3 0 3 0 3 0 2 0 1 0
0 22 3 3 3 1 3 1 3 1 0 3 0 2 0 3 0 2 0 1 0 2 0 3
0 13 0 3 3 1 1 0 1 0 3 0 2 0 1
0 11 1 0 0 0 3 3 0 1 0 2 0
0 19 3 3 0 3 1 3 1 3 1 0 1 0 2 0 1 0 2 0 3
0 19 0 3 3 3 0 3 0 2 0 3 0 2 0 1 0 2 0 1 0
0 14 0 3 3 0 1 0 2 0 1 0 2 0 3 0
0 16 3 1 0 1 0 2 0 1 0 2 0 3 0 2 0 3
0 11 3 0 3 0 2 0 1 0 2 0 1
0 20 3 1 3 1 3 1 0 3 3 0 1 0 2 0 1 0 2 0 3 0
0 16 0 3 0 3 1 0 3 0 2 0 3 0 2 0 3 0
0 12 0 0 1 0 0 3 0 1 0 2 0 3
0 14 0 3 3 3 0 1 0 2 0 3 0 2 0 3
0 21 3 1 3 1 3 1 3 1 3 1 3 1 3 1 3 0 1 0 2 0 3
0 14 3 0 3 3 3 0 3 0 2 0 3 0 2 0
0 17 0 3 3 1 3 1 3 1 3 1 0 1 0 2 0 3 0
0 11 3 0 1 0 2 0 3 0 2 0 3
0 12 0 1 0 0 3 0 1 0 2 0 1 0
0 14 3 0 3 3 1 3 1 0 3 0 3 0 2 0
0 7 3 0 0 1 0 2 0
0 15 1 3 3 1 0 1 0 2 0 1 0 2 0 1 0
0 23 3 1 3 1 3 1 3 1 1 0 0 0 3 1 3 1 0 1 0 2 0 3 0
0 20 3 0 3 3 1 3 1 0 3 0 3 0 2 0 1 0 2 0 3 0
0 9 3 3 3 3 0 3 0 2 0
0 16 0 0 1 0 0 3 0 1 0 2 0 3 0 2 0 3
0 14 0 0 0 0 3 0 3 0 2 0 1 0 2 0
0 23 3 1 3 1 0 3 3 0 0 0 0 1 0 2 0 3 0 2 0 1 0 2 0
0 17 0 3 3 3 0 1 0 2 0 3 0 2 0 3 0 2 0
0 17 0 3 0 3 0 1 0 2 0 1 0 2 0 1 0 2 0
0 17 3 3 0 1 0 3 0 2 0 3 0 2 0 3 0 2 0
0 16 3 0 0 0 3 0 3 0 3 0 2 0 1 0 2 0
0 16 3 3 0 3 3 0 1 0 2 0 1 0 2 0 3 0
0 14 1 1 0 0 3 0 1 0 2 0 3 0 2 0
0 11 1 1 0 3 0 3 0 2 0 1 0
0 24 0 3 0 3 3 1 0 0 1 0 3 0 2 0 3 0 2 0 1 0 2 0 3 0
0 15 0 3 3 0 3 3 0 3 0 2 0 3 0 2 0
0 14 3 1 0 1 1 3 1 3 1 0 1 0 2 0
0 21 3 1 3 1 3 1 3 1 3 0 3 0 3 0 2 0 3 0 2 0 1
0 6 0 3 0 2 0 3
0 10 0 1 0 2 0 1 0 2 0 3
0 8 3 3 0 3 0 2 0 1
0 9 0 3 0 1 0 2 0 3 0
0 9 3 0 3 0 3 0 2 0 3
0 13 0 3 3 0 1 0 2 0 3 0 2 0 1
0 12 0 3 1 3 1 3 0 3 0 2 0 1
0 17 0 0 1 0 0 3 0 1 0 2 0 3 0 2 0 3 0
0 15 3 3 3 1 3 1 3 1 3 1 0 1 0 2 0
0 14 3 3 1 3 1 0 3 0 3 0 2 0 1 0
0 13 3 0 0 1 0 2 0 3 0 2 0 1 0
0 14 3 0 3 0 1 0 2 0 1 0 2 0 1 0
0 18 0 3 0 3 0 1 0 2 0 1 0 2 0 1 0 2 0 1
0 18 3 3 3 1 3 1 3 1 0 3 0 2 0 3 0 2 0 1
0 9 1 0 1 0 1 0 2 0 3
0 19 3 0 3 3 1 3 1 0 3 0 3 0 2 0 1 0 2 0 3
0 15 0 3 0 3 0 2 0 1 0 2 0 3 0 2 0
0 27 3 0 3 3 3 1 3 1 3 1 3 1 0 3 0 2 0 3 0 2 0 3 0 2 0 3 0
0 10 0 3 1 1 0 3 0 2 0 3
0 15 0 3 0 2 0 3 0 2 0 1 0 2 0 1 0
0 13 3 1 3 1 3 1 0 1 0 2 0 3 0
0 12 3 3 0 1 0 2 0 3 0 2 0 3
0 14 0 3 0 3 3 1 0 0 1 0 3 0 2 0
0 14 3 3 3 0 0 0 0 0 1 0 2 0 1 0
0 13 3 1 3 1 3 3 3 0 3 0 2 0 1
0 15 3 1 3 1 3 0 1 0 2 0 1 0 2 0 1
0 14 1 1 0 3 3 0 1 0 2 0 3 0 2 0
0 10 0 3 0 2 0 3 0 2 0 3
0 13 0 3 0 1 0 2 0 1 0 2 0 3 0
0 10 3 1 3 1 0 3 0 2 0 3
0 20 3 1 3 1 3 1 3 1 3 0 3 0 3 0 2 0 3 0 2 0
0 15 3 0 3 0 3 0 1 0 2 0 3 0 2 0 1
0 19 0 1 0 0 3 0 1 0 2 0 1 0 2 0 3 0 2 0 1
0 15 0 3 3 3 0 1 0 2 0 1 0 2 0 1 0
0 15 3 1 3 1 3 1 3 1 3 0 3 0 2 0 1
0 10 0 3 3 3 0 3 0 2 0 1
0 11 3 0 3 0 3 0 1 0 2 0 3
0 30 3 1 3 1 3 1 3 1 3 1 3 1 3 1 3 0 1 0 2 0 3 0 2 0 3 0 2 0 1 0
0 16 3 1 0 1 1 3 1 3 1 0 1 0 2 0 3 0
0 21 3 3 3 0 0 0 0 0 1 0 2 0 1 0 2 0 3 0 2 0 1
0 14 3 1 3 3 3 0 3 0 2 0 3 0 2 0
0 13 0 0 1 0 0 3 0 1 0 2 0 3 0
0 14 0 3 3 3 0 3 0 2 0 3 0 2 0 1
0 15 0 3 3 3 3 0 3 0 2 0 3 0 2 0 1
0 13 3 0 3 0 1 0 2 0 1 0 2 0 1
0 14 3 1 3 1 3 1 0 3 3 0 1 0 2 0
0 16 3 3 1 3 1 1 0 1 0 2 0 1 0 2 0 3
0 13 3 1 3 1 0 3 0 2 0 3 0 2 0
0 21 0 0 1 0 0 3 0 1 0 2 0 3 0 2 0 3 0 2 0 3 0
0 13 0 3 0 3 0 3 0 3 0 2 0 1 0
0 14 3 3 3 1 0 3 0 2 0 3 0 2 0 1
0 10 3 1 3 0 3 0 2 0 3 0
0 15 0 1 1 1 3 3 0 3 0 3 0 2 0 3 0
0 20 0 3 0 3 3 1 0 0 1 0 3 0 2 0 3 0 2 0 1 0
0 17 3 1 0 1 0 2 0 1 0 2 0 3 0 2 0 3 0
0 14 3 3 3 0 1 0 2 0 1 0 2 0 1 0
0 18 1 0 1 0 1 0 2 0 3 0 2 0 3 0 2 0 3 0
0 16 0 3 3 3 0 1 1 0 1 0 2 0 3 0 2 0
0 13 0 3 0 3 0 0 3 0 1 0 2 0 3
0 15 3 3 3 0 3 0 3 0 2 0 3 0 2 0 3
0 23 3 3 3 1 3 1 3 1 3 1 0 1 0 2 0 3 0 2 0 3 0 2 0
0 8 3 3 0 1 0 2 0 3
0 22 3 3 1 3 1 3 1 3 1 3 3 1 3 1 3 1 0 3 0 2 0 1
0 7 3 3 0 3 0 2 0
0 10 3 1 0 0 0 0 3 0 2 0
0 14 3 0 1 0 2 0 1 0 2 0 1 0 2 0
0 19 3 0 3 3 1 3 1 3 1 3 1 3 0 1 0 2 0 1 0
0 14 0 3 3 0 3 0 1 0 2 0 3 0 2 0
0 10 3 1 3 1 0 3 0 2 0 1
0 18 3 3 1 3 1 0 3 0 3 0 2 0 1 0 2 0 3 0
0 14 0 1 3 3 0 1 0 2 0 3 0 2 0 3
0 7 0 3 0 3 0 2 0
0 19 1 1 0 3 3 0 1 0 2 0 1 0 2 0 3 0 2 0 1
0 17 3 3 0 1 0 2 0 3 0 2 0 3 0 2 0 3 0
0 13 0 1 0 3 3 0 3 0 1 0 2 0 1
0 9 0 3 0 1 0 2 0 1 0
0 19 0 3 0 3 0 1 0 2 0 1 0 2 0 1 0 2 0 1 0
0 13 1 0 0 0 3 3 0 1 0 2 0 1 0
0 11 0 3 0 3 0 1 0 2 0 1 0
0 17 3 1 3 1 3 1 3 0 1 0 2 0 3 0 2 0 3
0 23 3 1 3 1 3 1 3 1 0 1 0 2 0 3 0 2 0 1 0 2 0 3 0
0 14 0 1 0 2 0 3 0 2 0 3 0 2 0 1
0 9 3 1 3 3 0 3 0 2 0
0 18 3 0 3 0 0 1 0 2 0 3 0 2 0 3 0 2 0 3
0 18 3 3 3 1 0 3 0 2 0 3 0 2 0 1 0 2 0 1
0 12 3 3 3 0 3 0 3 0 2 0 3 0
0 16 0 3 3 1 3 1 3 1 3 1 0 1 0 2 0 3
0 18 3 3 0 3 1 3 1 3 1 0 1 0 2 0 1 0 2 0
0 13 0 3 0 3 0 2 0 3 0 2 0 3 0
0 9 3 3 3 3 0 1 0 2 0
0 18 0 1 1 1 3 3 0 3 0 3 0 2 0 3 0 2 0 3
0 19 0 3 0 3 0 1 0 2 0 1 0 2 0 1 0 2 0 3 0
0 10 0 3 3 0 1 0 2 0 1 0
0 11 0 3 0 2 0 1 0 2 0 3 0
0 12 3 3 3 0 1 0 2 0 1 0 2 0
0 15 3 1 0 1 1 3 1 3 1 0 1 0 2 0 3
0 13 0 3 3 0 1 0 2 0 1 0 2 0 3
0 11 0 3 3 3 3 0 1 0 2 0 3
0 19 3 1 3 1 3 1 3 1 3 0 3 0 2 0 1 0 2 0 3
0 18 0 3 3 3 0 1 0 2 0 1 0 2 0 1 0 2 0 1
0 8 0 3 3 0 1 0 2 0
0 10 3 3 0 1 0 3 0 2 0 3
0 12 0 3 0 3 3 0 1 0 2 0 3 0
0 11 3 1 3 0 3 3 0 1 0 2 0
0 25 0 3 3 3 1 3 1 3 1 3 1 0 3 0 2 0 1 0 2 0 3 0 2 0 1
0 15 3 0 3 0 2 0 1 0 2 0 3 0 2 0 3
0 14 3 3 0 3 1 3 1 3 1 0 1 0 2 0
0 13 3 1 3 3 0 3 0 2 0 3 0 2 0
0 18 3 0 3 3 3 0 1 0 2 0 3 0 2 0 1 0 2 0
0 16 3 1 3 1 3 1 3 0 3 0 2 0 1 0 2 0
0 12 3 1 3 1 3 1 3 0 3 0 2 0
0 16 3 1 0 0 3 3 0 1 0 2 0 1 0 2 0 1
0 12 0 1 0 0 0 3 3 0 3 0 2 0
0 15 3 1 3 0 3 0 3 0 2 0 3 0 2 0 3
0 15 0 1 0 1 0 1 0 2 0 1 0 2 0 1 0
0 12 1 1 0 0 3 0 1 0 2 0 3 0
0 18 0 1 0 3 3 0 3 0 1 0 2 0 1 0 2 0 1 0
0 9 3 3 0 0 1 0 2 0 3
0 17 1 0 3 3 0 3 0 2 0 1 0 2 0 3 0 2 0
0 9 0 3 0 3 0 1 0 2 0
0 7 3 3 0 1 0 2 0
0 17 3 1 3 1 3 0 3 1 0 1 0 2 0 1 0 2 0
0 9 1 0 0 1 0 2 0 1 0
0 13 3 3 0 1 0 2 0 1 0 2 0 1 0
0 7 0 3 0 2 0 1 0
0 12 0 3 3 0 1 0 0 3 0 2 0 1
0 16 3 3 3 0 3 0 3 0 2 0 3 0 2 0 3 0
0 19 3 3 3 1 0 3 0 2 0 3 0 2 0 1 0 2 0 1 0
0 15 0 0 1 3 0 1 0 2 0 3 0 2 0 1 0
0 15 0 3 3 3 3 0 3 0 2 0 3 0 2 0 3
0 12 0 3 0 3 0 2 0 1 0 2 0 3
0 16 0 3 3 1 3 1 3 1 3 0 1 0 2 0 3 0
0 21 3 3 0 3 0 3 0 3 0 2 0 1 0 2 0 1 0 2 0 3 0
0 17 0 3 0 3 0 1 0 2 0 3 0 2 0 3 0 2 0
0 19 0 0 0 0 3 0 3 0 2 0 1 0 2 0 3 0 2 0 3
0 12 3 3 3 0 3 0 2 0 1 0 2 0
0 12 3 3 1 1 1 0 3 0 3 0 2 0
0 9 0 3 1 0 1 0 2 0 3
0 19 3 3 3 0 3 0 3 0 2 0 1 0 2 0 3 0 2 0 3
0 11 0 1 0 0 3 0 1 0 2 0 1
0 20 0 3 3 3 1 3 1 3 1 3 1 0 3 0 2 0 1 0 2 0
0 15 3 0 3 0 2 0 3 0 2 0 1 0 2 0 1
0 10 0 3 0 3 0 1 0 2 0 1
0 14 0 3 0 3 0 3 0 2 0 3 0 2 0 1
0 10 0 1 0 1 0 1 0 2 0 1
0 15 3 1 3 1 3 1 0 3 0 1 0 2 0 1 0
0 16 3 1 3 0 3 0 3 0 2 0 3 0 2 0 3 0
0 18 3 0 3 3 3 1 3 1 3 1 3 1 0 3 0 2 0 3
0 19 0 3 0 3 0 3 0 1 0 2 0 3 0 2 0 3 0 2 0
0 10 0 3 3 0 3 0 2 0 1 0
0 9 0 0 1 3 0 1 0 2 0
0 19 0 3 0 3 3 1 0 3 0 2 0 3 0 2 0 3 0 2 0
0 13 3 0 3 0 0 1 0 2 0 3 0 2 0
0 18 0 3 0 3 0 1 0 2 0 3 0 2 0 3 0 2 0 1
0 20 3 1 3 1 3 1 3 1 3 0 3 0 2 0 3 0 2 0 1 0
0 12 3 3 0 3 0 2 0 3 0 2 0 1
0 13 3 3 3 3 0 1 0 2 0 3 0 2 0
0 12 0 3 3 3 3 0 3 0 2 0 3 0
0 13 3 1 0 3 3 1 0 1 0 1 0 2 0
0 15 1 0 0 1 0 2 0 1 0 2 0 3 0 2 0
0 15 3 1 3 1 0 3 0 2 0 3 0 2 0 3 0
0 12 3 1 3 1 3 0 1 0 2 0 1 0
0 16 3 0 1 0 2 0 1 0 2 0 1 0 2 0 3 0
0 19 1 1 0 0 3 0 1 0 2 0 3 0 2 0 3 0 2 0 1
0 12 3 3 3 0 3 0 2 0 3 0 2 0
0 11 0 1 0 2 0 1 0 2 0 1 0
0 7 0 0 0 3 0 2 0
0 13 3 3 3 0 1 0 2 0 1 0 2 0 3
0 15 3 1 3 1 3 1 0 3 3 3 0 3 0 2 0
0 17 3 1 3 1 3 1 3 1 0 3 0 2 0 3 0 2 0
0 11 3 3 0 3 0 2 0 3 0 2 0
0 9 3 3 3 0 3 0 2 0 3
0 13 0 1 0 2 0 3 0 2 0 3 0 2 0
0 9 1 0 3 0 3 0 2 0 3
0 12 3 1 0 0 3 3 1 0 3 0 2 0
0 7 0 1 0 2 0 1 0
0 12 3 3 0 3 3 0 3 0 2 0 3 0
0 11 0 3 3 3 0 3 0 2 0 3 0
0 13 0 3 3 0 3 3 0 1 0 2 0 1 0
0 23 3 1 0 3 3 1 0 1 0 1 0 2 0 3 0 2 0 3 0 2 0 1 0
0 17 3 3 3 0 1 0 2 0 3 0 2 0 1 0 2 0 1
0 22 3 0 0 0 3 0 3 0 3 0 2 0 1 0 2 0 3 0 2 0 3 0
0 13 3 3 1 1 0 3 0 2 0 3 0 2 0
0 12 3 1 3 1 3 1 0 3 0 2 0 3
0 12 3 0 3 3 3 0 1 0 2 0 3 0
0 14 3 0 3 3 1 0 3 0 1 0 2 0 3 0
0 10 3 3 3 3 0 3 0 2 0 3
0 14 3 0 3 0 3 0 2 0 3 0 2 0 1 0
0 14 3 0 3 3 0 3 0 2 0 1 0 2 0 1
0 10 3 0 3 0 3 0 1 0 2 0
0 8 3 0 3 0 1 0 2 0
0 8 0 0 0 3 0 2 0 3
0 14 0 1 0 3 3 0 3 0 1 0 2 0 1 0
0 14 1 0 1 0 1 0 2 0 3 0 2 0 3 0
0 12 3 3 0 1 0 2 0 1 0 2 0 3
0 11 0 3 0 2 0 3 0 2 0 1 0
0 13 3 0 3 3 0 1 0 2 0 3 0 2 0
0 9 0 3 3 0 3 0 2 0 1
0 13 0 3 0 3 3 3 0 3 0 2 0 1 0
0 14 1 0 0 0 1 3 3 0 3 0 2 0 3 0
0 16 3 1 3 1 3 1 0 3 0 3 0 3 0 2 0 1
0 17 0 0 0 1 0 3 0 3 0 2 0 1 0 2 0 3 0
0 20 0 0 1 0 0 3 0 1 0 2 0 3 0 2 0 3 0 2 0 3
0 17 0 3 3 0 1 0 2 0 3 0 2 0 3 0 2 0 1
0 15 0 3 0 3 0 3 0 2 0 1 0 2 0 3 0
0 11 3 3 3 1 0 1 0 2 0 3 0
0 15 1 0 3 3 0 3 0 2 0 1 0 2 0 3 0
0 12 0 1 0 0 3 0 3 0 2 0 1 0
0 9 3 3 0 3 0 3 0 2 0
0 22 3 0 3 3 3 1 3 1 3 1 3 1 0 3 0 2 0 3 0 2 0 3
0 9 3 3 3 0 3 0 2 0 1
0 11 0 3 0 1 0 2 0 3 0 2 0
0 16 3 0 3 0 1 0 2 0 1 0 2 0 1 0 2 0
0 19 3 3 0 1 1 0 3 0 2 0 3 0 2 0 1 0 2 0 3
0 10 1 1 0 3 3 0 1 0 2 0
0 16 3 1 3 1 0 3 3 0 3 0 2 0 3 0 2 0
0 12 1 0 0 0 1 3 3 0 3 0 2 0
0 17 0 3 3 0 3 3 0 3 0 2 0 3 0 2 0 3 0
0 12 3 1 3 0 3 3 0 1 0 2 0 3
0 12 0 3 0 3 1 0 3 0 2 0 3 0
0 14 3 1 3 1 0 3 0 2 0 3 0 2 0 3
0 15 0 3 0 3 3 1 0 0 1 0 3 0 2 0 3
0 17 3 1 3 1 3 1 3 1 1 1 0 3 0 2 0 1 0
0 22 0 3 3 1 3 1 3 1 3 0 1 0 2 0 1 0 2 0 3 0 2 0
0 10 3 3 0 1 1 0 3 0 2 0
0 14 3 1 3 1 3 1 3 1 0 1 0 2 0 3
0 23 3 0 3 3 1 3 1 3 1 3 1 3 0 1 0 2 0 1 0 2 0 1 0
0 10 0 3 0 3 0 1 0 2 0 3
0 23 3 1 3 1 3 1 3 1 3 0 3 0 2 0 1 0 2 0 3 0 2 0 1
0 17 0 3 3 0 3 0 2 0 3 0 2 0 3 0 2 0 3
0 22 0 3 3 3 1 3 1 3 1 3 1 0 3 0 2 0 1 0 2 0 3 0
0 14 3 0 3 3 0 1 0 2 0 3 0 2 0 1
0 14 3 1 3 1 3 1 3 1 0 3 0 2 0 3
0 10 3 0 1 0 2 0 3 0 2 0
0 22 3 3 3 0 0 0 0 0 1 0 2 0 1 0 2 0 3 0 2 0 1 0
0 21 0 3 3 3 0 3 0 3 0 2 0 1 0 2 0 3 0 2 0 1 0
0 14 0 3 0 3 1 0 3 0 2 0 3 0 2 0
0 19 0 3 3 3 0 1 0 2 0 3 0 2 0 1 0 2 0 3 0
0 10 3 3 0 0 0 1 0 2 0 3
0 19 0 3 0 3 0 3 0 2 0 1 0 2 0 3 0 2 0 1 0
0 25 3 0 3 3 1 3 1 3 1 3 1 3 0 1 0 2 0 1 0 2 0 1 0 2 0
0 11 3 0 3 0 3 3 0 3 0 2 0
0 10 1 1 0 0 3 0 1 0 2 0
0 17 0 3 0 3 0 3 0 2 0 3 0 2 0 1 0 2 0
0 8 3 3 0 0 1 0 2 0
0 11 1 1 0 3 3 0 1 0 2 0 1
0 22 3 1 3 1 3 1 3 1 3 0 3 0 3 0 2 0 3 0 2 0 1 0
0 21 0 3 3 0 0 3 0 3 0 2 0 1 0 2 0 3 0 2 0 1 0
0 16 0 3 3 1 3 1 3 1 3 0 1 0 2 0 1 0
0 13 3 0 3 1 1 1 0 3 0 2 0 3 0
0 17 0 3 3 3 0 1 0 2 0 3 0 2 0 1 0 2 0
0 11 3 1 3 3 0 3 0 2 0 3 0
0 16 0 3 3 0 3 0 2 0 1 0 2 0 3 0 2 0
0 12 1 0 1 0 1 0 2 0 3 0 2 0
0 12 3 1 3 0 3 0 3 0 2 0 3 0
0 9 3 1 0 3 0 2 0 3 0
0 12 0 0 0 0 3 0 3 0 2 0 1 0
0 15 3 1 3 3 0 3 0 2 0 3 0 2 0 1 0
0 14 0 3 0 3 0 3 0 2 0 1 0 2 0 3
0 11 3 0 3 3 0 3 0 2 0 3 0
0 15 3 3 0 3 0 2 0 1 0 2 0 3 0 2 0
0 15 0 3 3 1 3 1 3 1 3 1 0 1 0 2 0
0 21 0 0 0 1 0 3 0 3 0 2 0 1 0 2 0 3 0 2 0 1 0
0 18 3 3 3 0 1 0 2 0 3 0 2 0 1 0 2 0 1 0
0 13 3 0 3 0 3 3 0 3 0 2 0 1 0
0 20 0 3 3 3 3 0 3 0 2 0 3 0 2 0 1 0 2 0 3 0
0 13 0 0 0 1 0 3 0 3 0 2 0 1 0
0 13 3 3 0 3 0 3 0 2 0 3 0 2 0
0 16 0 3 0 3 0 3 0 1 0 2 0 3 0 2 0 3
0 15 3 3 0 3 0 2 0 3 0 2 0 1 0 2 0
0 15 3 3 3 1 3 1 3 1 3 1 0 3 0 2 0
0 19 0 3 0 3 3 1 0 0 1 0 3 0 2 0 3 0 2 0 1
0 12 0 3 3 0 3 3 0 3 0 2 0 3
0 10 0 1 3 3 0 1 0 2 0 3
0 10 0 3 0 2 0 1 0 2 0 1
0 12 3 3 0 1 1 0 3 0 2 0 3 0
0 19 3 0 3 0 0 1 0 2 0 3 0 2 0 3 0 2 0 3 0
0 15 0 3 0 3 0 1 0 2 0 3 0 2 0 3 0
0 11 0 3 3 3 0 3 0 3 0 2 0
0 13 3 3 1 3 1 3 1 0 3 0 2 0 1
0 16 3 3 1 1 1 0 3 0 3 0 2 0 1 0 2 0
0 16 3 3 0 3 0 2 0 1 0 2 0 3 0 2 0 3
0 8 1 0 3 0 3 0 2 0
0 10 3 3 0 3 0 3 0 2 0 3
0 15 0 3 3 3 0 3 0 2 0 1 0 2 0 1 0
0 18 0 3 3 0 1 0 2 0 1 0 2 0 3 0 2 0 1 0
0 19 3 1 3 1 3 1 0 3 0 1 0 2 0 1 0 2 0 3 0
0 18 3 1 0 3 3 1 0 1 0 1 0 2 0 3 0 2 0 3
0 22 0 3 3 1 3 1 3 1 3 1 0 3 0 3 0 2 0 1 0 2 0 1
0 13 3 0 0 0 3 0 3 0 3 0 2 0 1
0 15 0 1 0 0 3 0 1 0 2 0 1 0 2 0 3
0 19 0 3 0 3 0 3 0 2 0 1 0 2 0 1 0 2 0 1 0
0 10 0 3 3 3 3 0 3 0 2 0
0 19 1 0 0 3 3 0 3 0 2 0 1 0 2 0 3 0 2 0 1
0 18 3 3 0 1 1 0 3 0 2 0 3 0 2 0 1 0 2 0
0 11 3 0 1 0 2 0 3 0 2 0 1
0 12 3 3 0 3 0 2 0 3 0 2 0 3
0 12 0 3 3 3 3 0 1 0 2 0 3 0
0 17 3 0 3 3 0 3 0 2 0 3 0 2 0 3 0 2 0
0 13 0 3 3 0 1 0 0 3 0 2 0 1 0
0 12 3 0 3 3 3 0 1 0 2 0 1 0
0 21 0 3 3 0 3 3 0 3 0 2 0 3 0 2 0 3 0 2 0 1 0
0 7 3 1 0 3 0 2 0
0 11 3 1 3 1 0 1 0 2 0 3 0
0 10 3 3 3 3 0 3 0 2 0 1
0 10 0 1 0 0 3 0 1 0 2 0
0 13 3 1 0 0 3 3 0 1 0 2 0 1 0
0 10 3 1 3 0 3 0 3 0 2 0
0 13 0 0 1 3 0 1 0 2 0 3 0 2 0
0 14 3 0 3 3 3 0 1 0 2 0 1 0 2 0
0 14 0 1 0 0 0 3 3 0 3 0 2 0 1 0
0 13 0 3 3 0 1 0 2 0 3 0 2 0 3
0 10 0 3 0 3 3 0 1 0 2 0
0 11 0 3 3 3 0 1 0 2 0 1 0
0 15 3 0 3 0 2 0 1 0 2 0 3 0 2 0 1
0 13 0 3 3 3 0 3 0 2 0 3 0 2 0
0 12 3 0 3 0 2 0 3 0 2 0 3 0
0 20 0 0 0 0 3 0 3 0 2 0 1 0 2 0 3 0 2 0 3 0
0 17 3 1 0 0 3 3 0 1 0 2 0 1 0 2 0 1 0
0 16 3 3 1 3 1 0 3 0 3 0 2 0 1 0 2 0
0 8 3 0 3 0 2 0 3 0
0 13 3 1 3 1 0 3 3 0 3 0 2 0 3
0 13 3 3 3 1 3 1 3 1 0 3 0 2 0
0 17 3 0 0 3 1 1 0 1 0 2 0 3 0 2 0 1 0
0 18 3 1 3 0 3 0 3 0 2 0 3 0 2 0 3 0 2 0
0 19 0 3 3 3 0 1 0 2 0 3 0 2 0 3 0 2 0 1 0
0 10 3 3 0 3 3 0 1 0 2 0
0 16 0 3 3 1 1 0 1 0 3 0 2 0 1 0 2 0
0 9 0 3 0 3 0 2 0 1 0
0 12 1 1 0 3 3 0 1 0 2 0 3 0
0 17 3 1 3 1 3 1 3 1 0 1 0 2 0 3 0 2 0
0 18 1 1 0 3 3 3 1 3 1 3 1 3 1 0 1 0 2 0
0 12 0 3 1 1 1 0 0 3 0 2 0 1
0 14 3 0 3 3 1 0 1 0 2 0 3 0 2 0
0 15 0 3 0 3 3 1 0 3 0 2 0 3 0 2 0
0 21 0 3 3 1 3 1 3 1 3 1 0 1 0 2 0 3 0 2 0 1 0
0 10 3 3 3 1 0 3 0 2 0 3
0 13 0 3 0 3 3 1 3 1 0 1 0 2 0
0 14 3 1 3 1 3 1 3 0 3 0 2 0 1 0
0 12 3 3 1 3 1 3 1 0 3 0 2 0
0 19 3 1 3 1 3 1 0 3 0 2 0 3 0 2 0 3 0 2 0
0 31 3 3 1 3 1 3 1 3 1 3 3 1 3 1 3 1 0 3 0 2 0 1 0 2 0 1 0 2 0 1 0
0 10 3 0 3 3 0 1 0 2 0 1
0 16 3 0 3 0 2 0 3 0 2 0 3 0 2 0 3 0
0 9 0 1 0 0 1 0 2 0 1
0 16 0 3 0 3 3 0 1 0 2 0 1 0 2 0 3 0
0 10 3 0 3 0 2 0 3 0 2 0
0 9 0 3 3 1 0 1 0 2 0
0 9 3 3 0 3 0 1 0 2 0
0 19 1 1 0 3 3 3 1 3 1 3 1 3 1 0 1 0 2 0 1
0 10 3 3 3 1 0 1 0 2 0 3
0 18 3 1 3 1 3 1 0 3 1 1 0 0 1 0 2 0 1 0
0 15 3 0 0 3 1 1 0 1 0 2 0 3 0 2 0
0 20 0 3 0 3 0 0 3 0 1 0 2 0 3 0 2 0 1 0 2 0
0 13 3 0 3 3 1 3 1 0 3 0 2 0 1
0 16 0 3 3 0 1 0 2 0 3 0 2 0 3 0 2 0
0 15 0 0 0 0 3 0 3 0 2 0 1 0 2 0 3
0 14 0 3 0 2 0 3 0 2 0 3 0 2 0 1
0 13 1 0 1 0 1 0 2 0 3 0 2 0 3
0 17 3 1 3 1 3 1 0 3 0 3 0 3 0 2 0 1 0
0 11 3 1 0 3 0 2 0 1 0 2 0
0 16 0 3 0 0 1 0 2 0 3 0 2 0 3 0 2 0
0 11 3 3 0 3 0 1 0 2 0 3 0
0 9 1 0 3 3 0 3 0 2 0
0 11 0 0 0 3 0 2 0 3 0 2 0
0 13 3 0 3 3 1 0 3 0 1 0 2 0 3
0 13 0 1 0 2 0 1 0 2 0 3 0 2 0
0 13 3 3 3 0 1 0 2 0 3 0 2 0 1
0 13 3 1 3 1 3 0 3 1 0 1 0 2 0
0 14 3 3 3 0 3 0 2 0 1 0 2 0 1 0
0 11 3 3 0 3 3 0 3 0 2 0 3
0 26 0 3 3 3 1 3 1 3 1 3 1 0 3 0 2 0 1 0 2 0 3 0 2 0 1 0
0 14 3 1 3 1 3 1 3 3 0 1 0 2 0 1
0 9 3 3 0 3 0 2 0 3 0
0 10 3 3 3 3 0 1 0 2 0 3
0 17 3 0 0 0 3 0 3 0 3 0 2 0 1 0 2 0 3
0 18 3 0 3 0 3 0 2 0 3 0 2 0 1 0 2 0 1 0
0 13 0 3 0 2 0 1 0 2 0 1 0 2 0
0 10 0 0 0 0 3 0 3 0 2 0
0 16 3 3 0 1 0 2 0 3 0 2 0 1 0 2 0 1
0 16 3 3 3 0 1 0 2 0 3 0 2 0 1 0 2 0
0 11 0 3 3 0 3 3 0 1 0 2 0
0 10 3 1 3 3 0 3 0 2 0 3
0 21 3 1 0 3 3 1 0 1 0 1 0 2 0 3 0 2 0 3 0 2 0
0 16 3 0 3 3 1 3 1 0 3 0 3 0 2 0 1 0
0 19 1 1 3 1 3 1 0 1 0 2 0 1 0 2 0 1 0 2 0
0 21 3 0 3 3 1 3 1 3 1 3 1 3 0 1 0 2 0 1 0 2 0
0 10 3 3 3 0 1 0 2 0 1 0
0 16 1 1 0 0 3 0 1 0 2 0 3 0 2 0 3 0
0 12 3 0 3 0 3 0 2 0 1 0 2 0
0 29 3 3 1 3 1 3 1 3 1 3 3 1 3 1 3 1 0 3 0 2 0 1 0 2 0 1 0 2 0
0 10 3 0 3 3 1 0 1 0 2 0
0 16 3 3 0 3 0 3 0 3 0 2 0 1 0 2 0 1
0 14 3 0 3 0 2 0 3 0 2 0 3 0 2 0
0 10 3 0 3 3 0 3 0 2 0 3
0 10 0 3 3 1 0 3 0 2 0 1
0 14 3 1 3 1 0 3 3 0 3 0 2 0 3 0
0 21 3 1 0 0 3 3 0 1 0 2 0 1 0 2 0 1 0 2 0 1 0
0 18 3 3 3 3 0 1 0 2 0 3 0 2 0 1 0 2 0 1
0 7 0 3 0 2 0 3 0
0 11 3 1 3 1 3 0 1 0 2 0 1
0 15 3 3 0 1 0 3 0 2 0 3 0 2 0 3 0
0 12 0 3 0 1 0 2 0 3 0 2 0 3
0 24 3 1 3 1 3 1 0 3 0 3 0 3 0 2 0 1 0 2 0 1 0 2 0 3
0 12 3 1 3 3 3 0 3 0 2 0 3 0
0 13 0 1 0 0 1 0 2 0 1 0 2 0 1
0 9 0 3 3 3 0 1 0 2 0
0 18 3 1 3 1 3 1 3 1 0 3 0 2 0 3 0 2 0 1
0 20 3 1 3 1 3 1 3 0 3 0 2 0 1 0 2 0 1 0 2 0
0 15 0 3 0 3 3 0 1 0 2 0 1 0 2 0 3
0 13 3 3 1 3 1 1 0 1 0 2 0 1 0
0 24 3 3 3 1 3 1 3 1 3 1 0 1 0 2 0 3 0 2 0 3 0 2 0 1
0 18 0 3 3 3 3 0 3 0 2 0 3 0 2 0 3 0 2 0
0 17 0 3 3 0 1 0 2 0 1 0 2 0 3 0 2 0 1
0 18 0 3 3 1 3 1 3 1 3 0 1 0 2 0 1 0 2 0
0 13 3 0 3 0 1 0 2 0 1 0 2 0 3
0 17 3 3 3 1 3 1 3 1 3 1 0 3 0 2 0 1 0
0 17 3 3 3 1 3 1 3 1 0 3 0 2 0 3 0 2 0
0 11 0 3 0 2 0 1 0 2 0 1 0
0 20 3 1 3 1 3 1 0 3 0 2 0 3 0 2 0 3 0 2 0 3
0 7 3 0 3 0 2 0 3
0 17 3 3 3 1 0 3 0 2 0 3 0 2 0 1 0 2 0
0 14 3 0 3 0 3 0 1 0 2 0 3 0 2 0
0 7 0 1 0 2 0 3 0
0 15 3 3 0 3 0 3 0 2 0 3 0 2 0 1 0
0 19 3 3 3 1 3 1 3 1 0 3 0 2 0 3 0 2 0 1 0
0 15 0 3 1 1 0 3 0 2 0 3 0 2 0 3 0
0 12 0 0 0 1 0 3 0 3 0 2 0 1
0 22 3 1 3 1 3 1 3 1 3 0 3 0 2 0 1 0 2 0 3 0 2 0
0 18 3 0 3 3 1 3 1 3 1 0 3 0 2 0 3 0 2 0
0 13 0 1 0 2 0 3 0 2 0 1 0 2 0
0 20 3 1 3 1 3 1 3 1 3 1 3 1 3 1 3 0 1 0 2 0
0 14 0 3 0 3 0 1 0 2 0 3 0 2 0 3
0 15 1 0 0 3 3 0 3 0 2 0 1 0 2 0 3
0 11 3 3 1 1 0 3 0 2 0 3 0
0 16 3 1 3 1 3 1 3 1 3 0 1 0 2 0 3 0
0 15 3 1 3 1 3 1 3 1 0 3 0 2 0 3 0
0 15 3 3 3 3 0 3 0 2 0 1 0 2 0 3 0
0 14 3 0 3 3 1 3 1 0 3 0 2 0 1 0
0 22 3 0 3 3 1 3 1 3 1 3 1 3 0 1 0 2 0 1 0 2 0 1
0 15 0 3 0 2 0 3 0 2 0 1 0 2 0 3 0
0 16 3 3 3 1 3 1 3 1 3 1 0 1 0 2 0 3
0 9 3 3 0 1 0 2 0 3 0
0 19 0 3 3 0 0 3 0 3 0 2 0 1 0 2 0 3 0 2 0
0 12 3 0 3 1 0 0 1 0 2 0 3 0
0 8 1 0 0 1 0 2 0 1
0 9 0 3 3 0 3 0 2 0 3
0 14 1 3 3 1 0 1 0 2 0 1 0 2 0 1
0 14 1 0 0 3 3 0 3 0 2 0 1 0 2 0
0 16 0 3 0 1 0 2 0 3 0 2 0 1 0 2 0 1
0 15 3 3 3 1 0 3 0 2 0 3 0 2 0 1 0
0 12 0 3 0 3 0 3 0 1 0 2 0 3
0 18 3 0 3 3 1 3 1 3 1 3 1 3 0 1 0 2 0 1
0 18 3 0 3 3 0 3 0 2 0 3 0 2 0 3 0 2 0 1
0 17 0 3 0 3 0 0 3 0 1 0 2 0 3 0 2 0 1
0 20 3 3 3 1 3 1 3 1 3 1 0 1 0 2 0 3 0 2 0 3
0 10 3 0 3 3 3 0 1 0 2 0
0 12 1 1 3 0 1 0 2 0 3 0 2 0
0 14 1 0 3 3 0 3 0 2 0 1 0 2 0 3
0 11 0 3 1 3 1 3 0 3 0 2 0
0 15 0 1 0 2 0 3 0 2 0 1 0 2 0 1 0
0 19 0 3 3 1 3 1 3 1 3 1 0 3 0 3 0 2 0 1 0
0 18 1 1 0 3 0 3 0 2 0 1 0 2 0 1 0 2 0 3
0 13 0 3 0 3 0 3 0 2 0 3 0 2 0
0 17 0 3 0 3 0 3 0 2 0 1 0 2 0 1 0 2 0
0 16 3 1 0 0 0 0 3 0 2 0 3 0 2 0 1 0
0 20 0 3 3 3 3 0 3 0 2 0 3 0 2 0 3 0 2 0 1 0
0 12 3 0 3 0 2 0 3 0 2 0 1 0
0 16 3 1 3 1 3 1 0 1 0 2 0 3 0 2 0 3
0 13 3 3 0 3 0 2 0 3 0 2 0 1 0
0 15 0 3 0 0 1 0 3 3 1 0 1 0 2 0 1
0 20 1 1 3 1 3 1 0 1 0 2 0 1 0 2 0 1 0 2 0 3
0 13 3 1 3 3 0 3 0 1 0 2 0 3 0
0 13 1 0 0 1 0 2 0 1 0 2 0 3 0
0 16 0 3 0 1 0 2 0 3 0 2 0 3 0 2 0 3
0 11 0 3 0 3 3 0 1 0 2 0 3
0 21 3 1 3 1 3 1 0 3 0 2 0 3 0 2 0 3 0 2 0 3 0
0 20 3 1 3 0 3 0 3 0 2 0 3 0 2 0 3 0 2 0 1 0
0 18 3 0 0 0 3 0 3 0 3 0 2 0 1 0 2 0 3 0
0 11 1 0 0 3 3 0 3 0 2 0 1
0 21 0 3 3 3 0 1 1 0 1 0 2 0 3 0 2 0 1 0 2 0 1
0 12 0 3 0 3 3 0 1 0 2 0 1 0
0 14 3 3 1 1 1 0 3 0 3 0 2 0 1 0
0 15 0 3 3 1 3 1 3 1 3 0 1 0 2 0 1
0 9 0 1 0 2 0 3 0 2 0
0 15 3 0 1 0 2 0 3 0 2 0 3 0 2 0 3
0 23 3 1 3 1 3 1 3 1 3 0 3 0 2 0 3 0 2 0 1 0 2 0 3
0 14 3 3 0 3 0 1 0 2 0 3 0 2 0 3
0 14 3 0 3 0 3 0 2 0 1 0 2 0 3 0
0 16 3 0 3 0 2 0 1 0 2 0 1 0 2 0 3 0
0 15 3 0 3 3 3 0 1 0 2 0 1 0 2 0 3
0 17 3 3 3 0 1 0 2 0 1 0 2 0 3 0 2 0 1
0 15 3 3 1 3 1 3 1 3 1 3 0 1 0 2 0
0 11 3 3 0 1 0 3 0 2 0 3 0
0 11 0 3 3 0 0 3 0 3 0 2 0
0 18 3 1 3 1 3 1 0 3 0 1 0 2 0 1 0 2 0 3
0 17 0 3 3 3 0 1 0 2 0 1 0 2 0 1 0 2 0
0 13 3 3 0 1 0 3 0 2 0 3 0 2 0
0 12 3 3 0 3 0 2 0 1 0 2 0 1
0 10 0 3 3 3 0 1 0 2 0 1
0 15 3 0 3 3 0 1 0 2 0 3 0 2 0 1 0
0 14 3 0 3 0 1 0 2 0 3 0 2 0 3 0
0 19 3 1 3 1 3 1 3 1 0 1 0 2 0 3 0 2 0 1 0
0 16 3 3 0 3 0 2 0 3 0 2 0 1 0 2 0 3
0 18 3 0 3 3 0 3 0 2 0 1 0 2 0 1 0 2 0 1
0 10 3 0 3 0 2 0 1 0 2 0
0 20 0 3 0 3 3 1 0 3 0 2 0 3 0 2 0 3 0 2 0 3
0 18 3 0 3 3 1 3 1 0 3 0 2 0 1 0 2 0 3 0
0 11 3 3 0 1 0 2 0 1 0 2 0
0 17 3 3 3 0 3 0 2 0 3 0 2 0 3 0 2 0 1
0 22 0 1 0 3 3 0 3 0 1 0 2 0 1 0 2 0 1 0 2 0 1 0
0 16 3 0 3 3 3 0 1 0 2 0 1 0 2 0 3 0
0 30 3 3 1 3 1 3 1 3 1 3 3 1 3 1 3 1 0 3 0 2 0 1 0 2 0 1 0 2 0 1
0 14 0 3 3 1 3 1 3 3 0 3 0 2 0 1
0 15 0 0 0 1 0 3 0 3 0 2 0 1 0 2 0
0 12 0 3 0 3 3 1 0 3 0 2 0 3
0 10 0 1 0 2 0 3 0 2 0 1
0 17 0 3 3 1 3 1 3 1 3 1 0 3 0 3 0 2 0
0 18 0 3 0 3 0 1 0 2 0 1 0 2 0 1 0 2 0 3
0 15 3 0 3 3 0 3 0 2 0 3 0 2 0 3 0
0 11 3 0 3 0 2 0 3 0 2 0 1
0 9 0 3 3 3 0 3 0 2 0
0 17 0 1 0 3 3 0 3 0 1 0 2 0 1 0 2 0 1
0 10 0 3 0 3 1 0 3 0 2 0
0 20 3 3 0 3 0 3 0 3 0 2 0 1 0 2 0 1 0 2 0 3
0 19 3 1 3 1 3 1 3 1 3 0 3 0 2 0 3 0 2 0 1
0 8 0 3 0 3 0 2 0 1
0 14 0 1 0 0 1 0 2 0 1 0 2 0 1 0
0 19 3 0 3 3 0 3 0 2 0 1 0 2 0 1 0 2 0 1 0
0 12 0 0 0 3 0 2 0 3 0 2 0 3
0 13 3 3 0 3 0 2 0 1 0 2 0 3 0
0 11 0 3 0 3 0 3 0 2 0 3 0
0 17 3 1 0 3 3 1 0 1 0 1 0 2 0 3 0 2 0
0 26 3 0 3 3 3 1 3 1 3 1 3 1 0 3 0 2 0 3 0 2 0 3 0 2 0 3
0 14 0 3 1 1 0 3 0 2 0 3 0 2 0 3
0 15 3 1 1 1 1 0 1 0 2 0 3 0 2 0 1
0 9 0 3 3 0 1 0 2 0 3
0 22 3 1 3 1 3 1 3 1 0 3 0 2 0 3 0 2 0 1 0 2 0 1
0 14 3 3 0 3 0 3 0 2 0 3 0 2 0 1
0 12 3 3 1 3 1 0 3 0 3 0 2 0
0 12 3 3 3 0 3 0 3 0 2 0 1 0
0 11 1 1 3 1 3 1 0 1 0 2 0
0 9 0 1 3 3 0 1 0 2 0
0 20 0 3 3 3 0 3 0 3 0 2 0 1 0 2 0 3 0 2 0 1
0 12 3 0 3 0 2 0 1 0 2 0 3 0
0 17 3 1 3 1 0 3 3 0 3 0 2 0 3 0 2 0 1
0 12 1 1 3 1 3 1 0 1 0 2 0 1
0 14 0 1 0 2 0 3 0 2 0 1 0 2 0 3
0 8 3 1 0 3 0 2 0 3
0 18 0 0 0 0 3 0 3 0 2 0 1 0 2 0 3 0 2 0
0 6 3 0 3 0 2 0
0 14 3 1 3 1 3 3 3 0 3 0 2 0 1 0
0 12 3 0 3 3 1 0 3 0 1 0 2 0
0 10 1 1 0 1 0 1 0 2 0 3
0 18 3 3 3 0 3 0 2 0 3 0 2 0 3 0 2 0 1 0
0 13 0 3 0 1 0 2 0 3 0 2 0 1 0
0 14 3 0 3 0 2 0 3 0 2 0 1 0 2 0
0 14 3 1 0 3 3 1 0 1 0 1 0 2 0 3
0 6 0 1 0 2 0 3
0 12 0 3 0 3 3 0 3 0 2 0 3 0
0 22 0 3 3 3 0 1 1 0 1 0 2 0 3 0 2 0 1 0 2 0 1 0
0 15 3 1 3 1 0 3 0 2 0 1 0 2 0 3 0
0 15 0 3 0 3 0 2 0 3 0 2 0 1 0 2 0
0 17 3 1 3 1 3 1 3 0 3 0 2 0 1 0 2 0 1
0 15 3 3 0 1 0 2 0 1 0 2 0 3 0 2 0
0 16 3 0 3 0 3 0 1 0 2 0 3 0 2 0 1 0
0 17 3 0 3 0 1 0 2 0 1 0 2 0 1 0 2 0 1
0 11 3 0 3 1 1 1 0 3 0 2 0
0 8 0 3 3 0 3 0 2 0
0 11 3 3 1 3 1 0 1 0 2 0 1
0 11 0 3 3 1 0 1 0 2 0 3 0
0 16 0 3 0 3 3 3 0 3 0 2 0 1 0 2 0 3
0 9 0 3 0 3 0 2 0 3 0
0 18 0 3 3 0 3 0 2 0 1 0 2 0 3 0 2 0 1 0
0 12 3 0 1 0 2 0 1 0 2 0 3 0
0 20 3 0 3 3 3 0 1 0 2 0 3 0 2 0 1 0 2 0 3 0
0 13 3 1 3 1 3 1 3 3 0 1 0 2 0
0 13 0 3 0 3 0 2 0 3 0 2 0 1 0
0 24 3 1 3 1 3 1 3 1 3 0 3 0 2 0 1 0 2 0 3 0 2 0 1 0
0 23 3 1 3 1 3 1 3 1 0 3 0 2 0 3 0 2 0 1 0 2 0 1 0
0 14 3 0 3 0 2 0 1 0 2 0 1 0 2 0
0 11 3 1 3 1 3 1 0 1 0 2 0
0 23 3 0 3 3 3 1 3 1 3 1 3 1 0 3 0 2 0 3 0 2 0 3 0
0 10 1 0 0 3 3 0 3 0 2 0
0 16 3 1 3 1 3 1 3 1 1 1 0 3 0 2 0 1
0 8 3 0 0 1 0 2 0 3
0 11 0 3 3 3 0 3 0 2 0 1 0
0 15 3 0 3 3 0 3 0 2 0 1 0 2 0 1 0
0 15 0 3 0 3 0 2 0 3 0 2 0 3 0 2 0
0 11 3 0 0 1 0 2 0 3 0 2 0
0 15 0 3 3 1 0 1 0 2 0 3 0 2 0 1 0
0 19 3 3 1 3 1 1 0 1 0 2 0 1 0 2 0 3 0 2 0
0 17 3 1 3 1 3 3 3 0 3 0 2 0 1 0 2 0 1
0 11 3 0 3 3 0 1 0 2 0 3 0
0 9 0 3 0 3 0 3 0 2 0
0 16 0 3 0 3 3 1 0 3 0 2 0 3 0 2 0 3
0 21 3 1 3 1 0 3 3 0 0 0 0 1 0 2 0 3 0 2 0 1 0
0 15 0 3 0 3 3 3 0 3 0 2 0 1 0 2 0
0 11 0 1 0 2 0 3 0 2 0 3 0
0 16 3 1 3 1 3 1 3 1 3 0 3 0 2 0 3 0
0 14 3 3 3 3 0 3 0 2 0 1 0 2 0 3
0 18 1 1 0 0 3 0 1 0 2 0 3 0 2 0 3 0 2 0
0 15 0 3 0 3 3 1 3 1 0 1 0 2 0 3 0
0 13 1 1 3 1 3 1 0 1 0 2 0 1 0
0 19 3 3 3 1 3 1 3 1 3 1 0 1 0 2 0 3 0 2 0
0 21 0 3 3 3 1 3 1 3 1 3 1 0 3 0 2 0 1 0 2 0 3
0 15 3 0 3 0 2 0 3 0 2 0 3 0 2 0 3
0 20 0 1 0 3 3 0 3 0 1 0 2 0 1 0 2 0 1 0 2 0
0 12 0 1 0 0 1 0 2 0 1 0 2 0
0 21 0 3 0 3 0 3 0 1 0 2 0 3 0 2 0 3 0 2 0 3 0
0 10 3 0 3 3 0 3 0 2 0 1
0 16 3 1 3 1 3 1 0 3 0 2 0 3 0 2 0 3
0 22 3 1 3 1 3 1 3 0 3 0 2 0 1 0 2 0 1 0 2 0 3 0
0 11 3 1 3 1 0 3 0 2 0 1 0
0 17 0 3 3 0 3 3 0 3 0 2 0 3 0 2 0 1 0
0 15 0 3 3 1 0 3 0 2 0 1 0 2 0 1 0
0 19 3 1 0 3 3 1 0 1 0 1 0 2 0 3 0 2 0 3 0
0 16 0 3 3 3 3 0 3 0 2 0 3 0 2 0 3 0
0 8 3 3 3 0 1 0 2 0
0 9 3 0 3 3 0 3 0 2 0
0 15 0 3 0 1 0 2 0 3 0 2 0 3 0 2 0
0 10 3 0 3 3 3 0 3 0 2 0
0 15 3 0 3 0 2 0 1 0 2 0 1 0 2 0 1
0 11 3 3 3 3 0 3 0 2 0 1 0
0 17 3 1 3 1 3 1 0 3 1 1 0 0 1 0 2 0 1
0 10 3 0 3 3 0 1 0 2 0 3
0 10 3 3 3 0 3 0 2 0 3 0
0 13 0 3 0 1 0 2 0 3 0 2 0 3 0
0 17 1 1 3 1 3 1 0 1 0 2 0 1 0 2 0 1 0
0 16 3 1 3 1 3 1 3 1 3 0 3 0 3 0 2 0
0 16 0 0 0 3 0 2 0 3 0 2 0 3 0 2 0 1
0 13 3 3 3 1 0 3 0 2 0 3 0 2 0
0 10 0 3 0 2 0 3 0 2 0 1
0 21 3 3 3 1 3 1 3 1 3 1 0 1 0 2 0 3 0 2 0 3 0
0 19 3 3 0 1 0 3 0 2 0 3 0 2 0 3 0 2 0 3 0
0 11 3 3 0 3 3 0 1 0 2 0 1
0 14 0 1 0 1 0 1 0 2 0 1 0 2 0 1
0 15 0 0 1 0 0 3 0 1 0 2 0 3 0 2 0
0 11 3 1 3 3 0 3 0 1 0 2 0
0 10 0 1 0 0 1 0 2 0 1 0
0 15 3 1 3 1 3 1 3 1 0 1 0 2 0 3 0
0 15 3 1 3 1 3 1 0 1 0 2 0 3 0 2 0
0 9 0 3 3 1 0 3 0 2 0
0 21 0 3 3 1 1 0 1 0 3 0 2 0 1 0 2 0 1 0 2 0 1
0 19 3 0 3 3 3 1 3 1 3 1 3 1 0 3 0 2 0 3 0
0 17 3 1 3 1 0 3 3 0 0 0 0 1 0 2 0 3 0
0 20 3 1 0 1 1 3 1 3 1 0 1 0 2 0 3 0 2 0 3 0
0 17 3 3 3 1 3 1 3 1 3 1 3 0 1 0 2 0 1
0 14 0 3 0 2 0 1 0 2 0 1 0 2 0 3
0 7 3 1 0 1 0 2 0
0 10 0 3 3 0 3 0 1 0 2 0
0 12 3 0 0 0 3 0 3 0 3 0 2 0
0 15 0 3 0 3 0 3 0 2 0 3 0 2 0 1 0
0 13 3 3 3 0 0 0 0 0 1 0 2 0 1
0 12 3 0 3 0 2 0 1 0 2 0 1 0
