263 4
1 0 
1 11 2 3 3 3 3 3 3 3 3 2 2
1 19 2 3 3 3 3 3 3 2 3 3 3 3 3 3 2 3 2 2 1
1 8 2 3 3 3 3 2 2 1
1 19 2 3 3 3 3 2 2 1 2 3 3 3 3 3 3 3 3 2 3
1 7 2 3 3 2 3 2 3
1 11 2 3 2 2 1 2 2 1 2 2 1
1 6 2 2 2 1 2 3
1 5 2 3 3 3 3
1 11 2 3 3 3 3 3 3 2 2 1 2
1 9 2 3 3 3 3 3 3 3 3
1 24 2 3 3 3 3 2 3 3 3 3 3 3 2 3 3 3 3 3 3 3 3 2 2 1
1 6 2 3 3 2 2 3
1 10 2 3 2 3 3 2 2 1 2 3
1 12 2 2 3 2 3 2 3 3 3 3 3 3
1 9 2 3 2 2 1 2 2 2 1
1 10 2 3 3 3 3 3 3 2 2 1
1 12 2 2 1 2 2 3 3 3 3 2 2 1
1 10 2 3 2 3 2 2 1 2 2 1
1 2 2 3
1 19 2 3 3 3 3 3 3 3 3 2 3 3 3 3 2 2 1 2 3
1 3 2 3 2
1 7 2 3 2 3 2 3 3
1 17 2 2 1 2 2 1 2 3 3 3 3 3 3 3 3 2 3
1 14 2 3 3 3 3 3 3 2 3 3 3 3 3 3
1 10 2 2 1 2 3 3 3 3 3 3
1 25 2 3 3 3 3 3 3 3 3 2 3 3 3 3 3 3 3 3 2 3 3 3 3 2 3
1 9 2 3 2 3 3 3 3 2 3
1 5 2 3 2 3 3
1 18 2 3 3 3 3 3 3 3 3 2 3 3 3 3 3 3 2 3
1 7 2 3 2 3 3 3 3
1 10 2 3 3 3 3 2 3 3 3 3
1 21 2 3 3 3 3 3 3 3 3 2 3 3 3 3 3 3 3 3 2 3 2
1 9 2 3 2 3 3 3 3 3 3
1 14 2 3 2 3 2 3 3 3 3 3 3 2 2 1
1 12 2 3 2 3 2 2 1 2 3 3 3 3
1 4 2 2 2 1
1 6 2 3 3 2 2 1
1 8 2 3 2 2 1 2 2 1
1 9 2 3 2 3 2 3 3 3 3
1 4 2 2 1 2
1 23 2 3 3 3 3 3 3 3 3 2 3 3 3 3 3 3 2 3 2 3 3 3 3
1 10 2 2 3 3 3 3 3 3 3 3
1 13 2 3 3 2 2 1 2 3 3 3 3 3 3
1 18 2 2 1 2 2 1 2 3 3 2 3 3 3 3 3 3 3 3
1 13 2 2 3 3 3 3 3 3 3 3 2 3 3
1 19 2 3 3 2 3 3 3 3 3 3 3 3 2 3 3 3 3 3 3
1 18 2 3 3 3 3 3 3 2 3 2 3 3 3 3 3 3 3 3
1 11 2 2 1 2 3 3 3 3 2 2 1
1 17 2 3 3 3 3 3 3 3 3 2 2 1 2 3 2 3 3
1 11 2 3 3 3 3 3 3 3 3 2 3
1 12 2 3 3 3 3 3 3 2 3 3 3 3
1 13 2 2 2 1 2 3 3 3 3 3 3 3 3
1 22 2 3 3 3 3 3 3 3 3 2 3 2 3 3 3 3 3 3 3 3 2 3
1 8 2 2 1 2 2 1 2 3
1 10 2 3 3 3 3 2 3 2 2 1
1 6 2 2 1 2 2 1
1 15 2 3 3 3 3 3 3 3 3 2 3 2 3 2 3
1 20 2 3 3 3 3 3 3 2 2 1 2 3 3 3 3 3 3 2 2 1
1 7 2 3 3 3 3 2 3
1 21 2 3 3 3 3 3 3 2 3 3 3 3 3 3 2 3 3 3 3 3 3
1 9 2 3 3 2 2 1 2 2 1
1 10 2 3 3 2 3 3 3 3 2 3
1 8 2 3 3 2 2 1 2 3
1 3 0 1 1
1 7 2 2 2 1 2 2 1
1 10 2 3 3 2 3 3 3 3 3 3
1 7 2 2 2 1 2 2 3
1 5 2 2 3 2 3
1 8 2 2 1 2 3 3 3 3
1 1 2
1 12 2 3 3 2 3 2 3 2 3 3 3 3
1 13 2 3 3 2 3 2 3 3 3 3 3 3 2
1 21 2 3 3 3 3 3 3 3 3 2 3 3 3 3 3 3 3 3 2 2 1
1 11 2 3 3 3 3 3 3 2 3 2 3
1 16 2 3 3 3 3 3 3 3 3 2 2 2 1 2 2 1
1 11 2 3 3 3 3 2 3 3 2 2 1
1 16 2 3 3 3 3 3 3 2 3 2 3 3 3 3 3 3
1 10 2 3 2 2 1 2 3 2 3 3
1 13 2 3 3 3 3 2 3 3 2 3 2 2 1
1 6 2 2 1 2 2 3
1 17 2 3 3 3 3 2 3 3 3 3 3 3 3 3 2 2 1
1 9 2 3 3 2 3 3 2 2 3
1 12 2 3 2 3 3 3 3 3 3 3 3 2
1 15 2 2 1 2 2 1 2 3 3 3 3 3 3 3 3
1 10 2 2 3 2 3 3 3 3 3 3
1 11 2 3 3 2 2 1 2 2 1 2 3
1 12 2 2 1 2 3 3 2 3 3 3 3 2
1 22 2 3 3 3 3 3 3 3 3 2 3 3 3 3 3 3 2 2 1 2 3 3
1 7 2 3 3 3 3 3 3
1 4 2 2 2 3
1 12 2 2 1 2 3 3 3 3 3 3 3 3
1 18 2 3 3 3 3 3 3 3 3 2 2 1 2 3 3 2 2 1
1 10 2 3 3 2 3 3 2 2 1 2
1 17 2 3 3 3 3 3 3 2 2 1 2 3 3 3 3 3 3
1 3 2 2 1
1 7 2 3 2 2 3 2 3
1 16 2 3 3 3 3 3 3 2 3 3 3 3 3 3 3 3
1 14 2 3 2 3 3 3 3 3 3 2 3 3 2 3
1 12 2 3 2 2 3 3 3 3 3 3 3 3
1 4 2 3 2 3
1 18 2 3 3 3 3 2 3 3 3 3 2 3 3 3 3 2 2 1
1 12 2 2 1 2 3 3 3 3 2 3 2 3
1 18 2 3 2 3 3 3 3 3 3 2 3 2 3 3 3 3 3 3
1 6 2 2 3 3 2 3
1 18 2 3 2 3 3 3 3 3 3 2 3 3 3 3 3 3 3 3
1 5 2 2 1 2 3
1 8 2 2 1 2 3 2 3 3
1 21 2 3 3 3 3 3 3 3 3 2 3 3 2 3 3 3 3 3 3 2 3
1 12 2 3 3 2 3 3 3 3 3 3 3 3
1 7 2 2 1 2 2 1 2
1 5 2 3 2 3 2
1 4 2 3 3 2
1 5 2 3 2 2 1
1 12 2 2 1 2 3 3 3 3 3 3 2 3
1 15 2 2 3 3 3 3 3 3 2 3 2 3 3 3 3
1 11 2 3 3 3 3 3 3 2 2 3 3
1 11 2 2 1 2 3 2 2 1 2 2 1
1 3 2 3 3
1 15 2 2 1 2 3 3 3 3 3 3 2 3 2 3 3
1 8 2 3 3 3 3 2 3 3
1 17 2 3 3 3 3 2 3 3 3 3 2 3 2 3 3 3 3
1 9 2 2 1 2 2 1 2 2 1
1 11 2 3 2 3 3 3 3 3 3 3 3
1 12 2 3 3 3 3 3 3 3 3 2 2 1
0 13 2 3 3 2 3 2 3 3 3 3 3 3 3
0 18 2 3 3 2 3 3 3 3 3 3 2 3 3 3 3 3 3 3
0 17 2 3 3 3 3 3 3 3 3 2 3 3 3 3 3 3 3
0 8 2 3 2 3 3 3 3 3
0 14 2 3 3 3 3 2 2 1 2 3 3 3 3 3
0 19 2 2 1 2 3 3 3 3 2 3 3 2 3 3 3 3 3 3 3
0 16 2 3 3 3 3 2 2 1 2 3 3 3 3 3 3 3
0 10 2 3 2 3 3 3 3 3 3 3
0 13 2 2 1 2 3 2 3 3 3 3 3 3 3
0 11 2 2 1 2 3 2 3 3 3 3 3
0 16 2 2 1 2 3 2 2 1 2 3 3 3 3 3 3 3
0 10 2 3 3 2 2 1 2 3 3 3
0 12 2 2 1 2 3 3 3 3 2 3 3 3
0 22 2 3 2 3 3 3 3 3 3 3 3 2 3 3 3 3 2 3 3 3 3 3
0 12 2 3 3 3 3 2 2 3 3 3 3 3
0 16 2 3 2 3 3 3 3 3 3 2 2 1 2 3 3 3
0 17 2 2 1 2 2 1 2 2 1 2 3 3 3 3 3 3 3
0 13 2 3 2 3 3 2 3 3 3 3 3 3 3
0 11 2 3 3 3 3 2 3 3 3 3 3
0 18 2 2 1 2 3 2 3 3 3 3 3 3 3 3 2 3 3 3
0 6 2 3 3 3 3 3
0 12 2 2 1 2 2 3 3 3 3 3 3 3
0 12 2 2 1 2 2 1 2 3 3 3 3 3
0 10 2 2 1 2 2 1 2 3 3 3
0 11 2 2 3 2 3 3 3 3 3 3 3
0 14 2 2 1 2 2 1 2 3 3 3 3 3 3 3
0 14 2 3 3 2 2 1 2 3 3 3 3 3 3 3
0 16 2 3 2 3 3 2 3 3 2 3 3 3 3 3 3 3
0 12 2 3 3 2 2 1 2 3 3 3 3 3
0 15 2 3 2 3 3 3 3 2 3 2 3 3 3 3 3
0 8 2 3 2 3 2 3 3 3
0 9 2 3 2 3 3 2 3 3 3
0 9 2 2 1 2 3 2 3 3 3
0 18 2 3 3 3 3 3 3 2 2 1 2 3 3 3 3 3 3 3
0 15 2 3 3 3 3 3 3 2 3 3 3 3 3 3 3
0 22 2 3 3 3 3 3 3 3 3 2 3 3 3 3 3 3 3 3 2 3 3 3
0 10 2 2 1 2 3 3 2 3 3 3
0 7 2 3 3 2 3 3 3
0 16 2 3 3 3 3 3 3 2 2 3 3 3 3 3 3 3
0 24 2 3 3 3 3 3 3 3 3 2 3 3 3 3 3 3 2 3 3 3 3 3 3 3
0 14 2 2 1 2 3 3 3 3 2 3 3 3 3 3
0 10 2 3 3 3 3 2 2 3 3 3
0 18 2 2 3 3 3 3 3 3 3 3 2 3 3 3 3 3 3 3
0 9 2 2 1 2 3 3 3 3 3
0 15 2 2 1 2 3 3 3 3 2 3 3 2 3 3 3
0 14 2 3 3 3 3 3 3 2 2 3 3 3 3 3
0 13 2 3 3 3 3 3 3 3 3 2 3 3 3
0 13 2 3 2 3 3 3 3 3 3 2 3 3 3
0 20 2 3 3 3 3 3 3 3 3 2 3 3 3 3 3 3 2 3 3 3
0 13 2 3 3 3 3 2 3 2 3 2 3 3 3
0 13 2 2 1 2 3 2 3 2 3 3 3 3 3
0 16 2 3 3 3 3 3 3 3 3 2 3 3 2 3 3 3
0 9 2 3 2 2 1 2 3 3 3
0 13 2 3 3 3 3 3 3 2 3 2 3 3 3
0 20 2 3 3 3 3 3 3 3 3 2 3 3 2 3 3 3 3 3 3 3
0 15 2 2 1 2 3 3 3 3 2 2 3 3 3 3 3
0 20 2 3 3 3 3 3 3 2 3 3 3 3 3 3 3 3 2 3 3 3
0 7 2 2 1 2 3 3 3
0 1 0
0 16 2 3 3 3 3 3 3 2 2 1 2 3 3 3 3 3
0 4 2 3 3 3
0 20 2 3 3 3 3 3 3 3 3 2 2 1 2 3 3 3 3 3 3 3
0 15 2 2 1 2 3 2 3 2 3 3 3 3 3 3 3
0 12 2 2 1 2 3 3 2 3 2 3 3 3
0 13 2 2 1 2 2 1 2 2 1 2 3 3 3
0 15 2 2 1 2 2 1 2 2 1 2 3 3 3 3 3
0 9 2 3 3 2 3 3 3 3 3
0 9 2 3 3 2 3 2 3 3 3
0 12 2 2 1 2 3 2 2 1 2 3 3 3
0 10 2 3 2 3 2 3 3 3 3 3
0 11 2 3 2 3 3 2 3 3 3 3 3
0 12 2 3 2 3 3 2 3 3 2 3 3 3
0 11 2 3 3 3 3 3 3 2 3 3 3
0 14 2 2 1 2 3 3 2 3 2 3 3 3 3 3
0 13 2 3 2 3 3 3 3 2 3 3 3 3 3
0 11 2 3 2 2 1 2 3 3 3 3 3
0 9 2 3 3 3 3 2 3 3 3
0 14 2 2 3 3 3 3 3 3 3 3 2 3 3 3
0 5 2 2 3 3 3
0 15 2 3 3 3 3 3 3 2 3 2 3 3 3 3 3
0 15 2 3 2 3 3 3 3 3 3 2 3 3 3 3 3
0 9 2 2 3 2 3 3 3 3 3
0 17 2 3 2 3 3 3 3 3 3 2 3 3 3 3 3 3 3
0 17 2 2 1 2 2 3 3 3 3 3 3 3 3 2 3 3 3
0 25 2 3 3 3 3 3 3 3 3 2 3 3 3 3 3 3 3 3 2 2 1 2 3 3 3
0 20 2 2 1 2 3 2 3 3 3 3 3 3 3 3 2 3 3 3 3 3
0 10 2 2 1 2 2 3 3 3 3 3
0 11 2 2 2 1 2 3 3 2 3 3 3
0 14 2 2 1 2 3 3 3 3 2 3 2 3 3 3
0 13 2 3 3 3 3 3 3 2 3 3 3 3 3
0 15 2 3 3 3 3 2 3 2 3 2 3 3 3 3 3
0 13 2 3 2 3 3 3 3 2 3 2 3 3 3
0 18 2 3 3 3 3 3 3 3 3 2 2 1 2 3 3 3 3 3
0 14 2 3 3 2 3 3 3 3 3 3 2 3 3 3
0 6 2 3 2 3 3 3
0 13 2 2 1 2 3 3 3 3 2 2 3 3 3
0 20 2 3 2 3 3 3 3 3 3 3 3 2 3 3 3 3 2 3 3 3
0 16 2 2 1 2 3 3 3 3 2 3 3 3 3 3 3 3
0 12 2 3 3 3 3 3 3 2 2 3 3 3
0 7 2 2 3 3 3 3 3
0 12 2 3 3 3 3 2 2 1 2 3 3 3
0 18 2 2 3 2 3 3 3 3 3 3 3 3 2 3 3 3 3 3
0 17 2 3 3 3 3 2 3 2 3 2 3 3 3 3 3 3 3
0 16 2 2 3 2 3 3 3 3 3 3 3 3 2 3 3 3
0 17 2 2 1 2 3 3 3 3 2 3 3 2 3 3 3 3 3
0 29 2 3 3 3 3 3 3 2 3 3 3 3 3 3 3 3 2 3 3 3 3 3 3 2 3 3 3 3 3
0 22 2 3 3 3 3 3 3 2 3 3 3 3 3 3 3 3 2 3 3 3 3 3
0 15 2 3 2 3 3 3 3 3 3 3 3 2 3 3 3
0 17 2 3 2 3 3 3 3 3 3 2 3 2 3 3 3 3 3
0 15 2 3 2 3 3 3 3 3 3 2 3 2 3 3 3
0 9 2 2 3 3 3 3 3 3 3
0 22 2 3 3 3 3 3 3 3 3 2 3 3 3 3 3 3 2 3 3 3 3 3
0 10 2 2 3 3 3 3 2 3 3 3
0 24 2 3 3 3 3 3 3 2 3 3 3 3 3 3 3 3 2 3 3 3 3 3 3 3
0 14 2 3 3 3 3 3 3 2 2 1 2 3 3 3
0 14 2 3 3 3 3 3 3 3 3 2 2 3 3 3
0 27 2 3 3 3 3 3 3 3 3 2 3 3 3 3 3 3 3 3 2 2 1 2 3 3 3 3 3
0 12 2 2 1 2 3 3 2 3 3 3 3 3
0 17 2 2 1 2 2 1 2 3 3 3 3 3 3 2 3 3 3
0 8 2 2 1 2 2 3 3 3
0 14 2 3 2 3 3 2 3 3 2 3 3 3 3 3
0 16 2 3 3 2 3 3 3 3 3 3 2 3 3 3 3 3
0 2 0 1
0 7 2 2 3 2 3 3 3
0 8 2 3 3 3 3 3 3 3
0 11 2 3 2 3 3 3 3 2 3 3 3
0 16 2 3 3 3 3 3 3 3 3 2 2 1 2 3 3 3
0 16 2 2 3 3 3 3 3 3 3 3 2 3 3 3 3 3
0 27 2 3 3 3 3 3 3 2 3 3 3 3 3 3 3 3 2 3 3 3 3 3 3 2 3 3 3
0 11 2 3 3 2 3 2 3 3 3 3 3
0 11 2 2 1 2 3 2 3 2 3 3 3
0 11 2 2 1 2 3 3 3 3 3 3 3
0 15 2 3 3 3 3 3 3 3 3 2 3 3 3 3 3
0 18 2 3 3 3 3 3 3 3 3 2 3 3 2 3 3 3 3 3
0 22 2 2 1 2 3 2 3 3 3 3 3 3 3 3 2 3 3 3 3 3 3 3
0 15 2 3 2 3 3 3 3 2 3 3 3 3 3 3 3
0 14 2 2 1 2 3 2 2 1 2 3 3 3 3 3
0 31 2 3 3 3 3 3 3 2 3 3 3 3 3 3 3 3 2 3 3 3 3 3 3 2 3 3 3 3 3 3 3
