1454 5
1 0 
1 5 1 1 4 4 1
1 16 3 4 2 3 2 2 3 0 1 1 2 2 2 4 2 1
1 3 4 4 4
1 30 4 2 3 2 4 2 3 2 2 3 0 2 3 0 2 3 0 4 4 4 2 3 2 4 1 1 2 2 2 1
1 38 2 3 0 2 3 0 2 3 0 2 3 0 2 3 0 4 2 3 2 4 2 3 2 4 4 4 4 1 1 1 1 1 2 4 4 4 2 1
1 31 4 2 3 2 4 2 3 2 3 0 2 3 0 2 3 0 2 3 0 2 3 0 4 2 3 2 1 2 4 4 1
1 19 4 4 4 4 4 1 1 1 1 1 1 1 4 2 2 2 4 4 1
1 30 4 2 3 2 3 0 4 4 4 4 4 2 3 2 2 3 0 2 3 0 2 3 0 1 2 4 2 4 4 1
1 24 3 4 2 3 2 2 3 0 2 3 0 2 3 0 2 3 0 4 4 4 4 1 1 1
1 24 2 3 0 4 4 4 4 4 4 2 3 2 4 2 3 2 1 4 2 4 2 4 2 1
1 21 4 2 3 2 4 2 3 2 4 2 3 2 4 2 3 2 1 1 1 1 1
1 10 1 1 1 1 1 1 4 2 2 1
1 43 4 2 3 2 2 3 0 2 3 0 2 3 0 2 3 0 2 3 0 2 3 0 4 2 3 2 3 0 4 2 3 2 4 2 3 2 1 1 1 1 1 2 1
1 8 1 2 2 2 4 4 2 1
1 7 1 1 1 1 1 2 1
1 10 1 1 1 1 1 1 1 2 2 1
1 9 1 2 4 2 4 2 4 4 1
1 28 4 4 2 3 2 2 3 0 2 3 0 4 2 3 2 4 2 3 2 2 3 0 1 1 4 4 4 1
1 22 4 2 3 2 4 2 3 2 2 3 0 4 2 3 2 4 2 3 2 1 2 1
1 33 4 2 3 2 2 3 0 2 3 0 2 3 0 2 3 0 2 3 0 3 0 4 2 3 2 4 2 3 2 1 2 2 1
1 20 4 2 3 2 4 2 3 2 1 1 1 1 1 1 4 2 2 4 2 1
1 28 2 3 0 2 3 0 2 3 0 2 3 0 2 3 0 4 2 3 2 4 2 3 2 1 1 4 2 1
1 14 2 3 0 1 1 1 1 1 4 4 4 2 2 1
1 13 1 1 1 1 1 1 2 2 2 4 2 4 1
1 9 4 2 3 2 1 4 2 4 1
1 9 1 2 4 2 2 2 4 4 1
1 23 4 2 3 2 4 2 3 2 4 2 3 2 4 2 3 2 1 1 1 1 1 1 1
1 4 1 1 2 1
1 14 4 2 3 2 4 2 3 2 3 0 4 1 2 1
1 33 4 2 3 2 2 3 0 2 3 0 2 3 0 2 3 0 2 3 0 2 3 0 3 0 1 1 1 1 1 1 1 2 1
1 35 4 4 4 4 4 4 4 2 3 2 4 2 3 2 4 2 3 2 4 4 4 4 4 4 4 4 1 1 4 2 2 2 4 4 1
1 20 4 4 4 4 4 2 3 2 1 1 1 1 1 1 1 2 4 2 4 1
1 5 4 4 4 4 4
1 10 4 4 4 2 3 2 3 1 1 1
1 24 4 2 3 2 4 2 3 2 3 0 4 2 3 2 1 1 1 1 2 4 4 2 4 1
1 6 4 4 4 4 4 4
1 9 1 1 1 1 1 1 1 2 1
1 18 3 2 3 0 2 3 0 2 3 0 4 4 4 1 2 2 2 1
1 18 3 0 4 4 4 4 4 2 3 2 1 1 1 1 1 1 4 1
1 20 2 3 0 2 3 0 4 2 3 2 3 0 1 2 4 4 4 2 4 1
1 11 2 3 0 1 1 1 1 1 1 2 1
1 32 4 2 3 2 2 3 0 2 3 0 2 3 0 2 3 0 2 3 0 2 3 0 4 2 3 2 1 2 4 2 4 1
1 10 4 2 3 2 1 1 4 4 4 1
1 38 4 4 2 3 0 2 3 0 2 3 0 2 3 0 2 3 0 2 3 0 2 3 0 2 3 0 2 3 0 3 0 1 1 2 2 4 2 1
1 2 4 4
1 14 3 0 1 1 1 1 1 1 1 2 2 4 4 1
1 32 4 4 4 3 0 2 3 0 2 3 0 2 3 0 2 3 0 4 2 3 2 4 2 3 2 1 1 1 1 1 2 1
1 10 1 1 1 1 4 4 2 4 4 1
1 14 1 1 1 1 1 1 1 4 2 4 4 2 4 1
1 23 4 2 3 2 3 0 4 2 3 2 4 2 3 2 4 4 2 3 2 1 2 4 1
1 11 1 1 1 1 1 4 4 2 2 2 1
1 9 4 2 3 2 1 2 4 4 1
1 30 4 2 3 2 4 2 3 2 4 2 3 2 4 2 3 2 4 4 4 4 4 1 1 1 1 1 1 1 4 1
1 1 1
1 1 4
1 17 4 4 4 4 4 4 2 3 2 4 2 3 2 1 1 2 1
1 15 4 2 3 2 4 2 3 2 1 2 2 4 2 2 1
1 17 3 4 4 4 4 4 4 2 3 2 1 1 1 2 4 2 1
1 33 4 2 3 2 4 4 4 4 4 2 3 0 2 3 0 2 3 0 2 3 0 2 3 0 3 0 4 4 1 2 2 2 1
1 7 3 1 1 2 2 4 1
1 27 4 2 3 2 4 2 3 2 4 4 4 4 2 3 0 2 3 0 2 3 0 1 1 1 1 1 1
1 35 4 2 3 2 3 0 4 2 3 2 4 2 3 2 4 4 2 3 0 2 3 0 2 3 0 2 3 0 2 3 0 1 1 4 1
1 19 4 4 4 2 3 2 3 3 0 3 1 1 1 1 1 1 1 2 1
1 39 2 3 0 2 3 0 4 2 3 2 2 3 0 2 3 0 2 3 0 2 3 0 2 3 0 4 2 3 2 4 2 3 2 2 3 0 1 1 1
1 28 2 3 0 4 2 3 2 4 4 4 2 3 0 2 3 0 2 3 0 1 2 4 4 4 4 4 4 1
1 10 4 2 3 2 1 1 1 1 4 1
1 37 4 2 3 2 3 2 3 0 2 3 0 2 3 0 2 3 0 2 3 0 2 3 0 2 3 0 3 0 3 0 1 1 1 1 1 1 1
1 25 4 2 3 2 2 3 0 2 3 0 2 3 0 4 2 3 2 4 1 1 1 1 2 4 1
1 30 3 2 3 0 2 3 0 4 2 3 2 2 3 0 2 3 0 4 2 3 2 1 2 4 4 4 2 2 2 1
0 25 2 3 0 2 3 0 2 3 0 2 3 0 2 3 0 3 0 2 3 0 2 3 0 2 3
0 29 3 0 2 3 0 2 3 0 2 3 0 2 3 0 2 3 0 2 3 0 2 3 0 2 3 0 2 3 0
0 25 2 3 0 2 3 0 2 3 0 2 3 0 4 2 3 2 2 3 0 2 3 0 1 2 2
0 42 4 2 3 2 2 3 0 2 3 0 2 3 0 2 3 0 2 3 0 2 3 0 2 3 0 2 3 0 2 3 0 2 3 0 2 3 0 4 2 3 2 1
0 9 3 2 3 0 2 3 0 2 3
0 14 2 3 0 2 3 0 2 3 0 2 3 0 2 3
0 12 4 4 4 2 3 2 4 2 3 2 2 3
0 12 3 0 2 3 0 2 3 0 2 3 0 2
0 36 4 2 3 2 2 3 0 2 3 0 2 3 0 2 3 0 2 3 0 4 2 3 2 2 3 0 2 3 0 2 3 0 2 3 0 2
0 19 3 2 3 0 2 3 0 2 3 0 2 3 0 2 3 0 3 4 2
0 33 2 3 0 2 3 0 2 3 0 2 3 0 2 3 0 2 3 0 2 3 0 2 3 0 2 3 0 2 3 0 2 3 0
0 22 2 3 0 2 3 0 4 2 3 2 3 0 4 2 3 2 1 1 1 2 2 2
0 26 4 2 3 2 4 2 3 2 4 2 3 2 3 4 2 3 2 2 3 0 1 1 4 4 2 4
0 30 4 2 3 2 4 2 3 2 4 2 3 2 3 2 3 0 2 3 0 2 3 0 2 3 0 4 2 3 2 1
0 15 4 2 3 2 4 4 4 4 4 1 2 4 2 2 4
0 14 4 2 3 2 4 4 4 4 4 1 2 4 2 2
0 18 2 3 0 2 3 0 2 3 0 2 3 0 2 3 0 4 4 4
0 41 2 3 0 2 3 0 2 3 0 2 3 0 4 2 3 2 4 2 3 2 2 3 0 2 3 0 2 3 0 2 3 0 2 3 0 2 3 0 2 3 0
0 12 3 0 4 2 3 2 4 2 3 2 4 2
0 27 4 2 3 2 2 3 0 2 3 0 2 3 0 2 3 0 2 3 0 4 2 3 2 2 3 0 2
0 51 2 3 0 2 3 0 2 3 0 2 3 0 4 2 3 2 4 2 3 2 2 3 0 2 3 0 2 3 0 2 3 0 2 3 0 2 3 0 2 3 0 2 3 0 2 3 0 4 2 3 2
0 5 1 1 1 4 2
0 23 2 3 0 4 2 3 2 4 2 3 2 3 4 2 3 2 4 2 3 2 1 2 4
0 19 2 3 0 2 3 0 2 3 0 2 3 0 4 2 3 2 2 3 0
0 39 4 2 3 2 2 3 0 2 3 0 2 3 0 2 3 0 2 3 0 4 2 3 2 2 3 0 2 3 0 2 3 0 2 3 0 2 3 0 2
0 42 3 0 2 3 0 2 3 0 2 3 0 2 3 0 2 3 0 2 3 0 2 3 0 2 3 0 2 3 0 2 3 0 2 3 0 2 3 0 2 3 0 2
0 37 4 2 3 2 2 3 0 2 3 0 2 3 0 2 3 0 2 3 0 4 2 3 2 2 3 0 2 3 0 2 3 0 2 3 0 2 3
0 22 4 2 3 2 3 0 4 4 4 4 4 4 2 3 2 1 1 1 1 1 2 4
0 17 4 2 3 2 4 2 3 2 2 3 0 2 3 0 4 2 3
0 40 3 0 2 3 0 2 3 0 2 3 0 2 3 0 2 3 0 2 3 0 2 3 0 2 3 0 2 3 0 2 3 0 2 3 0 2 3 0 2 3
0 29 2 3 0 2 3 0 2 3 0 2 3 0 2 3 0 2 3 0 2 3 0 3 0 4 4 2 3 2 4
0 25 4 2 3 2 3 4 2 3 2 2 3 0 2 3 0 2 3 0 2 3 0 2 3 0 1
0 38 4 2 3 2 2 3 0 2 3 0 2 3 0 2 3 0 2 3 0 2 3 0 2 3 0 2 3 0 2 3 0 2 3 0 2 3 0 4
0 11 4 2 3 2 2 3 0 2 3 0 3
0 15 4 2 3 2 4 2 3 2 4 2 3 2 1 4 4
0 26 4 2 3 2 4 2 3 2 2 3 0 2 3 0 4 2 3 2 3 1 2 2 4 2 4 2
0 10 2 3 0 4 4 4 2 3 2 1
0 30 2 3 0 4 4 4 2 3 2 4 2 3 2 4 2 3 2 1 1 1 1 1 1 1 4 2 2 4 2 2
0 14 2 3 0 2 3 0 2 3 0 2 3 0 4 4
0 36 3 0 2 3 0 2 3 0 2 3 0 2 3 0 2 3 0 2 3 0 2 3 0 2 3 0 2 3 0 2 3 0 2 3 0 2
0 23 2 3 0 2 3 0 2 3 0 2 3 0 2 3 0 3 0 2 3 0 2 3 0
0 37 4 2 3 2 2 3 0 2 3 0 3 0 2 3 0 2 3 0 2 3 0 2 3 0 2 3 0 4 2 3 2 1 1 4 2 4 2
0 10 3 2 3 0 2 3 0 4 2 3
0 24 4 2 3 2 2 3 0 2 3 0 4 2 3 2 4 2 3 2 2 3 0 2 3 0
0 28 2 3 0 2 3 0 2 3 0 2 3 0 4 4 4 4 4 4 4 1 1 1 2 2 4 4 4 2
0 16 2 3 0 2 3 0 4 2 3 2 3 0 4 2 3 2
0 11 3 0 4 2 3 2 2 3 0 4 2
0 14 3 2 3 0 2 3 0 2 3 0 2 3 0 2
0 6 3 0 2 3 0 2
0 32 2 3 0 2 3 0 2 3 0 2 3 0 4 2 3 2 4 2 3 2 2 3 0 2 3 0 2 3 0 1 2 4
0 42 4 2 3 2 4 2 3 2 2 3 0 2 3 0 2 3 0 4 4 2 3 2 2 3 0 2 3 0 2 3 0 2 3 0 2 3 0 1 2 2 2 2
0 33 4 2 3 2 2 3 0 2 3 0 2 3 0 2 3 0 2 3 0 4 2 3 2 2 3 0 2 3 0 2 3 0 2
0 12 4 2 3 2 4 2 3 2 2 3 0 2
0 14 4 2 3 2 4 4 4 4 1 2 4 4 2 2
0 9 4 4 4 4 4 2 3 2 2
0 26 2 3 0 2 3 0 2 3 0 2 3 0 2 3 0 2 3 0 3 4 4 4 1 2 4 4
0 5 3 1 1 4 4
0 18 4 2 3 2 4 2 3 2 4 2 3 2 1 2 4 4 4 2
0 21 4 2 3 2 4 4 4 4 4 2 3 2 3 0 1 1 2 2 2 2 2
0 16 2 3 0 2 3 0 2 3 0 2 3 0 2 3 0 1
0 31 3 0 2 3 0 2 3 0 2 3 0 2 3 0 2 3 0 2 3 0 2 3 0 2 3 0 2 3 0 2 3
0 16 2 3 0 2 3 0 2 3 0 4 2 3 2 1 1 4
0 13 4 4 4 4 4 2 3 2 2 3 0 2 3
0 8 2 3 0 1 4 4 2 4
0 5 3 0 3 0 2
0 7 4 2 3 2 3 3 2
0 20 4 2 3 2 4 4 4 4 4 2 3 2 3 0 1 1 2 2 2 2
0 13 4 4 4 4 4 4 4 4 4 4 4 4 2
0 20 2 3 0 2 3 0 2 3 0 2 3 0 4 4 4 4 4 4 4 1
0 25 3 2 3 0 2 3 0 2 3 0 2 3 0 2 3 0 3 4 2 3 2 1 2 2 4
0 25 2 3 0 2 3 0 2 3 0 2 3 0 2 3 0 2 3 0 2 3 0 3 0 4 4
0 60 2 3 0 2 3 0 2 3 0 2 3 0 4 2 3 2 4 2 3 2 2 3 0 2 3 0 2 3 0 2 3 0 2 3 0 2 3 0 2 3 0 2 3 0 2 3 0 4 2 3 2 1 1 1 1 1 1 4 2 4
0 8 3 0 4 2 3 2 4 2
0 17 4 2 3 2 4 2 3 2 4 2 3 2 4 2 3 2 4
0 27 4 2 3 2 2 3 0 2 3 0 2 3 0 2 3 0 2 3 0 2 3 0 2 3 0 2 3
0 51 2 3 0 2 3 0 2 3 0 2 3 0 2 3 0 2 3 0 2 3 0 2 3 0 2 3 0 2 3 0 2 3 0 2 3 0 2 3 0 2 3 0 2 3 0 2 3 0 2 3 0
0 25 2 3 0 2 3 0 2 3 0 2 3 0 2 3 0 2 3 0 2 3 0 2 3 0 2
0 16 4 2 3 2 4 2 3 2 2 3 0 2 3 0 1 2
0 44 3 0 2 3 0 2 3 0 2 3 0 2 3 0 2 3 0 2 3 0 2 3 0 2 3 0 2 3 0 2 3 0 2 3 0 2 3 0 2 3 0 2 3 0
0 19 3 0 4 2 3 2 2 3 0 4 2 3 2 1 1 4 2 4 4
0 18 4 4 4 4 4 4 4 2 3 2 4 2 3 2 1 1 1 4
0 11 4 4 4 2 3 2 4 2 3 2 2
0 7 4 2 3 2 2 3 0
0 37 2 3 0 2 3 0 2 3 0 2 3 0 4 2 3 2 4 2 3 2 2 3 0 2 3 0 2 3 0 2 3 0 2 3 0 2 3
0 17 3 4 2 3 2 4 2 3 2 3 1 1 1 1 1 1 2
0 15 4 2 3 2 4 2 3 2 2 3 0 2 3 0 1
0 15 4 2 3 2 4 4 4 4 4 2 3 2 3 0 1
0 12 4 2 3 2 4 2 3 2 1 1 2 4
0 14 4 2 3 2 2 3 0 2 3 0 3 0 2 3
0 12 4 2 3 2 2 3 0 2 3 0 4 2
0 26 4 2 3 2 2 3 0 2 3 0 2 3 0 2 3 0 2 3 0 2 3 0 4 2 3 2
0 14 2 3 0 4 2 3 2 4 2 3 2 3 4 2
0 27 2 3 0 2 3 0 2 3 0 2 3 0 4 2 3 2 1 1 1 1 1 1 4 4 2 2 4
0 4 3 0 3 0
0 12 4 2 3 2 1 1 1 1 1 1 1 4
0 11 3 2 3 0 2 3 0 2 3 0 2
0 10 2 3 0 2 3 0 3 0 4 2
0 12 4 2 3 2 4 4 4 4 4 4 1 2
0 28 3 0 2 3 0 2 3 0 2 3 0 2 3 0 2 3 0 2 3 0 2 3 0 2 3 0 2 3
0 19 2 3 0 2 3 0 2 3 0 2 3 0 2 3 0 3 0 2 3
0 19 4 2 3 2 4 4 4 4 4 4 4 4 4 1 1 1 1 1 4
0 11 4 2 3 2 4 2 3 2 1 4 2
0 8 3 4 2 3 2 4 2 3
0 15 2 3 0 2 3 0 4 2 3 2 3 0 4 2 3
0 15 4 2 3 2 2 3 0 2 3 0 3 0 2 3 0
0 33 2 3 0 2 3 0 2 3 0 2 3 0 4 2 3 2 4 2 3 2 2 3 0 2 3 0 2 3 0 1 2 4 2
0 11 4 2 3 2 3 4 2 3 2 2 3
0 16 4 2 3 2 3 4 2 3 2 2 3 0 2 3 0 2
0 33 4 2 3 2 2 3 0 2 3 0 2 3 0 2 3 0 2 3 0 2 3 0 2 3 0 2 3 0 2 3 0 2 3
0 19 4 2 3 2 4 2 3 2 4 2 3 2 3 2 3 0 2 3 0
0 40 4 4 4 2 3 0 2 3 0 2 3 0 2 3 0 3 0 2 3 0 2 3 0 2 3 0 2 3 0 2 3 0 4 2 3 2 1 1 4 2
0 7 3 0 4 2 3 2 4
0 4 1 1 4 4
0 2 3 4
0 18 3 0 4 2 3 2 4 2 3 2 4 2 3 2 4 4 4 4
0 50 3 0 2 3 0 2 3 0 2 3 0 2 3 0 2 3 0 2 3 0 2 3 0 2 3 0 2 3 0 2 3 0 2 3 0 2 3 0 2 3 0 2 3 0 2 3 0 2 3 0
0 32 4 2 3 2 4 2 3 2 2 3 0 2 3 0 2 3 0 4 4 2 3 2 2 3 0 2 3 0 2 3 0 2
0 19 3 4 2 3 2 4 2 3 2 3 1 1 1 1 1 1 2 4 4
0 23 4 4 4 4 2 3 2 2 3 0 2 3 0 2 3 0 2 3 0 4 2 3 2
0 18 4 2 3 2 4 2 3 2 2 3 0 2 3 0 1 2 4 2
0 49 3 0 2 3 0 2 3 0 2 3 0 2 3 0 2 3 0 2 3 0 2 3 0 2 3 0 2 3 0 2 3 0 2 3 0 2 3 0 2 3 0 2 3 0 2 3 0 2 3
0 16 3 0 3 3 0 1 1 1 1 1 1 2 4 4 2 2
0 28 2 3 0 2 3 0 2 3 0 2 3 0 2 3 0 2 3 0 2 3 0 3 0 4 4 2 3 2
0 23 4 4 4 4 4 4 4 4 4 4 4 4 2 3 2 4 2 3 2 3 1 1 2
0 22 4 2 3 2 4 2 3 2 4 2 3 2 4 2 3 2 4 4 4 1 2 2
0 17 4 2 3 2 4 2 3 2 1 1 1 1 2 4 4 4 2
0 18 4 4 4 2 3 2 4 2 3 2 2 3 0 1 1 4 2 4
0 37 4 2 3 2 2 3 0 2 3 0 2 3 0 2 3 0 2 3 0 2 3 0 4 2 3 2 2 3 0 2 3 0 4 2 3 2 1
0 20 4 2 3 2 2 3 0 2 3 0 2 3 0 2 3 0 4 4 2 3
0 21 2 3 0 2 3 0 2 3 0 2 3 0 2 3 0 3 0 2 3 0 2
0 12 4 2 3 2 4 2 3 2 4 4 4 4
0 35 4 2 3 2 2 3 0 2 3 0 2 3 0 2 3 0 2 3 0 2 3 0 2 3 0 2 3 0 4 4 4 4 4 4 1
0 28 3 2 3 0 2 3 0 2 3 0 2 3 0 2 3 0 3 4 2 3 2 1 2 2 4 2 4 4
0 43 3 0 2 3 0 2 3 0 2 3 0 2 3 0 2 3 0 2 3 0 2 3 0 2 3 0 2 3 0 2 3 0 2 3 0 2 3 0 2 3 0 2 3
0 3 2 3 0
0 34 4 2 3 2 2 3 0 2 3 0 2 3 0 2 3 0 2 3 0 2 3 0 2 3 0 2 3 0 4 4 4 4 4 4
0 22 2 3 0 2 3 0 2 3 0 2 3 0 2 3 0 3 0 2 3 0 2 3
0 14 2 3 0 2 3 0 3 0 4 2 3 2 2 3
0 24 4 2 3 2 4 2 3 2 4 2 3 2 3 4 2 3 2 2 3 0 1 1 4 4
0 26 2 3 0 2 3 0 3 0 4 2 3 2 2 3 0 2 3 0 2 3 0 2 3 0 1 2
0 25 4 2 3 2 2 3 0 2 3 0 2 3 0 2 3 0 2 3 0 4 2 3 2 2 3
0 15 4 2 3 2 4 2 3 2 4 2 3 2 3 0 4
0 24 2 3 0 2 3 0 2 3 0 2 3 0 2 3 0 3 0 2 3 0 2 3 0 2
0 5 4 4 2 3 0
0 42 2 3 0 2 3 0 2 3 0 2 3 0 2 3 0 2 3 0 2 3 0 2 3 0 2 3 0 2 3 0 2 3 0 2 3 0 2 3 0 2 3 0
0 21 4 2 3 2 2 3 0 2 3 0 2 3 0 2 3 0 2 3 0 4 2
0 9 4 4 4 4 3 0 2 3 0
0 32 4 2 3 2 2 3 0 2 3 0 2 3 0 2 3 0 2 3 0 2 3 0 2 3 0 2 3 0 2 3 0 2
0 47 3 0 2 3 0 2 3 0 2 3 0 2 3 0 2 3 0 2 3 0 2 3 0 2 3 0 2 3 0 2 3 0 2 3 0 2 3 0 2 3 0 2 3 0 2 3 0
0 6 1 1 4 4 2 4
0 29 4 2 3 2 2 3 0 2 3 0 2 3 0 2 3 0 2 3 0 2 3 0 2 3 0 2 3 0 2
0 12 4 2 3 2 2 3 0 2 3 0 3 0
0 8 1 1 4 2 2 4 2 2
0 8 4 4 4 2 3 2 1 2
0 12 4 4 4 4 3 0 2 3 0 4 2 3
0 4 4 4 2 3
0 30 2 3 0 2 3 0 2 3 0 2 3 0 2 3 0 2 3 0 2 3 0 3 0 4 4 2 3 2 4 2
0 20 2 3 0 4 2 3 2 4 2 3 2 3 4 2 3 2 4 2 3 2
0 25 4 4 4 4 4 2 3 2 2 3 0 2 3 0 2 3 0 2 3 0 2 3 0 2 3
0 29 2 3 0 2 3 0 2 3 0 2 3 0 2 3 0 2 3 0 2 3 0 2 3 0 2 3 0 2 3
0 16 4 2 3 2 2 3 0 2 3 0 2 3 0 2 3 0
0 4 1 1 2 4
0 26 4 4 2 3 0 2 3 0 2 3 0 2 3 0 2 3 0 2 3 0 1 1 2 2 2 4
0 10 4 4 4 4 3 0 2 3 0 2
0 36 2 3 0 2 3 0 2 3 0 2 3 0 4 2 3 2 4 2 3 2 2 3 0 2 3 0 2 3 0 1 2 4 2 2 2 2
0 13 4 2 3 2 4 2 3 2 3 0 4 2 3
0 18 4 2 3 2 4 2 3 2 2 3 0 2 3 0 2 3 0 2
0 12 3 2 3 0 2 3 0 4 2 3 2 1
0 8 4 4 4 4 2 3 2 1
0 17 4 4 4 2 3 2 4 2 3 2 2 3 0 1 1 4 2
0 22 4 4 4 4 4 2 3 2 2 3 0 2 3 0 2 3 0 2 3 0 2 3
0 21 4 2 3 2 4 2 3 2 4 2 3 2 4 2 3 2 4 1 1 1 2
0 14 4 2 3 2 4 2 3 2 4 4 4 4 4 4
0 21 3 0 2 3 0 2 3 0 2 3 0 2 3 0 2 3 0 2 3 0 2
0 4 4 2 3 2
0 12 3 0 3 0 2 3 0 2 3 0 2 3
0 25 2 3 0 2 3 0 2 3 0 2 3 0 4 4 4 4 4 4 4 1 1 1 2 2 4
0 12 4 4 2 3 0 2 3 0 2 3 0 2
0 24 4 2 3 2 4 2 3 2 2 3 0 2 3 0 2 3 0 2 3 0 4 2 3 2
0 32 4 2 3 2 4 2 3 2 4 2 3 2 3 2 3 0 2 3 0 2 3 0 2 3 0 4 2 3 2 1 1 2
0 18 4 2 3 2 4 2 3 2 4 4 4 4 4 4 4 4 4 2
0 16 4 4 4 4 2 3 0 1 1 1 1 1 1 2 2 2
0 16 2 3 0 2 3 0 2 3 0 2 3 0 2 3 0 4
0 17 3 0 2 3 0 2 3 0 2 3 0 2 3 0 2 3 0
0 18 4 2 3 2 3 4 2 3 2 2 3 0 2 3 0 2 3 0
0 22 2 3 0 2 3 0 3 0 4 2 3 2 2 3 0 2 3 0 2 3 0 2
0 26 3 0 2 3 0 2 3 0 2 3 0 2 3 0 2 3 0 2 3 0 2 3 0 2 3 0
0 35 2 3 0 2 3 0 2 3 0 2 3 0 2 3 0 4 4 4 4 4 4 2 3 2 1 1 1 1 1 1 1 2 2 4 2
0 22 4 2 3 2 2 3 0 2 3 0 2 3 0 2 3 0 4 4 2 3 2 4
0 57 2 3 0 2 3 0 2 3 0 2 3 0 2 3 0 2 3 0 2 3 0 2 3 0 2 3 0 2 3 0 2 3 0 2 3 0 2 3 0 2 3 0 2 3 0 2 3 0 2 3 0 2 3 0 2 3 0
0 14 4 4 4 2 3 2 4 2 3 2 2 3 0 1
0 43 2 3 0 2 3 0 2 3 0 2 3 0 4 2 3 2 4 2 3 2 2 3 0 2 3 0 2 3 0 2 3 0 2 3 0 2 3 0 2 3 0 2 3
0 27 4 2 3 2 4 2 3 2 2 3 0 2 3 0 2 3 0 2 3 0 2 3 0 2 3 0 1
0 9 1 1 1 1 1 1 4 4 4
0 29 4 4 4 4 4 2 3 2 2 3 0 2 3 0 2 3 0 2 3 0 2 3 0 2 3 0 3 1 4
0 51 3 0 2 3 0 2 3 0 2 3 0 2 3 0 2 3 0 2 3 0 2 3 0 2 3 0 2 3 0 2 3 0 2 3 0 2 3 0 2 3 0 2 3 0 2 3 0 2 3 0 3
0 32 2 3 0 2 3 0 2 3 0 2 3 0 4 2 3 2 4 2 3 2 2 3 0 2 3 0 2 3 0 2 3 0
0 19 4 2 3 2 4 2 3 2 1 1 1 1 1 1 1 2 2 4 4
0 14 2 3 0 2 3 0 2 3 0 2 3 0 4 2
0 17 4 2 3 2 4 2 3 2 4 4 4 4 4 4 4 4 4
0 20 3 0 4 2 3 2 4 2 3 2 4 2 3 2 4 4 4 4 4 1
0 38 4 2 3 2 4 2 3 2 2 3 0 2 3 0 2 3 0 4 4 2 3 2 2 3 0 2 3 0 2 3 0 2 3 0 2 3 0 1
0 29 4 2 3 2 2 3 0 2 3 0 3 0 2 3 0 2 3 0 2 3 0 2 3 0 2 3 0 4 2
0 31 4 2 3 2 4 2 3 2 2 3 0 2 3 0 2 3 0 2 3 0 2 3 0 2 3 0 4 2 3 2 4
0 30 4 2 3 2 2 3 0 2 3 0 2 3 0 2 3 0 4 4 2 3 2 4 4 4 2 3 2 1 2 2
0 21 4 2 3 2 2 3 0 2 3 0 3 0 2 3 0 2 3 0 2 3 0
0 17 4 4 2 3 0 2 3 0 2 3 0 2 3 0 2 3 0
0 17 4 2 3 2 4 2 3 2 2 3 0 2 3 0 2 3 0
0 9 2 3 0 4 2 3 2 4 2
0 25 4 2 3 2 4 2 3 2 3 0 4 2 3 2 4 2 3 2 4 2 3 2 1 2 2
0 7 1 1 1 1 1 1 4
0 11 2 3 0 2 3 0 3 0 4 2 3
0 44 3 2 3 0 2 3 0 2 3 0 4 2 3 2 4 2 3 2 2 3 0 2 3 0 2 3 0 2 3 0 2 3 0 1 1 1 1 1 1 1 2 2 2 4
0 26 2 3 0 2 3 0 2 3 0 2 3 0 4 2 3 2 3 0 2 3 0 2 3 0 1 2
0 15 2 3 0 2 3 0 3 0 4 2 3 2 2 3 0
0 35 4 2 3 2 2 3 0 2 3 0 2 3 0 2 3 0 2 3 0 4 2 3 2 2 3 0 2 3 0 2 3 0 2 3 0
0 20 2 3 0 2 3 0 2 3 0 2 3 0 4 2 3 2 2 3 0 2
0 4 3 0 4 2
0 17 4 2 3 2 2 3 0 4 2 3 2 1 2 4 4 4 2
0 15 4 2 3 2 2 3 0 2 3 0 2 3 0 1 2
0 35 2 3 0 2 3 0 2 3 0 2 3 0 4 2 3 2 4 2 3 2 2 3 0 2 3 0 2 3 0 1 2 4 2 2 2
0 8 4 2 3 2 2 3 0 4
0 18 4 2 3 2 4 2 3 2 4 2 3 2 4 2 3 2 2 3
0 21 4 2 3 2 2 3 0 2 3 0 2 3 0 2 3 0 2 3 0 2 3
0 30 4 2 3 2 4 2 3 2 4 4 4 4 4 4 4 4 4 2 3 0 2 3 0 2 3 0 2 3 0 2
0 15 4 2 3 2 4 2 3 2 4 4 4 4 4 1 2
0 5 4 2 3 2 2
0 3 3 3 2
0 22 4 2 3 2 4 4 4 4 4 4 4 4 4 1 1 1 1 1 4 4 2 2
0 25 4 4 4 4 4 4 4 4 4 4 4 4 2 3 2 4 2 3 2 3 1 1 2 2 2
0 11 2 3 0 4 2 3 2 4 2 3 2
0 15 2 3 0 2 3 0 2 3 0 2 3 0 4 4 4
0 61 2 3 0 2 3 0 2 3 0 2 3 0 4 2 3 2 4 2 3 2 2 3 0 2 3 0 2 3 0 2 3 0 2 3 0 2 3 0 2 3 0 2 3 0 2 3 0 4 2 3 2 1 1 1 1 1 1 4 2 4 2
0 27 4 2 3 2 4 2 3 2 2 3 0 2 3 0 2 3 0 2 3 0 4 2 3 2 1 2 2
0 24 2 3 0 2 3 0 3 0 4 2 3 2 2 3 0 2 3 0 2 3 0 2 3 0
0 24 4 2 3 2 4 4 4 4 4 4 4 4 4 1 1 1 1 1 4 4 2 2 2 2
0 23 4 2 3 2 2 3 0 2 3 0 2 3 0 2 3 0 2 3 0 2 3 0 4
0 17 4 2 3 2 4 2 3 2 4 2 3 2 4 2 3 2 1
0 15 4 2 3 2 4 2 3 2 1 1 1 1 2 4 4
0 20 4 2 3 2 4 2 3 2 1 1 1 1 1 1 1 2 2 4 4 2
0 1 2
0 31 2 3 0 2 3 0 2 3 0 2 3 0 2 3 0 2 3 0 2 3 0 3 0 4 4 2 3 2 4 2 3
0 10 4 4 2 3 0 2 3 0 2 3
0 33 2 3 0 2 3 0 2 3 0 2 3 0 2 3 0 2 3 0 2 3 0 3 0 4 4 2 3 2 4 2 3 2 1
0 34 4 2 3 2 4 2 3 2 4 2 3 2 4 2 3 2 2 3 0 2 3 0 2 3 0 1 1 1 1 1 1 1 2 4
0 31 2 3 0 2 3 0 2 3 0 2 3 0 4 2 3 2 4 2 3 2 2 3 0 2 3 0 2 3 0 2 3
0 8 3 3 2 3 0 2 3 0
0 27 2 3 0 2 3 0 2 3 0 2 3 0 2 3 0 2 3 0 3 4 4 4 1 2 4 4 4
0 14 4 4 4 4 4 2 3 2 2 3 0 2 3 0
0 7 2 3 0 2 3 0 3
0 14 2 3 0 2 3 0 2 3 0 4 2 3 2 3
0 23 2 3 0 2 3 0 2 3 0 2 3 0 2 3 0 1 1 1 1 2 4 2 2
0 8 4 4 4 2 3 2 4 2
0 13 4 2 3 2 3 4 2 3 2 2 3 0 2
0 23 2 3 0 2 3 0 2 3 0 2 3 0 2 3 0 2 3 0 3 4 4 4 1
0 32 4 2 3 2 2 3 0 2 3 0 2 3 0 2 3 0 2 3 0 2 3 0 2 3 0 2 3 0 4 4 4 4
0 17 2 3 0 2 3 0 2 3 0 2 3 0 4 4 4 4 4
0 18 4 2 3 2 4 2 3 2 2 3 0 2 3 0 4 2 3 2
0 16 3 2 3 0 2 3 0 2 3 0 2 3 0 2 3 0
0 26 4 2 3 2 4 2 3 2 2 3 0 2 3 0 2 3 0 2 3 0 4 2 3 2 1 2
0 23 4 2 3 2 2 3 0 2 3 0 2 3 0 2 3 0 2 3 0 4 2 3 2
0 12 4 2 3 2 4 4 4 4 4 2 3 2
0 11 4 2 3 2 4 2 3 2 4 4 4
0 12 4 2 3 2 3 3 2 3 0 2 3 0
0 22 4 4 4 4 2 3 2 2 3 0 2 3 0 2 3 0 2 3 0 4 2 3
0 12 4 2 3 2 2 3 0 4 2 3 2 1
0 13 4 2 3 2 3 0 4 4 4 4 4 4 2
0 45 2 3 0 2 3 0 2 3 0 2 3 0 4 2 3 2 4 2 3 2 2 3 0 2 3 0 2 3 0 2 3 0 2 3 0 2 3 0 2 3 0 2 3 0 2
0 12 4 2 3 2 3 0 4 4 4 4 4 4
0 21 4 2 3 2 4 2 3 2 4 2 3 2 4 2 3 2 4 4 4 1 2
0 21 4 4 4 2 3 0 2 3 0 2 3 0 2 3 0 3 0 2 3 0 2
0 33 3 0 2 3 0 2 3 0 2 3 0 2 3 0 2 3 0 2 3 0 2 3 0 2 3 0 2 3 0 2 3 0 2
0 23 2 3 0 2 3 0 2 3 0 2 3 0 4 2 3 2 1 1 1 1 1 1 4
0 10 4 4 4 4 4 4 4 2 3 2
0 17 4 4 4 4 2 3 0 1 1 1 1 1 1 2 2 2 2
0 49 2 3 0 2 3 0 2 3 0 2 3 0 4 2 3 2 4 2 3 2 2 3 0 2 3 0 2 3 0 2 3 0 2 3 0 2 3 0 2 3 0 2 3 0 2 3 0 4 2
0 13 3 2 3 0 2 3 0 2 3 0 4 2 3
0 19 4 2 3 2 4 4 4 4 4 2 3 2 3 0 1 1 2 2 2
0 14 4 4 4 4 2 3 0 1 1 1 1 1 1 2
0 26 2 3 0 2 3 0 2 3 0 2 3 0 4 2 3 2 4 2 3 2 2 3 0 2 3 0
0 23 2 3 0 2 3 0 3 0 4 2 3 2 2 3 0 2 3 0 2 3 0 2 3
0 15 4 4 4 2 3 0 2 3 0 2 3 0 2 3 0
0 24 4 4 2 3 0 2 3 0 2 3 0 2 3 0 2 3 0 2 3 0 1 1 2 2
0 17 4 4 4 4 3 0 2 3 0 4 2 3 2 1 1 4 4
0 13 4 2 3 2 2 3 0 2 3 0 2 3 0
0 58 2 3 0 2 3 0 2 3 0 2 3 0 2 3 0 2 3 0 2 3 0 2 3 0 2 3 0 2 3 0 2 3 0 2 3 0 2 3 0 2 3 0 2 3 0 2 3 0 2 3 0 2 3 0 2 3 0 1
0 17 4 2 3 2 4 2 3 2 4 2 3 2 1 2 4 4 4
0 15 4 2 3 2 4 2 3 2 2 3 0 2 3 0 2
0 26 2 3 0 2 3 0 2 3 0 2 3 0 2 3 0 2 3 0 2 3 0 2 3 0 2 3
0 7 2 3 0 2 3 0 4
0 25 4 2 3 2 2 3 0 2 3 0 2 3 0 2 3 0 2 3 0 2 3 0 2 3 0
0 22 3 2 3 0 2 3 0 2 3 0 4 2 3 2 4 2 3 2 2 3 0 2
0 12 2 3 0 4 4 4 2 3 2 1 2 2
0 25 3 0 3 0 2 3 0 2 3 0 2 3 0 2 3 0 2 3 0 2 3 0 3 0 4
0 21 2 3 0 2 3 0 2 3 0 2 3 0 2 3 0 4 4 4 4 4 4
0 32 4 2 3 2 4 2 3 2 4 4 4 4 4 4 4 4 4 2 3 0 2 3 0 2 3 0 2 3 0 2 3 0
0 23 4 2 3 2 2 3 0 2 3 0 4 2 3 2 4 2 3 2 2 3 0 2 3
0 23 2 3 0 2 3 0 2 3 0 2 3 0 2 3 0 2 3 0 3 3 4 2 3
0 21 2 3 0 2 3 0 2 3 0 2 3 0 2 3 0 1 1 1 1 2 4
0 48 2 3 0 2 3 0 2 3 0 2 3 0 4 2 3 2 4 2 3 2 2 3 0 2 3 0 2 3 0 2 3 0 2 3 0 2 3 0 2 3 0 2 3 0 2 3 0 4
0 18 2 3 0 4 2 3 2 4 2 3 2 3 4 2 3 2 4 2
0 6 4 4 4 2 3 2
0 6 4 4 4 2 3 0
0 25 2 3 0 2 3 0 2 3 0 2 3 0 4 2 3 2 4 2 3 2 2 3 0 2 3
0 33 4 2 3 2 4 2 3 2 4 2 3 2 3 2 3 0 2 3 0 2 3 0 2 3 0 4 2 3 2 1 1 2 4
0 28 4 2 3 2 4 2 3 2 3 0 4 2 3 2 4 2 3 2 4 2 3 2 1 2 2 4 2 2
0 25 2 3 0 2 3 0 2 3 0 2 3 0 4 2 3 2 1 1 1 1 1 1 4 4 2
0 29 2 3 0 2 3 0 2 3 0 2 3 0 2 3 0 2 3 0 3 4 4 4 1 2 4 4 4 2 2
0 28 4 2 3 2 4 2 3 2 2 3 0 2 3 0 2 3 0 2 3 0 4 2 3 2 4 2 3 2
0 35 4 2 3 2 2 3 0 2 3 0 2 3 0 2 3 0 2 3 0 2 3 0 2 3 0 2 3 0 2 3 0 2 3 0 2
0 20 4 2 3 2 4 2 3 2 2 3 0 2 3 0 1 2 4 2 4 4
0 19 3 0 3 0 2 3 0 2 3 0 2 3 0 2 3 0 2 3 0
0 39 3 0 2 3 0 2 3 0 2 3 0 2 3 0 2 3 0 2 3 0 2 3 0 2 3 0 2 3 0 2 3 0 2 3 0 2 3 0 2
0 12 4 2 3 2 2 3 0 2 3 0 2 3
0 13 4 4 4 2 3 2 4 2 3 2 2 3 0
0 5 4 4 4 2 3
0 16 4 2 3 2 2 3 0 4 2 3 2 1 2 2 4 4
0 8 1 1 1 1 1 4 2 2
0 29 2 3 0 2 3 0 2 3 0 2 3 0 4 2 3 2 2 3 0 2 3 0 1 2 2 2 2 2 4
0 18 4 2 3 2 3 3 2 3 0 2 3 0 2 3 0 2 3 0
0 12 3 0 4 2 3 2 2 3 0 4 2 3
0 25 4 2 3 2 4 2 3 2 2 3 0 2 3 0 2 3 0 2 3 0 2 3 0 2 3
0 7 4 4 4 2 3 2 4
0 18 4 2 3 2 3 0 4 4 4 4 4 4 2 3 2 1 1 4
0 15 4 2 3 2 3 4 2 3 2 2 3 0 2 3 0
0 12 2 3 0 4 2 3 2 4 2 3 2 3
0 22 4 2 3 2 2 3 0 2 3 0 3 0 2 3 0 2 3 0 2 3 0 2
0 29 4 2 3 2 4 2 3 2 2 3 0 2 3 0 2 3 0 2 3 0 4 2 3 2 1 2 2 2 4
0 8 4 4 4 2 3 0 2 3
0 17 3 0 3 3 0 1 1 1 1 1 1 2 4 4 2 2 2
0 24 4 2 3 2 4 2 3 2 2 3 0 2 3 0 2 3 0 2 3 0 2 3 0 2
0 22 4 2 3 2 3 3 2 3 0 2 3 0 2 3 0 2 3 0 4 2 3 2
0 24 2 3 0 2 3 0 2 3 0 2 3 0 2 3 0 2 3 0 2 3 0 3 0 4
0 22 2 3 0 2 3 0 2 3 0 2 3 0 4 2 3 2 3 0 2 3 0 2
0 36 2 3 0 2 3 0 2 3 0 2 3 0 2 3 0 2 3 0 2 3 0 2 3 0 2 3 0 2 3 0 2 3 0 2 3 0
0 7 4 2 3 2 3 0 4
0 12 4 2 3 2 4 4 4 4 4 4 3 0
0 10 4 2 3 2 4 2 3 2 4 2
0 29 2 3 0 2 3 0 2 3 0 2 3 0 4 2 3 2 3 0 2 3 0 2 3 0 1 2 2 2 2
0 12 2 3 0 2 3 0 3 0 4 2 3 2
0 25 4 2 3 2 4 4 4 4 4 4 3 0 1 1 1 1 1 1 1 2 4 2 2 4 2
0 33 4 2 3 2 4 2 3 2 2 3 0 2 3 0 2 3 0 2 3 0 2 3 0 2 3 0 4 2 3 2 4 1 4
0 24 4 2 3 2 4 2 3 2 4 4 4 4 4 4 4 4 4 2 3 0 2 3 0 2
0 59 2 3 0 2 3 0 2 3 0 2 3 0 2 3 0 2 3 0 2 3 0 2 3 0 2 3 0 2 3 0 2 3 0 2 3 0 2 3 0 2 3 0 2 3 0 2 3 0 2 3 0 2 3 0 2 3 0 1 2
0 15 3 0 2 3 0 2 3 0 2 3 0 2 3 0 2
0 12 4 2 3 2 4 4 4 4 4 4 4 4
0 34 4 2 3 2 2 3 0 2 3 0 2 3 0 2 3 0 2 3 0 2 3 0 2 3 0 2 3 0 2 3 0 2 3 0
0 14 4 2 3 2 2 3 0 2 3 0 2 3 0 1
0 23 3 3 2 3 0 2 3 0 2 3 0 4 2 3 2 1 1 1 1 1 1 4 4
0 27 4 2 3 2 4 2 3 2 2 3 0 2 3 0 2 3 0 2 3 0 4 2 3 2 4 2 3
0 27 4 2 3 2 4 2 3 2 4 2 3 2 3 2 3 0 2 3 0 2 3 0 2 3 0 4 2
0 18 4 4 4 4 3 0 2 3 0 4 2 3 2 1 1 4 4 2
0 23 2 3 0 2 3 0 2 3 0 2 3 0 2 3 0 2 3 0 2 3 0 2 3
0 8 4 4 4 4 4 4 4 2
0 18 3 0 2 3 0 2 3 0 2 3 0 2 3 0 2 3 0 2
0 39 2 3 0 2 3 0 2 3 0 2 3 0 2 3 0 2 3 0 2 3 0 2 3 0 2 3 0 2 3 0 2 3 0 2 3 0 2 3 0
0 28 4 2 3 2 2 3 0 2 3 0 3 0 2 3 0 2 3 0 2 3 0 2 3 0 2 3 0 4
0 19 4 2 3 2 4 2 3 2 4 2 3 2 4 2 3 2 4 4 4
0 26 4 2 3 2 4 2 3 2 2 3 0 2 3 0 2 3 0 2 3 0 2 3 0 2 3 0
0 8 4 4 4 4 2 3 2 2
0 18 2 3 0 4 4 4 2 3 2 4 2 3 2 4 2 3 2 1
0 18 4 2 3 2 4 2 3 2 2 3 0 2 3 0 2 3 0 4
0 21 4 2 3 2 4 2 3 2 4 4 4 4 4 4 4 4 4 2 3 0 2
0 18 4 2 3 2 4 2 3 2 1 1 1 1 1 1 1 2 2 4
0 18 2 3 0 2 3 0 2 3 0 2 3 0 4 2 3 2 2 3
0 15 4 2 3 2 4 2 3 2 4 2 3 2 3 4 2
0 35 3 0 2 3 0 2 3 0 2 3 0 2 3 0 2 3 0 2 3 0 2 3 0 2 3 0 2 3 0 2 3 0 2 3 0
0 28 4 2 3 2 2 3 0 2 3 0 2 3 0 2 3 0 2 3 0 4 2 3 2 2 3 0 2 3
0 9 3 0 3 0 2 3 0 2 3
0 6 1 1 1 1 1 2
0 7 3 0 2 3 0 2 3
0 40 4 2 3 2 2 3 0 2 3 0 2 3 0 2 3 0 2 3 0 2 3 0 2 3 0 2 3 0 2 3 0 2 3 0 2 3 0 4 2 3
0 9 2 3 0 1 4 4 2 4 4
0 28 4 4 4 4 4 2 3 2 2 3 0 2 3 0 2 3 0 2 3 0 2 3 0 2 3 0 3 1
0 46 2 3 0 2 3 0 2 3 0 2 3 0 2 3 0 2 3 0 2 3 0 2 3 0 2 3 0 2 3 0 2 3 0 2 3 0 2 3 0 2 3 0 2 3 0 2
0 22 2 3 0 2 3 0 2 3 0 2 3 0 2 3 0 4 4 4 4 4 4 2
0 12 4 2 3 2 4 2 3 2 1 4 2 2
0 14 3 0 3 3 0 1 1 1 1 1 1 2 4 4
0 4 3 0 3 3
0 33 4 2 3 2 2 3 0 2 3 0 2 3 0 2 3 0 2 3 0 2 3 0 4 2 3 2 2 3 0 2 3 0 4
0 19 4 2 3 2 4 2 3 2 4 4 4 4 4 4 4 4 4 2 3
0 15 4 2 3 2 3 0 4 4 4 4 4 4 2 3 2
0 13 4 2 3 2 4 2 3 2 1 4 2 2 4
0 9 4 2 3 2 4 4 4 4 1
0 22 4 2 3 2 2 3 0 2 3 0 2 3 0 2 3 0 2 3 0 2 3 0
0 17 4 2 3 2 2 3 0 2 3 0 2 3 0 1 2 4 2
0 24 4 2 3 2 2 3 0 2 3 0 2 3 0 2 3 0 2 3 0 4 2 3 2 2
0 10 4 2 3 2 4 2 3 2 2 3
0 6 4 2 3 2 4 2
0 30 2 3 0 2 3 0 2 3 0 2 3 0 2 3 0 2 3 0 2 3 0 2 3 0 2 3 0 2 3 0
0 18 4 2 3 2 4 2 3 2 4 2 3 2 3 4 2 3 2 2
0 49 2 3 0 2 3 0 2 3 0 2 3 0 2 3 0 2 3 0 2 3 0 2 3 0 2 3 0 2 3 0 2 3 0 2 3 0 2 3 0 2 3 0 2 3 0 2 3 0 2
0 10 3 0 3 0 2 3 0 2 3 0
0 36 4 2 3 2 2 3 0 2 3 0 3 0 2 3 0 2 3 0 2 3 0 2 3 0 2 3 0 4 2 3 2 1 1 4 2 4
0 20 4 2 3 2 4 2 3 2 3 0 4 2 3 2 4 2 3 2 4 2
0 25 4 2 3 2 4 2 3 2 2 3 0 2 3 0 2 3 0 2 3 0 1 1 2 2 4
0 13 2 3 0 2 3 0 4 2 3 2 3 0 4
0 15 3 0 3 0 2 3 0 2 3 0 2 3 0 2 3
0 13 2 3 0 4 2 3 2 4 2 3 2 3 4
0 19 4 2 3 2 4 2 3 2 2 3 0 2 3 0 4 2 3 2 3
0 54 2 3 0 2 3 0 2 3 0 2 3 0 2 3 0 2 3 0 2 3 0 2 3 0 2 3 0 2 3 0 2 3 0 2 3 0 2 3 0 2 3 0 2 3 0 2 3 0 2 3 0 2 3 0
0 31 4 2 3 2 2 3 0 2 3 0 2 3 0 2 3 0 2 3 0 2 3 0 2 3 0 2 3 0 4 4 4
0 8 4 4 4 4 3 0 2 3
0 16 3 0 4 2 3 2 2 3 0 4 2 3 2 1 1 4
0 29 4 2 3 2 4 2 3 2 4 4 4 4 4 4 4 4 4 2 3 0 2 3 0 2 3 0 2 3 0
0 13 4 2 3 2 4 2 3 2 4 2 3 2 4
0 10 4 2 3 2 2 3 0 4 2 3
0 8 3 0 3 0 2 3 0 2
0 17 2 3 0 2 3 0 4 2 3 2 3 0 4 2 3 2 1
0 21 4 2 3 2 4 4 4 4 4 4 3 0 1 1 1 1 1 1 1 2 4
0 6 2 3 0 2 3 0
0 11 4 4 4 4 1 2 2 2 2 2 2
0 30 4 2 3 2 4 2 3 2 2 3 0 2 3 0 2 3 0 2 3 0 4 2 3 2 1 2 2 2 4 2
0 15 4 4 4 4 4 2 3 2 2 3 0 2 3 0 2
0 21 4 2 3 2 3 3 2 3 0 2 3 0 2 3 0 2 3 0 4 2 3
0 29 4 2 3 2 4 2 3 2 4 2 3 2 4 2 3 2 4 2 3 2 1 1 1 2 4 2 2 2 2
0 22 3 0 2 3 0 2 3 0 2 3 0 2 3 0 2 3 0 2 3 0 2 3
0 11 2 3 0 2 3 0 4 2 3 2 3
0 33 4 2 3 2 4 2 3 2 4 2 3 2 4 2 3 2 2 3 0 2 3 0 2 3 0 1 1 1 1 1 1 1 2
0 11 3 3 2 3 0 2 3 0 2 3 0
0 23 4 2 3 2 2 3 0 2 3 0 2 3 0 2 3 0 4 4 2 3 2 4 4
0 27 4 4 2 3 0 2 3 0 2 3 0 2 3 0 2 3 0 2 3 0 1 1 2 2 2 4 4
0 28 4 2 3 2 4 2 3 2 2 3 0 2 3 0 2 3 0 2 3 0 2 3 0 2 3 0 4 2
0 23 4 2 3 2 2 3 0 2 3 0 3 0 2 3 0 2 3 0 2 3 0 2 3
0 18 3 2 3 0 2 3 0 2 3 0 4 2 3 2 4 2 3 2
0 15 4 4 4 4 2 3 2 2 3 0 2 3 0 2 3
0 53 3 0 2 3 0 2 3 0 2 3 0 2 3 0 2 3 0 2 3 0 2 3 0 2 3 0 2 3 0 2 3 0 2 3 0 2 3 0 2 3 0 2 3 0 2 3 0 2 3 0 3 1 2
0 19 4 2 3 2 4 2 3 2 2 3 0 2 3 0 2 3 0 2 3
0 14 4 2 3 2 4 2 3 2 2 3 0 2 3 0
0 7 4 4 4 4 4 2 3
0 9 4 4 4 4 2 3 2 2 3
0 19 4 4 4 4 4 2 3 2 2 3 0 2 3 0 2 3 0 2 3
0 22 4 2 3 2 4 2 3 2 4 2 3 2 4 2 3 2 2 3 0 2 3 0
0 17 4 2 3 2 3 4 2 3 2 2 3 0 2 3 0 2 3
0 27 2 3 0 2 3 0 2 3 0 2 3 0 2 3 0 3 0 2 3 0 2 3 0 2 3 0 1
0 39 4 2 3 2 4 2 3 2 2 3 0 2 3 0 2 3 0 4 4 2 3 2 2 3 0 2 3 0 2 3 0 2 3 0 2 3 0 1 2
0 28 4 4 4 4 2 3 2 2 3 0 2 3 0 2 3 0 2 3 0 4 2 3 2 1 1 1 1 2
0 9 4 2 3 2 4 2 3 2 4
0 13 4 2 3 2 4 4 4 4 4 4 1 2 2
0 14 4 2 3 2 4 2 3 2 4 4 4 4 2 3
0 25 3 0 4 2 3 2 4 2 3 2 4 2 3 2 4 4 4 4 4 1 1 1 1 2 2
0 24 4 2 3 2 4 2 3 2 3 0 4 2 3 2 4 2 3 2 4 2 3 2 1 2
0 7 2 3 0 4 2 3 2
0 20 4 2 3 2 4 2 3 2 4 2 3 2 3 4 2 3 2 2 3 0
0 28 2 3 0 2 3 0 2 3 0 2 3 0 2 3 0 2 3 0 2 3 0 2 3 0 2 3 0 2
0 14 4 2 3 2 4 2 3 2 4 2 3 2 3 0
0 26 3 2 3 0 2 3 0 2 3 0 4 2 3 2 4 2 3 2 2 3 0 2 3 0 2 3
0 21 4 2 3 2 4 2 3 2 4 2 3 2 3 2 3 0 2 3 0 2 3
0 2 3 1
0 11 4 4 2 3 0 2 3 0 2 3 0
0 26 2 3 0 2 3 0 2 3 0 2 3 0 4 2 3 2 1 1 1 1 1 1 4 4 2 2
0 27 2 3 0 2 3 0 2 3 0 2 3 0 4 2 3 2 4 2 3 2 2 3 0 2 3 0 2
0 15 4 2 3 2 4 2 3 2 4 4 4 4 4 4 4
0 25 4 2 3 2 4 2 3 2 2 3 0 2 3 0 4 2 3 2 3 1 2 2 4 2 4
0 23 4 2 3 2 3 0 4 4 4 4 4 4 2 3 2 1 1 1 1 1 2 4 2
0 5 2 3 0 1 4
0 20 4 2 3 2 3 3 2 3 0 2 3 0 2 3 0 2 3 0 4 2
0 14 4 2 3 2 2 3 0 4 2 3 2 1 2 2
0 25 3 0 2 3 0 2 3 0 2 3 0 2 3 0 2 3 0 2 3 0 2 3 0 2 3
0 9 3 0 4 2 3 2 4 2 3
0 16 4 2 3 2 4 2 3 2 2 3 0 2 3 0 4 2
0 4 1 2 4 2
0 21 4 2 3 2 4 2 3 2 4 2 3 2 4 2 3 2 4 2 3 2 4
0 21 3 0 3 0 2 3 0 2 3 0 2 3 0 2 3 0 2 3 0 2 3
0 7 3 2 3 0 2 3 0
0 17 4 2 3 2 2 3 0 2 3 0 4 2 3 2 4 2 3
0 31 2 3 0 2 3 0 2 3 0 2 3 0 2 3 0 2 3 0 2 3 0 2 3 0 2 3 0 2 3 0 2
0 16 2 3 0 2 3 0 2 3 0 2 3 0 2 3 0 2
0 30 4 2 3 2 4 2 3 2 3 0 4 2 3 2 4 2 3 2 4 2 3 2 1 2 2 4 2 2 4 2
0 18 4 2 3 2 4 2 3 2 1 1 1 1 1 1 1 4 4 2
0 13 2 3 0 2 3 0 4 2 3 2 4 2 3
0 20 3 2 3 0 2 3 0 2 3 0 2 3 0 2 3 0 3 4 2 3
0 9 2 3 0 2 3 0 2 3 0
0 34 4 2 3 2 2 3 0 2 3 0 3 0 2 3 0 2 3 0 2 3 0 2 3 0 2 3 0 4 2 3 2 1 1 4
0 27 3 0 4 2 3 2 4 2 3 2 4 2 3 2 4 4 4 4 4 1 1 1 1 2 2 2 4
0 7 1 1 4 2 2 4 2
0 22 4 2 3 2 3 4 2 3 2 2 3 0 2 3 0 2 3 0 2 3 0 2
0 27 4 2 3 2 2 3 0 2 3 0 2 3 0 2 3 0 2 3 0 2 3 0 4 2 3 2 2
0 13 2 3 0 4 4 4 2 3 2 1 2 2 2
0 14 4 2 3 2 4 4 4 4 4 4 4 4 4 1
0 30 4 4 4 2 3 0 2 3 0 2 3 0 2 3 0 3 0 2 3 0 2 3 0 2 3 0 2 3 0 2
0 50 2 3 0 2 3 0 2 3 0 2 3 0 2 3 0 2 3 0 2 3 0 2 3 0 2 3 0 2 3 0 2 3 0 2 3 0 2 3 0 2 3 0 2 3 0 2 3 0 2 3
0 22 3 0 3 0 2 3 0 2 3 0 2 3 0 2 3 0 2 3 0 2 3 0
0 7 3 4 2 3 2 4 2
0 20 3 0 4 2 3 2 2 3 0 4 2 3 2 1 1 4 2 4 4 2
0 10 4 2 3 2 4 2 3 2 3 0
0 26 4 2 3 2 4 2 3 2 4 2 3 2 4 2 3 2 4 2 3 2 4 2 3 2 1 2
0 18 4 2 3 2 2 3 0 2 3 0 2 3 0 1 2 4 2 4
0 21 4 2 3 2 4 2 3 2 4 2 3 2 4 2 3 2 2 3 0 2 3
0 38 4 2 3 2 2 3 0 2 3 0 3 0 2 3 0 2 3 0 2 3 0 2 3 0 2 3 0 4 2 3 2 1 1 4 2 4 2 2
0 5 3 0 4 2 3
0 12 4 4 4 2 3 2 1 2 2 4 2 2
0 22 2 3 0 2 3 0 2 3 0 2 3 0 2 3 0 1 1 1 1 2 4 2
0 13 4 4 4 4 2 3 2 2 3 0 2 3 0
0 18 4 4 4 4 2 3 2 2 3 0 2 3 0 2 3 0 2 3
0 45 3 0 2 3 0 2 3 0 2 3 0 2 3 0 2 3 0 2 3 0 2 3 0 2 3 0 2 3 0 2 3 0 2 3 0 2 3 0 2 3 0 2 3 0 2
0 19 4 2 3 2 2 3 0 2 3 0 2 3 0 1 2 4 2 4 2
0 21 2 3 0 2 3 0 2 3 0 2 3 0 2 3 0 2 3 0 2 3 0
0 22 2 3 0 2 3 0 2 3 0 2 3 0 4 2 3 2 2 3 0 2 3 0
0 36 4 4 4 2 3 0 2 3 0 2 3 0 2 3 0 3 0 2 3 0 2 3 0 2 3 0 2 3 0 2 3 0 4 2 3 2
0 5 1 1 4 2 2
0 10 4 4 4 2 3 2 4 2 3 2
0 22 4 2 3 2 4 2 3 2 2 3 0 2 3 0 4 2 3 2 3 1 2 2
0 6 1 1 1 1 1 4
0 10 4 4 4 4 4 2 3 2 2 3
0 15 3 0 3 3 0 1 1 1 1 1 1 2 4 4 2
0 15 4 4 2 3 0 2 3 0 2 3 0 2 3 0 2
0 23 2 3 0 2 3 0 2 3 0 2 3 0 4 2 3 2 4 2 3 2 2 3 0
0 11 4 4 4 2 3 0 2 3 0 2 3
0 15 4 2 3 2 2 3 0 4 2 3 2 1 2 2 4
0 22 2 3 0 2 3 0 2 3 0 2 3 0 2 3 0 2 3 0 2 3 0 3
0 13 3 0 3 0 2 3 0 2 3 0 2 3 0
0 20 2 3 0 2 3 0 4 2 3 2 3 0 4 2 3 2 1 1 1 2
0 56 2 3 0 2 3 0 2 3 0 2 3 0 2 3 0 2 3 0 2 3 0 2 3 0 2 3 0 2 3 0 2 3 0 2 3 0 2 3 0 2 3 0 2 3 0 2 3 0 2 3 0 2 3 0 2 3
0 38 2 3 0 2 3 0 2 3 0 2 3 0 2 3 0 2 3 0 2 3 0 2 3 0 2 3 0 2 3 0 2 3 0 2 3 0 2 3
0 18 3 4 2 3 2 4 2 3 2 3 1 1 1 1 1 1 2 4
0 8 4 2 3 2 3 3 2 3
0 16 4 2 3 2 2 3 0 2 3 0 2 3 0 1 2 4
0 17 4 4 4 4 2 3 2 2 3 0 2 3 0 2 3 0 2
0 23 4 2 3 2 4 2 3 2 2 3 0 2 3 0 2 3 0 2 3 0 4 2 3
0 27 2 3 0 2 3 0 2 3 0 2 3 0 2 3 0 2 3 0 2 3 0 3 0 4 4 2 3
0 27 4 2 3 2 2 3 0 2 3 0 2 3 0 2 3 0 4 4 2 3 2 4 4 4 2 3 2
0 11 3 4 2 3 2 4 2 3 2 3 1
0 10 1 1 1 1 1 2 2 2 4 4
0 19 2 3 0 2 3 0 2 3 0 2 3 0 4 2 3 2 3 0 2
0 27 3 0 3 0 2 3 0 2 3 0 2 3 0 2 3 0 2 3 0 2 3 0 3 0 4 2 3
0 10 2 3 0 2 3 0 2 3 0 2
0 6 1 1 2 4 4 2
0 19 4 2 3 2 4 2 3 2 1 1 1 1 1 1 1 4 4 2 4
0 2 4 2
0 30 2 3 0 2 3 0 2 3 0 2 3 0 2 3 0 2 3 0 3 4 4 4 1 2 4 4 4 2 2 4
0 36 2 3 0 2 3 0 2 3 0 2 3 0 4 2 3 2 4 2 3 2 2 3 0 2 3 0 2 3 0 2 3 0 2 3 0 2
0 18 2 3 0 2 3 0 2 3 0 2 3 0 2 3 0 3 0 2
0 41 4 4 4 2 3 0 2 3 0 2 3 0 2 3 0 3 0 2 3 0 2 3 0 2 3 0 2 3 0 2 3 0 4 2 3 2 1 1 4 2 4
0 24 4 2 3 2 4 2 3 2 2 3 0 2 3 0 4 2 3 2 3 1 2 2 4 2
0 24 2 3 0 2 3 0 2 3 0 2 3 0 4 2 3 2 3 0 2 3 0 2 3 0
0 7 4 4 4 4 3 0 2
0 25 4 2 3 2 3 3 2 3 0 2 3 0 2 3 0 2 3 0 4 2 3 2 1 1 2
0 20 4 2 3 2 4 2 3 2 4 2 3 2 3 0 4 2 3 2 1 2
0 24 2 3 0 2 3 0 2 3 0 2 3 0 4 4 4 4 4 4 4 1 1 1 2 2
0 16 4 2 3 2 3 0 4 4 4 4 4 4 2 3 2 1
0 41 2 3 0 2 3 0 2 3 0 2 3 0 2 3 0 2 3 0 2 3 0 2 3 0 2 3 0 2 3 0 2 3 0 2 3 0 2 3 0 2 3
0 33 2 3 0 2 3 0 2 3 0 2 3 0 4 2 3 2 4 2 3 2 2 3 0 2 3 0 2 3 0 2 3 0 2
0 8 2 3 0 4 4 4 2 3
0 29 4 2 3 2 2 3 0 2 3 0 2 3 0 2 3 0 4 4 2 3 2 4 4 4 2 3 2 1 2
0 6 4 4 4 4 2 3
0 4 2 3 0 4
0 16 4 4 4 4 2 3 2 2 3 0 1 1 1 1 4 2
0 19 4 2 3 2 4 2 3 2 4 2 3 2 4 2 3 2 2 3 0
0 34 2 3 0 2 3 0 2 3 0 2 3 0 4 2 3 2 4 2 3 2 2 3 0 2 3 0 2 3 0 2 3 0 2 3
0 2 3 2
0 9 4 2 3 2 4 2 3 2 1
0 24 2 3 0 2 3 0 2 3 0 2 3 0 2 3 0 2 3 0 3 4 4 4 1 2
0 18 4 2 3 2 2 3 0 2 3 0 2 3 0 2 3 0 4 4
0 22 2 3 0 2 3 0 2 3 0 2 3 0 2 3 0 2 3 0 3 4 4 4
0 16 4 2 3 2 2 3 0 2 3 0 4 2 3 2 4 2
0 17 2 3 0 2 3 0 3 0 4 2 3 2 2 3 0 2 3
0 5 3 0 2 3 0
0 7 3 0 3 0 2 3 0
0 41 3 2 3 0 2 3 0 2 3 0 4 2 3 2 4 2 3 2 2 3 0 2 3 0 2 3 0 2 3 0 2 3 0 1 1 1 1 1 1 1 2
0 18 4 2 3 2 4 2 3 2 4 2 3 2 3 2 3 0 2 3
0 38 4 2 3 2 2 3 0 2 3 0 2 3 0 2 3 0 2 3 0 4 2 3 2 2 3 0 2 3 0 2 3 0 2 3 0 2 3 0
0 14 4 2 3 2 2 3 0 2 3 0 2 3 0 2
0 23 4 2 3 2 4 2 3 2 4 2 3 2 4 2 3 2 4 4 4 1 2 2 4
0 19 4 4 2 3 0 2 3 0 2 3 0 2 3 0 2 3 0 2 3
0 22 4 2 3 2 4 2 3 2 2 3 0 2 3 0 2 3 0 4 4 2 3 2
0 6 2 3 0 4 2 3
0 4 1 1 1 4
0 26 3 0 3 0 2 3 0 2 3 0 2 3 0 2 3 0 2 3 0 2 3 0 3 0 4 2
0 24 4 2 3 2 4 2 3 2 2 3 0 2 3 0 2 3 0 2 3 0 1 1 2 2
0 12 3 2 3 0 2 3 0 2 3 0 2 3
0 16 4 2 3 2 4 2 3 2 4 2 3 2 3 0 4 2
0 6 3 0 3 3 0 1
0 43 2 3 0 2 3 0 2 3 0 2 3 0 2 3 0 2 3 0 2 3 0 2 3 0 2 3 0 2 3 0 2 3 0 2 3 0 2 3 0 2 3 0 2
0 7 4 4 4 4 2 3 2
0 10 4 2 3 2 4 2 3 2 1 4
0 5 1 2 4 2 4
0 10 4 2 3 2 4 4 4 4 1 2
0 11 4 4 4 4 3 0 2 3 0 4 2
0 18 4 2 3 2 2 3 0 2 3 0 4 2 3 2 4 2 3 2
0 21 2 3 0 2 3 0 2 3 0 2 3 0 2 3 0 2 3 0 3 4 4
0 6 1 2 4 2 4 2
0 20 4 4 2 3 0 2 3 0 2 3 0 2 3 0 2 3 0 2 3 0
0 23 4 4 4 2 3 0 2 3 0 2 3 0 2 3 0 3 0 2 3 0 2 3 0
0 21 2 3 0 2 3 0 2 3 0 2 3 0 2 3 0 2 3 0 3 3 4
0 15 4 2 3 2 3 3 2 3 0 2 3 0 2 3 0
0 19 2 3 0 2 3 0 2 3 0 2 3 0 4 4 4 4 4 4 4
0 14 4 2 3 2 4 2 3 2 1 1 2 4 2 4
0 17 4 4 4 2 3 0 2 3 0 2 3 0 2 3 0 3 0
0 20 4 2 3 2 4 2 3 2 4 2 3 2 4 2 3 2 2 3 0 2
0 29 4 4 4 2 3 0 2 3 0 2 3 0 2 3 0 3 0 2 3 0 2 3 0 2 3 0 2 3 0
0 43 4 2 3 2 2 3 0 2 3 0 2 3 0 2 3 0 2 3 0 2 3 0 2 3 0 2 3 0 2 3 0 2 3 0 2 3 0 4 2 3 2 1 2
0 13 4 2 3 2 4 4 4 4 4 4 3 0 1
0 23 4 2 3 2 4 2 3 2 4 2 3 2 4 2 3 2 4 2 3 2 4 2 3
0 29 4 2 3 2 2 3 0 2 3 0 2 3 0 2 3 0 2 3 0 2 3 0 4 2 3 2 2 3 0
0 35 2 3 0 2 3 0 2 3 0 2 3 0 2 3 0 2 3 0 2 3 0 2 3 0 2 3 0 2 3 0 2 3 0 2 3
0 30 3 2 3 0 2 3 0 2 3 0 4 2 3 2 4 2 3 2 2 3 0 2 3 0 2 3 0 2 3 0
0 15 3 3 2 3 0 2 3 0 2 3 0 4 2 3 2
0 12 2 3 0 2 3 0 2 3 0 4 2 3
0 23 4 2 3 2 4 2 3 2 2 3 0 2 3 0 4 2 3 2 3 1 2 2 4
0 27 4 4 4 4 4 2 3 2 2 3 0 2 3 0 2 3 0 2 3 0 2 3 0 2 3 0 3
0 39 2 3 0 2 3 0 2 3 0 2 3 0 4 2 3 2 4 2 3 2 2 3 0 2 3 0 2 3 0 2 3 0 2 3 0 2 3 0 2
0 5 3 2 3 0 2
0 16 4 2 3 2 4 2 3 2 4 4 4 4 2 3 2 1
0 36 4 2 3 2 2 3 0 2 3 0 2 3 0 2 3 0 2 3 0 2 3 0 4 2 3 2 2 3 0 2 3 0 4 2 3 2
0 10 4 2 3 2 4 4 4 4 4 1
0 16 4 2 3 2 4 2 3 2 1 1 1 1 1 1 1 2
0 34 3 0 2 3 0 2 3 0 2 3 0 2 3 0 2 3 0 2 3 0 2 3 0 2 3 0 2 3 0 2 3 0 2 3
0 11 4 2 3 2 3 0 4 4 4 4 4
0 13 3 0 4 2 3 2 4 2 3 2 4 2 3
0 16 4 2 3 2 3 3 2 3 0 2 3 0 2 3 0 2
0 19 4 2 3 2 4 2 3 2 4 2 3 2 4 2 3 2 4 2 3
0 22 4 2 3 2 2 3 0 2 3 0 2 3 0 2 3 0 2 3 0 4 2 3
0 8 1 1 1 1 1 1 1 2
0 18 4 2 3 2 2 3 0 2 3 0 3 0 2 3 0 2 3 0
0 34 4 2 3 2 4 2 3 2 2 3 0 2 3 0 2 3 0 2 3 0 2 3 0 2 3 0 4 2 3 2 4 1 4 4
0 9 2 3 0 2 3 0 3 0 4
0 24 3 0 4 2 3 2 4 2 3 2 4 2 3 2 4 4 4 4 4 1 1 1 1 2
0 27 4 2 3 2 4 2 3 2 3 0 4 2 3 2 4 2 3 2 4 2 3 2 1 2 2 4 2
0 21 4 2 3 2 3 0 4 4 4 4 4 4 2 3 2 1 1 4 4 2 2
0 17 2 3 0 4 4 4 2 3 2 4 2 3 2 4 2 3 2
0 24 2 3 0 2 3 0 2 3 0 2 3 0 4 2 3 2 2 3 0 2 3 0 1 2
0 20 4 2 3 2 4 2 3 2 2 3 0 2 3 0 2 3 0 4 4 2
0 27 2 3 0 2 3 0 2 3 0 2 3 0 4 2 3 2 2 3 0 2 3 0 1 2 2 2 2
0 44 4 2 3 2 2 3 0 2 3 0 2 3 0 2 3 0 2 3 0 4 2 3 2 2 3 0 2 3 0 2 3 0 2 3 0 2 3 0 2 3 0 4 4 2
0 15 4 2 3 2 4 2 3 2 4 2 3 2 4 2 3
0 4 2 3 0 1
0 11 4 2 3 2 4 4 4 4 4 2 3
0 22 3 2 3 0 2 3 0 2 3 0 2 3 0 2 3 0 3 4 2 3 2 1
0 14 3 2 3 0 2 3 0 4 2 3 2 1 1 4
0 20 4 2 3 2 2 3 0 2 3 0 2 3 0 1 2 4 2 4 2 2
0 6 1 1 4 2 2 2
0 7 4 2 3 2 1 1 2
0 29 4 2 3 2 4 2 3 2 4 2 3 2 3 2 3 0 2 3 0 2 3 0 2 3 0 4 2 3 2
0 17 2 3 0 2 3 0 2 3 0 4 2 3 2 3 1 1 4
0 10 3 3 2 3 0 2 3 0 2 3
0 8 2 3 0 2 3 0 4 2
0 40 4 2 3 2 2 3 0 2 3 0 2 3 0 2 3 0 2 3 0 4 2 3 2 2 3 0 2 3 0 2 3 0 2 3 0 2 3 0 2 3
0 37 4 4 4 2 3 0 2 3 0 2 3 0 2 3 0 3 0 2 3 0 2 3 0 2 3 0 2 3 0 2 3 0 4 2 3 2 1
0 27 4 4 4 2 3 0 2 3 0 2 3 0 2 3 0 3 0 2 3 0 2 3 0 2 3 0 2
0 11 2 3 0 4 4 4 2 3 2 4 2
0 20 4 2 3 2 4 2 3 2 4 4 4 4 4 4 4 4 4 2 3 0
0 16 4 4 4 4 4 4 4 4 4 4 4 4 2 3 2 4
0 28 2 3 0 2 3 0 2 3 0 2 3 0 2 3 0 3 0 2 3 0 2 3 0 2 3 0 1 2
0 48 3 0 2 3 0 2 3 0 2 3 0 2 3 0 2 3 0 2 3 0 2 3 0 2 3 0 2 3 0 2 3 0 2 3 0 2 3 0 2 3 0 2 3 0 2 3 0 2
0 25 2 3 0 2 3 0 2 3 0 2 3 0 2 3 0 2 3 0 3 3 4 2 3 2 1
0 10 3 0 2 3 0 2 3 0 2 3
0 32 4 2 3 2 4 2 3 2 2 3 0 2 3 0 2 3 0 2 3 0 2 3 0 2 3 0 4 2 3 2 4 1
0 30 4 2 3 2 2 3 0 2 3 0 2 3 0 2 3 0 2 3 0 4 2 3 2 2 3 0 2 3 0 2
0 7 2 3 0 4 4 4 2
0 14 3 0 4 2 3 2 4 2 3 2 4 2 3 2
0 20 2 3 0 2 3 0 2 3 0 2 3 0 2 3 0 1 1 1 1 2
0 28 4 2 3 2 2 3 0 2 3 0 4 2 3 2 4 2 3 2 2 3 0 2 3 0 2 3 0 2
0 12 4 2 3 2 4 4 4 4 4 1 2 4
0 30 4 2 3 2 2 3 0 2 3 0 3 0 2 3 0 2 3 0 2 3 0 2 3 0 2 3 0 4 2 3
0 15 4 2 3 2 4 2 3 2 4 2 3 2 3 2 3
0 19 3 2 3 0 2 3 0 2 3 0 4 2 3 2 4 2 3 2 2
0 16 4 4 4 2 3 2 4 2 3 2 2 3 0 1 1 4
0 11 4 4 4 4 2 3 2 1 2 2 4
0 3 1 2 4
0 11 4 2 3 2 3 3 2 3 0 2 3
0 40 2 3 0 2 3 0 2 3 0 2 3 0 2 3 0 2 3 0 2 3 0 2 3 0 2 3 0 2 3 0 2 3 0 2 3 0 2 3 0 2
0 6 4 2 3 2 2 3
0 11 3 2 3 0 2 3 0 2 3 0 4
0 47 2 3 0 2 3 0 2 3 0 2 3 0 2 3 0 2 3 0 2 3 0 2 3 0 2 3 0 2 3 0 2 3 0 2 3 0 2 3 0 2 3 0 2 3 0 2 3
0 28 4 2 3 2 4 2 3 2 4 4 4 4 4 4 4 4 4 2 3 0 2 3 0 2 3 0 2 3
0 7 3 3 2 3 0 2 3
0 20 4 2 3 2 4 2 3 2 2 3 0 2 3 0 4 2 3 2 1 2
0 17 4 2 3 2 4 2 3 2 4 2 3 2 3 0 4 2 3
0 21 4 2 3 2 2 3 0 2 3 0 2 3 0 1 2 4 2 4 2 2 2
0 20 3 0 2 3 0 2 3 0 2 3 0 2 3 0 2 3 0 2 3 0
0 23 4 2 3 2 3 4 2 3 2 2 3 0 2 3 0 2 3 0 2 3 0 2 3
0 13 4 2 3 2 2 3 0 2 3 0 3 0 2
0 41 4 2 3 2 2 3 0 2 3 0 2 3 0 2 3 0 2 3 0 4 2 3 2 2 3 0 2 3 0 2 3 0 2 3 0 2 3 0 2 3 0
0 23 4 2 3 2 4 2 3 2 4 2 3 2 4 2 3 2 2 3 0 2 3 0 2
0 11 4 2 3 2 4 4 4 4 4 4 3
0 5 3 0 3 3 0
0 23 4 2 3 2 4 2 3 2 4 2 3 2 3 4 2 3 2 2 3 0 1 1 4
0 14 4 2 3 2 4 2 3 2 3 0 4 2 3 2
0 15 2 3 0 2 3 0 2 3 0 4 2 3 2 3 1
0 17 2 3 0 2 3 0 2 3 0 2 3 0 4 2 3 2 4
0 13 2 3 0 2 3 0 2 3 0 2 3 0 2
0 9 4 2 3 2 3 4 2 3 2
0 22 4 2 3 2 4 2 3 2 4 4 4 4 4 4 4 4 4 2 3 0 2 3
0 10 3 0 4 2 3 2 2 3 0 4
0 6 3 4 2 3 2 4
0 27 3 2 3 0 2 3 0 2 3 0 4 2 3 2 4 2 3 2 2 3 0 2 3 0 2 3 0
0 17 4 2 3 2 2 3 0 2 3 0 2 3 0 2 3 0 4
0 47 2 3 0 2 3 0 2 3 0 2 3 0 4 2 3 2 4 2 3 2 2 3 0 2 3 0 2 3 0 2 3 0 2 3 0 2 3 0 2 3 0 2 3 0 2 3 0
0 24 4 2 3 2 4 2 3 2 2 3 0 2 3 0 2 3 0 4 4 2 3 2 2 3
0 7 1 1 1 4 2 2 4
0 9 4 2 3 2 3 0 4 4 4
0 14 4 4 2 3 0 2 3 0 2 3 0 2 3 0
0 16 4 2 3 2 4 2 3 2 4 2 3 2 3 2 3 0
0 17 3 0 4 2 3 2 4 2 3 2 4 2 3 2 4 4 4
0 10 3 0 4 2 3 2 4 2 3 2
0 16 2 3 0 2 3 0 4 2 3 2 4 2 3 2 1 2
0 17 2 3 0 2 3 0 2 3 0 4 2 3 2 1 1 4 2
0 27 4 2 3 2 2 3 0 2 3 0 3 0 2 3 0 2 3 0 2 3 0 2 3 0 2 3 0
0 36 4 2 3 2 4 2 3 2 4 2 3 2 4 2 3 2 2 3 0 2 3 0 2 3 0 1 1 1 1 1 1 1 2 4 2 2
0 24 4 2 3 2 4 2 3 2 4 2 3 2 4 2 3 2 4 1 1 1 2 4 2 4
0 16 4 2 3 2 4 2 3 2 1 1 1 1 2 4 4 4
0 15 4 4 4 4 4 4 4 2 3 2 4 2 3 2 1
0 27 4 2 3 2 4 2 3 2 4 4 4 4 4 4 4 4 4 2 3 0 2 3 0 2 3 0 2
0 5 4 4 4 4 2
0 17 2 3 0 2 3 0 2 3 0 2 3 0 2 3 0 3 0
0 40 4 2 3 2 4 2 3 2 2 3 0 2 3 0 2 3 0 4 4 2 3 2 2 3 0 2 3 0 2 3 0 2 3 0 2 3 0 1 2 2
0 28 3 0 3 0 2 3 0 2 3 0 2 3 0 2 3 0 2 3 0 2 3 0 3 0 4 2 3 2
0 6 2 3 0 1 4 4
0 11 3 0 2 3 0 2 3 0 2 3 0
0 18 3 0 3 0 2 3 0 2 3 0 2 3 0 2 3 0 2 3
0 11 4 2 3 2 4 4 4 4 4 4 4
0 13 3 2 3 0 2 3 0 2 3 0 2 3 0
0 10 4 2 3 2 4 4 4 4 4 4
0 29 4 2 3 2 2 3 0 2 3 0 2 3 0 2 3 0 2 3 0 4 2 3 2 2 3 0 2 3 0
0 16 4 2 3 2 4 2 3 2 1 1 1 1 1 1 1 4
0 33 4 2 3 2 4 2 3 2 2 3 0 2 3 0 2 3 0 4 4 2 3 2 2 3 0 2 3 0 2 3 0 2 3
0 28 2 3 0 4 4 4 2 3 2 4 2 3 2 4 2 3 2 1 1 1 1 1 1 1 4 2 2 4
0 5 1 1 4 4 2
0 15 2 3 0 2 3 0 4 2 3 2 4 2 3 2 1
0 23 4 2 3 2 4 2 3 2 3 0 4 2 3 2 4 2 3 2 4 2 3 2 1
0 14 3 0 4 2 3 2 2 3 0 4 2 3 2 1
0 34 4 2 3 2 2 3 0 2 3 0 2 3 0 2 3 0 2 3 0 4 2 3 2 2 3 0 2 3 0 2 3 0 2 3
0 14 4 4 4 4 2 3 2 2 3 0 2 3 0 2
0 20 4 2 3 2 4 2 3 2 2 3 0 2 3 0 4 2 3 2 3 1
0 17 2 3 0 2 3 0 2 3 0 2 3 0 4 2 3 2 3
0 5 3 3 2 3 0
0 12 4 2 3 2 3 4 2 3 2 2 3 0
0 12 2 3 0 2 3 0 2 3 0 2 3 0
0 17 4 2 3 2 4 2 3 2 1 1 1 1 1 1 1 2 2
0 19 4 2 3 2 3 3 2 3 0 2 3 0 2 3 0 2 3 0 4
0 6 1 1 1 4 2 2
0 16 4 2 3 2 4 2 3 2 4 2 3 2 1 2 4 4
0 20 3 0 3 0 2 3 0 2 3 0 2 3 0 2 3 0 2 3 0 2
0 10 4 4 4 4 1 2 2 2 2 2
0 30 4 4 4 4 4 2 3 2 2 3 0 2 3 0 2 3 0 2 3 0 2 3 0 2 3 0 3 1 4 2
0 31 4 2 3 2 4 2 3 2 2 3 0 2 3 0 2 3 0 2 3 0 4 2 3 2 1 2 2 2 4 2 4
0 16 3 3 2 3 0 2 3 0 2 3 0 4 2 3 2 1
0 17 2 3 0 2 3 0 2 3 0 2 3 0 2 3 0 4 4
0 34 4 4 4 2 3 0 2 3 0 2 3 0 2 3 0 3 0 2 3 0 2 3 0 2 3 0 2 3 0 2 3 0 4 2
0 19 4 2 3 2 4 2 3 2 4 2 3 2 1 2 4 4 4 2 4
0 38 3 0 2 3 0 2 3 0 2 3 0 2 3 0 2 3 0 2 3 0 2 3 0 2 3 0 2 3 0 2 3 0 2 3 0 2 3 0
0 35 4 2 3 2 2 3 0 2 3 0 3 0 2 3 0 2 3 0 2 3 0 2 3 0 2 3 0 4 2 3 2 1 1 4 2
0 23 4 2 3 2 2 3 0 2 3 0 2 3 0 2 3 0 2 3 0 2 3 0 2
0 11 4 2 3 2 4 4 4 4 4 4 1
0 16 3 0 3 0 2 3 0 2 3 0 2 3 0 2 3 0
0 21 4 4 4 4 4 4 4 4 4 4 4 4 2 3 2 4 2 3 2 3 1
0 19 4 2 3 2 4 2 3 2 2 3 0 2 3 0 4 2 3 2 1
0 28 4 2 3 2 4 2 3 2 4 2 3 2 3 4 2 3 2 2 3 0 1 1 4 4 2 4 4 4
0 21 2 3 0 2 3 0 2 3 0 2 3 0 4 2 3 2 4 2 3 2 2
0 22 2 3 0 2 3 0 2 3 0 2 3 0 2 3 0 2 3 0 3 3 4 2
0 24 4 4 4 4 2 3 2 2 3 0 2 3 0 2 3 0 2 3 0 4 2 3 2 1
0 25 4 2 3 2 2 3 0 2 3 0 4 2 3 2 4 2 3 2 2 3 0 2 3 0 2
0 37 2 3 0 2 3 0 2 3 0 2 3 0 2 3 0 2 3 0 2 3 0 2 3 0 2 3 0 2 3 0 2 3 0 2 3 0 2
0 15 4 2 3 2 1 1 1 1 1 1 1 4 4 2 4
0 18 2 3 0 2 3 0 2 3 0 4 2 3 2 3 1 1 4 4
0 23 4 2 3 2 2 3 0 2 3 0 2 3 0 2 3 0 2 3 0 2 3 0 1
0 8 2 3 0 2 3 0 2 3
0 13 2 3 0 2 3 0 2 3 0 2 3 0 4
0 14 4 2 3 2 3 3 2 3 0 2 3 0 2 3
0 12 4 2 3 2 4 2 3 2 3 0 4 2
0 6 3 0 4 2 3 2
0 26 2 3 0 2 3 0 2 3 0 2 3 0 4 4 4 4 4 4 4 1 1 1 2 2 4 4
0 16 2 3 0 4 2 3 2 4 2 3 2 3 4 2 3 2
0 6 2 3 0 4 4 4
0 17 4 2 3 2 3 3 2 3 0 2 3 0 2 3 0 2 3
0 12 3 0 3 3 0 1 1 1 1 1 1 2
0 10 3 4 2 3 2 4 2 3 2 3
0 36 4 2 3 2 4 2 3 2 2 3 0 2 3 0 2 3 0 4 4 2 3 2 2 3 0 2 3 0 2 3 0 2 3 0 2 3
0 13 3 3 2 3 0 2 3 0 2 3 0 4 2
0 32 4 2 3 2 2 3 0 2 3 0 2 3 0 2 3 0 2 3 0 2 3 0 4 2 3 2 2 3 0 2 3 0
0 28 4 2 3 2 2 3 0 2 3 0 2 3 0 2 3 0 2 3 0 2 3 0 4 2 3 2 2 3
0 26 4 4 4 4 4 2 3 2 2 3 0 2 3 0 2 3 0 2 3 0 2 3 0 2 3 0
0 13 4 4 4 4 3 0 2 3 0 2 3 0 1
0 29 4 2 3 2 4 2 3 2 2 3 0 2 3 0 2 3 0 4 4 2 3 2 2 3 0 2 3 0 2
0 16 4 2 3 2 2 3 0 2 3 0 3 0 2 3 0 2
0 24 3 2 3 0 2 3 0 2 3 0 2 3 0 2 3 0 3 4 2 3 2 1 2 2
0 9 2 3 0 2 3 0 4 2 3
0 11 4 2 3 2 2 3 0 4 2 3 2
0 13 3 0 4 2 3 2 2 3 0 4 2 3 2
0 22 4 2 3 2 4 2 3 2 4 2 3 2 4 2 3 2 4 1 1 1 2 4
0 20 3 4 2 3 2 4 2 3 2 3 1 1 1 1 1 1 2 4 4 4
0 25 2 3 0 2 3 0 2 3 0 2 3 0 4 2 3 2 3 0 2 3 0 2 3 0 1
0 24 4 2 3 2 4 4 4 4 4 4 3 0 1 1 1 1 1 1 1 2 4 2 2 4
0 22 4 2 3 2 3 0 4 4 4 4 4 4 2 3 2 1 1 4 4 2 2 4
0 18 2 3 0 2 3 0 3 0 4 2 3 2 2 3 0 2 3 0
0 4 3 0 2 3
0 25 4 2 3 2 2 3 0 2 3 0 2 3 0 2 3 0 2 3 0 2 3 0 1 2 4
0 20 2 3 0 2 3 0 2 3 0 2 3 0 2 3 0 2 3 0 3 3
0 26 3 2 3 0 2 3 0 2 3 0 2 3 0 2 3 0 3 4 2 3 2 1 2 2 4 2
0 11 4 2 3 2 4 4 4 4 1 2 4
0 21 4 2 3 2 4 2 3 2 2 3 0 2 3 0 4 2 3 2 1 2 2
0 14 4 4 4 4 4 4 4 2 3 2 4 2 3 2
0 27 4 2 3 2 4 2 3 2 2 3 0 2 3 0 2 3 0 4 4 2 3 2 2 3 0 2 3
0 13 4 2 3 2 4 4 4 4 4 4 4 4 4
0 25 4 2 3 2 4 2 3 2 4 2 3 2 4 2 3 2 4 2 3 2 4 2 3 2 1
0 7 1 1 1 1 1 4 2
0 43 4 2 3 2 2 3 0 2 3 0 2 3 0 2 3 0 2 3 0 4 2 3 2 2 3 0 2 3 0 2 3 0 2 3 0 2 3 0 2 3 0 4 4
0 27 2 3 0 2 3 0 2 3 0 2 3 0 4 4 4 4 4 4 4 1 1 1 2 2 4 4 4
0 21 4 2 3 2 4 2 3 2 4 2 3 2 4 2 3 2 4 2 3 2 1
0 17 4 2 3 2 2 3 0 2 3 0 3 0 2 3 0 2 3
0 19 4 2 3 2 4 2 3 2 4 2 3 2 3 4 2 3 2 2 3
0 16 2 3 0 2 3 0 2 3 0 2 3 0 2 3 0 3
0 19 4 2 3 2 2 3 0 2 3 0 4 2 3 2 4 2 3 2 2
0 8 4 2 3 2 2 3 0 2
0 8 4 2 3 2 4 2 3 2
0 15 2 3 0 2 3 0 2 3 0 2 3 0 2 3 0
0 11 4 2 3 2 4 2 3 2 4 2 3
0 10 4 4 4 4 2 3 2 2 3 0
0 17 4 2 3 2 4 2 3 2 4 2 3 2 3 4 2 3 2
0 13 4 2 3 2 4 2 3 2 4 2 3 2 1
0 24 4 2 3 2 4 2 3 2 4 2 3 2 4 2 3 2 2 3 0 2 3 0 2 3
0 17 4 2 3 2 4 2 3 2 4 2 3 2 3 2 3 0 2
0 12 4 4 4 4 4 4 4 2 3 2 4 2
0 20 4 2 3 2 2 3 0 2 3 0 3 0 2 3 0 2 3 0 2 3
0 24 3 3 2 3 0 2 3 0 2 3 0 4 2 3 2 1 1 1 1 1 1 4 4 4
0 11 4 4 4 4 2 3 2 2 3 0 1
0 14 2 3 0 2 3 0 4 2 3 2 3 0 4 2
0 25 4 2 3 2 2 3 0 2 3 0 3 0 2 3 0 2 3 0 2 3 0 2 3 0 2
0 17 3 2 3 0 2 3 0 2 3 0 4 2 3 2 4 2 3
0 17 4 2 3 2 4 2 3 2 2 3 0 2 3 0 1 2 4
0 11 3 0 3 0 2 3 0 2 3 0 2
0 7 3 0 4 2 3 2 2
0 19 4 2 3 2 4 2 3 2 2 3 0 2 3 0 2 3 0 4 4
0 23 4 2 3 2 4 4 4 4 4 4 3 0 1 1 1 1 1 1 1 2 4 2 2
0 21 4 2 3 2 2 3 0 2 3 0 4 2 3 2 4 2 3 2 2 3 0
0 19 3 0 2 3 0 2 3 0 2 3 0 2 3 0 2 3 0 2 3
0 18 4 2 3 2 2 3 0 2 3 0 2 3 0 2 3 0 2 3
0 26 4 2 3 2 4 2 3 2 4 4 4 4 4 4 4 4 4 2 3 0 2 3 0 2 3 0
0 9 4 2 3 2 2 3 0 4 2
0 9 4 2 3 2 2 3 0 2 3
0 13 4 2 3 2 4 2 3 2 2 3 0 2 3
0 9 3 4 2 3 2 4 2 3 2
0 24 4 2 3 2 2 3 0 2 3 0 2 3 0 2 3 0 2 3 0 2 3 0 4 2
0 32 2 3 0 2 3 0 2 3 0 2 3 0 2 3 0 2 3 0 2 3 0 3 0 4 4 2 3 2 4 2 3 2
0 13 4 2 3 2 2 3 0 4 2 3 2 1 2
0 9 4 2 3 2 3 3 2 3 0
0 40 4 2 3 2 4 2 3 2 4 4 4 4 4 4 4 4 4 2 3 0 2 3 0 2 3 0 2 3 0 2 3 0 1 1 1 1 1 1 1 2
0 8 4 4 2 3 0 2 3 0
0 10 2 3 0 2 3 0 4 2 3 2
0 26 4 4 4 2 3 0 2 3 0 2 3 0 2 3 0 3 0 2 3 0 2 3 0 2 3 0
0 19 2 3 0 4 2 3 2 4 2 3 2 3 4 2 3 2 4 2 3
0 26 4 2 3 2 2 3 0 2 3 0 2 3 0 2 3 0 4 4 2 3 2 4 4 4 2 3
0 18 4 4 4 4 4 4 4 4 4 4 4 4 2 3 2 4 2 3
0 12 3 2 3 0 2 3 0 2 3 0 4 2
0 20 4 2 3 2 4 2 3 2 4 4 4 4 2 3 2 1 1 4 2 4
0 14 4 4 4 4 4 4 4 4 4 4 4 4 2 3
0 16 4 4 4 4 2 3 2 2 3 0 2 3 0 2 3 0
0 6 4 2 3 2 4 4
0 3 1 2 2
0 23 4 2 3 2 4 2 3 2 2 3 0 2 3 0 2 3 0 4 4 2 3 2 2
0 10 4 2 3 2 4 4 4 4 4 2
0 27 2 3 0 2 3 0 3 0 4 2 3 2 2 3 0 2 3 0 2 3 0 2 3 0 1 2 2
0 27 4 2 3 2 2 3 0 2 3 0 4 2 3 2 4 2 3 2 2 3 0 2 3 0 2 3 0
0 24 4 4 4 4 4 2 3 2 2 3 0 2 3 0 2 3 0 2 3 0 2 3 0 2
0 23 4 2 3 2 4 2 3 2 2 3 0 2 3 0 2 3 0 2 3 0 1 1 2
0 6 4 2 3 2 3 4
0 35 4 2 3 2 2 3 0 2 3 0 2 3 0 2 3 0 2 3 0 2 3 0 4 2 3 2 2 3 0 2 3 0 4 2 3
0 29 4 2 3 2 4 2 3 2 3 0 4 2 3 2 4 2 3 2 4 2 3 2 1 2 2 4 2 2 4
0 21 4 4 4 4 2 3 2 2 3 0 2 3 0 2 3 0 2 3 0 4 2
0 32 3 0 2 3 0 2 3 0 2 3 0 2 3 0 2 3 0 2 3 0 2 3 0 2 3 0 2 3 0 2 3 0
0 7 1 1 4 2 2 2 4
0 25 2 3 0 2 3 0 3 0 4 2 3 2 2 3 0 2 3 0 2 3 0 2 3 0 1
0 30 4 2 3 2 2 3 0 2 3 0 2 3 0 2 3 0 2 3 0 2 3 0 2 3 0 2 3 0 2 3
0 13 3 0 2 3 0 2 3 0 2 3 0 2 3
0 11 4 4 4 4 4 2 3 2 2 3 0
0 21 4 2 3 2 3 4 2 3 2 2 3 0 2 3 0 2 3 0 2 3 0
0 13 4 2 3 2 3 3 2 3 0 2 3 0 2
0 9 1 1 1 1 1 1 1 2 4
0 34 2 3 0 2 3 0 2 3 0 2 3 0 2 3 0 2 3 0 2 3 0 2 3 0 2 3 0 2 3 0 2 3 0 2
0 20 2 3 0 2 3 0 2 3 0 2 3 0 2 3 0 2 3 0 3 4
0 9 4 2 3 2 4 4 4 4 4
0 19 4 4 4 4 4 4 4 4 4 4 4 4 2 3 2 4 2 3 2
0 23 2 3 0 2 3 0 2 3 0 2 3 0 2 3 0 4 4 4 4 4 4 2 3
0 25 3 2 3 0 2 3 0 2 3 0 4 2 3 2 4 2 3 2 2 3 0 2 3 0 2
0 19 4 4 4 4 4 4 4 2 3 2 4 2 3 2 1 1 1 4 4
0 15 3 2 3 0 2 3 0 2 3 0 4 2 3 2 4
0 21 2 3 0 4 2 3 2 4 2 3 2 3 4 2 3 2 4 2 3 2 1
0 34 4 2 3 2 4 2 3 2 2 3 0 2 3 0 2 3 0 4 4 2 3 2 2 3 0 2 3 0 2 3 0 2 3 0
0 32 4 2 3 2 2 3 0 2 3 0 2 3 0 2 3 0 2 3 0 4 2 3 2 2 3 0 2 3 0 2 3 0
0 20 4 2 3 2 4 2 3 2 4 2 3 2 4 2 3 2 4 4 4 1
0 14 4 2 3 2 4 4 4 4 4 4 1 2 2 4
0 26 4 2 3 2 4 2 3 2 3 0 4 2 3 2 4 2 3 2 4 2 3 2 1 2 2 4
0 6 4 4 4 4 4 2
0 31 4 2 3 2 2 3 0 2 3 0 2 3 0 2 3 0 2 3 0 2 3 0 4 2 3 2 2 3 0 2 3
0 25 4 2 3 2 2 3 0 2 3 0 2 3 0 2 3 0 4 4 2 3 2 4 4 4 2
0 19 4 2 3 2 4 2 3 2 4 2 3 2 3 0 4 2 3 2 1
0 8 4 4 4 4 2 3 0 1
0 16 4 4 4 4 3 0 2 3 0 4 2 3 2 1 1 4
0 17 3 0 4 2 3 2 2 3 0 4 2 3 2 1 1 4 2
0 20 4 2 3 2 4 4 4 4 4 4 3 0 1 1 1 1 1 1 1 2
0 14 4 2 3 2 2 3 0 2 3 0 4 2 3 2
0 17 4 2 3 2 4 4 4 4 4 2 3 2 3 0 1 1 2
0 20 4 4 4 4 4 4 4 2 3 2 4 2 3 2 1 1 1 4 4 2
0 14 4 2 3 2 4 2 3 2 1 1 1 1 2 4
0 35 3 0 3 0 2 3 0 2 3 0 2 3 0 2 3 0 2 3 0 2 3 0 3 0 4 2 3 2 1 1 1 1 1 1 2
0 8 4 2 3 2 3 0 4 4
0 17 4 2 3 2 2 3 0 2 3 0 2 3 0 2 3 0 2
0 28 2 3 0 2 3 0 2 3 0 2 3 0 4 2 3 2 3 0 2 3 0 2 3 0 1 2 2 2
0 12 2 3 0 4 4 4 2 3 2 4 2 3
0 31 4 4 4 2 3 0 2 3 0 2 3 0 2 3 0 3 0 2 3 0 2 3 0 2 3 0 2 3 0 2 3
0 46 2 3 0 2 3 0 2 3 0 2 3 0 4 2 3 2 4 2 3 2 2 3 0 2 3 0 2 3 0 2 3 0 2 3 0 2 3 0 2 3 0 2 3 0 2 3
0 3 3 0 2
0 10 4 2 3 2 3 0 4 4 4 4
0 20 2 3 0 2 3 0 2 3 0 2 3 0 4 2 3 2 3 0 2 3
0 59 2 3 0 2 3 0 2 3 0 2 3 0 4 2 3 2 4 2 3 2 2 3 0 2 3 0 2 3 0 2 3 0 2 3 0 2 3 0 2 3 0 2 3 0 2 3 0 4 2 3 2 1 1 1 1 1 1 4 2
0 27 4 2 3 2 4 2 3 2 2 3 0 2 3 0 2 3 0 2 3 0 2 3 0 2 3 0 4
0 27 3 2 3 0 2 3 0 2 3 0 2 3 0 2 3 0 3 4 2 3 2 1 2 2 4 2 4
0 22 4 2 3 2 2 3 0 2 3 0 4 2 3 2 4 2 3 2 2 3 0 2
0 13 4 2 3 2 4 4 4 4 4 2 3 2 3
0 18 2 3 0 2 3 0 2 3 0 2 3 0 4 4 4 4 4 4
0 24 4 4 4 2 3 0 2 3 0 2 3 0 2 3 0 3 0 2 3 0 2 3 0 2
0 17 2 3 0 2 3 0 2 3 0 2 3 0 4 2 3 2 2
0 21 4 2 3 2 4 2 3 2 4 2 3 2 3 4 2 3 2 2 3 0 1
0 7 4 4 4 2 3 2 1
0 31 4 2 3 2 2 3 0 2 3 0 3 0 2 3 0 2 3 0 2 3 0 2 3 0 2 3 0 4 2 3 2
0 4 1 1 4 2
0 30 4 2 3 2 4 2 3 2 2 3 0 2 3 0 2 3 0 4 4 2 3 2 2 3 0 2 3 0 2 3
0 13 4 2 3 2 4 2 3 2 1 1 2 4 2
0 45 2 3 0 2 3 0 2 3 0 2 3 0 2 3 0 2 3 0 2 3 0 2 3 0 2 3 0 2 3 0 2 3 0 2 3 0 2 3 0 2 3 0 2 3 0
0 20 2 3 0 2 3 0 2 3 0 2 3 0 2 3 0 2 3 0 2 3
0 33 3 2 3 0 2 3 0 2 3 0 4 2 3 2 4 2 3 2 2 3 0 2 3 0 2 3 0 2 3 0 2 3 0
0 14 2 3 0 2 3 0 2 3 0 4 2 3 2 1
0 24 4 2 3 2 4 2 3 2 4 2 3 2 4 2 3 2 1 1 1 1 1 1 1 4
0 6 3 3 2 3 0 2
0 28 2 3 0 2 3 0 2 3 0 2 3 0 4 2 3 2 4 2 3 2 2 3 0 2 3 0 2 3
0 13 4 2 3 2 4 2 3 2 4 4 4 4 4
0 28 3 2 3 0 2 3 0 2 3 0 4 2 3 2 4 2 3 2 2 3 0 2 3 0 2 3 0 2
0 5 1 1 2 4 4
0 30 2 3 0 2 3 0 2 3 0 2 3 0 4 2 3 2 4 2 3 2 2 3 0 2 3 0 2 3 0 2
0 7 4 2 3 2 3 4 2
0 24 4 2 3 2 2 3 0 2 3 0 2 3 0 2 3 0 2 3 0 2 3 0 1 2
0 3 4 2 3
0 10 4 2 3 2 3 4 2 3 2 2
0 25 2 3 0 2 3 0 2 3 0 2 3 0 2 3 0 2 3 0 3 4 4 4 1 2 4
0 25 4 2 3 2 4 2 3 2 4 2 3 2 4 2 3 2 4 2 3 2 1 1 1 2 4
0 53 2 3 0 2 3 0 2 3 0 2 3 0 2 3 0 2 3 0 2 3 0 2 3 0 2 3 0 2 3 0 2 3 0 2 3 0 2 3 0 2 3 0 2 3 0 2 3 0 2 3 0 2 3
0 7 4 4 2 3 0 2 3
0 19 4 2 3 2 3 0 4 4 4 4 4 4 2 3 2 1 1 4 4
0 16 4 4 4 2 3 0 2 3 0 2 3 0 2 3 0 3
0 23 2 3 0 2 3 0 2 3 0 2 3 0 4 4 4 4 4 4 4 1 1 1 2
0 31 4 2 3 2 2 3 0 2 3 0 4 2 3 2 4 2 3 2 2 3 0 2 3 0 2 3 0 2 3 0 1
0 34 2 3 0 2 3 0 2 3 0 2 3 0 4 2 3 2 4 2 3 2 2 3 0 2 3 0 2 3 0 1 2 4 2 2
0 17 4 2 3 2 4 2 3 2 1 1 1 1 1 1 1 4 4
0 12 4 2 3 2 4 2 3 2 2 3 0 1
0 23 3 0 2 3 0 2 3 0 2 3 0 2 3 0 2 3 0 2 3 0 2 3 0
0 21 4 4 4 4 4 2 3 2 2 3 0 2 3 0 2 3 0 2 3 0 2
0 30 4 2 3 2 4 2 3 2 2 3 0 2 3 0 2 3 0 2 3 0 2 3 0 2 3 0 4 2 3 2
0 29 4 2 3 2 2 3 0 2 3 0 4 2 3 2 4 2 3 2 2 3 0 2 3 0 2 3 0 2 3
0 12 2 3 0 2 3 0 4 2 3 2 3 0
0 16 4 4 4 4 4 2 3 2 2 3 0 2 3 0 2 3
0 32 3 2 3 0 2 3 0 2 3 0 4 2 3 2 4 2 3 2 2 3 0 2 3 0 2 3 0 2 3 0 2 3
0 19 4 2 3 2 2 3 0 2 3 0 2 3 0 2 3 0 2 3 0
0 15 2 3 0 4 4 4 2 3 2 4 2 3 2 4 2
0 22 2 3 0 2 3 0 2 3 0 2 3 0 2 3 0 1 1 1 1 1 1 2
0 10 4 2 3 2 4 2 3 2 4 4
0 5 4 4 4 4 1
0 34 4 2 3 2 2 3 0 2 3 0 2 3 0 2 3 0 2 3 0 2 3 0 4 2 3 2 2 3 0 2 3 0 4 2
0 13 4 2 3 2 4 2 3 2 4 4 4 4 2
0 18 2 3 0 2 3 0 2 3 0 2 3 0 2 3 0 2 3 0
0 21 4 2 3 2 4 2 3 2 2 3 0 2 3 0 2 3 0 2 3 0 1
0 24 4 2 3 2 2 3 0 2 3 0 3 0 2 3 0 2 3 0 2 3 0 2 3 0
0 12 4 4 4 4 3 0 2 3 0 2 3 0
0 4 3 4 2 3
0 24 4 2 3 2 4 2 3 2 4 2 3 2 4 2 3 2 4 2 3 2 4 2 3 2
0 16 4 2 3 2 4 2 3 2 4 2 3 2 4 2 3 2
0 28 4 2 3 2 4 2 3 2 4 2 3 2 3 2 3 0 2 3 0 2 3 0 2 3 0 4 2 3
0 9 3 2 3 0 2 3 0 4 2
0 22 4 2 3 2 4 2 3 2 4 4 4 4 2 3 2 1 1 4 2 4 4 2
0 17 2 3 0 2 3 0 2 3 0 2 3 0 2 3 0 2 3
0 14 2 3 0 4 4 4 2 3 2 4 2 3 2 4
0 18 4 2 3 2 4 2 3 2 4 2 3 2 4 2 3 2 4 4
0 22 4 2 3 2 4 2 3 2 2 3 0 2 3 0 2 3 0 2 3 0 2 3
0 26 2 3 0 2 3 0 2 3 0 2 3 0 4 2 3 2 2 3 0 2 3 0 1 2 2 2
0 24 4 2 3 2 4 2 3 2 4 2 3 2 4 2 3 2 4 2 3 2 1 1 1 2
0 22 4 2 3 2 4 2 3 2 4 2 3 2 4 2 3 2 4 2 3 2 4 2
0 25 4 2 3 2 4 2 3 2 4 4 4 4 4 4 4 4 4 2 3 0 2 3 0 2 3
0 21 4 2 3 2 4 2 3 2 2 3 0 2 3 0 2 3 0 2 3 0 2
0 19 4 4 4 4 3 0 2 3 0 4 2 3 2 1 1 4 4 2 4
0 7 2 3 0 1 4 4 2
0 17 2 3 0 4 2 3 2 4 2 3 2 3 4 2 3 2 4
0 13 4 2 3 2 4 4 4 4 4 1 2 4 2
0 44 2 3 0 2 3 0 2 3 0 2 3 0 4 2 3 2 4 2 3 2 2 3 0 2 3 0 2 3 0 2 3 0 2 3 0 2 3 0 2 3 0 2 3 0
0 14 4 2 3 2 1 1 1 1 1 1 1 4 4 2
0 31 4 4 4 4 4 2 3 2 2 3 0 2 3 0 2 3 0 2 3 0 2 3 0 2 3 0 3 1 4 2 2
0 35 2 3 0 2 3 0 2 3 0 2 3 0 2 3 0 2 3 0 2 3 0 3 0 4 4 2 3 2 4 2 3 2 1 2 2
0 13 4 2 3 2 1 1 1 1 1 1 1 4 4
0 21 2 3 0 2 3 0 2 3 0 2 3 0 4 2 3 2 2 3 0 2 3
0 8 3 0 4 2 3 2 2 3
0 12 2 3 0 2 3 0 4 2 3 2 4 2
0 25 4 2 3 2 4 2 3 2 4 2 3 2 3 2 3 0 2 3 0 2 3 0 2 3 0
0 14 4 2 3 2 4 4 4 4 4 2 3 2 3 0
0 4 2 3 0 2
0 3 3 4 2
0 36 4 2 3 2 2 3 0 2 3 0 2 3 0 2 3 0 2 3 0 2 3 0 2 3 0 2 3 0 2 3 0 2 3 0 2 3
0 18 4 2 3 2 4 4 4 4 4 2 3 2 3 0 1 1 2 2
0 2 3 0
0 37 3 0 2 3 0 2 3 0 2 3 0 2 3 0 2 3 0 2 3 0 2 3 0 2 3 0 2 3 0 2 3 0 2 3 0 2 3
0 21 4 2 3 2 4 4 4 4 4 4 4 4 4 1 1 1 1 1 4 4 2
0 30 3 0 2 3 0 2 3 0 2 3 0 2 3 0 2 3 0 2 3 0 2 3 0 2 3 0 2 3 0 2
0 28 2 3 0 2 3 0 2 3 0 2 3 0 4 2 3 2 2 3 0 2 3 0 1 2 2 2 2 2
0 21 3 2 3 0 2 3 0 2 3 0 4 2 3 2 4 2 3 2 2 3 0
0 21 4 2 3 2 4 2 3 2 4 4 4 4 2 3 2 1 1 4 2 4 4
0 15 2 3 0 4 2 3 2 4 2 3 2 3 4 2 3
0 9 4 2 3 2 1 1 2 4 2
0 9 4 4 2 3 0 2 3 0 2
0 27 2 3 0 2 3 0 2 3 0 2 3 0 2 3 0 2 3 0 2 3 0 2 3 0 2 3 0
0 13 4 4 4 4 3 0 2 3 0 4 2 3 2
0 14 4 2 3 2 4 2 3 2 4 2 3 2 1 2
0 14 4 2 3 2 4 2 3 2 4 2 3 2 4 2
0 15 4 2 3 2 4 2 3 2 4 4 4 4 2 3 2
0 16 4 2 3 2 4 2 3 2 4 2 3 2 3 4 2 3
0 11 3 0 4 2 3 2 4 2 3 2 4
0 10 2 3 0 4 2 3 2 4 2 3
0 23 2 3 0 2 3 0 2 3 0 2 3 0 4 2 3 2 2 3 0 2 3 0 1
0 20 4 2 3 2 3 4 2 3 2 2 3 0 2 3 0 2 3 0 2 3
0 15 3 2 3 0 2 3 0 2 3 0 2 3 0 2 3
0 26 4 2 3 2 4 2 3 2 4 2 3 2 4 2 3 2 2 3 0 2 3 0 2 3 0 1
0 23 3 2 3 0 2 3 0 2 3 0 2 3 0 2 3 0 3 4 2 3 2 1 2
0 6 4 4 2 3 0 2
0 25 4 2 3 2 4 2 3 2 2 3 0 2 3 0 2 3 0 4 4 2 3 2 2 3 0
0 28 4 2 3 2 4 2 3 2 4 2 3 2 4 2 3 2 4 2 3 2 1 1 1 2 4 2 2 2
0 14 4 2 3 2 4 2 3 2 4 2 3 2 3 4
0 12 4 4 4 2 3 0 2 3 0 2 3 0
0 8 4 4 4 4 1 2 2 2
0 14 4 4 4 2 3 0 2 3 0 2 3 0 2 3
0 5 2 3 0 4 2
0 5 2 3 0 4 4
0 30 4 2 3 2 2 3 0 2 3 0 2 3 0 2 3 0 2 3 0 2 3 0 4 2 3 2 2 3 0 2
0 29 4 2 3 2 4 2 3 2 2 3 0 2 3 0 2 3 0 2 3 0 2 3 0 2 3 0 4 2 3
0 28 4 4 4 2 3 0 2 3 0 2 3 0 2 3 0 3 0 2 3 0 2 3 0 2 3 0 2 3
0 29 2 3 0 4 4 4 2 3 2 4 2 3 2 4 2 3 2 1 1 1 1 1 1 1 4 2 2 4 2
0 24 2 3 0 2 3 0 2 3 0 2 3 0 4 2 3 2 1 1 1 1 1 1 4 4
0 7 4 4 4 4 2 3 0
0 22 3 3 2 3 0 2 3 0 2 3 0 4 2 3 2 1 1 1 1 1 1 4
0 31 4 2 3 2 4 2 3 2 4 4 4 4 4 4 4 4 4 2 3 0 2 3 0 2 3 0 2 3 0 2 3
0 13 4 2 3 2 4 2 3 2 4 2 3 2 3
0 41 3 0 2 3 0 2 3 0 2 3 0 2 3 0 2 3 0 2 3 0 2 3 0 2 3 0 2 3 0 2 3 0 2 3 0 2 3 0 2 3 0
0 31 2 3 0 2 3 0 2 3 0 2 3 0 4 2 3 2 4 2 3 2 2 3 0 2 3 0 2 3 0 1 2
0 21 4 2 3 2 4 2 3 2 2 3 0 2 3 0 2 3 0 2 3 0 4
0 30 4 2 3 2 2 3 0 2 3 0 4 2 3 2 4 2 3 2 2 3 0 2 3 0 2 3 0 2 3 0
0 11 4 2 3 2 4 2 3 2 3 0 4
0 4 4 4 4 2
0 10 4 4 4 2 3 0 2 3 0 2
0 26 2 3 0 2 3 0 2 3 0 2 3 0 2 3 0 3 0 2 3 0 2 3 0 2 3 0
0 18 4 2 3 2 4 2 3 2 4 2 3 2 4 2 3 2 4 1
0 9 4 2 3 2 4 2 3 2 2
0 36 2 3 0 2 3 0 2 3 0 2 3 0 2 3 0 4 4 4 4 4 4 2 3 2 1 1 1 1 1 1 1 2 2 4 2 2
0 10 1 1 1 1 1 1 1 2 4 2
0 32 4 2 3 2 2 3 0 2 3 0 3 0 2 3 0 2 3 0 2 3 0 2 3 0 2 3 0 4 2 3 2 1
0 17 4 2 3 2 4 2 3 2 3 0 4 2 3 2 4 2 3
0 26 4 2 3 2 2 3 0 2 3 0 2 3 0 2 3 0 2 3 0 4 2 3 2 2 3 0
0 11 2 3 0 2 3 0 2 3 0 2 3
0 31 4 2 3 2 2 3 0 2 3 0 2 3 0 2 3 0 2 3 0 4 2 3 2 2 3 0 2 3 0 2 3
0 52 2 3 0 2 3 0 2 3 0 2 3 0 2 3 0 2 3 0 2 3 0 2 3 0 2 3 0 2 3 0 2 3 0 2 3 0 2 3 0 2 3 0 2 3 0 2 3 0 2 3 0 2
0 39 4 2 3 2 2 3 0 2 3 0 2 3 0 2 3 0 2 3 0 2 3 0 2 3 0 2 3 0 2 3 0 2 3 0 2 3 0 4 2
0 26 3 0 4 2 3 2 4 2 3 2 4 2 3 2 4 4 4 4 4 1 1 1 1 2 2 2
0 23 4 2 3 2 4 2 3 2 4 4 4 4 4 4 4 4 4 2 3 0 2 3 0
0 19 2 3 0 2 3 0 2 3 0 2 3 0 4 2 3 2 4 2 3
0 5 4 4 4 4 3
0 26 4 2 3 2 2 3 0 2 3 0 4 2 3 2 4 2 3 2 2 3 0 2 3 0 2 3
0 7 2 3 0 2 3 0 2
0 4 1 2 2 4
0 19 4 2 3 2 4 2 3 2 3 0 4 2 3 2 4 2 3 2 4
0 22 4 2 3 2 4 4 4 4 4 4 3 0 1 1 1 1 1 1 1 2 4 2
0 8 4 2 3 2 1 1 2 4
0 38 2 3 0 2 3 0 2 3 0 2 3 0 4 2 3 2 4 2 3 2 2 3 0 2 3 0 2 3 0 2 3 0 2 3 0 2 3 0
0 7 4 2 3 2 4 2 3
0 41 4 2 3 2 2 3 0 2 3 0 2 3 0 2 3 0 2 3 0 2 3 0 2 3 0 2 3 0 2 3 0 2 3 0 2 3 0 4 2 3 2
0 9 4 4 4 2 3 0 2 3 0
0 22 2 3 0 2 3 0 2 3 0 2 3 0 4 2 3 2 4 2 3 2 2 3
0 24 2 3 0 2 3 0 2 3 0 2 3 0 2 3 0 4 4 4 4 4 4 2 3 2
0 8 4 2 3 2 3 4 2 3
0 13 4 4 4 2 3 2 1 2 2 4 2 2 2
0 24 3 2 3 0 2 3 0 2 3 0 4 2 3 2 4 2 3 2 2 3 0 2 3 0
0 11 3 2 3 0 2 3 0 4 2 3 2
0 8 3 2 3 0 2 3 0 4
0 29 4 4 4 4 2 3 2 2 3 0 2 3 0 2 3 0 2 3 0 4 2 3 2 1 1 1 1 2 2
0 20 2 3 0 2 3 0 3 0 4 2 3 2 2 3 0 2 3 0 2 3
0 6 4 2 3 2 3 0
0 10 4 2 3 2 3 3 2 3 0 2
0 19 2 3 0 2 3 0 2 3 0 2 3 0 2 3 0 2 3 0 3
0 58 2 3 0 2 3 0 2 3 0 2 3 0 4 2 3 2 4 2 3 2 2 3 0 2 3 0 2 3 0 2 3 0 2 3 0 2 3 0 2 3 0 2 3 0 2 3 0 4 2 3 2 1 1 1 1 1 1 4
0 33 4 2 3 2 2 3 0 2 3 0 2 3 0 2 3 0 2 3 0 2 3 0 2 3 0 2 3 0 4 4 4 4 4
0 26 2 3 0 4 4 4 2 3 2 4 2 3 2 4 2 3 2 1 1 1 1 1 1 1 4 2
0 16 4 2 3 2 4 2 3 2 4 4 4 4 4 4 4 4
0 10 4 4 4 4 2 3 2 1 2 2
0 9 4 4 4 4 2 3 2 1 2
0 16 2 3 0 4 4 4 2 3 2 4 2 3 2 4 2 3
0 17 4 4 4 4 4 4 4 4 4 4 4 4 2 3 2 4 2
0 22 4 4 4 2 3 0 2 3 0 2 3 0 2 3 0 3 0 2 3 0 2 3
0 16 3 0 2 3 0 2 3 0 2 3 0 2 3 0 2 3
0 24 3 0 3 0 2 3 0 2 3 0 2 3 0 2 3 0 2 3 0 2 3 0 3 0
0 6 1 1 4 2 2 4
0 15 3 0 4 2 3 2 4 2 3 2 4 2 3 2 4
0 35 2 3 0 2 3 0 2 3 0 2 3 0 4 2 3 2 4 2 3 2 2 3 0 2 3 0 2 3 0 2 3 0 2 3 0
0 14 2 3 0 2 3 0 4 2 3 2 4 2 3 2
0 28 4 2 3 2 4 2 3 2 2 3 0 2 3 0 2 3 0 2 3 0 4 2 3 2 1 2 2 2
0 7 4 2 3 2 4 4 4
0 26 4 2 3 2 4 2 3 2 2 3 0 2 3 0 2 3 0 4 4 2 3 2 2 3 0 2
0 23 2 3 0 2 3 0 2 3 0 2 3 0 2 3 0 2 3 0 2 3 0 3 0
0 14 4 2 3 2 2 3 0 4 2 3 2 1 2 4
0 30 2 3 0 2 3 0 2 3 0 2 3 0 4 2 3 2 4 2 3 2 2 3 0 2 3 0 2 3 0 1
0 32 2 3 0 2 3 0 2 3 0 2 3 0 2 3 0 4 4 4 4 4 4 2 3 2 1 1 1 1 1 1 1 2
0 18 4 4 4 4 2 3 0 1 1 1 1 1 1 2 2 2 2 4
0 32 4 4 4 2 3 0 2 3 0 2 3 0 2 3 0 3 0 2 3 0 2 3 0 2 3 0 2 3 0 2 3 0
0 8 1 1 1 1 1 2 2 2
0 52 2 3 0 2 3 0 2 3 0 2 3 0 4 2 3 2 4 2 3 2 2 3 0 2 3 0 2 3 0 2 3 0 2 3 0 2 3 0 2 3 0 2 3 0 2 3 0 4 2 3 2 1
0 37 4 2 3 2 2 3 0 2 3 0 2 3 0 2 3 0 2 3 0 2 3 0 2 3 0 2 3 0 2 3 0 2 3 0 2 3 0
0 33 4 4 4 2 3 0 2 3 0 2 3 0 2 3 0 3 0 2 3 0 2 3 0 2 3 0 2 3 0 2 3 0 4
0 15 4 2 3 2 4 2 3 2 4 2 3 2 1 2 4
0 25 4 2 3 2 4 2 3 2 4 2 3 2 3 4 2 3 2 2 3 0 1 1 4 4 2
0 21 4 4 2 3 0 2 3 0 2 3 0 2 3 0 2 3 0 2 3 0 1
0 15 4 2 3 2 2 3 0 2 3 0 4 2 3 2 4
0 13 4 2 3 2 4 2 3 2 2 3 0 1 2
0 22 4 2 3 2 4 2 3 2 3 0 4 2 3 2 4 2 3 2 4 2 3 2
0 9 3 3 2 3 0 2 3 0 2
0 29 4 2 3 2 2 3 0 2 3 0 2 3 0 2 3 0 2 3 0 2 3 0 2 3 0 2 3 0 4
0 49 4 2 3 2 2 3 0 2 3 0 2 3 0 2 3 0 2 3 0 4 2 3 2 2 3 0 2 3 0 2 3 0 2 3 0 2 3 0 2 3 0 4 4 2 3 2 1 1 4
0 10 4 4 4 4 3 0 2 3 0 4
0 15 4 2 3 2 4 2 3 2 3 0 4 2 3 2 4
0 24 4 2 3 2 4 2 3 2 4 2 3 2 3 2 3 0 2 3 0 2 3 0 2 3
0 32 4 2 3 2 2 3 0 2 3 0 2 3 0 2 3 0 4 4 2 3 2 4 4 4 2 3 2 1 2 2 2 2
0 19 4 4 4 4 2 3 2 2 3 0 2 3 0 2 3 0 2 3 0
0 21 4 2 3 2 2 3 0 2 3 0 2 3 0 2 3 0 4 4 2 3 2
0 28 4 2 3 2 2 3 0 2 3 0 2 3 0 2 3 0 4 4 2 3 2 4 4 4 2 3 2 1
0 13 4 2 3 2 2 3 0 2 3 0 4 2 3
0 43 3 2 3 0 2 3 0 2 3 0 4 2 3 2 4 2 3 2 2 3 0 2 3 0 2 3 0 2 3 0 2 3 0 1 1 1 1 1 1 1 2 2 2
0 8 2 3 0 2 3 0 3 0
0 6 3 0 3 0 2 3
0 6 4 4 4 4 3 0
0 14 3 0 3 0 2 3 0 2 3 0 2 3 0 2
0 20 3 2 3 0 2 3 0 2 3 0 4 2 3 2 4 2 3 2 2 3
0 42 3 2 3 0 2 3 0 2 3 0 4 2 3 2 4 2 3 2 2 3 0 2 3 0 2 3 0 2 3 0 2 3 0 1 1 1 1 1 1 1 2 2
0 9 4 4 4 4 4 4 4 2 3
0 7 1 1 1 1 1 2 2
0 7 3 1 1 4 4 2 2
0 32 2 3 0 2 3 0 2 3 0 2 3 0 2 3 0 2 3 0 2 3 0 2 3 0 2 3 0 2 3 0 2 3
0 4 3 3 2 3
0 35 4 4 4 2 3 0 2 3 0 2 3 0 2 3 0 3 0 2 3 0 2 3 0 2 3 0 2 3 0 2 3 0 4 2 3
0 24 2 3 0 2 3 0 2 3 0 2 3 0 4 2 3 2 4 2 3 2 2 3 0 2
0 20 4 2 3 2 4 2 3 2 4 2 3 2 4 2 3 2 1 1 2 2
0 19 2 3 0 2 3 0 2 3 0 2 3 0 2 3 0 2 3 0 2
0 21 2 3 0 2 3 0 4 2 3 2 3 0 4 2 3 2 1 1 1 2 2
0 6 4 4 4 4 1 2
0 18 2 3 0 2 3 0 2 3 0 2 3 0 4 2 3 2 4 2
0 23 3 0 3 0 2 3 0 2 3 0 2 3 0 2 3 0 2 3 0 2 3 0 3
0 26 4 2 3 2 2 3 0 2 3 0 3 0 2 3 0 2 3 0 2 3 0 2 3 0 2 3
0 12 4 2 3 2 4 4 4 4 1 2 4 4
0 18 3 0 4 2 3 2 2 3 0 4 2 3 2 1 1 4 2 4
0 20 4 4 4 4 2 3 2 2 3 0 2 3 0 2 3 0 2 3 0 4
0 8 4 4 4 4 4 2 3 2
0 6 4 2 3 2 3 3
0 23 4 2 3 2 4 2 3 2 2 3 0 2 3 0 2 3 0 2 3 0 2 3 0
0 8 1 1 1 1 1 1 4 4
0 18 4 2 3 2 2 3 0 4 2 3 2 1 2 4 4 4 2 2
0 15 4 2 3 2 4 2 3 2 2 3 0 1 2 2 4
0 27 4 2 3 2 4 2 3 2 4 2 3 2 4 2 3 2 4 2 3 2 1 1 1 2 4 2 2
0 12 4 2 3 2 4 2 3 2 4 2 3 2
0 16 4 2 3 2 4 2 3 2 2 3 0 2 3 0 2 3
0 18 4 4 4 2 3 0 2 3 0 2 3 0 2 3 0 3 0 2
0 23 4 2 3 2 4 4 4 4 4 4 4 4 4 1 1 1 1 1 4 4 2 2 2
0 27 4 2 3 2 4 2 3 2 4 2 3 2 3 4 2 3 2 2 3 0 1 1 4 4 2 4 4
0 9 4 4 4 2 3 2 1 2 2
0 28 2 3 0 2 3 0 2 3 0 2 3 0 4 2 3 2 1 1 1 1 1 1 4 4 2 2 4 4
0 23 3 2 3 0 2 3 0 2 3 0 4 2 3 2 4 2 3 2 2 3 0 2 3
0 20 4 2 3 2 4 2 3 2 2 3 0 2 3 0 2 3 0 2 3 0
0 8 2 3 0 4 2 3 2 4
0 39 4 4 4 2 3 0 2 3 0 2 3 0 2 3 0 3 0 2 3 0 2 3 0 2 3 0 2 3 0 2 3 0 4 2 3 2 1 1 4
0 41 4 2 3 2 4 2 3 2 2 3 0 2 3 0 2 3 0 4 4 2 3 2 2 3 0 2 3 0 2 3 0 2 3 0 2 3 0 1 2 2 2
0 44 2 3 0 2 3 0 2 3 0 2 3 0 2 3 0 2 3 0 2 3 0 2 3 0 2 3 0 2 3 0 2 3 0 2 3 0 2 3 0 2 3 0 2 3
0 27 2 3 0 2 3 0 2 3 0 2 3 0 4 2 3 2 3 0 2 3 0 2 3 0 1 2 2
0 24 3 0 2 3 0 2 3 0 2 3 0 2 3 0 2 3 0 2 3 0 2 3 0 2
0 33 4 2 3 2 4 2 3 2 4 4 4 4 4 4 4 4 4 2 3 0 2 3 0 2 3 0 2 3 0 2 3 0 1
0 15 4 4 4 4 2 3 2 2 3 0 1 1 1 1 4
0 15 2 3 0 2 3 0 2 3 0 2 3 0 4 2 3
0 46 3 0 2 3 0 2 3 0 2 3 0 2 3 0 2 3 0 2 3 0 2 3 0 2 3 0 2 3 0 2 3 0 2 3 0 2 3 0 2 3 0 2 3 0 2 3
0 10 2 3 0 4 4 4 2 3 2 4
0 16 4 2 3 2 2 3 0 4 2 3 2 1 2 4 4 4
0 14 4 2 3 2 4 2 3 2 4 2 3 2 1 4
0 16 2 3 0 2 3 0 2 3 0 2 3 0 4 4 4 4
0 25 4 4 4 2 3 0 2 3 0 2 3 0 2 3 0 3 0 2 3 0 2 3 0 2 3
0 11 4 4 4 4 2 3 2 2 3 0 2
0 19 4 4 4 2 3 0 2 3 0 2 3 0 2 3 0 3 0 2 3
0 21 4 2 3 2 4 2 3 2 2 3 0 2 3 0 2 3 0 4 4 2 3
0 4 3 1 1 4
0 15 4 2 3 2 2 3 0 2 3 0 2 3 0 2 3
0 21 4 2 3 2 4 2 3 2 3 0 4 2 3 2 4 2 3 2 4 2 3
0 18 4 4 2 3 0 2 3 0 2 3 0 2 3 0 2 3 0 2
0 48 2 3 0 2 3 0 2 3 0 2 3 0 2 3 0 2 3 0 2 3 0 2 3 0 2 3 0 2 3 0 2 3 0 2 3 0 2 3 0 2 3 0 2 3 0 2 3 0
0 2 2 3
0 12 4 4 4 4 2 3 2 1 2 2 4 2
0 11 4 2 3 2 2 3 0 2 3 0 2
0 22 4 2 3 2 4 2 3 2 4 2 3 2 4 2 3 2 1 1 2 2 2 2
0 21 3 2 3 0 2 3 0 2 3 0 2 3 0 2 3 0 3 4 2 3 2
0 23 2 3 0 2 3 0 2 3 0 2 3 0 4 2 3 2 3 0 2 3 0 2 3
0 20 4 4 4 4 4 2 3 2 2 3 0 2 3 0 2 3 0 2 3 0
0 42 2 3 0 2 3 0 2 3 0 2 3 0 4 2 3 2 4 2 3 2 2 3 0 2 3 0 2 3 0 2 3 0 2 3 0 2 3 0 2 3 0 2
0 5 4 2 3 2 4
0 11 2 3 0 2 3 0 4 2 3 2 4
0 21 4 2 3 2 4 2 3 2 2 3 0 2 3 0 4 2 3 2 3 1 2
0 42 4 4 4 2 3 0 2 3 0 2 3 0 2 3 0 3 0 2 3 0 2 3 0 2 3 0 2 3 0 2 3 0 4 2 3 2 1 1 4 2 4 2
0 15 4 4 4 4 4 4 4 4 4 4 4 4 2 3 2
0 34 2 3 0 2 3 0 2 3 0 2 3 0 2 3 0 4 4 4 4 4 4 2 3 2 1 1 1 1 1 1 1 2 2 4
0 8 4 2 3 2 4 4 4 4
0 23 4 2 3 2 4 2 3 2 4 2 3 2 4 2 3 2 4 1 1 1 2 4 2
0 19 2 3 0 2 3 0 3 0 4 2 3 2 2 3 0 2 3 0 2
0 32 4 4 4 4 4 2 3 2 2 3 0 2 3 0 2 3 0 2 3 0 2 3 0 2 3 0 3 1 4 2 2 4
0 25 4 4 2 3 0 2 3 0 2 3 0 2 3 0 2 3 0 2 3 0 1 1 2 2 2
0 22 2 3 0 2 3 0 2 3 0 2 3 0 2 3 0 2 3 0 2 3 0 2
0 16 3 0 4 2 3 2 4 2 3 2 4 2 3 2 4 4
0 11 4 4 4 4 3 0 2 3 0 2 3
0 14 3 0 2 3 0 2 3 0 2 3 0 2 3 0
0 13 4 4 2 3 0 2 3 0 2 3 0 2 3
0 18 2 3 0 2 3 0 2 3 0 2 3 0 4 2 3 2 3 0
0 19 4 2 3 2 2 3 0 2 3 0 3 0 2 3 0 2 3 0 2
0 29 2 3 0 2 3 0 2 3 0 2 3 0 4 2 3 2 4 2 3 2 2 3 0 2 3 0 2 3 0
0 13 3 0 3 3 0 1 1 1 1 1 1 2 4
0 11 4 2 3 2 4 2 3 2 2 3 0
0 33 2 3 0 2 3 0 2 3 0 2 3 0 2 3 0 4 4 4 4 4 4 2 3 2 1 1 1 1 1 1 1 2 2
0 40 2 3 0 2 3 0 2 3 0 2 3 0 4 2 3 2 4 2 3 2 2 3 0 2 3 0 2 3 0 2 3 0 2 3 0 2 3 0 2 3
0 2 3 3
0 31 3 2 3 0 2 3 0 2 3 0 4 2 3 2 4 2 3 2 2 3 0 2 3 0 2 3 0 2 3 0 2
0 28 4 2 3 2 4 2 3 2 2 3 0 2 3 0 2 3 0 4 4 2 3 2 2 3 0 2 3 0
0 14 3 2 3 0 2 3 0 2 3 0 4 2 3 2
0 47 4 2 3 2 2 3 0 2 3 0 2 3 0 2 3 0 2 3 0 4 2 3 2 2 3 0 2 3 0 2 3 0 2 3 0 2 3 0 2 3 0 4 4 2 3 2 1
0 13 4 4 4 2 3 0 2 3 0 2 3 0 2
0 20 2 3 0 2 3 0 2 3 0 2 3 0 4 2 3 2 4 2 3 2
0 13 2 3 0 2 3 0 2 3 0 4 2 3 2
0 11 4 4 4 4 4 4 4 2 3 2 4
0 19 2 3 0 2 3 0 2 3 0 2 3 0 2 3 0 4 4 4 4
0 17 3 2 3 0 2 3 0 2 3 0 2 3 0 2 3 0 3
0 9 2 3 0 4 4 4 2 3 2
0 14 4 2 3 2 4 2 3 2 4 2 3 2 3 2
0 18 4 4 4 4 4 2 3 2 2 3 0 2 3 0 2 3 0 2
0 12 4 4 4 4 4 2 3 2 2 3 0 2
0 32 4 2 3 2 2 3 0 2 3 0 4 2 3 2 4 2 3 2 2 3 0 2 3 0 2 3 0 2 3 0 1 2
0 31 4 2 3 2 2 3 0 2 3 0 2 3 0 2 3 0 4 4 2 3 2 4 4 4 2 3 2 1 2 2 2
0 46 4 2 3 2 2 3 0 2 3 0 2 3 0 2 3 0 2 3 0 4 2 3 2 2 3 0 2 3 0 2 3 0 2 3 0 2 3 0 2 3 0 4 4 2 3 2
0 14 4 2 3 2 4 2 3 2 2 3 0 1 2 2
0 52 3 0 2 3 0 2 3 0 2 3 0 2 3 0 2 3 0 2 3 0 2 3 0 2 3 0 2 3 0 2 3 0 2 3 0 2 3 0 2 3 0 2 3 0 2 3 0 2 3 0 3 1
0 31 4 2 3 2 4 2 3 2 2 3 0 2 3 0 2 3 0 4 4 2 3 2 2 3 0 2 3 0 2 3 0
0 10 2 3 0 1 4 4 2 4 4 2
0 31 4 2 3 2 2 3 0 2 3 0 2 3 0 2 3 0 2 3 0 2 3 0 2 3 0 2 3 0 2 3 0
0 19 4 2 3 2 4 2 3 2 2 3 0 2 3 0 1 2 4 2 4
0 16 4 2 3 2 4 2 3 2 3 0 4 2 3 2 4 2
0 35 4 2 3 2 4 2 3 2 4 2 3 2 4 2 3 2 2 3 0 2 3 0 2 3 0 1 1 1 1 1 1 1 2 4 2
0 14 4 2 3 2 3 4 2 3 2 2 3 0 2 3
0 18 4 2 3 2 4 2 3 2 4 2 3 2 3 0 4 2 3 2
0 24 2 3 0 2 3 0 2 3 0 2 3 0 2 3 0 2 3 0 2 3 0 2 3 0
0 20 4 2 3 2 4 2 3 2 4 2 3 2 3 2 3 0 2 3 0 2
0 11 2 3 0 4 4 4 2 3 2 1 2
0 8 1 1 1 4 2 2 4 4
0 24 4 4 4 4 4 4 4 4 4 4 4 4 2 3 2 4 2 3 2 3 1 1 2 2
0 37 2 3 0 2 3 0 2 3 0 2 3 0 2 3 0 4 4 4 4 4 4 2 3 2 1 1 1 1 1 1 1 2 2 4 2 2 2
0 19 3 0 4 2 3 2 4 2 3 2 4 2 3 2 4 4 4 4 4
0 20 2 3 0 2 3 0 2 3 0 2 3 0 2 3 0 3 0 2 3 0
0 8 3 0 2 3 0 2 3 0
0 18 4 2 3 2 4 2 3 2 4 4 4 4 2 3 2 1 1 4
0 17 4 2 3 2 4 2 3 2 4 2 3 2 4 2 3 2 2
0 23 4 2 3 2 4 2 3 2 4 2 3 2 3 2 3 0 2 3 0 2 3 0 2
0 6 3 2 3 0 2 3
0 18 3 2 3 0 2 3 0 2 3 0 2 3 0 2 3 0 3 4
0 23 2 3 0 2 3 0 2 3 0 2 3 0 2 3 0 1 1 1 1 1 1 2 2
0 5 4 2 3 2 1
0 6 2 3 0 1 2 4
0 26 4 2 3 2 4 2 3 2 4 2 3 2 3 2 3 0 2 3 0 2 3 0 2 3 0 4
0 26 4 2 3 2 2 3 0 2 3 0 2 3 0 2 3 0 2 3 0 2 3 0 2 3 0 2
0 3 1 1 4
0 54 3 0 2 3 0 2 3 0 2 3 0 2 3 0 2 3 0 2 3 0 2 3 0 2 3 0 2 3 0 2 3 0 2 3 0 2 3 0 2 3 0 2 3 0 2 3 0 2 3 0 3 1 2 2
0 30 4 2 3 2 2 3 0 2 3 0 2 3 0 2 3 0 2 3 0 2 3 0 2 3 0 2 3 0 4 4
0 11 4 4 4 2 3 2 1 2 2 4 2
0 37 4 2 3 2 4 2 3 2 2 3 0 2 3 0 2 3 0 4 4 2 3 2 2 3 0 2 3 0 2 3 0 2 3 0 2 3 0
0 26 4 2 3 2 4 2 3 2 4 2 3 2 4 2 3 2 4 2 3 2 1 1 1 2 4 2
0 16 4 2 3 2 4 2 3 2 2 3 0 1 2 2 4 2
0 20 4 2 3 2 2 3 0 2 3 0 4 2 3 2 4 2 3 2 2 3
0 20 4 2 3 2 4 2 3 2 4 2 3 2 4 2 3 2 4 2 3 2
0 20 4 2 3 2 2 3 0 2 3 0 2 3 0 2 3 0 2 3 0 4
0 13 4 2 3 2 4 2 3 2 1 1 1 1 2
0 20 4 2 3 2 4 4 4 4 4 4 4 4 4 1 1 1 1 1 4 4
0 5 2 3 0 2 3
0 5 3 4 2 3 2
0 23 4 2 3 2 3 3 2 3 0 2 3 0 2 3 0 2 3 0 4 2 3 2 1
0 29 3 2 3 0 2 3 0 2 3 0 4 2 3 2 4 2 3 2 2 3 0 2 3 0 2 3 0 2 3
0 21 4 2 3 2 4 2 3 2 4 2 3 2 4 2 3 2 1 1 2 2 2
0 28 3 0 4 2 3 2 4 2 3 2 4 2 3 2 4 4 4 4 4 1 1 1 1 2 2 2 4 4
0 14 4 2 3 2 3 0 4 4 4 4 4 4 2 3
0 13 2 3 0 2 3 0 3 0 4 2 3 2 2
0 22 2 3 0 4 2 3 2 4 2 3 2 3 4 2 3 2 4 2 3 2 1 2
0 20 4 2 3 2 3 0 4 4 4 4 4 4 2 3 2 1 1 4 4 2
0 16 2 3 0 2 3 0 2 3 0 2 3 0 4 2 3 2
0 24 4 2 3 2 2 3 0 2 3 0 2 3 0 2 3 0 4 4 2 3 2 4 4 4
0 3 3 2 3
0 11 4 2 3 2 4 4 4 4 4 1 2
0 22 4 2 3 2 4 2 3 2 4 2 3 2 3 2 3 0 2 3 0 2 3 0
0 23 4 4 2 3 0 2 3 0 2 3 0 2 3 0 2 3 0 2 3 0 1 1 2
0 19 4 2 3 2 4 2 3 2 4 2 3 2 4 2 3 2 1 1 2
0 29 3 0 3 0 2 3 0 2 3 0 2 3 0 2 3 0 2 3 0 2 3 0 3 0 4 2 3 2 1
0 34 2 3 0 2 3 0 2 3 0 2 3 0 2 3 0 2 3 0 2 3 0 3 0 4 4 2 3 2 4 2 3 2 1 2
0 3 4 4 2
0 25 2 3 0 2 3 0 2 3 0 2 3 0 2 3 0 4 4 4 4 4 4 2 3 2 1
0 25 2 3 0 4 4 4 2 3 2 4 2 3 2 4 2 3 2 1 1 1 1 1 1 1 4
0 21 2 3 0 2 3 0 2 3 0 2 3 0 4 2 3 2 3 0 2 3 0
0 16 2 3 0 2 3 0 3 0 4 2 3 2 2 3 0 2
0 9 3 0 2 3 0 2 3 0 2
0 25 4 2 3 2 4 2 3 2 2 3 0 2 3 0 2 3 0 2 3 0 4 2 3 2 1
0 9 4 4 4 2 3 2 4 2 3
0 34 3 2 3 0 2 3 0 2 3 0 4 2 3 2 4 2 3 2 2 3 0 2 3 0 2 3 0 2 3 0 2 3 0 1
0 19 4 2 3 2 4 2 3 2 4 4 4 4 2 3 2 1 1 4 2
0 4 3 2 3 0
0 50 2 3 0 2 3 0 2 3 0 2 3 0 4 2 3 2 4 2 3 2 2 3 0 2 3 0 2 3 0 2 3 0 2 3 0 2 3 0 2 3 0 2 3 0 2 3 0 4 2 3
0 19 4 2 3 2 2 3 0 2 3 0 2 3 0 2 3 0 4 4 2
0 5 4 2 3 2 3
0 26 2 3 0 2 3 0 2 3 0 2 3 0 2 3 0 2 3 0 2 3 0 3 0 4 4 2
0 18 4 2 3 2 4 2 3 2 3 0 4 2 3 2 4 2 3 2
0 20 2 3 0 2 3 0 2 3 0 2 3 0 2 3 0 4 4 4 4 4
0 11 4 2 3 2 4 2 3 2 1 1 2
0 12 4 4 4 4 2 3 2 2 3 0 2 3
0 13 4 2 3 2 4 4 4 4 1 2 4 4 2
0 24 4 2 3 2 2 3 0 2 3 0 2 3 0 2 3 0 2 3 0 2 3 0 2 3
0 10 2 3 0 2 3 0 2 3 0 4
0 15 3 2 3 0 2 3 0 4 2 3 2 1 1 4 2
0 6 3 1 1 4 4 2
0 13 4 4 4 4 4 4 4 2 3 2 4 2 3
0 20 4 4 4 4 4 4 4 4 4 4 4 4 2 3 2 4 2 3 2 3
0 15 4 2 3 2 4 2 3 2 2 3 0 2 3 0 4
0 42 4 2 3 2 2 3 0 2 3 0 2 3 0 2 3 0 2 3 0 4 2 3 2 2 3 0 2 3 0 2 3 0 2 3 0 2 3 0 2 3 0 4
0 18 4 2 3 2 4 2 3 2 4 2 3 2 4 2 3 2 4 2
0 24 4 2 3 2 3 4 2 3 2 2 3 0 2 3 0 2 3 0 2 3 0 2 3 0
0 23 4 4 4 4 4 2 3 2 2 3 0 2 3 0 2 3 0 2 3 0 2 3 0
0 17 4 4 4 4 4 2 3 2 2 3 0 2 3 0 2 3 0
0 9 1 1 1 1 1 2 2 2 4
0 10 4 4 4 2 3 2 1 2 2 4
0 16 3 2 3 0 2 3 0 2 3 0 4 2 3 2 4 2
0 7 4 4 4 4 1 2 2
0 3 3 0 3
0 9 4 2 3 2 4 2 3 2 3
0 25 4 2 3 2 4 2 3 2 4 2 3 2 4 2 3 2 2 3 0 2 3 0 2 3 0
0 14 4 4 4 4 3 0 2 3 0 4 2 3 2 1
0 9 3 0 4 2 3 2 2 3 0
0 13 2 3 0 4 4 4 2 3 2 4 2 3 2
0 25 4 2 3 2 2 3 0 2 3 0 2 3 0 2 3 0 2 3 0 2 3 0 4 2 3
0 25 4 2 3 2 4 2 3 2 2 3 0 2 3 0 2 3 0 2 3 0 4 2 3 2 4
0 7 4 4 4 2 3 0 2
0 27 3 0 2 3 0 2 3 0 2 3 0 2 3 0 2 3 0 2 3 0 2 3 0 2 3 0 2
0 11 4 2 3 2 2 3 0 2 3 0 4
0 3 3 0 4
0 3 1 1 2
0 14 3 3 2 3 0 2 3 0 2 3 0 4 2 3
0 28 4 2 3 2 4 2 3 2 2 3 0 2 3 0 2 3 0 2 3 0 2 3 0 2 3 0 1 2
0 1 3
0 28 2 3 0 2 3 0 2 3 0 2 3 0 2 3 0 2 3 0 3 4 4 4 1 2 4 4 4 2
0 16 4 4 2 3 0 2 3 0 2 3 0 2 3 0 2 3
0 8 3 2 3 0 2 3 0 2
0 2 1 2
0 27 2 3 0 4 4 4 2 3 2 4 2 3 2 4 2 3 2 1 1 1 1 1 1 1 4 2 2
0 10 3 2 3 0 2 3 0 2 3 0
0 10 4 2 3 2 2 3 0 2 3 0
0 39 4 2 3 2 2 3 0 2 3 0 3 0 2 3 0 2 3 0 2 3 0 2 3 0 2 3 0 4 2 3 2 1 1 4 2 4 2 2 2
0 15 4 2 3 2 2 3 0 4 2 3 2 1 2 4 4
0 14 4 2 3 2 4 2 3 2 4 4 4 4 4 1
0 20 4 4 4 2 3 0 2 3 0 2 3 0 2 3 0 3 0 2 3 0
0 45 4 2 3 2 2 3 0 2 3 0 2 3 0 2 3 0 2 3 0 4 2 3 2 2 3 0 2 3 0 2 3 0 2 3 0 2 3 0 2 3 0 4 4 2 3
0 26 4 2 3 2 4 2 3 2 2 3 0 2 3 0 2 3 0 2 3 0 4 2 3 2 4 2
0 21 4 2 3 2 3 0 4 4 4 4 4 4 2 3 2 1 1 1 1 1 2
0 28 4 2 3 2 2 3 0 2 3 0 2 3 0 2 3 0 2 3 0 2 3 0 2 3 0 2 3 0
0 22 4 2 3 2 4 2 3 2 2 3 0 2 3 0 2 3 0 2 3 0 4 2
0 29 2 3 0 2 3 0 2 3 0 2 3 0 2 3 0 3 0 2 3 0 2 3 0 2 3 0 1 2 2
0 20 4 2 3 2 2 3 0 2 3 0 2 3 0 2 3 0 2 3 0 2
0 17 3 0 3 0 2 3 0 2 3 0 2 3 0 2 3 0 2
0 17 2 3 0 2 3 0 2 3 0 2 3 0 4 2 3 2 1
0 29 4 2 3 2 4 2 3 2 2 3 0 2 3 0 2 3 0 2 3 0 4 2 3 2 4 2 3 2 1
0 55 2 3 0 2 3 0 2 3 0 2 3 0 2 3 0 2 3 0 2 3 0 2 3 0 2 3 0 2 3 0 2 3 0 2 3 0 2 3 0 2 3 0 2 3 0 2 3 0 2 3 0 2 3 0 2
0 9 1 1 1 4 2 2 4 4 2
0 9 4 4 4 4 1 2 2 2 2
0 24 2 3 0 2 3 0 2 3 0 2 3 0 2 3 0 2 3 0 3 3 4 2 3 2
0 35 4 2 3 2 4 2 3 2 2 3 0 2 3 0 2 3 0 4 4 2 3 2 2 3 0 2 3 0 2 3 0 2 3 0 2
0 19 4 2 3 2 3 4 2 3 2 2 3 0 2 3 0 2 3 0 2
0 21 2 3 0 2 3 0 3 0 4 2 3 2 2 3 0 2 3 0 2 3 0
0 5 2 3 0 1 2
0 15 4 4 4 4 2 3 0 1 1 1 1 1 1 2 2
0 11 2 3 0 2 3 0 2 3 0 4 2
0 12 3 3 2 3 0 2 3 0 2 3 0 4
0 60 2 3 0 2 3 0 2 3 0 2 3 0 2 3 0 2 3 0 2 3 0 2 3 0 2 3 0 2 3 0 2 3 0 2 3 0 2 3 0 2 3 0 2 3 0 2 3 0 2 3 0 2 3 0 2 3 0 1 2 2
