613 5
1 0 
1 40 1 0 4 3 4 4 1 3 4 1 3 4 1 2 2 2 2 2 2 2 2 2 2 2 2 2 2 3 4 1 2 2 2 2 0 1 0 0 0 3
1 13 1 0 4 4 0 0 1 0 0 3 4 0 3
1 25 1 3 4 1 3 4 2 2 2 2 2 2 2 2 4 1 3 4 0 2 0 2 0 0 0
1 19 1 0 0 1 3 4 4 4 1 0 4 2 2 2 2 2 2 0 0
1 35 1 1 3 4 3 4 2 2 3 4 3 4 2 2 2 2 2 2 1 0 4 1 2 2 4 0 3 4 1 2 2 2 2 0 3
1 8 1 1 4 4 0 4 1 0
1 3 1 0 3
1 41 1 0 4 1 0 2 2 2 2 0 4 4 4 2 2 2 2 2 2 2 2 2 2 2 2 1 3 4 3 4 0 0 3 4 3 4 1 0 0 3 4
1 41 1 0 2 2 2 2 3 4 3 4 2 2 2 2 1 1 2 2 2 2 2 2 2 2 0 0 1 4 0 2 2 2 2 2 2 3 4 1 0 0 3
1 66 1 3 4 0 1 3 4 0 3 4 0 0 2 2 3 4 1 3 4 4 3 4 4 1 2 2 2 2 2 2 2 2 2 2 4 1 0 0 2 0 0 2 2 2 2 2 2 2 2 2 2 2 3 4 1 2 2 2 2 2 2 2 2 2 2 1
1 23 1 3 4 2 2 2 2 2 2 3 4 2 4 1 2 2 2 2 2 2 2 2 0
1 24 1 4 4 2 2 2 2 2 2 2 2 2 2 2 2 1 4 3 4 0 0 0 0 3
1 62 1 2 2 2 2 2 2 3 4 0 0 0 1 2 2 2 2 2 2 3 4 0 0 3 4 1 3 4 3 4 1 0 0 2 2 2 2 2 2 2 2 2 0 2 2 2 2 2 2 2 2 2 2 2 2 3 4 4 0 0 0 0
1 6 4 0 0 4 4 0
1 21 1 0 0 0 0 0 2 1 1 3 4 2 2 2 2 2 2 2 2 0 3
1 59 1 0 0 1 3 4 3 4 0 3 4 3 4 1 0 0 3 4 0 1 4 1 0 0 3 4 2 2 2 2 2 2 0 1 2 2 2 2 2 2 2 2 2 2 2 2 4 3 4 2 2 2 2 2 2 0 0 3 4
1 6 1 3 4 4 0 0
1 7 1 3 4 4 0 0 4
1 17 1 3 4 0 1 3 4 1 3 4 0 4 1 1 4 0 3
1 34 1 3 4 3 4 3 4 2 2 2 2 2 2 2 2 2 2 2 2 2 2 2 2 2 2 2 2 2 2 2 2 1 3 4
1 22 1 3 4 0 0 2 2 0 2 2 4 1 3 4 0 4 4 3 4 1 0 3
1 4 1 0 4 0
1 59 1 2 0 1 2 2 2 2 2 2 2 2 2 2 4 1 2 2 2 2 2 2 2 2 2 2 2 2 2 2 2 2 2 2 2 2 2 2 2 2 2 2 2 2 2 2 2 2 0 2 2 2 2 2 2 3 4 3 4
1 46 1 0 2 0 2 0 0 2 0 0 1 4 4 0 4 4 4 3 4 1 2 2 2 2 2 2 2 2 2 2 2 2 3 4 1 2 2 1 0 0 2 4 4 3 4 0
1 5 4 4 0 4 4
1 36 1 2 2 2 2 2 2 2 2 2 2 2 2 4 4 0 4 4 3 4 1 2 4 2 2 0 3 4 2 2 2 2 2 2 3 4
1 48 1 4 4 1 3 4 0 0 2 0 1 4 4 3 4 2 2 2 2 2 2 2 2 2 2 3 4 2 2 2 2 2 2 0 1 3 4 3 4 1 3 4 4 4 3 4 0 3
1 9 1 0 1 0 3 4 0 3 4
1 22 1 3 4 1 3 4 1 0 3 4 1 4 4 2 2 2 2 2 2 4 0 0
1 10 1 1 1 3 4 4 0 0 1 1
1 18 1 3 4 1 0 4 2 2 2 2 2 2 2 2 2 2 1 1
1 58 1 3 4 2 2 2 2 2 2 2 4 2 0 0 0 0 0 1 2 2 2 2 2 2 2 2 1 2 2 2 2 2 2 2 2 2 2 2 2 4 4 1 2 2 3 4 2 2 2 2 2 2 2 2 4 1 4 0
1 17 1 0 3 4 3 4 1 4 3 4 0 3 4 4 3 4 1
1 7 1 4 0 0 3 4 0
1 27 1 0 2 2 3 4 4 1 0 3 4 3 4 1 4 0 1 0 2 2 2 2 3 4 4 0 3
1 18 1 3 4 4 1 0 3 4 2 2 2 2 2 2 3 4 3 4
1 38 1 3 4 0 0 0 4 4 1 4 3 4 0 4 1 1 2 2 2 2 2 2 0 2 2 2 2 2 2 3 4 3 4 1 3 4 0 3
1 55 1 3 4 2 0 0 4 4 2 2 3 4 1 1 0 4 1 2 2 2 2 2 2 1 2 2 2 2 2 2 4 4 0 0 2 0 2 2 2 2 4 1 2 2 2 2 2 2 2 2 2 2 2 2 4
1 19 1 0 4 3 4 2 2 2 2 1 2 2 2 2 2 2 4 0 3
1 2 0 0
1 11 1 3 4 4 1 4 1 4 4 3 4
1 4 1 0 0 3
1 47 1 0 1 3 4 2 2 2 2 2 2 2 2 0 2 2 2 2 2 2 3 4 1 0 4 4 4 1 4 3 4 1 2 2 2 2 4 4 4 3 4 3 4 0 0 0 4
1 11 1 2 2 3 4 0 0 0 0 4 0
1 25 1 3 4 3 4 1 1 4 4 3 4 1 0 2 0 2 3 4 4 4 4 3 4 0 3
1 34 1 3 4 0 4 4 1 4 3 4 1 0 0 3 4 0 1 3 4 3 4 0 0 3 4 3 4 1 3 4 3 4 4 4
1 42 1 2 2 2 2 2 2 2 2 2 2 2 2 2 2 2 2 2 2 2 2 2 2 2 2 1 1 1 3 4 2 2 2 2 2 2 1 3 4 4 0 1
1 27 1 2 2 3 4 2 2 2 2 1 4 4 3 4 3 4 2 2 2 2 2 2 2 2 2 2 0
1 69 1 3 4 0 0 2 2 2 2 2 2 2 2 2 2 2 2 1 1 0 3 4 0 0 4 0 1 2 2 2 2 2 2 2 2 2 2 2 2 2 2 3 4 0 3 4 3 4 1 2 2 2 2 2 2 2 2 2 2 2 2 2 2 2 2 3 4 3 4
1 22 1 0 3 4 4 4 2 2 2 2 3 4 3 4 1 4 3 4 0 1 3 4
1 49 1 2 2 2 2 2 2 2 2 1 3 4 0 3 4 2 0 1 3 4 3 4 3 4 1 2 2 2 2 2 2 2 2 2 2 2 2 0 2 2 2 2 0 0 4 4 0 4 0
1 38 1 3 4 0 2 2 2 2 2 2 2 2 2 2 2 2 0 3 4 2 2 2 2 1 2 2 2 2 2 2 2 2 2 2 2 2 3 4
1 25 1 2 2 2 2 2 2 2 2 2 2 2 2 3 4 2 2 2 2 4 3 4 3 4 0
1 1 4
1 3 1 4 1
1 37 1 3 4 0 0 2 2 4 0 1 0 2 4 1 4 2 2 2 2 2 2 2 2 2 2 2 2 3 4 0 3 4 1 3 4 4 4
1 36 1 2 0 2 0 2 4 4 4 3 4 2 2 3 4 1 2 2 2 2 2 2 2 2 2 2 2 2 4 2 2 0 2 4 3 4
1 70 1 1 2 2 2 2 2 2 2 2 2 2 4 2 2 0 2 2 2 2 2 2 2 2 2 2 1 3 4 4 3 4 1 0 1 4 2 2 4 2 2 2 2 2 2 2 2 2 2 1 2 2 2 2 2 2 2 2 2 2 2 2 2 2 2 2 2 4 0 4
1 31 1 0 2 2 2 2 2 2 2 2 3 4 1 3 4 4 2 2 2 2 2 2 2 2 2 2 2 2 4 0 0
1 21 1 0 2 2 2 0 3 4 4 3 4 2 2 2 2 2 2 3 4 0 3
1 12 1 3 4 3 4 1 2 2 2 2 2 4
1 58 1 2 2 2 2 2 2 2 2 2 2 1 2 2 2 2 2 2 2 2 2 2 2 2 4 4 2 2 2 2 2 2 2 2 1 3 4 3 4 1 4 2 2 2 2 2 2 2 2 2 2 3 4 1 1 0 3 4
1 93 1 2 2 2 2 3 4 3 4 2 2 2 2 2 2 2 2 2 2 2 2 2 2 1 4 2 2 2 2 2 2 2 2 2 2 2 2 4 4 1 4 4 2 2 2 2 2 2 2 2 2 2 2 2 3 4 0 1 2 2 2 2 2 2 2 2 2 2 2 2 1 4 2 2 0 1 2 2 2 2 2 2 4 2 2 2 2 2 2 2 2 3 4
1 84 1 3 4 3 4 2 4 1 4 4 0 0 0 0 0 0 3 4 1 0 0 2 4 3 4 3 4 1 0 2 2 2 2 2 2 2 2 2 2 1 0 1 2 2 2 2 2 2 2 2 2 2 2 2 2 2 2 2 2 2 2 2 0 2 2 2 2 2 2 2 2 2 2 2 2 4 4 0 4 0 4 0 0 4
1 66 1 0 1 2 2 2 2 2 2 2 2 2 2 4 3 4 4 0 1 2 2 3 4 4 3 4 3 4 1 2 2 2 2 2 2 2 2 3 4 2 2 2 2 2 4 0 1 4 4 4 4 2 2 2 2 2 2 2 2 2 2 2 2 2 3 4
1 45 1 0 0 0 3 4 1 0 2 2 2 2 0 2 2 2 2 2 2 2 2 0 1 2 2 2 2 2 2 2 2 3 4 0 0 0 2 0 2 0 1 3 4 3 4
1 51 1 3 4 0 2 4 1 3 4 1 1 2 2 2 2 2 2 2 2 2 2 2 2 1 0 0 2 4 2 2 3 4 3 4 1 2 2 2 2 2 2 2 2 2 2 2 2 3 4 4 0
1 10 1 3 4 3 4 1 1 3 4 4
1 10 1 2 2 2 2 2 2 2 2 4
1 23 1 3 4 2 2 2 2 2 2 2 2 2 2 2 2 2 2 1 3 4 0 4 1
1 13 1 0 0 2 2 2 2 2 2 2 2 3 4
1 31 1 1 3 4 3 4 3 4 1 0 4 2 2 2 2 2 2 3 4 3 4 1 0 4 4 3 4 0 0 3 4
1 41 1 3 4 4 2 2 4 1 1 2 2 2 2 2 2 2 2 4 4 3 4 0 1 2 2 2 2 2 2 2 2 2 2 3 4 2 4 0 0 0 3
1 23 1 1 0 0 3 4 3 4 1 1 2 2 0 1 0 4 1 3 4 3 4 3 4
1 36 1 3 4 2 2 2 2 2 2 2 2 2 2 2 2 3 4 1 0 4 4 3 4 3 4 1 4 4 2 2 2 2 2 2 3 4
1 2 0 3
1 35 1 1 3 4 0 2 4 0 3 4 1 3 4 4 0 1 0 2 2 2 2 2 2 2 2 2 2 2 2 2 2 3 4 0 3
1 32 1 2 2 2 2 2 2 2 2 2 2 2 2 2 2 2 2 2 2 2 2 2 2 0 0 4 4 1 3 4 3 4
1 22 1 0 2 2 3 4 3 4 2 2 2 2 2 2 2 2 2 2 1 0 0 3
1 2 3 4
1 51 1 2 2 2 2 2 2 2 2 2 2 2 2 2 2 2 2 4 3 4 2 2 2 2 2 2 1 3 4 0 4 1 2 2 2 2 4 3 4 2 2 2 2 2 2 2 2 2 2 0 3
1 31 1 3 4 4 4 3 4 0 3 4 1 2 2 2 2 2 2 1 3 4 0 1 3 4 0 0 0 4 4 0 0
1 19 1 3 4 0 1 0 3 4 1 3 4 3 4 1 0 0 0 0 0
1 21 1 0 0 4 2 2 2 2 2 2 3 4 4 1 0 1 0 0 0 0 4
1 23 1 0 1 0 2 2 2 2 2 2 2 2 2 2 0 2 0 2 2 4 0 0 3
1 28 1 0 3 4 0 1 1 4 0 2 3 4 1 3 4 3 4 2 2 0 0 3 4 1 3 4 3 4
1 37 1 3 4 0 3 4 4 1 0 1 3 4 0 3 4 4 3 4 1 1 2 4 3 4 1 0 3 4 0 2 2 0 0 4 4 0 0
1 35 1 4 1 3 4 3 4 2 2 2 2 2 2 2 2 2 2 2 2 0 0 3 4 1 0 4 3 4 0 2 2 2 2 0 3
1 26 1 3 4 3 4 1 0 4 4 3 4 1 2 2 2 2 2 2 2 2 2 2 0 4 3 4
1 25 1 3 4 3 4 2 4 1 0 0 0 3 4 2 2 0 1 2 2 0 4 0 0 0 3
1 16 1 0 4 3 4 3 4 4 3 4 1 1 4 4 0 3
1 48 1 3 4 0 1 2 2 2 2 2 2 2 2 2 2 2 2 2 2 2 2 2 2 2 2 2 2 2 2 2 2 2 2 1 1 2 2 2 2 2 2 3 4 4 0 0 0 1
1 57 1 4 4 3 4 2 2 2 2 0 2 2 1 3 4 3 4 0 0 1 1 2 2 2 2 2 2 2 2 0 0 2 2 2 2 2 2 2 2 2 2 2 4 0 1 0 3 4 3 4 3 4 1 0 4 0 3
1 19 1 3 4 2 2 2 2 2 2 2 2 3 4 1 3 4 1 3 4
1 12 1 2 2 2 2 2 2 3 4 3 4 0
1 8 1 1 3 4 0 0 2 4
1 2 1 1
1 41 1 2 2 2 2 2 2 2 2 2 2 2 2 3 4 3 4 3 4 1 3 4 2 4 4 4 0 2 2 2 2 2 2 2 2 2 2 1 0 3 4
1 41 1 3 4 2 2 2 2 2 2 2 2 2 2 2 0 2 0 0 1 1 2 2 2 2 2 2 2 2 2 2 2 2 3 4 0 3 4 3 4 0 3
1 52 1 2 2 2 2 2 2 2 2 4 2 2 2 2 2 2 2 2 2 2 3 4 0 2 2 2 2 2 2 2 2 2 2 2 2 1 0 2 0 0 2 2 2 2 1 1 0 4 0 0 0 3
1 54 1 3 4 2 0 0 1 2 0 0 0 2 2 2 2 2 2 2 2 2 2 3 4 1 2 2 2 2 2 2 2 2 2 2 2 2 2 2 2 2 2 2 2 2 1 2 2 3 4 3 4 1 0 3
1 1 1
1 15 1 4 1 3 4 1 1 4 4 3 4 0 0 0 0
1 59 1 0 0 2 2 2 2 2 2 2 2 2 2 3 4 0 2 2 0 2 1 0 0 3 4 2 2 1 0 1 2 2 2 2 1 0 0 2 2 2 2 2 2 2 2 2 2 3 4 1 4 3 4 1 4 4 0 3 4
1 47 1 0 3 4 4 1 3 4 0 2 2 2 2 2 2 1 4 1 1 4 3 4 2 2 2 2 2 2 2 2 2 2 4 4 2 2 2 2 2 2 2 2 2 2 4 3 4
1 28 1 2 2 2 2 2 2 3 4 2 2 4 4 0 0 1 3 4 1 3 4 0 3 4 2 2 0 3
1 29 1 3 4 2 2 2 2 2 2 2 2 2 2 0 4 1 4 3 4 3 4 3 4 0 3 4 1 0 3
1 54 1 3 4 4 3 4 4 4 1 3 4 2 2 2 2 2 2 2 2 2 2 2 2 3 4 3 4 1 4 4 1 3 4 1 2 2 2 2 2 2 1 2 2 2 2 2 2 2 2 2 2 0 3 4
1 10 1 2 2 2 2 2 2 3 4 4
1 64 1 2 2 2 2 2 2 2 2 2 2 2 2 2 2 2 2 2 4 1 2 2 2 2 2 2 2 2 2 2 2 2 2 2 4 3 4 1 3 4 2 0 0 2 2 2 2 2 2 2 2 3 4 0 3 4 1 0 0 0 0 4 4 0
1 42 1 3 4 3 4 3 4 3 4 3 4 0 1 0 2 2 0 1 4 4 3 4 2 2 2 2 2 2 0 1 3 4 4 1 0 1 4 1 0 0 3 4
1 15 1 2 2 2 2 2 2 2 2 2 2 2 2 0 3
1 52 1 4 4 1 4 2 2 2 2 2 2 2 2 2 2 2 2 1 0 4 0 1 4 2 2 2 2 1 2 2 2 2 2 2 2 2 3 4 0 4 0 1 3 4 3 4 4 4 0 0 0 4
1 2 0 4
1 61 1 1 3 4 3 4 2 2 2 2 2 2 2 2 2 2 2 2 1 2 2 2 2 2 2 2 2 2 2 2 2 2 2 2 2 3 4 1 2 2 2 2 2 2 2 2 2 2 2 2 2 2 2 2 2 2 0 3 4 1 4
1 16 1 1 1 2 2 3 4 4 4 2 4 1 4 4 4 4
1 7 1 4 3 4 3 4 4
1 26 1 2 2 2 2 2 2 2 2 2 2 2 2 2 2 2 2 2 2 2 2 0 3 4 1 1
1 39 1 3 4 1 0 0 2 4 4 4 1 3 4 4 4 3 4 3 4 2 2 2 2 2 2 2 2 2 2 1 1 2 0 2 3 4 0 3 4
1 4 1 3 4 4
1 13 1 2 2 2 2 3 4 3 4 0 0 4 4
1 42 1 2 2 2 2 2 2 2 2 2 2 2 2 2 2 2 2 1 0 1 0 3 4 1 0 0 1 1 4 2 2 2 2 2 2 2 2 3 4 3 4 1
1 37 1 4 0 0 4 1 0 3 4 2 2 2 2 2 2 2 2 0 1 2 2 2 2 2 2 2 2 3 4 1 4 3 4 4 1 3 4
1 43 1 2 2 0 0 1 0 3 4 1 0 2 0 2 2 3 4 3 4 3 4 3 4 1 1 3 4 3 4 0 4 1 2 2 2 2 4 0 2 2 2 2 4
1 33 1 3 4 3 4 1 3 4 4 3 4 3 4 1 2 2 2 2 2 2 2 2 2 2 2 2 0 4 4 3 4 4 4
1 17 1 3 4 0 1 3 4 3 4 0 0 0 1 2 4 3 4
1 45 1 0 2 2 2 2 2 2 2 2 2 2 2 2 2 2 0 1 3 4 3 4 0 1 3 4 4 4 4 2 2 2 2 2 2 2 2 2 2 4 4 1 4 4 4
1 51 1 3 4 2 2 2 2 2 2 2 2 2 2 2 2 2 2 2 2 2 2 1 3 4 0 1 3 4 0 4 4 3 4 3 4 1 4 2 2 2 2 2 2 2 2 2 2 4 4 0 3
1 16 1 2 2 2 2 4 4 1 4 3 4 4 4 0 3 4
1 41 1 3 4 4 0 3 4 0 1 1 4 0 0 4 4 0 1 2 2 0 3 4 1 4 3 4 0 2 2 2 2 2 2 2 2 2 2 2 2 0 3
1 47 1 0 4 4 0 2 2 2 2 2 2 2 2 0 0 2 0 0 3 4 1 2 2 2 2 2 2 0 2 2 2 2 2 2 2 2 2 2 0 3 4 1 3 4 2 2 1
1 22 1 3 4 1 4 4 1 3 4 4 2 2 2 2 2 2 2 2 0 2 3 4
1 31 1 4 4 0 2 0 0 4 4 1 2 2 2 2 2 2 3 4 4 1 2 4 3 4 3 4 0 4 4 0 0
1 66 1 4 2 2 2 2 2 2 2 2 2 2 2 2 0 3 4 1 3 4 2 2 2 2 1 4 1 3 4 0 0 0 4 2 2 2 2 2 2 2 2 2 2 2 2 1 4 4 4 2 2 2 2 2 2 2 2 3 4 0 2 2 1 0 3 4
1 41 1 0 0 2 0 0 0 3 4 4 3 4 1 3 4 4 3 4 3 4 2 2 2 2 2 2 2 2 2 2 2 2 2 2 2 2 1 4 0 0 3
1 12 1 2 2 2 2 3 4 2 2 2 2 1
1 4 1 4 0 3
1 38 1 3 4 0 4 3 4 0 1 4 3 4 0 1 2 2 2 2 1 2 2 2 2 2 2 2 2 2 2 2 2 1 2 2 2 2 0 3
1 31 1 0 2 0 0 2 0 1 3 4 2 2 2 2 2 2 2 2 2 2 2 2 0 2 2 3 4 0 1 0 3
1 19 1 3 4 2 2 2 2 2 2 2 2 2 2 2 2 0 0 0 3
1 11 1 3 4 1 4 1 4 3 4 3 4
1 14 1 2 4 2 2 2 2 2 2 2 2 4 4 4
1 23 1 2 2 3 4 4 3 4 1 2 2 2 2 2 2 2 2 1 3 4 0 0 3
1 31 1 4 1 4 4 3 4 0 4 0 3 4 1 3 4 0 0 0 2 0 0 4 1 1 1 0 0 0 0 4 4
1 37 1 1 2 2 2 2 2 2 2 2 0 3 4 3 4 3 4 0 1 1 2 2 2 2 1 2 2 3 4 1 3 4 2 2 2 2 1
1 11 1 3 4 3 4 0 1 0 1 0 3
1 47 1 4 1 3 4 0 2 2 2 2 2 2 2 2 3 4 3 4 4 1 4 0 2 2 2 2 2 2 3 4 1 4 1 2 2 3 4 1 2 2 2 2 1 4 0 0 4
1 58 1 2 2 0 1 3 4 0 2 2 2 2 2 2 1 4 2 2 2 2 3 4 1 3 4 2 0 0 0 0 0 0 0 2 2 1 0 3 4 3 4 4 2 2 2 2 2 2 1 3 4 3 4 3 4 0 4 0
1 53 1 3 4 3 4 3 4 1 3 4 2 2 2 2 2 2 2 2 2 2 3 4 2 0 1 2 2 2 2 2 2 2 2 2 2 2 2 0 4 0 3 4 3 4 1 4 4 0 1 0 0 0 3
1 39 1 2 2 2 2 2 2 2 2 2 2 2 2 2 2 2 2 2 2 2 2 3 4 0 0 1 2 2 2 2 2 2 2 2 2 2 0 3 4
1 1 0
1 30 1 3 4 3 4 1 1 3 4 2 2 2 2 2 2 2 2 2 2 3 4 1 0 0 0 4 3 4 3 4
1 3 4 4 0
1 51 1 0 2 2 2 2 2 2 2 2 4 4 1 3 4 2 2 2 2 2 2 2 2 2 2 2 2 1 3 4 1 4 3 4 1 3 4 2 2 2 2 2 2 2 2 2 2 0 4 3 4
1 52 1 0 1 3 4 1 3 4 4 0 3 4 1 3 4 4 4 1 2 2 2 2 2 2 3 4 2 2 2 2 2 2 2 2 2 2 2 2 1 2 2 2 2 2 2 2 2 3 4 0 0 3
1 49 1 2 2 2 2 2 2 2 2 1 0 3 4 2 2 2 2 4 4 2 2 2 2 2 2 3 4 1 2 2 2 2 2 2 3 4 2 2 2 2 2 2 2 2 2 2 4 3 4
1 49 1 2 2 2 2 2 2 2 2 2 2 2 2 0 4 0 1 3 4 1 3 4 0 3 4 1 4 2 2 2 2 2 2 2 2 0 3 4 1 0 3 4 3 4 3 4 0 0 3
1 25 1 1 4 3 4 3 4 0 2 4 1 1 2 2 2 2 2 2 2 2 2 2 2 2 1
1 71 1 2 2 2 2 2 2 0 0 1 2 2 2 2 2 2 2 2 2 2 2 2 3 4 4 2 4 1 4 4 4 0 1 0 3 4 3 4 1 1 2 2 2 2 2 2 2 2 2 2 3 4 2 2 2 2 2 2 2 2 2 2 2 2 3 4 4 3 4 3 4
1 40 1 0 3 4 2 2 2 2 1 4 4 2 2 2 2 2 2 1 4 4 4 3 4 2 2 2 2 3 4 0 1 0 3 4 2 0 2 2 0 3
1 98 1 2 2 2 2 2 2 0 3 4 3 4 4 1 0 2 2 2 2 2 2 2 2 4 2 2 1 2 2 2 2 2 2 2 2 2 2 4 4 2 2 2 2 2 2 2 2 2 2 2 2 1 2 0 0 0 2 2 2 2 2 2 1 2 2 2 2 2 2 2 2 2 2 2 4 2 2 4 1 3 4 0 3 4 2 2 2 2 2 2 2 2 2 2 2 2 4 1
1 35 1 2 2 2 2 3 4 2 2 2 2 3 4 3 4 2 2 2 2 2 2 2 2 2 2 2 2 1 4 0 1 1 4 0 3
1 44 1 0 4 4 2 2 2 2 2 2 3 4 4 1 1 3 4 1 4 3 4 4 2 2 3 4 2 2 2 2 2 2 1 1 0 0 2 0 0 0 4 0 4 4
1 64 1 3 4 2 2 2 2 2 2 2 1 0 1 2 2 2 2 2 2 2 2 2 2 2 2 2 2 2 2 2 2 2 2 2 2 3 4 1 3 4 3 4 0 0 1 0 2 2 2 2 2 2 2 2 2 2 2 4 1 4 2 4 4 1
1 13 1 0 4 4 0 1 2 2 2 2 0 2 0
1 23 1 1 0 3 4 3 4 0 3 4 1 1 1 4 3 4 3 4 3 4 1 0 3
0 16 1 4 2 2 2 2 1 4 4 1 3 4 0 3 4 3
0 14 1 2 2 3 4 0 1 2 2 2 2 3 4 3
0 14 1 3 4 1 1 0 3 4 3 4 1 3 4 3
0 18 1 2 2 2 2 3 4 0 1 3 4 0 4 4 1 3 4 3
0 9 1 0 1 3 4 0 3 4 3
0 15 1 3 4 2 2 2 2 2 2 2 2 0 3 4 3
0 9 1 1 3 4 3 4 3 4 3
0 14 1 4 3 4 1 3 4 2 2 2 2 3 4 3
0 66 1 2 2 2 2 2 2 2 2 2 2 2 2 0 2 0 0 0 0 4 1 0 1 3 4 4 4 3 4 2 2 2 2 2 2 0 1 1 2 2 2 2 2 2 2 2 2 2 2 2 2 4 2 2 2 2 2 2 2 2 2 2 2 2 1 3
0 11 1 3 4 4 2 2 2 2 0 4 3
0 51 1 3 4 2 2 2 2 2 2 2 2 2 2 2 2 2 2 2 2 2 2 2 2 2 2 2 2 2 2 1 3 4 3 4 2 2 2 2 2 2 2 2 2 2 4 1 2 2 2 2 3
0 25 1 1 3 4 2 2 2 2 2 2 3 4 2 2 2 2 2 2 2 2 2 2 2 2 3
0 22 1 1 0 0 2 0 2 2 2 2 2 2 2 2 2 2 2 2 2 2 1 3
0 19 1 0 4 1 2 4 4 3 4 2 2 2 2 2 2 0 4 4 3
0 17 1 3 4 2 2 2 2 2 2 2 0 0 0 0 1 4 3
0 40 1 2 2 0 2 2 2 2 2 2 2 0 0 2 0 3 4 1 4 4 0 4 1 3 4 2 2 0 1 2 2 2 2 2 2 2 2 2 2 3
0 12 1 4 3 4 3 4 0 0 0 1 4 3
0 15 1 4 2 2 2 2 3 4 1 0 0 1 0 1 3
0 22 1 2 2 2 2 2 2 2 2 2 2 0 3 4 0 3 4 0 1 3 4 3
0 21 1 0 2 2 2 2 2 2 3 4 0 1 3 4 0 4 1 3 4 1 3
0 36 1 1 2 2 2 2 2 2 2 2 4 1 0 1 2 2 2 2 2 2 2 2 2 2 2 2 2 2 0 2 2 0 2 1 4 3
0 51 1 1 3 4 2 2 2 2 2 2 3 4 2 2 2 2 2 2 2 2 2 2 2 2 3 4 3 4 1 3 4 2 2 2 2 2 2 2 2 1 3 4 3 4 1 0 0 4 3 4 3
0 10 1 2 2 2 2 3 4 0 1 3
0 52 1 2 2 2 2 2 2 2 2 2 2 2 2 2 2 2 2 3 4 0 1 1 3 4 3 4 3 4 4 1 3 4 2 2 3 4 1 0 0 3 4 0 3 4 1 4 4 3 4 3 4 3
0 34 1 0 1 1 2 2 2 2 2 2 2 2 2 2 3 4 2 2 2 2 2 2 2 2 2 2 2 2 4 3 4 1 1 3
0 31 1 1 2 2 3 4 2 2 2 2 2 2 2 2 2 2 2 2 3 4 0 0 1 2 2 2 2 2 2 1 3
0 15 1 0 1 4 3 4 4 1 4 3 4 4 3 4 3
0 39 1 1 2 2 2 2 1 2 2 2 2 2 2 2 2 2 2 2 2 0 0 1 0 1 0 1 2 2 2 2 2 2 2 2 2 2 2 2 3
0 17 1 2 4 0 2 2 2 2 2 2 2 2 2 2 2 2 3
0 5 1 1 2 2 3
0 7 1 0 4 3 4 4 3
0 37 1 0 1 3 4 0 3 4 3 4 2 2 2 2 2 2 2 2 0 1 0 3 4 2 2 2 2 2 2 2 2 2 2 2 2 1 3
0 29 1 0 4 0 1 2 2 2 2 2 2 2 2 2 2 2 2 2 2 2 2 2 2 3 4 0 3 4 3
0 21 1 2 2 2 2 2 2 2 2 0 3 4 2 2 2 2 2 2 2 2 3
0 20 1 4 2 2 2 2 2 2 2 2 2 2 2 2 2 2 2 2 1 3
0 38 1 3 4 3 4 2 2 2 2 2 2 2 2 2 2 2 2 2 2 1 0 4 1 4 4 0 2 2 2 2 2 2 3 4 0 0 1 3
0 34 1 0 1 4 3 4 4 1 4 3 4 4 3 4 3 4 2 2 1 1 2 2 2 2 2 2 2 2 2 2 2 2 1 3
0 32 1 3 4 4 1 2 2 2 2 2 2 2 2 2 2 1 0 0 0 0 2 0 0 2 0 0 0 1 1 3 4 3
0 42 1 1 2 4 1 2 2 2 2 2 2 2 2 2 2 2 2 2 2 2 2 2 2 1 0 2 2 2 2 2 2 2 2 2 2 2 2 2 2 3 4 3
0 33 1 0 1 0 3 4 3 4 1 2 2 2 2 2 2 2 2 2 2 2 2 4 4 1 0 4 3 4 3 4 3 4 3
0 39 1 0 1 3 4 0 3 4 3 4 2 2 2 2 2 2 2 2 0 1 0 3 4 2 2 2 2 2 2 2 2 2 2 2 2 1 3 4 3
0 38 1 2 2 2 2 2 2 2 4 0 3 4 1 3 4 1 1 4 4 3 4 1 4 4 3 4 4 4 4 2 2 2 2 2 2 1 1 3
0 39 1 3 4 2 2 2 2 2 2 2 2 0 0 2 2 2 2 2 2 2 2 1 3 4 4 0 0 3 4 2 2 2 2 1 1 3 4 4 3
0 28 1 4 2 2 2 2 2 3 4 2 2 4 4 1 2 2 2 2 3 4 4 4 1 2 2 2 2 3
0 26 1 1 0 2 0 2 2 3 4 2 2 2 2 2 2 2 2 3 4 3 4 1 1 2 4 3
0 18 1 0 2 2 2 2 2 2 3 4 0 1 3 4 0 4 1 3
0 35 1 1 2 2 3 4 2 2 2 2 2 2 2 2 2 2 2 2 3 4 0 0 1 2 2 2 2 2 2 1 3 4 2 4 3
0 39 1 0 2 0 2 2 2 2 2 2 2 2 2 2 1 3 4 4 4 1 3 4 0 1 3 4 2 2 2 2 3 4 1 0 3 4 3 4 3
0 25 1 4 2 2 2 4 0 0 3 4 1 1 2 2 2 2 2 2 0 1 4 4 0 1 3
0 30 1 3 4 3 4 0 2 2 3 4 0 1 2 4 1 4 1 2 2 2 2 2 2 2 2 2 2 2 2 3
0 30 1 4 2 2 2 2 2 3 4 2 2 4 4 1 2 2 2 2 3 4 4 4 1 2 2 2 2 3 4 3
0 22 1 0 2 2 2 0 0 4 3 4 0 2 2 2 2 2 2 1 3 4 4 3
0 47 1 1 4 1 3 4 2 2 2 2 2 2 2 2 2 2 2 2 2 2 2 2 2 2 2 2 2 2 2 2 2 2 2 2 1 3 4 4 2 2 2 2 2 2 2 2 3
0 54 1 0 2 2 2 2 2 2 2 2 2 2 0 3 4 0 4 1 0 3 4 2 2 2 2 2 2 2 2 2 2 2 2 2 2 2 2 1 2 2 2 2 2 2 2 2 2 2 2 2 0 4 1 3
0 9 1 3 4 0 4 4 4 4 3
0 19 1 2 2 2 2 1 2 2 2 2 2 2 2 2 2 2 2 2 3
0 28 1 2 2 2 2 2 2 2 2 2 2 2 2 0 2 0 0 0 0 4 1 0 1 3 4 4 4 3
0 15 1 0 4 1 3 4 0 4 0 0 4 1 4 4 3
0 19 1 4 0 1 1 0 2 2 2 2 2 2 2 2 2 2 2 2 3
0 7 1 4 2 2 2 2 3
0 45 1 3 4 2 2 2 2 0 0 2 2 2 2 2 2 2 2 0 1 1 3 4 4 3 4 3 4 4 1 4 3 4 0 2 2 2 2 1 0 0 3 4 3 4 3
0 36 1 3 4 2 2 2 2 2 2 2 2 0 0 2 2 2 2 2 2 2 2 1 3 4 4 0 0 3 4 2 2 2 2 1 1 3
0 19 1 4 2 2 2 2 2 3 4 2 2 4 4 1 2 2 2 2 3
0 27 1 0 3 4 2 2 2 2 2 2 1 3 4 1 2 2 2 2 2 2 2 2 2 2 2 2 3
0 5 1 0 1 4 3
0 57 1 2 2 2 2 2 2 2 2 2 2 2 2 3 4 0 0 2 2 2 2 0 1 0 2 2 2 2 2 2 2 2 2 2 3 4 2 2 2 2 2 2 2 2 2 2 2 2 4 3 4 1 1 0 3 4 3
0 41 1 3 4 2 2 2 2 2 2 2 2 0 0 2 2 2 2 2 2 2 2 1 3 4 4 0 0 3 4 2 2 2 2 1 1 3 4 4 3 4 3
0 36 1 3 4 4 0 4 4 4 3 4 1 0 2 2 2 2 2 2 2 2 2 2 2 2 0 0 2 2 2 2 2 2 2 2 1 3
0 12 1 2 2 2 2 2 2 2 2 2 2 3
0 24 1 4 3 4 0 1 0 0 2 2 2 2 3 4 0 0 1 3 4 0 0 3 4 3
0 19 1 0 2 2 2 2 2 2 2 2 2 2 2 2 4 1 2 2 3
0 15 1 2 2 0 2 0 2 2 1 3 4 0 3 4 3
0 10 1 1 1 1 3 4 0 4 4 3
0 27 1 0 1 0 3 4 3 4 1 2 2 2 2 2 2 2 2 2 2 2 2 4 4 1 0 4 3
0 13 1 0 0 3 4 0 3 4 3 4 1 4 3
0 32 1 3 4 3 4 3 4 3 4 2 2 2 2 2 2 2 2 2 2 2 2 1 4 2 2 2 2 2 2 2 2 3
0 56 1 1 4 4 0 2 2 2 2 2 2 0 0 0 0 2 0 1 0 3 4 4 4 0 0 2 4 1 4 4 2 2 2 2 2 2 2 2 2 2 0 3 4 0 1 3 4 2 2 2 2 2 2 0 1 3
0 46 1 1 4 4 0 2 2 2 2 2 2 0 0 0 0 2 0 1 0 3 4 4 4 0 0 2 4 1 4 4 2 2 2 2 2 2 2 2 2 2 0 3 4 0 1 3
0 21 1 0 2 0 2 2 2 2 2 2 2 2 2 2 1 3 4 4 4 1 3
0 62 1 1 3 4 2 2 2 2 2 2 3 4 2 2 2 2 2 2 2 2 2 2 2 2 3 4 3 4 1 3 4 2 2 2 2 2 2 2 2 1 3 4 3 4 1 0 0 4 3 4 3 4 2 2 2 2 2 2 2 2 1 3
0 34 1 3 4 3 4 3 4 3 4 2 2 2 2 2 2 2 2 2 2 2 2 1 4 2 2 2 2 2 2 2 2 3 4 3
0 26 1 2 2 2 2 3 4 0 1 3 4 0 4 4 1 3 4 3 4 2 2 2 2 2 2 3
0 55 1 0 4 0 1 2 2 2 2 2 2 2 2 2 2 2 2 2 2 2 2 2 2 3 4 0 3 4 3 4 1 0 0 0 1 1 3 4 0 3 4 3 4 4 4 2 2 2 2 2 2 2 2 1 3
0 59 1 3 4 0 0 1 3 4 2 2 2 2 2 2 2 2 2 2 2 2 4 3 4 1 4 4 3 4 1 1 0 2 2 2 2 2 2 2 2 0 3 4 4 4 1 3 4 4 2 2 2 2 2 2 2 2 2 4 3
0 13 1 2 2 2 2 2 2 2 2 2 2 1 3
0 50 1 2 2 3 4 0 1 2 2 2 2 2 2 2 2 2 2 3 4 0 0 3 4 1 4 0 1 2 2 2 2 2 2 2 2 2 2 2 2 2 2 2 2 2 2 2 2 2 4 3
0 30 1 0 1 1 2 2 2 2 2 2 2 2 2 2 3 4 2 2 2 2 2 2 2 2 2 2 2 2 4 3
0 26 1 0 2 2 2 2 1 2 2 2 2 2 2 2 2 0 1 0 3 4 2 2 3 4 1 3
0 56 1 0 4 3 4 4 3 4 1 3 4 0 0 4 1 4 3 4 1 2 4 3 4 2 2 2 2 2 2 2 2 2 2 2 2 2 2 2 2 2 2 2 2 4 1 4 4 2 2 2 2 3 4 2 2 3
0 51 1 2 2 2 2 2 2 0 3 4 2 2 2 2 2 2 2 2 2 2 3 4 0 1 3 4 2 2 2 2 2 2 2 2 2 2 2 2 0 2 2 2 2 2 2 3 4 1 3 4 3
0 60 1 0 0 2 2 2 2 2 2 2 2 4 1 1 4 1 2 2 4 4 2 2 2 2 2 2 2 2 2 2 2 2 2 2 2 2 2 2 0 3 4 1 1 0 3 4 2 2 2 2 2 2 2 2 2 2 2 2 1 3
0 16 1 4 3 4 1 3 4 2 2 2 2 3 4 3 4 3
0 32 1 0 3 4 0 2 2 2 2 2 2 1 2 2 1 4 3 4 4 0 1 1 0 4 3 4 1 0 0 4 1 3
0 9 1 3 4 2 2 2 2 1 3
0 50 1 2 2 2 2 2 2 2 2 2 2 2 2 3 4 0 0 2 2 2 2 0 1 0 2 2 2 2 2 2 2 2 2 2 3 4 2 2 2 2 2 2 2 2 2 2 2 2 4 3
0 41 1 0 3 4 3 4 3 4 0 4 4 1 2 2 2 2 4 0 2 2 2 2 2 2 2 2 2 2 2 2 3 4 1 0 3 4 4 1 3 4 3
0 9 1 3 4 4 0 4 4 4 3
0 45 1 1 2 4 1 2 2 2 2 2 2 2 2 2 2 2 2 2 2 2 2 2 2 1 0 2 2 2 2 2 2 2 2 2 2 2 2 2 2 3 4 3 4 4 3
0 9 1 2 4 4 2 2 2 2 3
0 13 1 1 1 1 2 2 2 2 2 2 2 2 3
0 14 1 1 1 1 2 2 2 2 2 2 4 4 4 3
0 23 1 1 4 4 0 3 4 3 4 4 4 1 0 4 2 2 2 2 0 1 3 4 3
0 23 1 2 2 3 4 0 1 2 2 2 2 3 4 3 4 0 2 4 3 4 1 4 3
0 20 1 2 2 2 2 2 2 2 2 2 2 1 3 4 1 4 1 3 4 3
0 32 1 3 4 3 4 4 4 4 2 2 2 2 2 2 2 2 2 2 2 2 2 2 2 2 2 2 2 2 2 2 1 3
0 19 1 3 4 0 3 4 2 2 2 2 2 2 2 2 2 2 2 2 3
0 44 1 2 2 2 2 2 2 2 2 1 4 2 2 2 2 2 2 2 2 2 2 3 4 3 4 3 4 2 2 1 3 4 2 2 2 2 2 2 2 2 2 2 1 3
0 36 1 0 2 2 2 2 2 2 2 2 3 4 3 4 3 4 1 2 2 2 2 2 2 2 2 2 2 2 2 2 2 2 2 3 4 3
0 8 1 1 0 2 0 2 2 3
0 6 1 2 2 3 4 3
0 20 1 2 2 2 2 2 2 2 4 0 3 4 1 3 4 1 1 4 4 3
0 62 1 3 4 0 3 4 2 2 2 2 2 2 2 2 2 2 2 2 3 4 1 2 2 2 2 2 2 0 4 2 2 2 2 2 2 2 2 2 2 2 2 2 2 2 2 2 2 2 2 2 2 2 2 1 1 0 2 0 0 4 4 3
0 46 1 2 2 2 2 2 2 2 2 2 2 3 4 0 1 4 3 4 0 2 2 2 2 2 2 2 2 2 2 2 2 2 2 0 1 2 2 2 2 2 2 2 2 2 2 3
0 31 1 3 4 4 3 4 0 1 2 2 2 2 2 2 1 0 3 4 3 4 2 2 2 2 2 2 3 4 1 1 3
0 11 1 0 4 3 4 2 2 2 2 1 3
0 95 1 2 2 2 2 2 2 0 3 4 2 2 2 2 2 2 2 2 2 2 3 4 0 1 3 4 2 2 2 2 2 2 2 2 2 2 2 2 0 2 2 2 2 2 2 3 4 1 3 4 3 4 1 2 2 2 2 2 2 2 2 4 4 4 0 1 1 2 2 2 2 2 2 2 2 2 2 2 2 2 2 2 2 2 2 2 2 2 2 0 0 3 4 4 3
0 31 1 3 4 2 2 2 2 2 2 2 2 2 2 2 2 2 2 2 2 2 2 2 2 2 2 2 2 2 2 1 3
0 41 1 1 3 4 2 2 2 2 2 2 3 4 2 2 2 2 2 2 2 2 2 2 2 2 3 4 3 4 1 3 4 2 2 2 2 2 2 2 2 1 3
0 7 1 1 3 4 3 4 3
0 11 1 2 4 4 2 2 2 2 3 4 3
0 26 1 4 2 2 2 2 1 4 4 1 3 4 0 3 4 3 4 0 0 1 4 3 4 3 4 3
0 58 1 1 4 4 0 2 2 2 2 2 2 0 0 0 0 2 0 1 0 3 4 4 4 0 0 2 4 1 4 4 2 2 2 2 2 2 2 2 2 2 0 3 4 0 1 3 4 2 2 2 2 2 2 0 1 3 4 3
0 9 1 0 2 2 2 0 0 4 3
0 33 1 0 3 4 0 0 2 2 2 2 2 2 2 2 1 4 2 2 2 2 2 2 2 2 1 1 2 4 2 0 0 2 3
0 12 1 2 2 2 2 2 2 1 3 4 4 3
0 7 1 0 3 4 3 4 3
0 6 1 0 0 3 4 3
0 9 1 0 2 2 2 2 2 2 3
0 65 1 3 4 4 0 0 1 2 2 2 2 2 2 2 2 2 2 2 2 0 2 2 2 2 2 2 0 3 4 4 1 1 4 2 2 2 2 2 2 2 2 2 2 2 2 2 2 2 2 1 2 2 2 2 2 2 2 2 2 2 2 2 0 1 3
0 8 1 4 3 4 3 4 1 3
0 37 1 3 4 1 1 1 2 2 2 2 2 2 2 2 2 2 2 2 2 2 2 2 3 4 2 2 2 2 2 2 2 2 0 3 4 1 3
0 27 1 4 2 2 2 4 0 0 3 4 1 1 2 2 2 2 2 2 0 1 4 4 0 1 3 4 3
0 62 1 3 4 4 0 4 4 4 3 4 1 0 2 2 2 2 2 2 2 2 2 2 2 2 0 0 2 2 2 2 2 2 2 2 1 3 4 0 2 0 0 2 2 2 2 2 2 2 2 2 2 2 2 1 4 3 4 2 2 2 2 3
0 13 1 4 3 4 0 1 0 0 2 2 2 2 3
0 1 3
0 39 1 4 1 2 2 2 2 2 2 0 2 0 0 2 3 4 0 4 4 1 1 4 3 4 0 2 2 2 2 2 2 2 2 2 2 1 3 4 3
0 30 1 2 2 2 2 2 2 2 2 2 2 2 2 2 2 4 4 4 2 2 2 2 2 2 2 2 2 2 1 3
0 23 1 3 4 2 2 2 2 2 2 2 2 0 0 2 2 2 2 2 2 2 2 1 3
0 44 1 3 4 3 4 0 2 2 3 4 0 1 2 4 1 4 1 2 2 2 2 2 2 2 2 2 2 2 2 3 4 2 2 2 2 2 2 2 2 2 2 2 2 3
0 20 1 3 4 1 2 2 2 2 0 0 0 2 2 2 2 2 2 2 2 3
0 77 1 2 2 2 2 2 2 1 3 4 4 3 4 0 2 0 2 2 2 1 2 2 2 2 2 2 2 2 2 2 2 2 3 4 4 0 1 3 4 2 4 0 2 2 2 2 2 2 2 2 2 2 2 2 3 4 1 2 2 2 2 3 4 1 2 2 2 2 2 2 2 2 2 2 2 2 3
0 35 1 1 3 4 4 3 4 4 0 0 1 0 2 2 2 2 2 2 2 2 2 2 2 2 1 3 4 0 1 3 4 1 2 4 3
0 10 1 2 2 2 2 1 1 3 4 3
0 16 1 0 2 0 0 1 2 2 2 2 2 2 2 2 4 3
0 24 1 2 2 0 2 2 2 2 2 2 2 0 0 2 0 3 4 1 4 4 0 4 1 3
0 25 1 0 2 0 2 2 2 2 2 2 2 2 2 2 1 3 4 4 4 1 3 4 0 1 3
0 50 1 3 4 3 4 2 2 2 2 2 2 2 2 2 2 2 2 2 2 2 2 2 2 1 0 0 0 0 4 1 2 2 2 2 2 2 3 4 1 2 2 2 2 2 2 2 4 3 4 3
0 32 1 4 2 2 2 2 2 3 4 2 2 4 4 1 2 2 2 2 3 4 4 4 1 2 2 2 2 3 4 3 4 3
0 21 1 2 2 2 2 2 2 0 3 4 2 2 2 2 2 2 2 2 2 2 3
0 10 1 0 4 1 3 4 3 4 1 3
0 14 1 3 4 3 4 1 0 3 4 1 0 0 1 3
0 27 1 2 2 2 2 2 2 2 2 2 2 0 3 4 0 3 4 0 1 3 4 3 4 1 3 4 3
0 17 1 0 4 1 3 4 0 4 0 0 4 1 4 4 3 4 3
0 27 1 1 3 4 2 2 2 2 2 2 3 4 2 2 2 2 2 2 2 2 2 2 2 2 3 4 3
0 33 1 2 0 0 0 4 1 2 2 0 3 4 1 0 3 4 4 0 1 0 0 2 0 0 2 2 0 1 3 4 0 4 3
0 23 1 0 3 4 3 4 1 2 2 2 2 2 2 2 2 2 2 4 2 2 2 2 3
0 18 1 2 2 2 2 2 2 2 2 2 2 4 0 0 0 0 2 3
0 11 1 3 4 3 4 4 4 4 3 4 3
0 16 1 2 2 2 2 2 2 2 2 1 2 2 1 1 4 3
0 49 1 2 2 2 2 2 2 0 3 4 2 2 2 2 2 2 2 2 2 2 3 4 0 1 3 4 2 2 2 2 2 2 2 2 2 2 2 2 0 2 2 2 2 2 2 3 4 1 3
0 40 1 0 1 1 2 2 2 2 2 2 2 2 2 2 3 4 2 2 2 2 2 2 2 2 2 2 2 2 4 3 4 1 1 3 4 0 0 1 4 3
0 10 1 2 2 1 3 4 1 0 1 3
0 8 1 0 4 4 0 2 2 3
0 28 1 1 0 0 2 0 2 2 2 2 2 2 2 2 2 2 2 2 2 2 1 3 4 0 1 2 4 3
0 9 1 1 2 2 2 2 2 2 3
0 31 1 3 4 2 2 2 2 0 0 2 2 2 2 2 2 2 2 0 1 1 3 4 4 3 4 3 4 4 1 4 3
0 52 1 2 2 2 2 2 2 2 2 2 2 2 2 4 4 1 2 2 2 2 2 2 2 2 2 2 2 2 4 2 2 2 2 2 2 2 2 2 2 1 1 2 2 2 2 2 2 2 2 2 2 3
0 22 1 4 4 1 2 2 2 2 2 2 4 2 2 3 4 2 2 2 2 2 2 3
0 48 1 1 4 0 2 2 2 2 2 2 2 2 2 2 2 2 1 2 2 2 2 2 2 2 2 2 2 2 2 1 4 4 1 2 2 2 2 2 2 2 2 0 2 0 4 3 4 3
0 56 1 3 4 4 0 4 4 4 3 4 1 0 2 2 2 2 2 2 2 2 2 2 2 2 0 0 2 2 2 2 2 2 2 2 1 3 4 0 2 0 0 2 2 2 2 2 2 2 2 2 2 2 2 1 4 3
0 64 1 2 2 2 2 2 2 2 2 2 2 2 2 4 4 1 2 2 2 2 2 2 2 2 2 2 2 2 4 2 2 2 2 2 2 2 2 2 2 1 1 2 2 2 2 2 2 2 2 2 2 3 4 0 0 1 0 0 3 4 4 1 4 3
0 34 1 0 0 3 4 0 3 4 3 4 1 4 3 4 0 3 4 4 1 4 1 2 2 2 2 2 2 2 2 2 2 2 2 3
0 27 1 3 4 0 0 1 3 4 2 2 2 2 2 2 2 2 2 2 2 2 4 3 4 1 4 4 3
0 35 1 2 2 2 2 2 2 2 2 2 2 2 2 3 4 0 0 2 2 2 2 0 1 0 2 2 2 2 2 2 2 2 2 2 3
0 33 1 0 3 4 1 2 2 1 3 4 0 1 4 0 1 0 3 4 2 2 2 2 2 2 2 2 2 2 2 2 2 2 3
0 31 1 2 2 2 2 2 2 2 2 0 3 4 2 2 2 2 2 2 2 2 2 2 2 2 2 2 2 2 2 2 3
0 22 1 2 2 0 0 0 2 0 1 0 0 3 4 0 2 2 1 2 4 1 4 3
0 18 1 2 2 4 2 2 2 2 2 2 1 3 4 1 0 4 4 3
0 6 1 2 2 2 2 3
0 3 1 4 3
0 29 1 2 0 0 0 4 1 2 2 0 3 4 1 0 3 4 4 0 1 0 0 2 0 0 2 2 0 1 3
0 46 1 2 2 2 2 2 2 2 2 1 4 2 2 2 2 2 2 2 2 2 2 3 4 3 4 3 4 2 2 1 3 4 2 2 2 2 2 2 2 2 2 2 1 3 4 3
0 12 1 2 2 4 2 2 2 2 2 2 1 3
0 8 1 0 3 4 4 3 4 3
0 30 1 0 2 2 2 2 1 2 2 2 2 2 2 2 2 0 1 0 3 4 2 2 3 4 1 3 4 3 4 3
0 8 1 0 4 1 2 4 4 3
0 31 1 0 2 2 2 2 2 2 2 2 2 2 2 2 1 2 4 3 4 2 2 2 2 2 2 2 2 2 2 1 3
0 21 1 1 1 3 4 4 2 2 2 2 2 2 2 4 4 4 1 0 4 4 3
0 26 1 1 3 4 4 3 4 4 0 0 1 0 2 2 2 2 2 2 2 2 2 2 2 2 1 3
0 14 1 4 4 1 2 2 2 2 2 2 4 2 2 3
0 6 1 3 4 3 4 3
0 16 1 2 2 2 2 2 2 2 2 2 2 2 2 3 4 3
0 76 1 3 4 2 2 2 2 2 2 2 2 2 2 2 2 2 2 2 2 2 2 2 2 2 2 2 2 2 2 1 3 4 3 4 2 2 2 2 2 2 2 2 2 2 4 1 2 2 2 2 3 4 1 4 1 4 2 4 0 2 2 2 2 2 2 2 2 2 2 2 2 2 2 2 2 3
0 2 1 3
0 44 1 4 3 4 3 4 3 4 3 4 4 4 1 1 2 2 2 2 2 2 2 2 2 2 2 2 0 2 2 2 2 2 2 2 2 2 2 2 2 2 2 2 2 3
0 67 1 2 2 2 2 2 2 2 2 2 2 2 2 4 4 1 2 2 2 2 2 2 2 2 2 2 2 2 4 2 2 2 2 2 2 2 2 2 2 1 1 2 2 2 2 2 2 2 2 2 2 3 4 0 0 1 0 0 3 4 4 1 4 3 4 4 3
0 8 1 4 3 4 4 3 4 3
0 13 1 0 1 4 3 4 4 1 4 3 4 4 3
0 7 1 3 4 0 1 4 3
0 14 1 3 4 1 2 2 2 2 0 3 4 3 4 3
0 27 1 2 2 2 2 2 2 2 2 2 2 2 2 2 2 2 2 3 4 0 1 1 3 4 3 4 3
0 33 1 2 2 2 2 2 2 1 3 4 4 3 4 0 2 0 2 2 2 1 2 2 2 2 2 2 2 2 2 2 2 2 3
0 41 1 2 2 2 2 2 2 2 2 0 3 4 2 2 2 2 2 2 2 2 2 2 2 2 2 2 2 2 2 2 3 4 1 4 4 4 4 1 4 4 3
0 19 1 3 4 2 4 1 1 2 2 2 2 2 2 3 4 0 0 1 3
0 25 1 2 2 2 2 2 2 2 4 0 3 4 1 3 4 1 1 4 4 3 4 1 4 4 3
0 8 1 1 4 4 0 3 4 3
0 48 1 2 2 2 2 2 2 2 2 2 2 2 2 2 2 2 2 3 4 0 1 1 3 4 3 4 3 4 4 1 3 4 2 2 3 4 1 0 0 3 4 0 3 4 1 4 4 3
0 24 1 4 2 2 2 2 1 4 4 1 3 4 0 3 4 3 4 0 0 1 4 3 4 3
0 17 1 0 4 3 4 4 3 4 1 3 4 0 0 4 1 4 3
0 52 1 0 3 4 3 4 3 4 0 4 4 1 2 2 2 2 4 0 2 2 2 2 2 2 2 2 2 2 2 2 3 4 1 0 3 4 4 1 3 4 3 4 2 2 2 2 0 1 4 3 4 3
0 26 1 2 2 2 2 2 2 2 2 1 4 2 2 2 2 2 2 2 2 2 2 3 4 3 4 3
0 39 1 1 3 4 4 3 4 4 0 0 1 0 2 2 2 2 2 2 2 2 2 2 2 2 1 3 4 0 1 3 4 1 2 4 3 4 3 4 3
0 23 1 2 4 4 4 0 2 2 2 2 2 2 0 1 4 2 2 2 2 2 2 2 3
0 6 1 4 4 4 4 3
0 43 1 2 2 2 2 2 2 2 2 0 3 4 2 2 2 2 2 2 2 2 2 2 2 2 2 2 2 2 2 2 3 4 1 4 4 4 4 1 4 4 3 4 3
0 68 1 2 2 2 2 1 2 2 2 2 2 2 2 2 2 2 2 2 3 4 3 4 2 2 2 2 2 2 2 2 2 2 2 2 1 0 2 2 2 2 2 2 2 2 2 2 2 2 2 2 2 2 2 2 2 2 2 2 1 3 4 2 2 2 2 2 2 3
0 7 1 4 0 0 2 2 3
0 11 1 1 3 4 2 2 2 2 2 2 3
0 22 1 3 4 0 0 1 3 4 2 2 2 2 2 2 2 2 2 2 2 2 4 3
0 43 1 3 4 2 2 2 2 0 0 2 2 2 2 2 2 2 2 0 1 1 3 4 4 3 4 3 4 4 1 4 3 4 0 2 2 2 2 1 0 0 3 4 3
0 4 1 0 1 3
0 25 1 0 3 4 3 4 1 2 2 2 2 2 2 2 2 2 2 4 2 2 2 2 3 4 3
0 24 1 2 2 2 2 2 2 2 2 1 4 2 2 2 2 2 2 2 2 2 2 3 4 3
0 12 1 2 2 3 4 0 1 2 2 2 2 3
0 46 1 1 4 0 2 2 2 2 2 2 2 2 2 2 2 2 1 2 2 2 2 2 2 2 2 2 2 2 2 1 4 4 1 2 2 2 2 2 2 2 2 0 2 0 4 3
0 66 1 0 2 2 2 2 2 2 2 2 2 2 2 2 4 1 2 2 3 4 2 2 2 2 2 2 2 2 2 2 2 2 2 2 2 2 2 2 2 2 1 4 2 2 2 2 2 2 2 2 2 2 2 2 1 4 0 2 2 2 2 2 2 2 2 3
0 11 1 4 2 2 2 2 1 4 4 1 3
0 13 1 4 1 2 2 2 2 1 4 3 4 1 3
0 29 1 0 1 0 3 4 3 4 1 2 2 2 2 2 2 2 2 2 2 2 2 4 4 1 0 4 3 4 3
0 20 1 2 2 2 2 2 2 2 2 0 3 4 4 4 0 1 0 3 4 3
0 23 1 4 1 2 2 2 2 2 2 0 2 0 0 2 3 4 0 4 4 1 1 4 3
0 31 1 2 2 2 2 2 2 2 2 2 2 2 2 2 2 2 2 3 4 0 1 1 3 4 3 4 3 4 4 1 3
0 24 1 2 2 2 2 2 2 2 2 2 2 2 2 0 4 1 4 2 2 2 2 4 1 3
0 53 1 4 3 4 3 4 3 4 3 4 4 4 1 1 2 2 2 2 2 2 2 2 2 2 2 2 0 2 2 2 2 2 2 2 2 2 2 2 2 2 2 2 2 3 4 1 4 4 0 2 4 4 3
0 16 1 0 2 2 2 2 2 2 0 2 2 2 2 2 2 3
0 12 1 3 4 1 1 0 3 4 3 4 1 3
0 19 1 2 2 3 4 0 1 2 2 2 2 3 4 3 4 0 2 4 3
0 58 1 0 2 2 2 2 2 2 2 2 2 2 0 3 4 0 4 1 0 3 4 2 2 2 2 2 2 2 2 2 2 2 2 2 2 2 2 1 2 2 2 2 2 2 2 2 2 2 2 2 0 4 1 3 4 3 4 3
0 12 1 0 3 4 2 2 2 2 2 2 1 3
0 16 1 0 3 4 0 0 2 2 1 2 2 2 2 2 2 3
0 20 1 1 0 2 2 2 2 2 2 0 0 3 4 1 0 3 4 3 4 3
0 37 1 1 3 4 4 3 4 4 0 0 1 0 2 2 2 2 2 2 2 2 2 2 2 2 1 3 4 0 1 3 4 1 2 4 3 4 3
0 16 1 1 1 4 2 2 2 2 0 4 1 4 1 2 4 3
0 84 1 3 4 4 0 4 4 4 3 4 1 0 2 2 2 2 2 2 2 2 2 2 2 2 0 0 2 2 2 2 2 2 2 2 1 3 4 0 2 0 0 2 2 2 2 2 2 2 2 2 2 2 2 1 4 3 4 2 2 2 2 3 4 1 3 4 0 2 0 0 2 2 2 2 2 2 2 2 2 2 2 2 2 3
0 24 1 2 2 2 2 2 2 2 2 2 2 2 2 0 2 0 0 0 0 4 1 0 1 3
0 35 1 2 2 2 2 2 2 2 2 2 2 2 2 2 2 2 2 3 4 0 1 1 3 4 3 4 3 4 4 1 3 4 2 2 3
0 22 1 0 4 3 4 4 3 4 1 3 4 0 0 4 1 4 3 4 1 2 4 3
0 77 1 2 2 2 2 2 2 2 2 0 3 4 2 2 2 2 2 2 2 2 2 2 2 2 2 2 2 2 2 2 3 4 1 4 4 4 4 1 4 4 3 4 3 4 1 4 3 4 2 2 2 2 4 2 2 2 2 2 2 2 2 1 1 2 2 2 2 2 2 2 2 2 2 2 2 4 3
0 56 1 0 2 2 2 2 2 2 2 2 2 2 0 3 4 0 4 1 0 3 4 2 2 2 2 2 2 2 2 2 2 2 2 2 2 2 2 1 2 2 2 2 2 2 2 2 2 2 2 2 0 4 1 3 4 3
0 20 1 0 0 3 4 4 0 1 0 4 1 2 2 2 2 2 2 2 2 3
0 30 1 1 3 4 2 2 2 2 2 2 3 4 2 2 2 2 2 2 2 2 2 2 2 2 3 4 3 4 1 3
0 60 1 1 4 4 0 2 2 2 2 2 2 0 0 0 0 2 0 1 0 3 4 4 4 0 0 2 4 1 4 4 2 2 2 2 2 2 2 2 2 2 0 3 4 0 1 3 4 2 2 2 2 2 2 0 1 3 4 3 4 3
0 19 1 3 4 4 3 4 0 1 2 2 2 2 2 2 1 0 3 4 3
0 16 1 2 2 2 2 3 4 0 1 3 4 0 4 4 1 3
0 47 1 2 2 2 2 2 2 2 2 0 3 4 2 2 2 2 2 2 2 2 2 2 2 2 2 2 2 2 2 2 3 4 1 4 4 4 4 1 4 4 3 4 3 4 1 4 3
0 18 1 3 4 0 1 0 1 0 3 4 4 2 2 2 2 2 2 3
0 9 1 3 4 3 4 4 4 4 3
0 41 1 2 2 2 2 2 2 2 2 0 3 4 4 4 0 1 0 3 4 3 4 0 0 2 2 2 2 1 2 4 1 0 4 4 4 0 3 4 3 4 3
0 12 1 1 1 1 3 4 0 4 4 3 4 3
0 17 1 3 4 4 2 2 2 2 2 2 2 2 2 2 2 2 3
0 32 1 4 1 0 2 2 2 2 4 3 4 0 1 2 2 2 2 2 2 2 2 2 2 2 2 1 4 3 4 2 4 3
0 13 1 3 4 4 2 2 2 2 2 2 1 1 3
0 23 1 2 4 1 1 2 2 0 2 0 0 1 2 2 2 2 2 2 2 2 2 2 3
0 4 1 2 2 3
0 18 1 4 3 4 0 1 0 0 2 2 2 2 3 4 0 0 1 3
0 27 1 2 2 2 2 2 2 4 3 4 2 2 2 2 2 2 2 2 2 2 2 2 1 0 0 1 3
0 16 1 0 2 0 2 2 2 2 2 2 2 2 2 2 1 3
0 9 1 3 4 3 4 0 2 2 3
0 28 1 3 4 1 2 2 2 2 0 0 0 2 2 2 2 2 2 2 2 3 4 1 0 4 3 4 1 3
0 5 1 2 2 1 3
0 25 1 2 2 2 2 2 2 0 3 4 2 2 2 2 2 2 2 2 2 2 3 4 0 1 3
0 8 1 3 4 3 4 3 4 3
0 24 1 0 4 0 1 2 2 2 2 2 2 2 2 2 2 2 2 2 2 2 2 2 2 3
0 28 1 1 4 2 2 2 2 0 0 1 2 0 0 2 2 2 2 2 2 2 2 2 2 2 2 1 1 3
0 14 1 2 2 2 2 2 2 2 2 2 2 2 2 3
0 28 1 3 4 0 1 0 1 0 3 4 4 2 2 2 2 2 2 3 4 2 2 1 0 2 4 4 1 3
0 15 1 2 2 2 2 2 2 2 2 2 2 2 2 1 3
0 6 1 0 3 4 4 3
0 18 1 2 2 2 2 2 2 2 2 0 3 4 1 3 4 3 4 3
0 34 1 0 3 4 3 4 1 2 2 2 2 2 2 2 2 2 2 4 2 2 2 2 3 4 3 4 1 2 2 2 2 1 1 3
0 9 1 0 3 4 1 2 2 1 3
0 15 1 0 2 2 2 2 2 2 2 2 3 4 3 4 3
0 42 1 0 4 0 1 2 2 2 2 2 2 2 2 2 2 2 2 2 2 2 2 2 2 3 4 0 3 4 3 4 1 0 0 0 1 1 3 4 0 3 4 3
0 17 1 4 2 2 2 2 3 4 1 0 0 1 0 1 3 4 3
0 9 1 3 4 1 1 0 3 4 3
0 27 1 3 4 4 3 4 0 1 2 2 2 2 2 2 1 0 3 4 3 4 2 2 2 2 2 2 3
0 37 1 0 2 2 2 2 1 2 2 2 2 2 2 2 2 0 1 0 3 4 2 2 3 4 1 3 4 3 4 3 4 2 2 1 4 4 3
0 9 1 2 2 2 2 2 2 1 3
0 5 1 0 3 4 3
0 8 1 4 2 2 2 2 2 3
0 35 1 2 0 0 0 4 1 2 2 0 3 4 1 0 3 4 4 0 1 0 0 2 0 0 2 2 0 1 3 4 0 4 3 4 3
0 7 1 0 4 1 3 4 3
0 20 1 2 4 3 4 3 4 2 0 0 0 0 2 2 2 2 2 2 1 3
0 47 1 2 4 4 4 0 2 2 2 2 2 2 0 1 4 2 2 2 2 2 2 2 3 4 1 4 3 4 2 4 2 2 2 2 2 2 2 2 2 2 0 0 1 0 3 4 3
0 7 1 0 1 0 3 4 3
0 82 1 2 2 2 2 1 2 2 2 2 2 2 2 2 2 2 2 2 3 4 3 4 2 2 2 2 2 2 2 2 2 2 2 2 1 0 2 2 2 2 2 2 2 2 2 2 2 2 2 2 2 2 2 2 2 2 2 2 1 3 4 2 2 2 2 2 2 3 4 1 2 2 2 2 2 2 2 2 2 2 1 3
0 24 1 3 4 2 2 2 2 0 0 2 2 2 2 2 2 2 2 0 1 1 3 4 4 3
0 21 1 2 2 2 2 2 2 2 2 0 3 4 1 3 4 3 4 3 4 4 3
0 57 1 2 2 3 4 0 1 2 2 2 2 2 2 2 2 2 2 3 4 0 0 3 4 1 4 0 1 2 2 2 2 2 2 2 2 2 2 2 2 2 2 2 2 2 2 2 2 2 4 3 4 0 3 4 1 4 3
0 6 1 4 3 4 4 3
0 9 1 4 3 4 3 4 3 4 3
0 33 1 3 4 2 2 2 2 2 2 2 2 2 2 2 2 2 2 2 2 2 2 2 2 2 2 2 2 2 2 1 3 4 3
0 37 1 3 4 3 4 2 2 2 2 2 2 2 2 2 2 2 2 2 2 2 2 2 2 1 0 0 0 0 4 1 2 2 2 2 2 2 3
0 25 1 0 3 4 0 2 2 2 2 2 2 1 2 2 1 4 3 4 4 0 1 1 0 4 3
0 10 1 0 1 4 3 4 4 1 4 3
0 25 1 2 2 2 2 2 2 2 2 2 2 4 0 0 0 0 2 3 4 1 0 2 2 1 3
0 5 1 0 1 1 3
0 17 1 0 3 4 0 2 2 2 2 2 2 1 2 2 1 4 3
0 19 1 1 2 2 3 4 2 2 2 2 2 2 2 2 2 2 2 2 3
0 62 1 2 2 2 2 2 2 1 3 4 4 3 4 0 2 0 2 2 2 1 2 2 2 2 2 2 2 2 2 2 2 2 3 4 4 0 1 3 4 2 4 0 2 2 2 2 2 2 2 2 2 2 2 2 3 4 1 2 2 2 2 3
0 46 1 2 2 2 2 2 2 0 3 4 2 2 2 2 2 2 2 2 2 2 3 4 0 1 3 4 2 2 2 2 2 2 2 2 2 2 2 2 0 2 2 2 2 2 2 3
0 55 1 2 4 4 4 0 2 2 2 2 2 2 0 1 4 2 2 2 2 2 2 2 3 4 1 4 3 4 2 4 2 2 2 2 2 2 2 2 2 2 0 0 1 0 3 4 3 4 2 2 2 2 2 2 3
0 18 1 4 3 4 4 2 2 2 2 2 2 2 2 2 2 2 2 3
0 4 1 2 4 3
0 16 1 2 2 2 2 2 2 2 2 0 3 4 1 3 4 3
0 43 1 1 3 4 2 2 2 2 2 2 3 4 2 2 2 2 2 2 2 2 2 2 2 2 3 4 3 4 1 3 4 2 2 2 2 2 2 2 2 1 3 4 3
0 13 1 0 2 2 2 2 2 2 3 4 0 1 3
0 43 1 2 2 2 2 2 2 2 2 2 2 2 2 2 2 2 2 2 2 2 2 2 2 2 2 2 2 2 2 0 1 4 4 0 2 2 2 2 3 4 3 4 3
0 60 1 3 4 3 4 4 4 4 2 2 2 2 2 2 2 2 2 2 2 2 2 2 2 2 2 2 2 2 2 2 1 3 4 0 1 4 4 0 4 1 0 4 0 1 0 4 0 2 2 2 2 2 2 2 2 2 2 2 2 3
0 3 1 1 3
0 22 1 2 2 2 2 2 2 2 2 1 4 2 2 2 2 2 2 2 2 2 2 3
0 6 1 3 4 1 1 3
0 18 1 1 0 2 2 2 2 2 2 0 0 3 4 1 0 3 4 3
0 40 1 1 2 4 1 2 2 2 2 2 2 2 2 2 2 2 2 2 2 2 2 2 2 1 0 2 2 2 2 2 2 2 2 2 2 2 2 2 2 3
0 25 1 2 2 2 2 2 2 2 2 2 2 0 3 4 0 3 4 0 1 3 4 3 4 1 3
0 23 1 3 4 1 1 1 2 2 2 2 2 2 2 2 2 2 2 2 2 2 2 2 3
0 49 1 3 4 4 3 4 0 1 2 2 2 2 2 2 1 0 3 4 3 4 2 2 2 2 2 2 3 4 1 1 3 4 4 0 1 0 4 0 2 2 2 2 2 2 2 2 2 2 3
0 10 1 4 1 2 2 2 2 1 4 3
0 5 1 1 3 4 3
0 46 1 3 4 0 0 1 3 4 2 2 2 2 2 2 2 2 2 2 2 2 4 3 4 1 4 4 3 4 1 1 0 2 2 2 2 2 2 2 2 0 3 4 4 4 1 3
0 8 1 1 3 4 3 4 4 3
0 5 1 0 4 1 3
0 18 1 2 2 3 4 0 1 2 2 2 2 2 2 2 2 2 2 3
0 14 1 2 2 2 2 2 2 2 4 0 3 4 1 3
0 18 1 0 2 0 0 1 2 2 2 2 2 2 2 2 4 3 4 3
0 10 1 4 1 0 2 2 2 2 4 3
0 45 1 4 1 2 2 2 2 2 2 0 2 0 0 2 3 4 0 4 4 1 1 4 3 4 0 2 2 2 2 2 2 2 2 2 2 1 3 4 3 4 0 4 2 4 3
0 36 1 2 2 2 2 2 2 2 2 2 2 3 4 4 0 2 2 2 2 2 2 2 2 1 1 0 2 2 0 0 2 1 0 3 4 3
0 4 1 3 4 3
0 30 1 4 3 4 4 2 2 2 2 2 2 2 2 2 2 2 2 3 4 1 4 4 2 2 2 2 4 0 1 3
0 28 1 0 2 2 2 2 1 2 2 2 2 2 2 2 2 0 1 0 3 4 2 2 3 4 1 3 4 3
0 14 1 2 4 4 2 2 2 2 3 4 3 4 1 3
0 19 1 2 4 4 2 2 2 2 3 4 3 4 1 3 4 4 0 1 3
0 9 1 2 2 2 2 2 2 4 3
0 6 1 2 4 3 4 3
0 23 1 2 2 2 2 2 2 2 2 2 2 2 2 2 2 2 2 3 4 0 1 1 3
0 48 1 2 2 2 2 2 2 2 2 2 2 2 2 3 4 0 3 4 1 1 4 0 2 2 2 2 2 2 2 2 2 2 2 2 2 2 2 4 2 2 2 2 2 2 2 2 1 3
0 22 1 4 2 2 2 2 1 4 4 1 3 4 0 3 4 3 4 0 0 1 4 3
0 12 1 3 4 1 2 2 2 2 0 3 4 3
0 29 1 2 2 2 2 2 2 2 2 2 2 0 3 4 0 3 4 0 1 3 4 3 4 1 3 4 3 4 3
0 8 1 3 4 1 4 1 1 3
0 6 1 1 3 4 4 3
0 55 1 2 2 2 2 2 2 1 3 4 4 3 4 0 2 0 2 2 2 1 2 2 2 2 2 2 2 2 2 2 2 2 3 4 4 0 1 3 4 2 4 0 2 2 2 2 2 2 2 2 2 2 2 2 3
0 33 1 3 4 3 4 2 2 2 2 2 2 2 2 2 2 2 2 2 2 1 0 4 1 4 4 0 2 2 2 2 2 2 3
0 24 1 0 1 2 2 2 2 2 2 2 2 0 4 0 3 4 1 2 0 0 2 0 4 3
0 20 1 2 2 2 2 2 2 2 2 2 2 0 3 4 0 3 4 0 1 3
0 7 1 4 3 4 3 4 3
0 12 1 3 4 3 4 2 2 2 2 2 2 3
0 29 1 1 2 2 2 2 2 2 3 4 0 1 2 2 2 2 2 2 0 3 4 2 2 2 2 1 1 4 3
0 46 1 2 2 2 2 2 2 2 2 2 2 2 2 2 2 4 4 4 2 2 2 2 2 2 2 2 2 2 1 3 4 2 2 2 2 2 2 0 0 1 4 4 1 1 1 3
0 26 1 2 2 1 3 4 1 0 1 3 4 2 2 2 2 2 2 2 2 2 2 2 2 2 2 3
0 14 1 2 2 2 2 2 2 2 2 0 3 4 1 3
0 30 1 1 3 4 4 3 4 4 0 0 1 0 2 2 2 2 2 2 2 2 2 2 2 2 1 3 4 0 1 3
0 9 1 0 0 3 4 0 3 4 3
0 14 1 3 4 2 4 1 1 2 2 2 2 2 2 3
0 25 1 1 4 4 0 3 4 3 4 4 4 1 0 4 2 2 2 2 0 1 3 4 3 4 3
0 30 1 3 4 4 1 2 2 2 2 2 2 2 2 2 2 1 0 0 0 0 2 0 0 2 0 0 0 1 1 3
0 31 1 2 2 2 2 2 2 2 2 1 4 2 2 2 2 2 2 2 2 2 2 3 4 3 4 3 4 2 2 1 3
0 33 1 2 2 2 2 2 2 2 2 2 2 4 0 0 0 0 2 3 4 1 0 2 2 1 3 4 2 2 2 2 2 2 3
0 36 1 0 1 4 3 4 4 1 4 3 4 4 3 4 3 4 2 2 1 1 2 2 2 2 2 2 2 2 2 2 2 2 1 3 4 3
0 39 1 2 2 2 2 2 2 2 2 2 2 2 2 2 2 2 2 2 2 2 2 2 2 2 2 2 2 2 2 0 1 4 4 0 2 2 2 2 3
0 5 1 1 4 1 3
0 34 1 2 2 2 2 2 2 2 2 2 2 2 2 0 4 1 4 2 2 2 2 4 1 3 4 2 2 2 2 2 2 2 2 3
0 46 1 0 2 2 2 2 1 2 2 2 2 2 2 2 2 0 1 0 3 4 2 2 3 4 1 3 4 3 4 3 4 2 2 1 4 4 3 4 0 3 4 4 0 1 4 3
0 24 1 4 2 2 2 2 2 2 2 2 2 2 2 2 2 2 2 2 1 3 4 2 4 3
0 15 1 4 1 2 2 2 2 2 2 0 2 0 0 2 3
0 65 1 3 4 4 0 4 4 4 3 4 1 0 2 2 2 2 2 2 2 2 2 2 2 2 0 0 2 2 2 2 2 2 2 2 1 3 4 0 2 0 0 2 2 2 2 2 2 2 2 2 2 2 2 1 4 3 4 2 2 2 2 3 4 1 3
0 17 1 2 2 2 2 2 2 2 2 2 2 3 4 0 1 4 3
0 33 1 0 3 4 2 2 2 2 2 2 1 3 4 1 2 2 2 2 2 2 2 2 2 2 2 2 3 4 2 2 2 2 3
0 34 1 0 2 2 2 2 2 2 2 2 3 4 3 4 3 4 1 2 2 2 2 2 2 2 2 2 2 2 2 2 2 2 2 3
0 31 1 0 1 0 3 4 3 4 1 2 2 2 2 2 2 2 2 2 2 2 2 4 4 1 0 4 3 4 3 4 3
0 34 1 3 4 0 1 0 1 0 3 4 4 2 2 2 2 2 2 3 4 2 2 1 0 2 4 4 1 3 4 2 2 4 1 3
0 23 1 0 2 2 2 2 1 2 2 2 2 2 2 2 2 0 1 0 3 4 2 2 3
0 34 1 1 0 2 2 2 2 2 2 0 0 3 4 1 0 3 4 3 4 3 4 1 0 0 3 4 0 1 2 2 2 2 4 3
0 5 1 4 3 4 3
0 77 1 2 2 2 2 2 2 2 2 2 2 3 4 0 1 4 3 4 0 2 2 2 2 2 2 2 2 2 2 2 2 2 2 0 1 2 2 2 2 2 2 2 2 2 2 3 4 0 3 4 2 2 2 2 2 2 2 2 2 2 1 4 4 2 2 2 2 2 2 2 2 2 2 0 3 4 3
0 28 1 4 1 0 2 2 2 2 4 3 4 0 1 2 2 2 2 2 2 2 2 2 2 2 2 1 4 3
0 48 1 3 4 3 4 2 2 2 2 2 2 2 2 2 2 2 2 2 2 2 2 2 2 1 0 0 0 0 4 1 2 2 2 2 2 2 3 4 1 2 2 2 2 2 2 2 4 3
0 26 1 3 4 2 2 2 2 0 0 2 2 2 2 2 2 2 2 0 1 1 3 4 4 3 4 3
0 31 1 0 3 4 3 4 3 4 0 4 4 1 2 2 2 2 4 0 2 2 2 2 2 2 2 2 2 2 2 2 3
0 8 1 2 2 2 2 2 2 3
0 6 1 4 3 4 1 3
0 49 1 1 3 4 2 2 2 2 2 2 3 4 2 2 2 2 2 2 2 2 2 2 2 2 3 4 3 4 1 3 4 2 2 2 2 2 2 2 2 1 3 4 3 4 1 0 0 4 3
0 19 1 4 2 2 2 2 3 4 1 0 0 1 0 1 3 4 3 4 3
0 19 1 3 4 4 2 2 2 2 2 2 2 2 2 2 2 2 3 4 3
0 19 1 0 2 2 2 0 0 4 3 4 0 2 2 2 2 2 2 1 3
0 38 1 2 2 2 2 2 2 1 3 4 4 3 4 0 2 0 2 2 2 1 2 2 2 2 2 2 2 2 2 2 2 2 3 4 4 0 1 3
0 70 1 2 2 2 2 2 2 3 4 1 4 2 2 2 2 2 2 2 2 2 2 2 2 0 2 2 2 2 2 2 2 2 2 2 2 2 1 0 1 2 2 2 2 2 2 2 2 2 2 2 2 0 3 4 1 2 2 2 2 2 2 2 2 1 0 0 0 3 4 3
0 18 1 0 0 3 4 1 0 3 4 4 0 3 4 1 1 3 4 3
0 18 1 1 0 2 0 2 2 3 4 2 2 2 2 2 2 2 2 3
0 39 1 1 2 2 2 2 2 2 2 2 4 1 0 1 2 2 2 2 2 2 2 2 2 2 2 2 2 2 0 2 2 0 2 1 4 3 4 1 3
0 30 1 3 4 1 1 0 3 4 3 4 1 3 4 3 4 0 0 2 2 2 2 2 2 2 2 2 2 1 4 3
0 39 1 0 3 4 3 4 3 4 0 4 4 1 2 2 2 2 4 0 2 2 2 2 2 2 2 2 2 2 2 2 3 4 1 0 3 4 4 1 3
0 8 1 2 2 2 2 1 1 3
0 52 1 0 4 3 4 4 3 4 1 3 4 0 0 4 1 4 3 4 1 2 4 3 4 2 2 2 2 2 2 2 2 2 2 2 2 2 2 2 2 2 2 2 2 4 1 4 4 2 2 2 2 3
0 37 1 0 4 0 1 2 2 2 2 2 2 2 2 2 2 2 2 2 2 2 2 2 2 3 4 0 3 4 3 4 1 0 0 0 1 1 3
0 21 1 1 4 4 0 3 4 3 4 4 4 1 0 4 2 2 2 2 0 1 3
0 5 1 3 4 4 3
0 18 1 2 2 2 2 2 2 2 2 2 2 2 2 2 2 2 2 3
0 32 1 3 4 1 1 0 3 4 3 4 1 3 4 3 4 0 0 2 2 2 2 2 2 2 2 2 2 1 4 3 4 3
0 10 1 0 4 3 4 4 3 4 1 3
0 24 1 2 2 0 0 0 2 0 1 0 0 3 4 0 2 2 1 2 4 1 4 3 4 3
0 23 1 2 2 2 2 2 2 2 2 0 3 4 2 2 2 2 2 2 2 2 3 4 3
0 21 1 2 2 2 2 1 2 2 2 2 2 2 2 2 2 2 2 2 3 4 3
0 37 1 4 1 2 2 2 2 2 2 0 2 0 0 2 3 4 0 4 4 1 1 4 3 4 0 2 2 2 2 2 2 2 2 2 2 1 3
0 36 1 1 4 1 3 4 2 2 2 2 2 2 2 2 2 2 2 2 2 2 2 2 2 2 2 2 2 2 2 2 2 2 2 2 1 3
0 25 1 3 4 1 2 2 2 2 0 0 0 2 2 2 2 2 2 2 2 3 4 1 0 4 3
0 15 1 0 1 1 2 2 2 2 2 2 2 2 2 2 3
0 30 1 1 1 4 2 2 2 2 0 4 1 4 1 2 4 3 4 2 2 2 2 1 0 2 2 2 2 2 2 3
0 7 1 3 4 0 0 1 3
0 21 1 3 4 2 2 2 2 0 0 2 2 2 2 2 2 2 2 0 1 1 3
0 11 1 3 4 2 2 2 2 1 3 4 3
0 49 1 0 0 3 4 0 3 4 3 4 1 4 3 4 0 3 4 4 1 4 1 2 2 2 2 2 2 2 2 2 2 2 2 3 4 2 2 2 2 2 2 2 2 4 4 1 2 2 3
0 20 1 1 0 2 0 2 2 3 4 2 2 2 2 2 2 2 2 3 4 3
0 60 1 2 2 2 2 1 2 2 2 2 2 2 2 2 2 2 2 2 3 4 3 4 2 2 2 2 2 2 2 2 2 2 2 2 1 0 2 2 2 2 2 2 2 2 2 2 2 2 2 2 2 2 2 2 2 2 2 2 1 3
0 5 1 1 1 1 3
0 18 1 0 2 2 2 2 2 2 2 2 2 2 2 2 1 2 4 3
0 39 1 2 2 2 2 2 2 2 2 0 3 4 4 4 0 1 0 3 4 3 4 0 0 2 2 2 2 1 2 4 1 0 4 4 4 0 3 4 3
0 31 1 0 2 0 2 2 2 2 2 2 2 2 2 2 1 3 4 4 4 1 3 4 0 1 3 4 2 2 2 2 3
0 16 1 0 0 3 4 1 0 3 4 4 0 3 4 1 1 3
0 25 1 1 3 4 3 4 3 4 3 4 1 0 3 4 2 2 2 2 2 2 2 2 2 2 3
0 12 1 4 3 4 1 3 4 2 2 2 2 3
0 41 1 2 2 2 2 2 2 2 2 2 2 2 2 2 2 2 2 2 2 2 2 2 2 2 2 2 2 2 2 0 1 4 4 0 2 2 2 2 3 4 3
0 50 1 0 3 4 3 4 3 4 0 4 4 1 2 2 2 2 4 0 2 2 2 2 2 2 2 2 2 2 2 2 3 4 1 0 3 4 4 1 3 4 3 4 2 2 2 2 0 1 4 3
0 13 1 0 2 2 2 2 2 2 2 2 3 4 3
0 27 1 2 4 4 4 0 2 2 2 2 2 2 0 1 4 2 2 2 2 2 2 2 3 4 1 4 3
0 38 1 0 3 4 2 2 2 2 2 2 1 3 4 1 2 2 2 2 2 2 2 2 2 2 2 2 3 4 2 2 2 2 3 4 1 2 2 3
0 25 1 2 2 2 2 2 2 2 2 2 2 2 2 2 2 2 2 3 4 0 1 1 3 4 3
0 10 1 2 2 0 2 0 2 2 1 3
0 4 1 0 4 3
0 37 1 0 2 0 2 2 2 2 2 2 2 2 2 2 1 3 4 4 4 1 3 4 0 1 3 4 2 2 2 2 3 4 1 0 3 4 3
0 50 1 2 2 2 2 2 2 2 2 2 2 2 2 2 2 2 2 3 4 0 1 1 3 4 3 4 3 4 4 1 3 4 2 2 3 4 1 0 0 3 4 0 3 4 1 4 4 3 4 3
0 18 1 2 2 2 2 2 2 2 2 2 2 1 3 4 1 4 1 3
0 11 1 0 2 2 2 2 2 2 2 2 3
0 4 1 1 1 3
0 16 1 3 4 2 0 2 2 0 3 4 4 4 2 2 4 3
