1624 5
1 0 
1 19 0 0 0 0 0 0 0 0 0 0 0 0 0 2 4 2 4 2 4
1 11 0 0 0 4 4 2 4 2 4 2 4
1 14 3 0 0 0 0 0 0 0 0 0 4 4 2 4
1 12 3 0 3 0 3 0 4 4 4 4 4 4
1 18 0 4 2 4 0 4 0 4 4 2 0 4 2 4 0 0 4 2
1 15 0 2 0 0 4 0 2 0 0 4 0 2 0 0 4
1 27 0 0 0 0 0 0 0 0 0 0 0 0 0 0 0 0 0 4 4 2 4 2 4 4 4 4 4
1 17 0 2 0 0 4 0 2 0 3 0 2 0 3 0 2 0 3
1 45 0 0 0 0 0 3 0 3 0 3 0 3 0 3 0 0 0 0 0 0 0 0 3 0 3 0 3 0 0 0 0 0 0 2 4 2 4 4 4 2 4 2 4 2 4
1 36 4 4 4 3 0 4 4 0 0 4 1 0 4 4 4 0 0 4 4 3 0 4 0 4 3 0 4 4 3 4 4 4 4 0 4 3
1 13 4 0 4 4 0 4 3 4 0 0 0 4 3
1 29 0 0 0 0 0 0 0 0 0 3 0 3 0 3 0 3 0 3 0 3 0 2 4 2 4 2 4 4 4
1 22 0 2 0 3 0 2 0 3 0 2 0 0 4 0 2 0 0 4 0 2 0 3
1 10 0 0 4 1 0 0 4 4 4 2
1 18 0 0 0 0 0 0 0 0 0 0 2 4 2 4 2 4 2 4
1 17 4 0 4 4 0 4 3 0 0 0 0 4 4 4 2 4 2
1 24 4 3 4 4 3 4 4 4 4 0 0 4 1 0 4 4 4 4 4 3 4 0 4 2
1 15 4 4 4 4 4 1 0 4 0 4 4 0 4 4 3
1 16 3 0 3 0 3 0 3 0 2 4 4 4 2 4 2 4
1 31 3 0 3 0 3 0 3 0 3 0 0 0 0 0 0 3 0 3 0 0 0 0 0 0 0 0 0 0 0 0 0
1 15 0 0 0 0 0 0 0 0 0 0 0 4 4 2 4
1 16 0 3 0 3 0 0 2 4 2 4 4 4 4 4 2 4
1 5 0 2 0 0 4
1 14 0 0 4 4 2 4 2 4 4 4 4 4 2 4
1 24 0 0 3 0 3 0 3 0 3 0 3 0 3 0 0 0 4 4 2 4 2 4 4 4
1 28 3 0 3 0 3 0 3 0 3 0 3 0 3 0 3 0 3 0 4 4 4 4 2 4 4 4 4 4
1 23 0 2 0 0 4 0 2 0 0 4 0 2 0 3 0 2 0 0 4 0 2 0 3
1 5 0 0 0 2 4
1 17 0 2 0 3 0 2 0 3 0 2 0 0 4 0 2 0 3
1 17 0 0 0 0 0 0 0 0 0 0 0 0 0 2 4 4 4
1 3 4 4 2
1 25 0 0 0 0 0 3 0 3 0 3 0 3 0 3 0 0 0 0 0 2 4 4 4 4 4
1 34 3 0 3 0 3 0 3 0 3 0 3 0 0 0 0 0 0 3 0 3 0 3 0 3 0 3 0 3 0 0 3 0 3 0
1 10 2 4 2 4 4 4 2 4 2 4
1 8 2 4 4 4 4 4 2 4
1 6 0 4 4 4 4 3
1 24 3 0 0 0 0 0 0 0 0 0 0 0 0 0 0 0 0 0 4 4 2 4 4 4
1 14 0 0 0 0 0 0 0 0 0 0 0 0 0 0
1 26 0 2 0 3 0 2 0 3 0 2 0 0 4 0 2 0 3 0 2 0 3 0 2 0 0 4
1 2 2 4
1 21 0 0 0 0 0 0 3 0 3 0 3 0 0 0 0 0 0 0 0 4 4
1 15 0 0 0 0 0 0 0 0 0 4 4 4 4 4 4
1 21 0 2 0 3 0 2 0 3 0 2 0 3 0 2 0 3 0 2 0 0 4
1 18 0 2 0 3 0 2 0 3 0 2 0 0 4 0 2 0 0 4
1 19 0 0 0 0 0 0 0 2 4 2 4 4 4 4 4 4 4 2 4
1 28 0 0 0 0 0 0 0 0 0 0 0 0 0 0 0 0 0 0 0 0 0 0 0 0 4 4 2 4
1 14 0 0 0 0 0 0 3 0 4 4 4 4 4 4
1 11 0 4 1 0 0 4 0 0 4 4 2
1 22 0 3 0 3 0 3 0 3 0 0 0 0 0 0 0 0 4 4 2 4 4 4
1 8 2 4 4 4 4 4 4 4
1 17 0 0 0 0 0 4 4 4 4 2 4 2 4 4 4 4 4
1 16 0 0 0 0 0 0 0 3 0 0 4 4 2 4 2 4
1 7 4 3 4 4 0 4 2
1 9 0 0 0 0 0 0 0 0 0
1 13 0 0 0 0 0 0 0 0 0 3 0 4 4
1 21 0 0 0 0 0 0 0 0 0 0 0 4 4 2 4 2 4 2 4 4 4
1 13 0 4 0 0 0 4 4 3 0 4 3 4 3
1 33 0 0 0 0 0 0 0 0 0 0 0 0 3 0 3 0 3 0 3 0 3 0 0 2 4 2 4 4 4 2 4 2 4
1 25 0 0 0 0 0 0 0 0 0 0 0 0 0 2 4 4 4 2 4 2 4 2 4 2 4
1 11 4 0 0 4 1 0 4 0 0 4 3
1 12 4 4 2 4 2 4 4 4 4 4 4 4
1 14 0 0 4 4 4 4 4 4 4 4 2 4 4 4
1 23 0 2 0 0 4 0 2 0 0 4 0 2 0 3 0 2 0 3 0 2 0 0 4
1 6 4 0 4 4 4 3
1 24 0 0 0 0 0 3 0 3 0 3 0 0 2 4 4 4 2 4 4 4 4 4 2 4
1 29 4 0 4 1 0 4 0 4 4 0 4 3 4 4 4 4 4 2 0 4 1 0 4 4 0 4 4 1 0
1 11 0 0 0 0 0 2 4 4 4 4 4
1 11 4 4 4 3 0 0 0 0 0 4 2
1 5 0 0 0 0 0
1 3 0 4 4
1 17 4 4 4 4 0 4 4 1 0 0 4 4 4 1 0 4 3
1 6 2 4 2 4 4 4
1 8 0 2 0 3 0 2 0 3
1 30 4 4 3 0 0 4 4 4 4 4 2 4 0 0 0 0 4 3 4 2 0 4 0 4 2 0 0 4 4 3
1 26 0 4 0 4 2 0 4 0 0 0 4 3 0 4 0 4 0 4 2 0 0 4 3 0 4 3
1 4 0 2 0 3
1 20 0 0 4 3 4 0 4 3 0 4 4 4 0 0 4 3 4 4 1 0
1 17 3 0 3 0 3 0 3 0 3 0 3 0 0 2 4 2 4
1 31 3 0 3 0 3 0 3 0 3 0 3 0 0 0 0 0 0 0 0 4 4 4 4 4 4 2 4 4 4 2 4
1 32 4 4 0 4 0 4 4 2 4 4 4 4 4 2 4 1 0 0 0 4 4 3 0 4 4 0 4 3 0 0 4 3
1 24 3 0 3 0 3 0 3 0 3 0 3 0 0 0 2 4 2 4 2 4 2 4 4 4
1 17 0 0 0 0 0 0 0 0 0 2 4 4 4 2 4 4 4
1 2 4 2
1 21 0 2 0 0 4 0 2 0 3 0 2 0 3 0 2 0 3 0 2 0 3
1 9 4 2 4 0 4 4 4 4 2
1 17 4 3 4 4 1 0 4 0 0 4 1 0 4 4 4 4 3
1 17 0 0 0 0 0 2 4 2 4 4 4 4 4 2 4 4 4
1 18 4 0 0 4 3 4 1 0 0 0 4 0 4 4 1 0 4 3
1 24 4 0 0 4 4 3 4 0 4 4 0 4 3 0 0 4 4 0 0 4 3 4 1 0
1 9 4 4 4 3 0 0 0 4 3
1 18 0 2 0 0 4 0 2 0 0 4 0 2 0 3 0 2 0 3
1 17 3 0 3 0 3 0 3 0 0 3 0 4 4 4 4 2 4
1 20 0 0 4 0 4 3 0 0 4 0 4 2 4 0 0 4 3 0 4 3
1 2 3 0
1 30 0 0 3 0 3 0 3 0 3 0 0 0 0 0 0 0 0 0 0 0 2 4 4 4 4 4 4 4 4 4
1 10 2 4 4 4 4 4 4 4 2 4
1 6 4 4 2 4 4 4
1 17 0 3 0 3 0 2 4 2 4 2 4 4 4 2 4 2 4
1 11 0 0 0 3 0 3 0 2 4 2 4
1 12 4 0 0 0 0 4 4 3 0 4 4 3
1 32 0 0 0 0 0 0 0 0 0 0 0 0 0 0 0 0 0 0 0 0 0 0 4 4 2 4 4 4 4 4 2 4
1 23 0 3 0 3 0 3 0 3 0 3 0 0 0 2 4 4 4 2 4 4 4 2 4
1 19 0 0 0 0 0 0 0 0 0 3 0 3 0 3 0 3 0 4 4
1 16 0 0 0 0 0 0 4 4 2 4 4 4 4 4 2 4
1 23 3 0 3 0 3 0 3 0 0 0 0 4 4 4 4 2 4 2 4 2 4 4 4
1 22 0 0 0 0 0 0 3 0 3 0 4 4 4 4 4 4 2 4 4 4 4 4
1 31 4 3 0 4 4 1 0 4 0 0 4 2 0 0 0 4 4 3 4 0 4 1 0 0 4 0 4 4 0 4 3
1 18 0 0 0 0 0 0 0 0 4 4 2 4 4 4 2 4 4 4
1 8 0 0 0 0 4 4 2 4
1 13 4 4 4 2 4 4 4 0 4 4 3 4 3
1 19 0 2 0 0 4 0 2 0 0 4 0 2 0 3 0 2 0 0 4
1 13 0 3 0 3 0 3 0 3 0 3 0 3 0
1 25 0 0 0 0 0 0 0 0 0 0 0 3 0 3 0 3 0 0 0 0 0 0 0 0 0
1 21 0 0 0 0 0 3 0 3 0 3 0 3 0 3 0 2 4 4 4 4 4
1 19 0 0 0 0 0 0 0 0 0 0 0 3 0 0 0 4 4 4 4
1 8 0 0 0 0 2 4 2 4
1 22 0 0 0 0 0 0 0 0 0 0 4 4 4 4 4 4 4 4 2 4 4 4
1 23 0 0 0 0 0 0 0 0 0 0 0 0 0 0 0 3 0 3 0 3 0 4 4
1 11 0 0 0 0 0 0 0 0 0 0 0
1 26 0 4 3 4 3 4 0 4 0 4 3 4 0 0 0 4 4 3 0 4 0 0 4 3 4 3
1 4 2 4 4 4
1 22 3 0 3 0 3 0 3 0 3 0 0 3 0 3 0 3 0 0 2 4 2 4
1 17 0 0 0 0 0 0 0 0 0 0 0 2 4 2 4 4 4
1 16 0 0 0 0 0 0 0 0 0 0 0 0 4 4 2 4
1 9 0 2 0 0 4 0 2 0 3
1 10 3 0 3 0 3 0 3 0 3 0
1 15 0 0 0 0 0 4 4 2 4 4 4 4 4 4 4
1 22 3 0 3 0 3 0 3 0 3 0 3 0 3 0 4 4 2 4 2 4 4 4
1 27 0 4 4 0 0 4 4 1 0 0 0 0 4 2 4 4 4 3 4 4 2 4 4 0 0 4 3
1 16 0 2 0 3 0 2 0 3 0 2 0 3 0 2 0 3
1 24 0 0 0 0 0 0 0 0 0 0 3 0 3 0 3 0 3 0 0 0 2 4 2 4
1 24 0 2 0 0 4 0 2 0 0 4 0 2 0 0 4 0 2 0 0 4 0 2 0 3
1 12 4 4 4 4 2 4 4 4 2 4 4 4
1 10 2 4 4 4 2 4 2 4 4 4
1 13 0 0 0 0 0 0 0 0 0 2 4 2 4
1 14 3 0 3 0 3 0 3 0 3 0 3 0 0 0
1 3 0 4 2
1 17 0 0 0 0 0 0 0 0 0 0 0 0 0 4 4 4 4
1 28 0 2 0 0 4 0 2 0 0 4 0 2 0 3 0 2 0 0 4 0 2 0 0 4 0 2 0 3
1 10 2 4 2 4 4 4 4 4 4 4
1 9 0 0 0 0 0 2 4 4 4
1 30 0 0 0 0 0 0 0 0 0 0 0 0 0 0 0 0 0 0 0 0 3 0 4 4 2 4 4 4 4 4
1 18 0 0 3 0 3 0 3 0 0 0 0 0 0 0 0 0 2 4
1 31 0 0 0 4 3 4 4 4 0 0 4 3 0 0 4 0 0 4 1 0 4 0 4 4 3 0 4 4 4 4 3
1 41 0 0 0 0 3 0 3 0 3 0 3 0 3 0 3 0 3 0 3 0 3 0 3 0 0 3 0 3 0 3 0 3 0 3 0 3 0 2 4 2 4
1 16 0 0 0 0 0 4 4 3 0 4 0 0 0 4 4 3
1 14 0 2 0 0 4 0 2 0 0 4 0 2 0 3
1 8 3 0 3 0 3 0 3 0
1 20 0 0 0 4 4 2 4 2 0 0 4 0 0 4 4 2 4 4 1 0
1 29 3 0 3 0 3 0 3 0 3 0 3 0 3 0 3 0 0 4 4 2 4 4 4 2 4 2 4 2 4
1 18 0 0 0 0 0 0 0 0 3 0 3 0 3 0 3 0 3 0
1 29 0 0 0 0 0 3 0 3 0 3 0 3 0 3 0 3 0 0 0 4 4 4 4 4 4 2 4 2 4
1 12 4 0 0 0 4 0 4 3 0 0 4 3
1 14 0 2 0 3 0 2 0 0 4 0 2 0 0 4
1 14 0 3 0 0 2 4 2 4 2 4 4 4 4 4
1 20 0 2 0 0 4 0 2 0 0 4 0 2 0 0 4 0 2 0 0 4
1 16 4 3 0 0 4 4 2 0 0 4 3 4 4 4 4 2
1 10 2 4 4 4 2 4 4 4 2 4
1 15 4 4 4 3 4 4 3 0 0 0 4 4 4 1 0
1 18 0 0 0 0 0 0 0 0 0 0 0 0 0 0 3 0 3 0
1 32 3 0 3 0 3 0 3 0 0 3 0 3 0 3 0 3 0 0 0 0 0 0 0 0 0 0 0 0 0 0 0 0
1 25 3 0 3 0 0 0 0 0 0 0 0 0 0 2 4 4 4 2 4 2 4 4 4 4 4
1 20 4 4 4 0 4 1 0 0 0 0 4 4 4 1 0 4 0 4 4 3
1 28 0 2 0 3 0 2 0 0 4 0 2 0 0 4 0 2 0 3 0 2 0 0 4 0 2 0 0 4
1 9 0 0 0 0 0 0 0 4 4
1 12 0 0 2 4 4 4 4 4 2 4 2 4
1 3 0 2 4
1 22 0 0 0 0 0 0 0 0 0 0 0 0 0 0 0 0 0 0 2 4 4 4
1 7 4 4 0 4 4 4 2
1 23 0 4 1 0 0 4 4 4 3 4 0 4 0 4 3 4 4 3 4 4 0 4 3
1 27 0 0 0 0 0 0 0 0 0 0 0 0 0 0 0 3 0 3 0 3 0 3 0 3 0 2 4
1 11 0 4 4 4 4 4 4 2 4 2 4
1 7 0 0 0 0 0 0 0
1 13 0 2 0 0 4 0 2 0 3 0 2 0 3
1 4 4 4 4 4
1 17 4 3 0 4 1 0 4 4 1 0 4 0 4 4 0 4 3
1 24 4 4 4 0 4 4 3 0 0 0 0 4 4 1 0 0 0 4 0 0 4 2 4 3
1 8 4 0 4 2 0 4 4 3
1 23 0 0 0 0 0 0 0 0 0 0 0 2 4 4 4 2 4 2 4 4 4 4 4
1 21 3 0 3 0 3 0 3 0 3 0 3 0 0 0 0 0 0 0 0 0 0
1 22 0 2 0 0 4 0 2 0 0 4 0 2 0 3 0 2 0 3 0 2 0 3
1 17 0 2 0 3 0 2 0 0 4 0 2 0 3 0 2 0 3
1 8 4 0 4 0 0 4 1 0
1 13 3 0 3 0 3 0 3 0 0 0 0 0 0
1 21 4 4 4 4 4 2 0 4 4 1 0 4 1 0 4 0 0 0 4 1 0
1 29 0 0 3 0 3 0 3 0 0 0 0 0 0 3 0 3 0 3 0 3 0 0 0 0 0 0 0 4 4
1 24 0 0 0 0 3 0 3 0 3 0 3 0 3 0 4 4 4 4 2 4 2 4 4 4
1 12 0 2 0 3 0 2 0 3 0 2 0 3
1 23 0 2 0 3 0 2 0 0 4 0 2 0 0 4 0 2 0 0 4 0 2 0 3
1 7 0 4 2 4 3 4 3
1 10 2 4 2 4 2 4 2 4 4 4
1 15 4 4 0 4 4 1 0 4 3 4 4 4 0 4 2
1 12 0 0 0 0 0 0 2 4 2 4 2 4
1 7 4 4 4 4 4 1 0
1 20 0 0 4 0 4 0 4 3 0 0 0 4 4 4 4 3 0 0 4 2
1 19 0 2 0 0 4 0 2 0 0 4 0 2 0 0 4 0 2 0 3
1 13 0 0 0 0 0 0 0 2 4 4 4 2 4
1 9 0 0 0 4 4 4 4 2 4
1 20 0 0 3 0 3 0 3 0 0 0 0 0 3 0 3 0 4 4 4 4
1 21 4 4 4 0 4 2 0 0 0 4 4 3 0 0 0 0 4 4 4 1 0
1 33 4 0 4 4 0 0 4 1 0 4 4 4 0 4 4 1 0 0 4 4 1 0 0 0 4 4 0 0 4 3 0 4 2
1 2 0 0
1 15 0 3 0 3 0 3 0 3 0 3 0 3 0 0 0
1 18 0 0 0 0 0 0 2 4 2 4 2 4 4 4 4 4 4 4
1 19 0 2 0 3 0 2 0 0 4 0 2 0 0 4 0 2 0 0 4
1 44 3 0 0 0 0 3 0 3 0 3 0 3 0 3 0 3 0 3 0 3 0 3 0 3 0 3 0 3 0 3 0 3 0 3 0 0 2 4 2 4 2 4 4 4
1 14 4 4 0 0 4 0 4 3 4 3 4 3 4 3
1 17 4 4 2 0 4 0 4 4 3 0 0 4 1 0 4 1 0
1 25 3 0 3 0 3 0 3 0 0 0 0 0 0 3 0 3 0 3 0 3 0 0 0 4 4
1 33 0 0 0 0 0 0 3 0 3 0 0 3 0 3 0 3 0 3 0 3 0 2 4 4 4 2 4 4 4 4 4 4 4
1 10 4 4 2 4 4 4 2 4 4 4
1 20 0 4 1 0 0 0 4 1 0 4 3 0 4 4 0 0 0 4 1 0
1 27 0 4 1 0 0 4 2 4 1 0 4 4 4 0 0 4 4 3 4 4 3 4 0 4 0 4 3
1 4 4 4 2 4
1 3 0 4 3
1 1 0
1 11 0 4 4 4 4 2 4 2 4 4 4
1 12 0 0 0 4 3 4 0 4 0 4 4 3
1 19 3 0 3 0 0 0 0 2 4 2 4 2 4 4 4 2 4 2 4
1 13 0 2 0 3 0 2 0 3 0 2 0 0 4
1 21 0 0 0 0 0 0 0 0 0 0 0 0 0 0 0 3 0 3 0 3 0
1 8 0 0 0 0 2 4 4 4
1 23 0 0 0 0 4 3 4 4 4 3 0 4 0 0 4 0 4 3 0 0 4 4 2
1 27 0 2 0 3 0 2 0 0 4 0 2 0 3 0 2 0 0 4 0 2 0 0 4 0 2 0 3
1 9 4 4 4 3 0 4 4 1 0
1 8 2 4 4 4 2 4 4 4
1 7 0 4 4 4 4 4 4
1 15 0 0 0 0 0 0 0 2 4 2 4 4 4 2 4
1 11 0 3 0 0 0 4 4 4 4 4 4
0 33 0 4 3 4 0 0 4 0 4 1 0 0 4 0 0 0 4 3 4 4 0 4 0 4 4 1 0 4 0 0 4 3 0
0 6 0 2 0 3 0 2
0 21 4 4 0 0 4 3 4 3 4 0 4 0 4 4 1 0 4 4 4 4 4
0 18 4 0 4 3 4 0 4 3 0 4 0 0 4 3 4 0 0 4
0 8 4 0 0 0 4 3 4 4
0 18 4 4 1 0 4 4 4 0 4 4 4 3 4 3 0 4 0 0
0 14 0 3 0 3 0 3 0 3 0 3 0 3 0 4
0 24 0 2 0 3 0 2 0 0 4 0 2 0 3 0 2 0 3 0 2 0 3 0 2 0
0 26 0 3 0 3 0 3 0 3 0 3 0 3 0 0 0 0 0 0 0 0 0 3 0 3 0 3
0 7 0 4 4 4 3 4 4
0 20 0 0 0 4 3 4 3 4 3 0 0 0 0 4 3 4 0 4 2 0
0 15 0 0 0 0 0 0 4 4 4 4 4 4 4 4 4
0 10 4 0 4 0 0 4 3 0 0 4
0 17 0 0 0 4 1 0 0 0 4 0 4 1 0 0 4 4 0
0 12 0 0 0 0 0 4 4 2 4 4 4 4
0 21 0 2 0 0 4 0 2 0 0 4 0 2 0 0 4 0 2 0 0 4 0
0 13 3 0 3 0 0 3 0 3 0 3 0 0 2
0 44 0 3 0 3 0 3 0 3 0 3 0 3 0 0 0 0 0 0 0 0 0 3 0 3 0 3 0 3 0 3 0 3 0 2 4 4 4 2 4 2 4 2 4 4
0 20 0 4 4 2 0 0 4 4 0 4 4 3 4 4 4 0 4 4 4 1
0 12 0 2 0 0 4 0 2 0 0 4 0 2
0 14 3 0 0 0 0 0 0 0 0 0 0 2 4 2
0 16 4 4 4 0 0 4 4 3 4 4 3 4 4 4 4 0
0 16 0 4 1 0 4 0 0 0 4 4 3 0 4 4 4 4
0 18 0 2 0 3 0 2 0 0 4 0 2 0 3 0 2 0 3 0
0 16 3 0 3 0 3 0 3 0 0 3 0 3 0 3 0 3
0 18 0 0 3 0 3 0 0 3 0 3 0 3 0 3 0 3 0 3
0 17 0 0 0 0 0 3 0 3 0 3 0 3 0 3 0 0 2
0 8 0 0 0 0 0 4 4 1
0 20 0 0 0 0 0 3 0 3 0 3 0 3 0 2 4 2 4 2 4 4
0 21 0 2 0 3 0 2 0 3 0 2 0 3 0 2 0 0 4 0 2 0 0
0 22 0 2 0 3 0 2 0 0 4 0 2 0 3 0 2 0 3 0 2 0 3 0
0 20 4 2 0 4 4 3 0 0 4 4 3 0 4 4 0 4 3 4 4 0
0 17 4 4 1 0 4 4 4 0 4 4 4 3 4 3 0 4 0
0 11 4 4 0 0 0 4 1 0 0 0 0
0 11 4 4 0 0 4 3 4 3 4 0 4
0 17 4 2 4 4 4 3 4 4 4 0 4 3 0 0 0 4 4
0 7 4 0 0 4 3 0 4
0 9 3 0 3 0 3 0 2 4 2
0 16 0 2 0 0 4 0 2 0 3 0 2 0 0 4 0 2
0 13 3 0 3 0 3 0 3 0 3 0 3 0 3
0 19 4 3 0 0 0 0 4 3 4 2 4 0 4 4 1 0 0 0 4
0 5 0 0 2 4 2
0 29 4 0 0 4 3 0 4 4 4 0 0 4 2 0 0 0 4 4 2 0 0 0 0 4 3 4 0 4 0
0 9 0 4 1 0 4 0 0 0 4
0 13 4 0 4 3 4 0 4 3 0 4 0 0 4
0 26 0 2 0 3 0 2 0 3 0 2 0 0 4 0 2 0 0 4 0 2 0 0 4 0 2 0
0 8 4 0 0 4 0 4 3 0
0 13 0 0 0 0 0 3 0 3 0 3 0 0 4
0 25 3 0 3 0 3 0 0 3 0 3 0 3 0 0 0 0 0 0 0 0 0 0 2 4 4
0 19 4 4 4 4 0 4 4 3 4 4 4 3 4 0 4 1 0 4 4
0 6 3 0 3 0 0 3
0 28 0 0 0 0 0 0 0 3 0 3 0 3 0 3 0 3 0 3 0 3 0 3 0 2 4 4 4 2
0 10 4 4 0 0 0 4 1 0 0 0
0 20 0 4 4 1 0 4 0 4 0 4 4 3 4 0 0 0 4 4 2 4
0 10 4 4 4 4 0 4 4 3 4 4
0 23 0 4 0 4 0 4 4 3 0 4 4 4 4 4 3 0 4 4 1 0 4 4 4
0 11 0 4 1 0 0 4 0 0 4 4 1
0 9 4 4 0 4 4 4 1 0 0
0 13 0 4 0 4 0 4 4 2 0 0 0 4 0
0 12 0 0 0 4 3 0 4 0 0 4 2 0
0 25 0 2 0 3 0 2 0 3 0 2 0 0 4 0 2 0 0 4 0 2 0 0 4 0 2
0 21 0 0 0 4 3 4 3 4 3 0 0 0 0 4 3 4 0 4 2 0 0
0 4 4 4 3 4
0 13 0 0 3 0 3 0 3 0 3 0 3 0 3
0 5 4 4 4 3 0
0 12 0 0 0 0 0 2 4 2 4 2 4 4
0 7 4 4 4 0 4 0 4
0 4 4 1 0 0
0 18 4 4 4 4 3 0 4 4 0 4 3 4 4 4 0 4 3 4
0 2 0 4
0 20 0 4 0 0 4 0 4 2 4 0 0 0 0 4 1 0 4 4 0 4
0 13 4 0 4 1 0 0 4 0 4 4 4 3 4
0 24 0 0 0 0 0 3 0 3 0 0 0 0 0 0 0 0 0 3 0 2 4 2 4 4
0 15 4 0 4 4 0 4 3 4 2 0 0 4 4 0 4
0 7 4 4 4 4 3 4 4
0 6 4 4 1 0 4 4
0 20 0 4 3 4 0 0 4 0 4 1 0 0 4 0 0 0 4 3 4 4
0 11 4 0 4 1 0 0 4 0 4 4 4
0 1 4
0 22 0 0 0 0 0 3 0 3 0 3 0 3 0 2 4 2 4 2 4 4 4 2
0 26 3 0 3 0 3 0 3 0 3 0 0 3 0 3 0 3 0 0 0 0 0 0 0 0 0 4
0 6 4 0 4 3 4 0
0 19 4 1 0 4 4 4 4 4 3 0 4 1 0 4 4 4 0 4 0
0 6 4 4 3 0 0 4
0 24 0 0 0 0 0 3 0 3 0 3 0 3 0 2 4 2 4 2 4 4 4 2 4 4
0 24 4 4 4 0 0 4 4 3 4 4 3 4 4 4 4 0 0 4 2 0 0 4 0 4
0 19 3 0 3 0 3 0 3 0 3 0 3 0 0 0 0 0 0 0 2
0 20 4 4 3 4 0 4 4 4 1 0 0 0 0 4 4 3 0 0 4 4
0 16 0 0 0 0 0 0 0 0 0 0 0 0 0 0 0 2
0 6 0 0 0 4 3 4
0 2 0 3
0 22 4 4 4 3 0 4 0 0 4 4 2 4 2 4 0 4 1 0 0 4 4 0
0 12 4 4 4 0 0 4 4 3 4 4 3 4
0 11 3 0 3 0 0 0 0 0 4 4 4
0 7 4 4 1 0 4 4 4
0 16 0 2 0 3 0 2 0 0 4 0 2 0 3 0 2 0
0 24 0 2 0 0 4 0 2 0 3 0 2 0 0 4 0 2 0 0 4 0 2 0 3 0
0 12 0 4 3 4 0 0 0 4 4 3 0 4
0 24 0 2 0 3 0 2 0 3 0 2 0 3 0 2 0 0 4 0 2 0 0 4 0 2
0 14 0 4 3 4 0 0 4 0 4 1 0 0 4 0
0 15 3 0 3 0 0 0 0 0 0 0 3 0 3 0 3
0 22 0 0 4 0 4 4 4 3 4 4 4 3 0 0 4 2 0 0 0 4 0 4
0 7 4 1 0 0 0 4 0
0 14 0 2 0 3 0 2 0 3 0 2 0 3 0 2
0 6 4 4 4 4 3 0
0 16 0 2 0 0 4 0 2 0 3 0 2 0 3 0 2 0
0 25 0 2 0 0 4 0 2 0 0 4 0 2 0 0 4 0 2 0 0 4 0 2 0 3 0
0 12 0 2 0 3 0 2 0 3 0 2 0 0
0 7 0 4 0 4 3 0 4
0 22 0 0 3 0 3 0 0 3 0 3 0 3 0 3 0 3 0 3 0 2 4 4
0 9 4 0 0 4 3 0 4 4 4
0 16 0 4 4 4 0 4 1 0 0 4 4 0 0 4 3 4
0 22 4 2 4 4 4 3 4 4 4 0 4 3 0 0 0 4 4 1 0 0 4 4
0 23 4 1 0 0 0 4 0 4 4 1 0 0 0 4 4 4 1 0 0 0 0 0 4
0 5 4 0 4 3 4
0 16 0 0 0 0 0 3 0 3 0 3 0 3 0 2 4 2
0 10 4 4 0 4 2 4 4 0 4 4
0 14 4 4 4 4 3 0 4 4 0 4 3 4 4 4
0 11 4 4 4 4 4 4 4 4 4 4 4
0 9 4 4 4 4 0 4 4 3 4
0 22 4 4 1 0 4 4 4 0 4 4 4 3 4 3 0 4 0 0 4 0 4 1
0 18 4 1 0 4 4 4 4 4 3 0 4 1 0 4 4 4 0 4
0 10 0 2 0 3 0 2 0 0 4 0
0 7 4 4 1 0 4 0 4
0 20 4 4 3 0 0 4 4 3 4 4 4 3 0 4 4 0 4 0 4 1
0 11 0 0 4 0 4 4 4 3 4 4 4
0 4 4 4 0 4
0 15 0 2 0 3 0 2 0 0 4 0 2 0 3 0 2
0 3 0 0 4
0 23 0 2 0 0 4 0 2 0 0 4 0 2 0 3 0 2 0 3 0 2 0 3 0
0 21 4 0 0 4 2 4 0 4 2 4 1 0 0 0 0 4 0 4 4 3 0
0 9 0 0 0 0 2 4 4 4 2
0 15 0 0 0 0 0 0 0 0 2 4 4 4 4 4 2
0 19 4 3 4 0 4 3 4 4 2 4 4 0 4 3 4 4 4 2 0
0 12 4 1 0 4 4 4 4 4 3 0 4 1
0 19 0 0 0 0 0 0 3 0 3 0 3 0 3 0 3 0 3 0 2
0 5 0 4 4 2 0
0 20 0 4 0 4 0 4 4 2 0 0 0 4 0 4 3 4 4 4 0 4
0 9 0 4 0 4 3 0 4 0 4
0 17 4 0 4 1 0 0 4 0 4 4 4 3 4 4 4 0 4
0 21 4 4 4 4 3 0 4 4 0 4 1 0 4 4 4 3 0 0 4 0 4
0 6 0 0 0 0 0 2
0 3 4 0 4
0 27 3 0 3 0 3 0 3 0 3 0 3 0 0 0 0 0 3 0 3 0 3 0 2 4 2 4 4
0 23 0 4 4 1 0 4 0 4 0 4 4 3 4 0 0 0 4 4 2 4 0 0 0
0 13 0 0 0 0 0 0 4 4 4 4 4 4 4
0 13 3 0 3 0 3 0 3 0 0 0 2 4 4
0 12 4 0 0 4 0 0 4 3 0 0 4 4
0 21 0 0 0 0 0 0 0 0 0 0 3 0 3 0 3 0 3 0 3 0 2
0 18 4 4 0 0 0 4 1 0 0 0 0 4 4 3 0 0 4 4
0 15 3 0 3 0 3 0 3 0 3 0 3 0 3 0 3
0 6 4 0 0 4 0 4
0 6 4 4 4 4 0 4
0 6 0 0 0 4 3 0
0 11 4 4 4 4 3 0 4 4 0 4 1
0 20 0 3 0 3 0 3 0 3 0 3 0 0 0 0 0 0 0 0 0 4
0 17 0 0 0 0 0 0 0 0 4 4 2 4 4 4 2 4 4
0 13 0 0 0 0 0 0 3 0 3 0 3 0 3
0 25 4 4 1 0 4 4 4 0 4 4 4 3 4 3 0 4 0 0 4 0 4 1 0 4 0
0 24 4 4 4 4 3 0 4 4 0 4 3 4 4 4 0 4 3 4 2 0 0 4 0 4
0 8 0 0 0 0 0 0 0 3
0 22 0 4 1 0 4 0 0 4 1 0 4 1 0 0 4 4 4 0 4 1 0 0
0 3 4 0 0
0 14 4 0 4 4 0 4 3 4 2 0 0 4 4 0
0 6 0 4 3 4 4 1
0 19 4 4 3 4 0 4 4 4 1 0 0 0 0 4 4 3 0 0 4
0 28 0 0 3 0 3 0 0 3 0 3 0 3 0 3 0 3 0 3 0 2 4 4 4 2 4 2 4 2
0 16 4 3 4 0 4 3 4 4 2 4 4 0 4 3 4 4
0 12 4 3 0 0 0 0 4 3 4 2 4 0
0 26 0 4 4 4 0 4 1 0 0 4 4 0 0 4 3 4 3 4 4 0 4 2 4 4 2 4
0 13 0 0 2 4 4 4 2 4 2 4 4 4 2
0 9 0 0 0 0 4 1 0 0 4
0 26 0 4 0 4 0 4 4 3 0 4 4 4 4 4 3 0 4 4 1 0 4 4 4 1 0 0
0 28 4 0 4 3 4 0 4 3 0 4 0 0 4 3 4 0 0 4 0 4 1 0 0 4 3 4 0 0
0 28 0 4 4 1 0 4 0 4 0 4 4 3 4 0 0 0 4 4 2 4 0 0 0 0 0 4 3 4
0 14 4 4 3 0 0 4 4 0 4 2 0 4 4 4
0 15 0 4 1 0 4 0 0 4 1 0 4 1 0 0 4
0 30 4 0 0 4 3 0 4 4 4 0 0 4 2 0 0 0 4 4 2 0 0 0 0 4 3 4 0 4 0 4
0 13 4 4 4 4 0 4 4 3 4 4 4 3 4
0 16 0 4 4 1 0 4 0 4 0 4 4 3 4 0 0 0
0 17 0 0 3 0 3 0 4 4 4 4 4 4 2 4 2 4 2
0 9 0 4 4 4 3 4 4 0 4
0 10 0 0 0 3 0 3 0 3 0 3
0 12 0 4 0 4 0 4 4 3 0 4 4 4
0 14 0 0 0 0 0 0 0 2 4 2 4 4 4 4
0 9 4 1 0 0 0 4 0 4 4
0 13 4 3 0 0 0 0 4 3 4 2 4 0 4
0 12 4 2 0 4 4 3 0 0 4 4 3 0
0 11 0 0 0 0 0 0 0 0 2 4 4
0 10 0 2 0 0 4 0 2 0 3 0
0 14 0 0 3 0 3 0 0 3 0 3 0 3 0 3
0 5 0 0 4 4 4
0 16 3 0 3 0 0 0 0 0 0 0 0 0 0 4 4 4
0 30 0 4 3 4 0 0 4 0 4 1 0 0 4 0 0 0 4 3 4 4 0 4 0 4 4 1 0 4 0 0
0 26 4 0 0 4 2 4 0 4 2 4 1 0 0 0 0 4 0 4 4 3 0 4 4 0 4 0
0 17 0 0 0 0 0 0 4 4 4 4 4 4 4 4 4 4 4
0 21 0 4 4 4 0 4 1 0 0 4 4 0 0 4 3 4 3 4 4 0 4
0 12 4 3 4 0 4 3 4 4 2 4 4 0
0 5 4 0 0 0 4
0 10 4 2 4 4 4 3 4 4 4 0
0 10 4 4 0 0 4 3 4 3 4 0
0 8 3 0 0 0 0 2 4 2
0 10 0 0 0 4 0 0 4 2 0 4
0 15 0 2 0 3 0 2 0 3 0 2 0 3 0 2 0
0 7 4 4 4 4 3 0 4
0 6 4 0 0 4 3 0
0 11 3 0 3 0 3 0 3 0 0 0 2
0 13 0 0 0 4 3 0 4 0 0 4 2 0 0
0 27 0 4 1 0 4 0 0 4 1 0 4 1 0 0 4 4 4 0 4 1 0 0 4 4 0 4 4
0 25 0 4 3 4 0 0 4 0 4 1 0 0 4 0 0 0 4 3 4 4 0 4 0 4 4
0 7 3 0 3 0 3 0 2
0 25 0 2 0 0 4 0 2 0 3 0 2 0 3 0 2 0 0 4 0 2 0 3 0 2 0
0 23 3 0 3 0 0 0 0 0 0 0 3 0 3 0 3 0 3 0 3 0 0 0 4
0 13 0 3 0 3 0 3 0 3 0 0 2 4 2
0 16 4 0 0 4 2 4 0 4 2 4 1 0 0 0 0 4
0 11 0 4 4 1 0 4 0 4 0 4 4
0 23 0 2 0 3 0 2 0 3 0 2 0 3 0 2 0 3 0 2 0 0 4 0 2
0 20 4 4 4 4 3 0 4 4 0 4 3 4 4 4 0 4 3 4 2 0
0 9 4 4 3 0 0 4 4 3 4
0 10 0 0 0 0 0 0 0 0 0 4
0 12 3 0 0 0 0 0 0 0 0 0 0 2
0 5 2 4 2 4 2
0 6 0 4 4 4 3 4
0 27 3 0 3 0 3 0 3 0 3 0 3 0 3 0 3 0 3 0 3 0 3 0 3 0 3 0 3
0 6 0 0 4 2 4 4
0 25 3 0 3 0 0 0 0 0 0 0 3 0 3 0 3 0 3 0 3 0 0 0 4 4 2
0 23 4 4 4 3 0 4 0 0 4 4 2 4 2 4 0 4 1 0 0 4 4 0 4
0 17 4 3 0 0 0 0 4 3 4 2 4 0 4 4 1 0 0
0 3 4 4 1
0 15 4 4 4 3 0 4 0 0 4 4 2 4 2 4 0
0 8 4 4 1 0 4 0 4 4
0 12 3 0 0 0 0 2 4 2 4 2 4 4
0 10 0 0 0 0 0 2 4 2 4 2
0 18 0 4 0 4 0 4 4 3 0 4 4 4 4 4 3 0 4 4
0 22 0 2 0 3 0 2 0 3 0 2 0 3 0 2 0 3 0 2 0 0 4 0
0 15 0 2 0 3 0 2 0 0 4 0 2 0 0 4 0
0 8 0 4 4 2 0 0 4 4
0 10 3 0 3 0 0 3 0 3 0 3
0 13 4 0 0 4 0 0 4 3 0 0 4 4 4
0 7 0 0 0 4 1 0 0
0 23 0 0 0 0 0 0 0 0 0 0 3 0 3 0 3 0 3 0 3 0 3 0 3
0 9 4 4 4 3 0 4 0 0 4
0 13 0 0 0 4 3 4 3 4 3 0 0 0 0
0 5 4 0 0 4 0
0 12 0 0 0 0 0 3 0 3 0 2 4 4
0 7 4 0 4 3 4 0 4
0 24 4 4 1 0 4 4 4 0 4 4 4 3 4 3 0 4 0 0 4 0 4 1 0 4
0 4 0 4 4 4
0 12 4 0 4 4 0 4 3 4 2 0 0 4
0 9 4 4 3 4 0 4 4 4 1
0 19 0 0 0 0 0 0 3 0 3 0 3 0 3 0 3 0 2 4 2
0 6 0 4 0 4 4 4
0 10 4 4 4 0 0 4 4 3 4 4
0 5 0 4 4 3 4
0 13 4 0 4 4 0 4 3 4 2 0 0 4 4
0 10 0 4 4 2 0 0 4 4 0 4
0 4 4 2 4 4
0 25 3 0 3 0 3 0 0 0 0 0 0 0 3 0 0 0 0 0 0 0 2 4 2 4 4
0 5 0 2 0 3 0
0 24 4 0 0 4 2 4 0 4 2 4 1 0 0 0 0 4 0 4 4 3 0 4 4 0
0 5 0 0 4 0 4
0 11 3 0 3 0 0 0 0 0 0 0 3
0 8 0 4 4 4 4 4 4 4
0 29 3 0 3 0 3 0 0 0 0 0 0 0 3 0 0 0 0 0 0 0 2 4 2 4 4 4 2 4 4
0 12 3 0 3 0 3 0 3 0 0 3 0 3
0 23 3 0 0 0 0 0 0 0 3 0 0 0 0 0 0 0 2 4 4 4 2 4 4
0 13 0 4 0 4 3 0 4 0 4 2 0 0 4
0 9 0 3 0 3 0 3 0 0 3
0 11 4 4 4 4 0 4 4 3 4 4 4
0 19 0 4 0 0 4 0 4 2 4 0 0 0 0 4 1 0 4 4 0
0 21 3 0 3 0 0 0 0 0 0 0 0 0 0 0 0 0 0 0 0 0 2
0 7 4 4 0 0 0 4 1
0 16 4 0 4 1 0 0 4 0 4 4 4 3 4 4 4 0
0 23 0 2 0 0 4 0 2 0 0 4 0 2 0 0 4 0 2 0 0 4 0 2 0
0 12 0 3 0 3 0 3 0 3 0 3 0 3
0 3 4 2 4
0 18 3 0 3 0 3 0 3 0 0 3 0 3 0 3 0 3 0 3
0 4 4 4 3 0
0 12 0 4 0 0 4 0 4 2 4 0 0 0
0 32 0 3 0 3 0 3 0 3 0 3 0 3 0 0 0 0 0 0 0 0 0 3 0 3 0 3 0 3 0 3 0 3
0 22 4 4 0 0 4 3 4 3 4 0 4 0 4 4 1 0 4 4 4 4 4 0
0 19 0 4 4 2 0 0 4 4 0 4 4 3 4 4 4 0 4 4 4
0 7 3 0 3 0 3 0 3
0 19 4 4 4 4 3 0 4 4 0 4 1 0 4 4 4 3 0 0 4
0 11 4 0 4 4 0 4 3 4 2 0 0
0 13 0 4 0 4 4 4 4 1 0 0 4 2 4
0 10 0 4 0 4 4 4 4 1 0 0
0 7 4 4 0 4 4 4 1
0 14 0 0 0 4 3 0 4 0 0 4 2 0 0 4
0 16 0 0 0 0 0 0 0 0 0 2 4 2 4 2 4 2
0 13 0 0 0 0 0 0 0 0 0 0 3 0 3
0 9 0 0 3 0 3 0 4 4 4
0 23 0 2 0 0 4 0 2 0 3 0 2 0 3 0 2 0 0 4 0 2 0 3 0
0 9 0 2 0 0 4 0 2 0 0
0 17 0 0 0 0 0 0 0 0 0 0 3 0 2 4 4 4 4
0 19 3 0 3 0 3 0 3 0 3 0 3 0 4 4 4 4 2 4 2
0 14 0 4 0 4 0 4 4 2 0 0 0 4 0 4
0 17 0 0 0 0 0 0 0 0 0 0 3 0 3 0 3 0 3
0 12 4 0 4 3 4 3 0 0 4 3 4 0
0 22 4 3 0 0 0 0 4 3 4 2 4 0 4 4 1 0 0 0 4 4 4 1
0 19 0 0 0 0 0 0 0 0 2 4 4 4 4 4 2 4 2 4 4
0 20 0 0 0 0 0 0 0 3 0 3 0 3 0 3 0 3 0 3 0 3
0 15 0 2 0 0 4 0 2 0 3 0 2 0 3 0 2
0 14 0 0 0 4 3 4 3 4 3 0 0 0 0 4
0 6 0 2 4 4 4 2
0 13 4 4 0 0 0 4 1 0 0 0 0 4 4
0 8 0 2 0 0 4 0 2 0
0 24 4 0 4 4 0 4 3 4 2 0 0 4 4 0 4 2 4 0 0 4 2 4 0 4
0 24 0 2 0 3 0 2 0 0 4 0 2 0 3 0 2 0 0 4 0 2 0 0 4 0
0 9 0 4 4 1 0 4 0 4 0
0 10 0 4 4 1 0 4 0 4 0 4
0 8 4 0 0 4 3 0 4 4
0 8 0 0 0 4 1 0 0 0
0 10 3 0 0 0 0 2 4 2 4 2
0 23 4 4 4 4 3 0 4 4 0 4 3 4 4 4 0 4 3 4 2 0 0 4 0
0 9 0 0 0 0 0 0 0 0 2
0 10 4 0 0 4 2 4 0 4 2 4
0 13 4 0 0 4 2 4 0 4 2 4 1 0 0
0 14 0 4 0 0 4 0 4 2 4 0 0 0 0 4
0 15 4 0 4 3 4 3 0 0 4 3 4 0 0 4 4
0 12 0 0 0 0 0 0 0 3 0 3 0 3
0 9 0 4 3 4 0 0 0 4 4
0 6 4 4 4 0 4 1
0 8 0 0 0 0 0 2 4 4
0 10 4 4 3 0 0 4 4 3 4 4
0 21 4 4 4 4 3 0 4 4 0 4 3 4 4 4 0 4 3 4 2 0 0
0 18 4 2 0 4 4 3 0 0 4 4 3 0 4 4 0 4 3 4
0 23 0 4 4 4 0 4 1 0 0 4 4 0 0 4 3 4 3 4 4 0 4 2 4
0 7 0 0 2 4 4 4 4
0 11 4 4 1 0 4 4 4 0 4 4 4
0 15 0 2 0 0 4 0 2 0 3 0 2 0 0 4 0
0 16 4 2 4 4 4 3 4 4 4 0 4 3 0 0 0 4
0 21 0 2 0 0 4 0 2 0 3 0 2 0 0 4 0 2 0 3 0 2 0
0 15 4 1 0 0 0 4 0 4 4 1 0 0 0 4 4
0 20 4 3 0 0 0 0 4 3 4 2 4 0 4 4 1 0 0 0 4 4
0 21 0 2 0 3 0 2 0 3 0 2 0 3 0 2 0 3 0 2 0 3 0
0 16 3 0 0 0 0 0 0 0 0 0 0 2 4 2 4 4
0 3 4 4 4
0 14 0 4 1 0 4 0 0 4 1 0 4 1 0 0
0 18 4 4 4 4 3 0 4 4 0 4 1 0 4 4 4 3 0 0
0 8 4 0 4 0 0 4 3 0
0 17 4 4 4 4 3 4 4 1 0 0 4 4 4 4 4 3 0
0 17 3 0 3 0 3 0 3 0 3 0 3 0 3 0 3 0 3
0 35 0 4 3 4 0 0 4 0 4 1 0 0 4 0 0 0 4 3 4 4 0 4 0 4 4 1 0 4 0 0 4 3 0 0 4
0 12 4 4 0 0 4 3 4 3 4 0 4 0
0 7 0 4 0 4 0 4 4
0 18 0 4 0 4 0 4 4 2 0 0 0 4 0 4 3 4 4 4
0 15 4 4 4 4 3 0 4 4 0 4 1 0 4 4 4
0 15 0 3 0 3 0 3 0 3 0 0 2 4 2 4 4
0 13 0 4 4 4 0 4 1 0 0 4 4 0 0
0 5 4 4 4 4 0
0 7 4 0 0 4 0 0 4
0 6 0 3 0 3 0 4
0 15 4 0 0 4 3 0 4 4 4 0 0 4 2 0 0
0 7 0 0 3 0 3 0 3
0 14 4 4 4 3 0 4 0 0 4 4 2 4 2 4
0 17 0 2 0 0 4 0 2 0 0 4 0 2 0 3 0 2 0
0 16 3 0 3 0 3 0 3 0 3 0 0 3 0 3 0 3
0 7 0 0 2 4 2 4 2
0 18 0 0 0 0 0 4 4 1 0 4 0 4 4 4 4 3 4 1
0 43 0 0 0 0 0 0 0 0 0 0 3 0 3 0 3 0 3 0 3 0 3 0 3 0 3 0 3 0 3 0 3 0 3 0 3 0 3 0 3 0 3 0 3
0 15 0 0 4 0 4 4 4 3 4 4 4 3 0 0 4
0 24 0 0 0 0 0 0 0 3 0 3 0 3 0 3 0 3 0 3 0 3 0 3 0 2
0 4 4 0 0 0
0 20 0 2 0 0 4 0 2 0 0 4 0 2 0 3 0 2 0 3 0 2
0 17 0 4 1 0 0 4 0 0 4 4 1 0 4 2 4 4 4
0 24 0 4 3 4 0 0 4 0 4 1 0 0 4 0 0 0 4 3 4 4 0 4 0 4
0 18 0 0 0 0 0 0 0 3 0 3 0 3 0 3 0 3 0 3
0 22 4 0 0 4 2 4 0 4 2 4 1 0 0 0 0 4 0 4 4 3 0 4
0 10 0 0 0 3 0 3 0 3 0 4
0 30 3 0 3 0 3 0 3 0 3 0 3 0 3 0 3 0 0 0 0 0 0 3 0 3 0 3 0 2 4 4
0 7 0 2 0 3 0 2 0
0 41 0 0 0 0 0 0 0 0 0 0 3 0 3 0 3 0 3 0 3 0 3 0 3 0 3 0 3 0 3 0 3 0 3 0 3 0 3 0 3 0 3
0 17 4 3 4 0 4 3 4 4 2 4 4 0 4 3 4 4 4
0 22 4 4 4 4 3 0 4 4 0 4 3 4 4 4 0 4 3 4 2 0 0 4
0 5 4 2 4 4 4
0 11 0 4 0 4 3 0 4 0 4 2 0
0 14 0 0 0 0 0 2 4 4 4 2 4 4 4 4
0 21 0 0 4 0 4 4 4 3 4 4 4 3 0 0 4 2 0 0 0 4 0
0 28 0 3 0 3 0 3 0 3 0 3 0 3 0 0 0 0 0 0 0 0 0 3 0 3 0 3 0 3
0 21 4 0 4 3 4 0 4 3 0 4 0 0 4 3 4 0 0 4 0 4 1
0 10 3 0 3 0 3 0 0 3 0 3
0 19 0 2 0 3 0 2 0 0 4 0 2 0 3 0 2 0 3 0 2
0 21 0 0 0 0 0 0 0 0 0 0 0 0 0 0 4 4 2 4 4 4 4
0 15 4 4 4 4 0 4 4 3 4 4 4 3 4 0 4
0 3 0 4 0
0 20 0 2 0 3 0 2 0 0 4 0 2 0 3 0 2 0 0 4 0 2
0 15 0 4 4 1 0 4 0 4 0 4 4 3 4 0 0
0 22 0 4 4 2 0 0 4 4 0 4 4 3 4 4 4 0 4 4 4 1 0 4
0 20 3 0 3 0 3 0 3 0 0 0 0 0 0 0 0 0 0 2 4 4
0 9 4 4 0 4 2 4 4 0 4
0 9 4 3 0 0 0 0 4 3 4
0 8 4 0 0 4 2 4 0 4
0 21 0 0 0 0 0 0 3 0 3 0 3 0 3 0 3 0 2 4 2 4 2
0 20 4 2 4 4 4 3 4 4 4 0 4 3 0 0 0 4 4 1 0 0
0 31 0 4 4 1 0 4 0 4 0 4 4 3 4 0 0 0 4 4 2 4 0 0 0 0 0 4 3 4 4 0 4
0 18 4 0 4 1 0 0 4 0 4 4 4 3 4 4 4 0 4 0
0 14 0 0 0 0 0 0 0 3 0 3 0 3 0 3
0 17 4 1 0 0 0 4 0 4 4 1 0 0 0 4 4 4 1
0 5 4 3 4 0 4
0 5 0 0 4 2 4
0 20 4 3 4 0 4 3 4 4 2 4 4 0 4 3 4 4 4 2 0 4
0 18 4 4 3 4 0 4 4 4 1 0 0 0 0 4 4 3 0 0
0 7 2 4 4 4 4 4 2
0 13 0 4 4 1 0 4 0 4 0 4 4 3 4
0 18 0 0 0 0 0 0 0 0 0 0 0 2 4 4 4 2 4 4
0 8 0 2 0 3 0 2 0 0
0 20 0 2 0 3 0 2 0 3 0 2 0 3 0 2 0 0 4 0 2 0
0 13 0 2 0 3 0 2 0 3 0 2 0 3 0
0 31 3 0 3 0 3 0 3 0 0 3 0 3 0 3 0 3 0 3 0 3 0 0 0 0 2 4 4 4 2 4 2
0 12 4 4 3 4 0 4 4 4 1 0 0 0
0 15 3 0 3 0 3 0 3 0 0 0 2 4 4 4 4
0 14 0 4 1 0 4 0 0 0 4 4 3 0 4 4
0 18 4 4 4 4 0 4 4 3 4 4 4 3 4 0 4 1 0 4
0 16 0 0 3 0 3 0 0 3 0 3 0 3 0 3 0 3
0 10 4 1 0 4 4 4 4 4 3 0
0 14 0 2 0 0 4 0 2 0 0 4 0 2 0 0
0 16 3 0 3 0 3 0 3 0 3 0 0 0 0 0 0 4
0 17 3 0 3 0 0 0 0 0 0 0 3 0 3 0 3 0 3
0 7 4 4 4 0 0 4 4
0 25 4 4 4 4 3 0 4 4 0 4 3 4 4 4 0 4 3 4 2 0 0 4 0 4 4
0 14 4 2 4 4 4 3 4 4 4 0 4 3 0 0
0 11 4 4 0 4 2 4 4 0 4 4 4
0 23 3 0 3 0 3 0 0 0 0 0 0 0 3 0 0 0 0 0 0 0 2 4 2
0 14 4 4 4 0 0 4 4 3 4 4 3 4 4 4
0 15 4 0 4 3 4 0 4 3 0 4 0 0 4 3 4
0 14 4 0 4 1 0 0 4 0 4 4 4 3 4 4
0 19 0 2 0 3 0 2 0 0 4 0 2 0 3 0 2 0 0 4 0
0 11 4 0 4 3 4 0 4 3 0 4 0
0 9 0 0 0 4 1 0 0 0 4
0 5 0 4 0 4 0
0 17 3 0 3 0 3 0 3 0 0 0 2 4 4 4 4 4 2
0 31 0 4 3 4 0 0 4 0 4 1 0 0 4 0 0 0 4 3 4 4 0 4 0 4 4 1 0 4 0 0 4
0 22 4 4 3 4 0 4 4 4 1 0 0 0 0 4 4 3 0 0 4 4 4 4
0 9 2 4 4 4 4 4 2 4 2
0 9 4 4 2 4 4 4 4 4 4
0 27 0 4 0 4 0 4 4 3 0 4 4 4 4 4 3 0 4 4 1 0 4 4 4 1 0 0 0
0 9 0 0 0 0 0 0 2 4 2
0 7 0 0 0 0 0 0 2
0 22 4 4 4 4 3 0 4 4 0 4 1 0 4 4 4 3 0 0 4 0 4 0
0 15 4 3 4 0 4 3 4 4 2 4 4 0 4 3 4
0 13 4 0 4 3 4 3 0 0 4 3 4 0 0
0 20 3 0 3 0 3 0 3 0 3 0 0 0 0 0 0 4 4 4 4 2
0 25 0 0 0 0 0 0 0 0 0 0 3 0 3 0 3 0 3 0 3 0 2 4 2 4 4
0 15 4 0 4 1 0 0 4 0 4 4 4 3 4 4 4
0 11 0 3 0 3 0 3 0 0 3 0 3
0 5 4 0 4 0 0
0 10 0 4 1 0 4 0 0 0 4 4
0 27 3 0 3 0 3 0 0 0 0 0 0 0 3 0 0 0 0 0 0 0 2 4 2 4 4 4 2
0 25 0 2 0 0 4 0 2 0 0 4 0 2 0 3 0 2 0 3 0 2 0 3 0 2 0
0 9 0 0 0 0 0 0 3 0 3
0 17 0 2 0 0 4 0 2 0 3 0 2 0 3 0 2 0 0
0 20 4 1 0 4 4 4 4 4 3 0 4 1 0 4 4 4 0 4 0 4
0 4 0 4 0 4
0 9 3 0 0 0 0 0 0 0 2
0 17 0 3 0 3 0 3 0 3 0 0 3 0 3 0 3 0 3
0 22 0 0 0 4 3 0 4 0 0 4 2 0 0 4 4 3 0 0 0 0 4 4
0 10 4 4 4 4 3 4 4 1 0 0
0 7 0 0 0 4 3 0 4
0 32 4 0 0 4 3 0 4 4 4 0 0 4 2 0 0 0 4 4 2 0 0 0 0 4 3 4 0 4 0 4 3 0
0 19 0 2 0 3 0 2 0 3 0 2 0 0 4 0 2 0 0 4 0
0 9 0 0 3 0 3 0 3 0 3
0 10 0 0 0 0 0 2 4 4 4 2
0 15 0 0 0 0 0 3 0 3 0 3 0 0 4 4 2
0 14 3 0 0 0 0 0 0 0 0 0 0 4 4 2
0 26 0 0 0 0 0 3 0 3 0 0 0 0 0 0 0 0 0 3 0 2 4 2 4 4 4 4
0 22 4 1 0 0 0 4 0 4 4 1 0 0 0 4 4 4 1 0 0 0 0 0
0 6 4 0 4 0 0 4
0 14 0 0 0 0 0 2 4 2 4 2 4 4 4 4
0 21 0 4 4 1 0 4 0 4 0 4 4 3 4 0 0 0 4 4 2 4 0
0 11 0 4 1 0 4 0 0 4 1 0 4
0 8 0 0 0 0 0 3 0 3
0 33 0 3 0 3 0 3 0 3 0 0 3 0 3 0 3 0 3 0 3 0 3 0 2 4 2 4 4 4 2 4 2 4 2
0 15 0 0 0 0 0 0 0 0 0 0 3 0 2 4 4
0 6 0 2 0 0 4 0
0 26 0 0 3 0 3 0 0 3 0 3 0 3 0 3 0 3 0 3 0 2 4 4 4 2 4 2
0 28 3 0 3 0 3 0 3 0 3 0 3 0 3 0 3 0 0 0 0 0 0 3 0 3 0 3 0 2
0 7 0 4 0 4 0 4 1
0 31 0 3 0 3 0 3 0 3 0 0 3 0 3 0 3 0 3 0 3 0 3 0 2 4 2 4 4 4 2 4 2
0 7 4 4 4 4 4 4 4
0 27 4 0 0 4 3 0 4 4 4 0 0 4 2 0 0 0 4 4 2 0 0 0 0 4 3 4 0
0 17 0 0 0 0 0 4 4 1 0 4 0 4 4 4 4 3 4
0 5 4 3 4 2 4
0 13 3 0 3 0 3 0 0 0 0 0 0 0 3
0 17 3 0 0 0 0 0 0 0 3 0 0 0 0 0 0 0 2
0 12 3 0 0 0 0 0 0 0 0 0 0 4
0 20 4 4 4 3 0 4 0 0 4 4 2 4 2 4 0 4 1 0 0 4
0 23 0 2 0 3 0 2 0 3 0 2 0 3 0 2 0 3 0 2 0 3 0 2 0
0 4 0 2 4 4
0 5 4 4 3 4 0
0 9 4 0 0 4 0 0 4 3 0
0 22 0 4 0 4 0 4 4 3 0 4 4 4 4 4 3 0 4 4 1 0 4 4
0 6 4 3 0 0 0 0
0 4 4 4 4 0
0 16 4 4 4 3 0 4 0 0 4 4 2 4 2 4 0 4
0 6 4 0 0 4 2 4
0 25 0 4 4 2 0 0 4 4 0 4 4 3 4 4 4 0 4 4 4 1 0 4 3 4 1
0 11 4 3 4 2 4 0 0 4 2 4 4
0 7 4 2 0 4 4 3 0
0 19 4 4 1 0 4 4 4 0 4 4 4 3 4 3 0 4 0 0 4
0 7 4 3 0 0 0 0 4
0 10 0 0 0 4 1 0 0 0 4 0
0 10 0 4 3 4 0 0 4 0 4 1
0 19 3 0 3 0 3 0 3 0 0 0 2 4 4 4 4 4 2 4 4
0 9 4 4 4 4 3 0 4 4 0
0 8 0 4 0 4 4 4 4 1
0 7 4 3 4 2 4 0 0
0 7 0 0 0 0 3 0 2
0 11 0 0 0 0 0 0 0 0 0 0 3
0 27 0 0 0 0 0 0 3 0 3 0 3 0 3 0 3 0 3 0 0 0 0 0 0 0 2 4 2
0 11 0 2 0 3 0 2 0 3 0 2 0
0 7 0 4 3 4 0 0 0
0 10 4 4 4 4 3 0 4 4 0 4
0 16 0 2 0 0 4 0 2 0 0 4 0 2 0 3 0 2
0 7 0 4 1 0 0 4 0
0 16 4 4 3 0 0 4 4 3 4 4 4 3 0 4 4 0
0 4 0 2 4 2
0 8 0 0 3 0 3 0 0 3
0 20 0 4 1 0 4 0 0 4 1 0 4 1 0 0 4 4 4 0 4 1
0 11 0 0 0 0 0 0 0 0 0 0 4
0 11 4 3 4 0 4 3 4 4 2 4 4
0 27 0 2 0 0 4 0 2 0 3 0 2 0 0 4 0 2 0 0 4 0 2 0 3 0 2 0 0
0 7 4 0 0 0 4 3 4
0 17 0 4 4 2 0 0 4 4 0 4 4 3 4 4 4 0 4
0 10 0 3 0 3 0 0 0 0 0 4
0 17 4 4 4 0 0 4 4 3 4 4 3 4 4 4 4 0 0
0 8 0 4 1 0 4 0 0 0
0 12 0 4 4 4 0 4 1 0 0 4 4 0
0 3 4 4 0
0 14 0 4 4 1 0 4 0 4 0 4 4 3 4 0
0 6 4 0 0 4 0 0
0 11 0 3 0 3 0 3 0 3 0 0 2
0 8 0 0 0 0 4 1 0 0
0 19 4 4 4 4 3 4 4 1 0 0 4 4 4 4 4 3 0 0 4
0 15 0 4 3 4 0 0 4 0 4 1 0 0 4 0 0
0 25 3 0 3 0 3 0 3 0 3 0 3 0 3 0 3 0 3 0 3 0 3 0 3 0 3
0 20 0 4 4 4 0 4 1 0 0 4 4 0 0 4 3 4 3 4 4 0
0 25 4 2 4 4 4 3 4 4 4 0 4 3 0 0 0 4 4 1 0 0 4 4 4 4 4
0 21 0 2 0 3 0 2 0 0 4 0 2 0 3 0 2 0 0 4 0 2 0
0 9 0 0 0 4 3 0 4 0 0
0 35 3 0 3 0 3 0 3 0 3 0 3 0 3 0 3 0 3 0 3 0 3 0 3 0 3 0 3 0 3 0 3 0 4 4 2
0 40 0 3 0 3 0 3 0 3 0 3 0 3 0 0 0 0 0 0 0 0 0 3 0 3 0 3 0 3 0 3 0 3 0 2 4 4 4 2 4 2
0 14 4 4 3 0 0 4 4 3 4 4 4 3 0 4
0 22 0 4 4 1 0 4 0 4 0 4 4 3 4 0 0 0 4 4 2 4 0 0
0 13 0 0 0 0 0 0 0 0 4 4 2 4 4
0 9 4 0 4 3 4 0 4 3 0
0 26 0 2 0 0 4 0 2 0 3 0 2 0 0 4 0 2 0 0 4 0 2 0 3 0 2 0
0 10 4 1 0 0 0 4 0 4 4 1
0 12 0 4 0 4 3 0 4 0 4 2 0 0
0 26 0 2 0 3 0 2 0 3 0 2 0 3 0 2 0 0 4 0 2 0 0 4 0 2 0 0
0 3 0 2 0
0 16 0 4 3 4 0 0 4 0 4 1 0 0 4 0 0 0
0 11 4 2 4 4 4 3 4 4 4 0 4
0 17 3 0 3 0 0 3 0 3 0 3 0 0 2 4 2 4 2
0 6 0 4 1 0 4 0
0 11 4 4 4 4 4 4 2 4 2 4 4
0 11 0 0 3 0 3 0 3 0 3 0 3
0 24 3 0 3 0 3 0 3 0 3 0 3 0 3 0 3 0 0 0 0 0 0 3 0 3
0 11 0 0 0 4 0 0 4 2 0 4 4
0 27 4 4 1 0 4 4 4 0 4 4 4 3 4 3 0 4 0 0 4 0 4 1 0 4 0 0 4
0 20 0 4 0 4 3 0 4 0 4 2 0 0 4 4 0 4 4 1 0 4
0 29 0 4 0 4 0 4 4 3 0 4 4 4 4 4 3 0 4 4 1 0 4 4 4 1 0 0 0 4 4
0 12 0 4 1 0 4 0 0 4 1 0 4 1
0 24 4 4 0 0 0 4 1 0 0 0 0 4 4 3 0 0 4 4 4 1 0 4 4 1
0 18 0 0 0 4 1 0 0 0 4 0 4 1 0 0 4 4 0 4
0 21 3 0 3 0 3 0 3 0 3 0 3 0 0 0 0 0 3 0 3 0 3
0 29 0 0 0 0 0 0 0 0 0 0 3 0 3 0 3 0 3 0 3 0 3 0 3 0 3 0 3 0 4
0 9 0 4 4 4 0 4 1 0 0
0 19 0 2 0 3 0 2 0 3 0 2 0 3 0 2 0 3 0 2 0
0 11 4 0 0 4 0 4 3 0 4 4 0
0 8 0 0 0 4 4 4 4 4
0 18 0 0 0 0 0 0 0 0 0 0 0 0 0 0 0 0 0 4
0 25 3 0 3 0 3 0 3 0 3 0 3 0 0 0 0 0 3 0 3 0 3 0 2 4 2
0 19 0 0 3 0 3 0 3 0 3 0 3 0 3 0 0 0 2 4 2
0 9 4 0 0 4 0 4 3 0 4
0 14 0 0 0 0 0 0 0 2 4 2 4 2 4 4
0 15 0 0 0 0 0 0 3 0 3 0 3 0 3 0 3
0 11 3 0 3 0 3 0 3 0 3 0 2
0 7 4 2 0 4 1 0 4
0 20 0 2 0 3 0 2 0 0 4 0 2 0 3 0 2 0 3 0 2 0
0 30 4 4 1 0 4 4 4 0 4 4 4 3 4 3 0 4 0 0 4 0 4 1 0 4 0 0 4 4 4 4
0 11 4 4 4 4 2 4 2 4 2 4 4
0 26 0 0 0 4 1 0 0 0 4 0 4 1 0 0 4 4 0 4 4 4 1 0 4 4 0 0
0 7 4 4 4 3 0 4 0
0 20 4 1 0 0 0 4 0 4 4 1 0 0 0 4 4 4 1 0 0 0
0 18 3 0 3 0 3 0 3 0 0 0 0 0 0 0 0 0 0 2
0 20 4 4 1 0 4 4 4 0 4 4 4 3 4 3 0 4 0 0 4 0
0 25 4 1 0 4 4 4 4 4 3 0 4 1 0 4 4 4 0 4 0 4 1 0 4 0 0
0 19 4 0 4 1 0 0 4 0 4 4 4 3 4 4 4 0 4 0 4
0 8 4 2 0 4 4 3 0 0
0 12 0 0 0 0 0 0 0 0 0 0 0 2
0 20 0 0 0 4 3 0 4 0 0 4 2 0 0 4 4 3 0 0 0 0
0 10 0 2 4 4 4 2 4 2 4 2
0 22 3 0 3 0 3 0 3 0 3 0 0 0 0 0 0 4 4 4 4 2 4 4
0 12 4 0 4 3 4 0 4 3 0 4 0 0
0 8 0 2 4 4 4 2 4 4
0 32 0 4 4 1 0 4 0 4 0 4 4 3 4 0 0 0 4 4 2 4 0 0 0 0 0 4 3 4 4 0 4 4
0 8 4 0 4 1 0 0 4 0
0 39 0 0 0 0 0 0 0 0 0 0 3 0 3 0 3 0 3 0 3 0 3 0 3 0 3 0 3 0 3 0 3 0 3 0 3 0 3 0 3
0 9 0 0 2 4 4 4 4 4 4
0 6 0 4 0 4 3 0
0 14 0 0 0 0 0 3 0 3 0 3 0 3 0 2
0 9 0 4 3 4 0 0 4 0 4
0 5 0 0 2 4 4
0 10 0 0 0 4 3 0 4 0 0 4
0 21 0 3 0 3 0 3 0 3 0 0 3 0 3 0 3 0 3 0 3 0 3
0 21 4 4 4 0 0 4 4 3 4 4 3 4 4 4 4 0 0 4 2 0 0
0 4 0 4 3 4
0 8 3 0 3 0 3 0 0 3
0 11 0 0 0 0 0 4 4 1 0 4 0
0 24 0 0 3 0 3 0 0 3 0 3 0 3 0 3 0 3 0 3 0 2 4 4 4 2
0 5 0 4 0 0 4
0 14 4 0 0 4 2 4 0 4 2 4 1 0 0 0
0 14 4 2 0 4 4 3 0 0 4 4 3 0 4 4
0 2 4 0
0 13 4 1 0 0 0 4 0 4 4 1 0 0 0
0 2 0 2
0 24 4 0 4 3 4 0 4 3 0 4 0 0 4 3 4 0 0 4 0 4 1 0 0 4
0 11 0 0 0 0 0 0 3 0 3 0 3
0 23 0 0 0 0 0 0 0 0 0 0 3 0 3 0 3 0 3 0 3 0 2 4 2
0 24 0 4 4 1 0 4 0 4 0 4 4 3 4 0 0 0 4 4 2 4 0 0 0 0
0 23 4 4 0 0 0 4 1 0 0 0 0 4 4 3 0 0 4 4 4 1 0 4 4
0 15 4 2 4 4 4 3 4 4 4 0 4 3 0 0 0
0 12 0 0 3 0 3 0 0 3 0 3 0 3
0 19 0 4 0 4 0 4 4 3 0 4 4 4 4 4 3 0 4 4 1
0 15 0 2 0 0 4 0 2 0 0 4 0 2 0 3 0
0 6 0 4 1 0 0 4
0 4 0 4 4 1
0 19 3 0 3 0 0 3 0 3 0 3 0 0 2 4 2 4 2 4 4
0 35 0 0 0 0 0 0 0 0 0 0 3 0 3 0 3 0 3 0 3 0 3 0 3 0 3 0 3 0 3 0 3 0 3 0 3
0 26 0 4 1 0 4 0 0 4 1 0 4 1 0 0 4 4 4 0 4 1 0 0 4 4 0 4
0 23 3 0 3 0 3 0 3 0 3 0 3 0 0 0 0 0 3 0 3 0 3 0 2
0 8 0 0 0 4 4 2 4 4
0 6 0 4 3 4 0 0
0 12 0 0 0 0 0 2 4 4 4 4 4 4
0 14 3 0 3 0 0 0 0 0 0 0 0 0 0 4
0 4 4 0 0 4
0 10 0 0 0 0 0 0 0 2 4 2
0 11 0 4 4 2 0 0 4 4 0 4 4
0 20 0 0 0 0 0 0 0 0 0 0 0 0 0 0 0 2 4 2 4 2
0 5 2 4 4 4 4
0 7 0 0 0 0 0 0 3
0 21 0 0 0 4 3 0 4 0 0 4 2 0 0 4 4 3 0 0 0 0 4
0 8 0 4 3 4 0 0 4 0
0 18 4 4 3 0 0 4 4 3 4 4 4 3 0 4 4 0 4 0
0 13 0 0 0 0 0 0 0 0 2 4 4 4 4
0 4 0 0 0 4
0 19 4 2 0 4 4 3 0 0 4 4 3 0 4 4 0 4 3 4 4
0 11 0 4 0 4 4 4 4 1 0 0 4
0 11 4 0 0 4 3 0 4 4 4 0 0
0 25 0 4 1 0 4 0 0 4 1 0 4 1 0 0 4 4 4 0 4 1 0 0 4 4 0
0 6 0 4 0 0 4 0
0 18 0 4 1 0 4 0 0 4 1 0 4 1 0 0 4 4 4 0
0 8 0 3 0 3 0 3 0 3
0 16 0 4 0 4 0 4 4 3 0 4 4 4 4 4 3 0
0 14 4 4 4 4 3 4 4 1 0 0 4 4 4 4
0 8 4 4 3 4 0 4 4 4
0 18 0 4 4 4 0 4 1 0 0 4 4 0 0 4 3 4 3 4
0 17 3 0 3 0 0 0 0 0 4 4 4 4 2 4 2 4 2
0 14 0 0 0 0 0 3 0 3 0 3 0 3 0 4
0 13 0 3 0 3 0 3 0 0 3 0 3 0 3
0 21 0 2 0 0 4 0 2 0 3 0 2 0 3 0 2 0 0 4 0 2 0
0 14 4 4 4 4 3 0 4 4 0 4 1 0 4 4
0 29 3 0 3 0 0 0 0 0 0 0 3 0 3 0 3 0 3 0 3 0 0 0 4 4 2 4 2 4 2
0 26 4 0 4 3 4 0 4 3 0 4 0 0 4 3 4 0 0 4 0 4 1 0 0 4 3 4
0 17 0 0 4 0 4 4 4 3 4 4 4 3 0 0 4 2 0
0 23 0 0 0 4 3 4 3 4 3 0 0 0 0 4 3 4 0 4 2 0 0 4 1
0 18 0 4 0 4 3 0 4 0 4 2 0 0 4 4 0 4 4 1
0 6 0 0 0 3 0 3
0 14 0 0 0 0 0 0 0 0 0 2 4 2 4 2
0 11 0 0 3 0 3 0 4 4 4 4 4
0 7 4 4 2 4 4 4 4
0 16 4 4 0 0 0 4 1 0 0 0 0 4 4 3 0 0
0 19 0 2 0 3 0 2 0 3 0 2 0 3 0 2 0 0 4 0 2
0 10 0 2 4 2 4 2 4 4 4 4
0 15 4 4 4 0 0 4 4 3 4 4 3 4 4 4 4
0 21 4 4 4 3 0 4 0 0 4 4 2 4 2 4 0 4 1 0 0 4 4
0 19 0 0 0 0 0 3 0 3 0 3 0 3 0 3 0 0 2 4 2
0 27 0 2 0 0 4 0 2 0 0 4 0 2 0 0 4 0 2 0 0 4 0 2 0 3 0 2 0
0 10 0 2 4 4 4 2 4 2 4 4
0 10 4 4 4 3 0 4 0 0 4 4
0 8 4 4 4 3 0 4 0 0
0 33 4 0 0 4 3 0 4 4 4 0 0 4 2 0 0 0 4 4 2 0 0 0 0 4 3 4 0 4 0 4 3 0 0
0 24 4 2 4 4 4 3 4 4 4 0 4 3 0 0 0 4 4 1 0 0 4 4 4 4
0 22 4 2 0 4 4 3 0 0 4 4 3 0 4 4 0 4 3 4 4 0 0 4
0 6 4 0 4 1 0 0
0 20 0 2 0 0 4 0 2 0 3 0 2 0 0 4 0 2 0 3 0 2
0 13 0 0 2 4 4 4 2 4 2 4 4 4 4
0 15 0 0 0 0 0 0 0 0 4 4 2 4 4 4 4
0 9 3 0 3 0 0 0 0 0 4
0 20 0 2 0 3 0 2 0 3 0 2 0 3 0 2 0 3 0 2 0 0
0 31 0 0 0 0 0 0 0 0 0 0 3 0 3 0 3 0 3 0 3 0 3 0 3 0 3 0 3 0 3 0 3
0 23 0 2 0 3 0 2 0 3 0 2 0 3 0 2 0 0 4 0 2 0 0 4 0
0 21 3 0 3 0 3 0 3 0 3 0 3 0 0 0 0 0 0 0 2 4 2
0 7 0 4 1 0 4 0 0
0 7 0 0 3 0 3 0 4
0 26 4 0 0 4 3 0 4 4 4 0 0 4 2 0 0 0 4 4 2 0 0 0 0 4 3 4
0 20 0 0 4 0 4 4 4 3 4 4 4 3 0 0 4 2 0 0 0 4
0 37 0 0 0 0 0 0 0 0 0 0 3 0 3 0 3 0 3 0 3 0 3 0 3 0 3 0 3 0 3 0 3 0 3 0 3 0 3
0 26 0 4 3 4 0 0 4 0 4 1 0 0 4 0 0 0 4 3 4 4 0 4 0 4 4 1
0 6 4 3 4 2 4 0
0 13 0 0 4 4 2 4 4 4 2 4 4 4 4
0 26 0 2 0 0 4 0 2 0 3 0 2 0 0 4 0 2 0 0 4 0 2 0 0 4 0 2
0 11 0 4 4 4 0 4 1 0 0 4 4
0 18 0 4 4 2 0 0 4 4 0 4 4 3 4 4 4 0 4 4
0 16 0 4 3 4 0 0 0 4 4 3 0 4 3 4 3 4
0 15 4 4 4 4 3 4 4 1 0 0 4 4 4 4 4
0 6 4 4 4 0 4 0
0 14 0 2 0 0 4 0 2 0 3 0 2 0 3 0
0 21 3 0 0 0 0 0 0 0 3 0 0 0 0 0 0 0 2 4 4 4 2
0 9 4 4 4 0 4 1 0 4 4
0 7 2 4 4 4 4 4 4
0 12 3 0 3 0 3 0 3 0 3 0 0 3
0 6 0 0 4 0 4 4
0 24 0 3 0 3 0 3 0 3 0 3 0 3 0 0 0 0 0 0 0 0 0 3 0 3
0 23 3 0 3 0 3 0 3 0 3 0 3 0 3 0 3 0 3 0 3 0 3 0 3
0 21 4 1 0 4 4 4 4 4 3 0 4 1 0 4 4 4 0 4 0 4 1
0 20 0 2 0 3 0 2 0 0 4 0 2 0 0 4 0 2 0 0 4 0
0 28 0 4 0 4 0 4 4 3 0 4 4 4 4 4 3 0 4 4 1 0 4 4 4 1 0 0 0 4
0 13 4 2 4 4 4 3 4 4 4 0 4 3 0
0 17 0 4 1 0 4 0 0 4 1 0 4 1 0 0 4 4 4
0 28 0 2 0 0 4 0 2 0 0 4 0 2 0 0 4 0 2 0 0 4 0 2 0 3 0 2 0 0
0 21 0 2 0 3 0 2 0 0 4 0 2 0 0 4 0 2 0 0 4 0 2
0 6 0 4 4 4 4 4
0 5 4 2 0 4 1
0 22 0 4 0 4 3 0 4 0 4 2 0 0 4 4 0 4 4 1 0 4 3 4
0 12 0 0 0 3 0 3 0 3 0 3 0 2
0 22 0 3 0 3 0 3 0 3 0 3 0 3 0 0 0 0 0 0 0 0 0 3
0 18 0 2 0 0 4 0 2 0 3 0 2 0 0 4 0 2 0 0
0 19 4 4 4 3 0 4 0 0 4 4 2 4 2 4 0 4 1 0 0
0 12 0 2 0 0 4 0 2 0 3 0 2 0
0 26 0 0 0 0 0 0 0 3 0 3 0 3 0 3 0 3 0 3 0 3 0 3 0 2 4 4
0 16 0 2 0 3 0 2 0 0 4 0 2 0 0 4 0 2
0 13 4 4 4 4 3 4 4 1 0 0 4 4 4
0 7 4 0 0 4 2 4 0
0 23 4 0 4 4 0 4 3 4 2 0 0 4 4 0 4 2 4 0 0 4 2 4 0
0 20 4 4 0 0 0 4 1 0 0 0 0 4 4 3 0 0 4 4 4 1
0 28 0 4 4 4 0 4 1 0 0 4 4 0 0 4 3 4 3 4 4 0 4 2 4 4 2 4 4 4
0 9 4 2 4 4 4 3 4 4 4
0 18 0 0 0 0 0 3 0 3 0 0 0 0 0 0 0 0 0 3
0 10 0 0 0 0 0 0 0 3 0 3
0 18 0 0 4 0 4 4 4 3 4 4 4 3 0 0 4 2 0 0
0 19 3 0 3 0 3 0 3 0 3 0 3 0 0 0 0 0 3 0 3
0 25 0 2 0 3 0 2 0 0 4 0 2 0 3 0 2 0 0 4 0 2 0 0 4 0 2
0 19 4 4 3 0 0 4 4 3 4 4 4 3 0 4 4 0 4 0 4
0 16 0 0 0 0 0 2 4 2 4 2 4 4 4 4 4 2
0 16 0 0 0 0 0 0 0 2 4 2 4 4 4 4 4 2
0 14 4 0 4 3 4 3 0 0 4 3 4 0 0 4
0 13 0 2 0 0 4 0 2 0 0 4 0 2 0
0 11 3 0 3 0 3 0 3 0 3 0 3
0 13 4 4 4 4 3 0 4 4 0 4 1 0 4
0 11 4 4 3 0 0 4 4 0 4 2 0
0 16 0 4 0 4 4 4 4 1 0 0 4 2 4 2 0 4
0 8 4 1 0 4 4 4 4 4
0 10 0 0 4 0 4 4 4 3 4 4
0 11 4 0 4 3 4 3 0 0 4 3 4
0 6 4 4 0 4 2 4
0 23 0 3 0 3 0 3 0 3 0 0 3 0 3 0 3 0 3 0 3 0 3 0 2
0 14 3 0 3 0 3 0 3 0 3 0 0 3 0 3
0 6 4 1 0 4 4 4
0 8 0 2 4 4 4 2 4 2
0 23 0 0 0 4 1 0 0 0 4 0 4 1 0 0 4 4 0 4 4 4 1 0 4
0 10 0 4 0 4 0 4 4 2 0 0
0 7 0 4 4 1 0 4 0
0 17 4 0 4 3 4 3 0 0 4 3 4 0 0 4 4 4 4
0 21 0 2 0 0 4 0 2 0 0 4 0 2 0 3 0 2 0 3 0 2 0
0 25 3 0 3 0 3 0 3 0 3 0 3 0 0 0 0 0 0 0 2 4 2 4 4 4 2
0 8 4 1 0 0 0 4 0 4
0 17 4 4 3 4 0 4 4 4 1 0 0 0 0 4 4 3 0
0 9 4 4 0 0 0 4 1 0 0
0 1 2
0 17 0 3 0 3 0 3 0 3 0 0 2 4 2 4 4 4 4
0 3 4 3 4
0 24 0 4 0 4 0 4 4 3 0 4 4 4 4 4 3 0 4 4 1 0 4 4 4 1
0 11 4 3 0 0 0 0 4 3 4 2 4
0 16 0 2 0 3 0 2 0 3 0 2 0 0 4 0 2 0
0 7 0 4 4 2 0 0 4
0 5 0 0 0 0 3
0 19 4 0 4 3 4 0 4 3 0 4 0 0 4 3 4 0 0 4 0
0 20 4 0 0 4 3 0 4 4 4 0 0 4 2 0 0 0 4 4 2 0
0 12 0 0 0 0 0 0 0 0 0 4 4 4
0 7 0 4 0 0 4 0 4
0 3 0 0 3
0 28 4 2 4 4 4 3 4 4 4 0 4 3 0 0 0 4 4 1 0 0 4 4 4 4 4 3 4 4
0 26 4 4 4 4 3 0 4 4 0 4 3 4 4 4 0 4 3 4 2 0 0 4 0 4 4 4
0 6 4 4 3 4 0 4
0 7 4 4 4 4 0 4 4
0 14 0 0 0 4 1 0 0 0 4 0 4 1 0 0
0 8 0 4 4 4 3 4 4 0
0 18 0 2 0 3 0 2 0 3 0 2 0 3 0 2 0 0 4 0
0 27 3 0 3 0 3 0 0 3 0 3 0 3 0 0 0 0 0 0 0 0 0 0 2 4 4 4 2
0 7 0 0 2 4 4 4 2
0 16 3 0 3 0 3 0 0 0 0 0 0 0 0 2 4 4
0 23 0 2 0 0 4 0 2 0 3 0 2 0 0 4 0 2 0 0 4 0 2 0 0
0 17 0 4 3 4 0 0 4 0 4 1 0 0 4 0 0 0 4
0 13 3 0 3 0 0 0 0 0 4 4 4 4 2
0 16 4 0 4 3 4 0 4 3 0 4 0 0 4 3 4 0
0 3 2 4 4
0 7 4 0 4 3 4 3 0
0 16 4 4 4 4 3 0 4 4 0 4 3 4 4 4 0 4
0 4 0 4 0 0
0 26 4 0 4 4 0 4 3 4 2 0 0 4 4 0 4 2 4 0 0 4 2 4 0 4 2 0
0 5 4 4 4 4 4
0 8 0 4 1 0 4 0 0 4
0 25 4 4 0 0 4 3 4 3 4 0 4 0 4 4 1 0 4 4 4 4 4 0 4 3 4
0 6 0 0 0 0 0 3
0 6 3 0 0 0 0 2
0 32 3 0 3 0 3 0 3 0 3 0 3 0 3 0 3 0 0 0 0 0 0 3 0 3 0 3 0 2 4 4 4 4
0 16 0 0 0 0 0 2 4 4 4 2 4 4 4 4 4 4
0 30 0 4 1 0 4 0 0 4 1 0 4 1 0 0 4 4 4 0 4 1 0 0 4 4 0 4 4 3 0 4
0 3 4 3 0
0 21 3 0 3 0 3 0 0 0 0 0 0 0 3 0 0 0 0 0 0 0 2
0 23 3 0 3 0 0 3 0 3 0 3 0 0 2 4 2 4 2 4 4 4 2 4 4
0 34 0 3 0 3 0 3 0 3 0 3 0 3 0 0 0 0 0 0 0 0 0 3 0 3 0 3 0 3 0 3 0 3 0 2
0 15 0 4 1 0 4 0 0 0 4 4 3 0 4 4 4
0 28 0 0 0 0 0 3 0 3 0 0 0 0 0 0 0 0 0 3 0 2 4 2 4 4 4 4 4 2
0 14 0 0 0 0 0 4 4 1 0 4 0 4 4 4
0 22 0 2 0 3 0 2 0 0 4 0 2 0 3 0 2 0 0 4 0 2 0 0
0 15 4 4 0 0 0 4 1 0 0 0 0 4 4 3 0
0 17 0 0 0 4 3 4 3 4 3 0 0 0 0 4 3 4 0
0 25 0 0 0 0 0 0 0 0 0 0 3 0 3 0 3 0 3 0 3 0 3 0 3 0 3
0 12 0 0 0 0 0 0 0 0 0 2 4 2
0 29 0 4 1 0 4 0 0 4 1 0 4 1 0 0 4 4 4 0 4 1 0 0 4 4 0 4 4 3 0
0 5 0 4 4 4 0
0 22 3 0 3 0 3 0 3 0 0 0 0 0 0 0 0 0 0 2 4 4 4 2
0 15 3 0 3 0 0 3 0 3 0 3 0 0 2 4 2
0 10 0 0 0 0 0 2 4 4 4 4
0 8 0 0 0 4 3 0 4 0
0 24 4 0 0 4 3 0 4 4 4 0 0 4 2 0 0 0 4 4 2 0 0 0 0 4
0 21 0 4 0 0 4 0 4 2 4 0 0 0 0 4 1 0 4 4 0 4 4
0 20 4 4 4 4 0 4 4 3 4 4 4 3 4 0 4 1 0 4 4 1
0 10 4 0 4 1 0 0 4 0 4 4
0 17 0 4 4 1 0 4 0 4 0 4 4 3 4 0 0 0 4
0 16 4 1 0 0 0 4 0 4 4 1 0 0 0 4 4 4
0 17 0 4 0 4 3 0 4 0 4 2 0 0 4 4 0 4 4
0 5 2 4 4 4 2
0 13 0 4 3 4 0 0 4 0 4 1 0 0 4
0 8 0 0 4 2 4 4 0 4
0 5 0 0 3 0 3
0 27 3 0 3 0 0 0 0 0 0 0 3 0 3 0 3 0 3 0 3 0 0 0 4 4 2 4 2
0 24 0 0 4 0 4 4 4 3 4 4 4 3 0 0 4 2 0 0 0 4 0 4 4 1
0 33 3 0 3 0 3 0 3 0 0 3 0 3 0 3 0 3 0 3 0 3 0 0 0 0 2 4 4 4 2 4 2 4 4
0 16 0 0 0 4 1 0 0 0 4 0 4 1 0 0 4 4
0 10 0 4 4 4 0 4 1 0 0 4
0 11 4 0 4 0 0 4 3 0 0 4 4
0 18 4 3 0 0 0 0 4 3 4 2 4 0 4 4 1 0 0 0
0 4 4 0 4 0
0 11 2 4 4 4 4 4 2 4 2 4 4
0 3 3 0 3
0 13 0 3 0 3 0 3 0 3 0 0 3 0 3
0 8 0 0 0 0 0 2 4 2
0 18 3 0 3 0 3 0 3 0 3 0 3 0 0 2 4 4 4 4
0 18 0 2 0 0 4 0 2 0 0 4 0 2 0 0 4 0 2 0
0 6 0 4 4 4 0 4
0 8 0 4 3 4 0 0 0 4
0 17 3 0 3 0 3 0 3 0 3 0 3 0 0 0 0 0 3
0 10 4 0 0 4 0 4 3 0 4 4
0 8 0 4 4 1 0 4 0 4
0 19 0 0 0 0 0 0 0 0 0 0 4 4 4 4 4 4 2 4 4
0 11 0 0 2 4 4 4 4 4 4 4 2
0 5 0 4 3 4 0
0 15 4 4 1 0 4 4 4 0 4 4 4 3 4 3 0
0 6 4 4 0 4 4 4
0 19 3 0 0 0 0 0 0 0 3 0 0 0 0 0 0 0 2 4 4
0 29 0 4 4 1 0 4 0 4 0 4 4 3 4 0 0 0 4 4 2 4 0 0 0 0 0 4 3 4 4
0 13 4 4 1 0 4 4 4 0 4 4 4 3 4
0 17 4 0 0 4 2 4 0 4 2 4 1 0 0 0 0 4 0
0 6 0 0 0 0 4 1
0 13 0 0 0 0 0 4 4 1 0 4 0 4 4
0 6 4 0 4 4 0 4
0 14 0 2 0 3 0 2 0 3 0 2 0 0 4 0
0 14 4 1 0 4 4 4 4 4 3 0 4 1 0 4
0 6 0 4 4 3 4 1
0 21 4 4 3 4 0 4 4 4 1 0 0 0 0 4 4 3 0 0 4 4 4
0 9 0 0 3 0 4 4 4 4 2
0 17 4 1 0 4 4 4 4 4 3 0 4 1 0 4 4 4 0
0 16 0 2 0 3 0 2 0 3 0 2 0 3 0 2 0 0
0 15 0 0 0 0 0 0 0 0 0 0 4 4 4 4 4
0 9 3 0 0 0 0 0 0 0 3
0 15 4 0 0 4 2 4 0 4 2 4 1 0 0 0 0
0 29 0 0 0 0 0 0 3 0 3 0 3 0 3 0 3 0 3 0 0 0 0 0 0 0 2 4 2 4 4
0 23 3 0 3 0 3 0 3 0 3 0 3 0 0 0 0 0 0 0 2 4 2 4 4
0 5 4 4 0 4 4
0 12 0 4 0 4 0 4 4 2 0 0 0 4
0 15 0 4 0 4 3 0 4 0 4 2 0 0 4 4 0
0 19 3 0 3 0 3 0 3 0 3 0 3 0 3 0 3 0 3 0 3
0 18 4 0 0 4 2 4 0 4 2 4 1 0 0 0 0 4 0 4
0 37 3 0 3 0 3 0 3 0 3 0 3 0 3 0 3 0 3 0 3 0 3 0 3 0 3 0 3 0 3 0 3 0 4 4 2 4 4
0 7 0 4 3 4 0 0 4
0 12 0 2 0 3 0 2 0 0 4 0 2 0
0 19 0 0 0 4 1 0 0 0 4 0 4 1 0 0 4 4 0 4 4
0 18 3 0 3 0 3 0 0 0 0 0 0 0 0 2 4 4 4 4
0 12 4 0 0 4 3 0 4 4 4 0 0 4
0 11 0 0 0 4 1 0 0 0 4 0 4
0 14 4 0 0 4 3 0 4 4 4 0 0 4 2 0
0 14 0 0 0 0 0 3 0 3 0 2 4 4 4 2
0 19 0 0 0 0 0 0 0 0 0 0 3 0 3 0 3 0 3 0 3
0 17 0 0 0 4 3 0 4 0 0 4 2 0 0 4 4 3 0
0 6 0 4 4 2 0 0
0 5 4 4 4 0 0
0 15 4 4 3 0 0 4 4 0 4 2 0 4 4 4 1
0 7 0 0 0 4 0 0 4
0 11 0 0 4 2 4 4 0 4 0 4 4
0 4 0 0 4 0
0 7 4 4 0 4 2 4 4
0 25 0 2 0 3 0 2 0 0 4 0 2 0 3 0 2 0 3 0 2 0 3 0 2 0 0
0 15 0 0 3 0 3 0 4 4 4 4 4 4 2 4 2
0 6 4 4 4 0 0 4
0 23 4 4 3 4 0 4 4 4 1 0 0 0 0 4 4 3 0 0 4 4 4 4 4
0 6 0 4 0 4 0 4
0 27 4 0 4 3 4 0 4 3 0 4 0 0 4 3 4 0 0 4 0 4 1 0 0 4 3 4 0
0 20 4 4 0 0 4 3 4 3 4 0 4 0 4 4 1 0 4 4 4 4
0 13 0 4 1 0 0 4 0 0 4 4 1 0 4
0 15 4 4 3 0 0 4 4 3 4 4 4 3 0 4 4
0 32 0 4 4 4 0 4 1 0 0 4 4 0 0 4 3 4 3 4 4 0 4 2 4 4 2 4 4 4 4 0 4 1
0 28 4 4 4 4 3 0 4 4 0 4 3 4 4 4 0 4 3 4 2 0 0 4 0 4 4 4 3 4
0 24 3 0 3 0 3 0 3 0 0 0 0 0 0 0 0 0 0 2 4 4 4 2 4 4
0 29 0 4 4 4 0 4 1 0 0 4 4 0 0 4 3 4 3 4 4 0 4 2 4 4 2 4 4 4 4
0 19 0 3 0 3 0 3 0 3 0 0 2 4 2 4 4 4 4 4 4
0 13 0 0 3 0 0 0 0 0 0 0 2 4 2
0 5 4 4 0 0 0
0 27 0 2 0 0 4 0 2 0 3 0 2 0 0 4 0 2 0 0 4 0 2 0 0 4 0 2 0
0 10 0 0 0 0 0 3 0 3 0 3
0 28 0 4 3 4 0 0 4 0 4 1 0 0 4 0 0 0 4 3 4 4 0 4 0 4 4 1 0 4
0 18 0 0 0 0 0 0 0 0 0 0 0 0 0 0 0 2 4 2
0 13 0 4 0 0 4 0 4 2 4 0 0 0 0
0 19 0 4 0 4 0 4 4 2 0 0 0 4 0 4 3 4 4 4 0
0 19 4 0 4 4 0 4 3 4 2 0 0 4 4 0 4 2 4 0 0
0 10 0 0 3 0 3 0 0 3 0 3
0 12 0 0 0 0 0 0 0 2 4 2 4 4
0 16 0 4 4 2 0 0 4 4 0 4 4 3 4 4 4 0
0 21 0 2 0 0 4 0 2 0 3 0 2 0 0 4 0 2 0 0 4 0 2
0 31 4 4 1 0 4 4 4 0 4 4 4 3 4 3 0 4 0 0 4 0 4 1 0 4 0 0 4 4 4 4 1
0 24 0 2 0 0 4 0 2 0 3 0 2 0 3 0 2 0 0 4 0 2 0 3 0 2
0 10 4 0 0 4 3 0 4 4 4 0
0 18 4 4 4 0 0 4 4 3 4 4 3 4 4 4 4 0 0 4
0 18 0 2 0 3 0 2 0 3 0 2 0 3 0 2 0 3 0 2
0 28 4 4 1 0 4 4 4 0 4 4 4 3 4 3 0 4 0 0 4 0 4 1 0 4 0 0 4 4
0 11 0 3 0 3 0 3 0 0 2 4 4
0 14 4 4 3 4 0 4 4 4 1 0 0 0 0 4
0 20 0 2 0 3 0 2 0 3 0 2 0 0 4 0 2 0 0 4 0 2
0 22 0 2 0 3 0 2 0 3 0 2 0 0 4 0 2 0 0 4 0 2 0 0
0 10 0 3 0 3 0 3 0 3 0 3
0 13 0 0 0 0 0 0 0 0 0 0 4 4 4
0 15 4 3 0 0 0 0 4 3 4 2 4 0 4 4 1
0 22 0 0 0 0 0 0 0 3 0 3 0 3 0 3 0 3 0 3 0 3 0 3
0 22 0 0 0 0 0 3 0 3 0 0 0 0 0 0 0 0 0 3 0 2 4 2
0 7 4 0 4 1 0 0 4
0 21 0 4 0 4 0 4 4 3 0 4 4 4 4 4 3 0 4 4 1 0 4
0 16 0 4 0 4 3 0 4 0 4 2 0 0 4 4 0 4
0 5 4 0 4 4 0
0 24 4 1 0 4 4 4 4 4 3 0 4 1 0 4 4 4 0 4 0 4 1 0 4 0
0 7 4 2 4 4 4 3 4
0 21 0 0 0 4 1 0 0 0 4 0 4 1 0 0 4 4 0 4 4 4 1
0 17 0 2 0 3 0 2 0 3 0 2 0 3 0 2 0 3 0
0 4 4 4 0 0
0 33 3 0 3 0 0 0 0 0 0 0 3 0 3 0 3 0 3 0 3 0 0 0 4 4 2 4 2 4 2 4 2 4 2
0 19 0 3 0 3 0 3 0 3 0 0 3 0 3 0 3 0 3 0 3
0 15 0 0 0 4 1 0 0 0 4 0 4 1 0 0 4
0 12 0 4 3 4 0 0 4 0 4 1 0 0
0 11 0 0 0 4 3 4 3 4 3 0 0
0 13 4 4 4 0 0 4 4 3 4 4 3 4 4
0 6 0 3 0 3 0 3
0 9 0 0 0 0 0 0 4 4 4
0 16 0 3 0 3 0 3 0 3 0 3 0 3 0 4 4 4
0 22 0 2 0 0 4 0 2 0 3 0 2 0 3 0 2 0 0 4 0 2 0 0
0 3 2 4 2
0 15 0 4 4 2 0 0 4 4 0 4 4 3 4 4 4
0 9 0 4 4 2 0 0 4 4 0
0 11 0 0 0 0 0 0 4 4 4 4 4
0 9 0 4 0 4 0 4 4 3 0
0 8 0 3 0 3 0 4 4 2
0 4 4 1 0 4
0 5 0 0 0 4 1
0 9 4 0 4 3 4 3 0 0 4
0 6 4 4 0 0 0 4
0 18 0 4 1 0 4 0 0 0 4 4 3 0 4 4 4 4 0 4
0 7 0 4 0 4 4 4 4
0 18 4 2 4 4 4 3 4 4 4 0 4 3 0 0 0 4 4 1
0 5 4 4 0 0 4
0 11 0 3 0 3 0 3 0 3 0 0 3
0 24 0 0 0 4 1 0 0 0 4 0 4 1 0 0 4 4 0 4 4 4 1 0 4 4
0 20 0 0 0 4 1 0 0 0 4 0 4 1 0 0 4 4 0 4 4 4
0 14 3 0 3 0 3 0 3 0 3 0 3 0 0 2
0 14 4 0 0 4 0 0 4 3 0 0 4 4 4 0
0 9 0 0 0 0 0 0 0 0 4
0 11 0 4 0 0 4 0 4 2 4 0 0
0 16 4 4 1 0 4 4 4 0 4 4 4 3 4 3 0 4
0 19 4 4 0 0 4 3 4 3 4 0 4 0 4 4 1 0 4 4 4
0 12 4 4 4 4 3 0 4 4 0 4 3 4
0 20 0 2 0 0 4 0 2 0 3 0 2 0 3 0 2 0 0 4 0 2
0 12 0 0 0 4 0 0 4 2 0 4 4 4
0 29 3 0 3 0 3 0 3 0 3 0 3 0 0 0 0 0 0 0 2 4 2 4 4 4 2 4 4 4 4
0 8 0 2 4 2 4 2 4 4
0 10 4 3 4 0 4 3 4 4 2 4
0 26 0 4 4 1 0 4 0 4 0 4 4 3 4 0 0 0 4 4 2 4 0 0 0 0 0 4
0 7 0 0 0 0 0 0 4
0 2 4 1
0 13 4 0 0 4 0 4 3 0 4 4 0 0 0
0 27 3 0 3 0 3 0 3 0 0 3 0 3 0 3 0 3 0 3 0 3 0 0 0 0 2 4 4
0 10 4 4 4 0 4 1 0 4 4 4
0 23 0 4 3 4 0 0 4 0 4 1 0 0 4 0 0 0 4 3 4 4 0 4 0
0 14 0 3 0 0 0 0 0 0 0 0 0 4 4 4
0 6 4 4 1 0 4 0
0 11 0 2 0 0 4 0 2 0 0 4 0
0 8 4 3 4 2 4 0 0 4
0 3 0 4 1
0 14 4 4 4 4 0 4 4 3 4 4 4 3 4 0
0 11 0 0 3 0 4 4 4 4 2 4 4
0 17 4 4 0 0 4 3 4 3 4 0 4 0 4 4 1 0 4
0 10 4 0 0 4 0 0 4 3 0 0
0 19 4 4 0 0 0 4 1 0 0 0 0 4 4 3 0 0 4 4 4
0 23 4 0 0 4 3 0 4 4 4 0 0 4 2 0 0 0 4 4 2 0 0 0 0
0 14 0 4 4 2 0 0 4 4 0 4 4 3 4 4
0 29 3 0 3 0 3 0 3 0 0 3 0 3 0 3 0 3 0 3 0 3 0 0 0 0 2 4 4 4 2
0 22 4 4 0 0 0 4 1 0 0 0 0 4 4 3 0 0 4 4 4 1 0 4
0 14 4 4 0 0 4 3 4 3 4 0 4 0 4 4
0 21 0 4 3 4 0 0 4 0 4 1 0 0 4 0 0 0 4 3 4 4 0
0 18 4 4 4 4 3 4 4 1 0 0 4 4 4 4 4 3 0 0
0 17 4 0 4 3 4 0 4 3 0 4 0 0 4 3 4 0 0
0 16 0 4 0 4 0 4 4 2 0 0 0 4 0 4 3 4
0 23 4 2 4 4 4 3 4 4 4 0 4 3 0 0 0 4 4 1 0 0 4 4 4
0 10 0 4 1 0 0 4 0 0 4 4
0 13 4 4 3 0 0 4 4 3 4 4 4 3 0
0 18 0 0 0 0 0 0 0 0 0 0 0 0 0 4 4 4 4 4
0 9 0 4 0 0 4 0 4 2 4
0 14 0 4 0 4 0 4 4 3 0 4 4 4 4 4
0 5 0 0 3 0 4
0 13 0 4 4 2 0 0 4 4 0 4 4 3 4
0 5 4 4 3 0 0
0 13 0 0 0 0 2 4 4 4 2 4 4 4 4
0 18 0 0 0 0 0 3 0 3 0 3 0 3 0 2 4 2 4 2
0 27 4 2 4 4 4 3 4 4 4 0 4 3 0 0 0 4 4 1 0 0 4 4 4 4 4 3 4
0 27 4 1 0 4 4 4 4 4 3 0 4 1 0 4 4 4 0 4 0 4 1 0 4 0 0 0 0
0 12 0 0 0 0 0 0 0 2 4 2 4 2
0 16 4 4 4 4 0 4 4 3 4 4 4 3 4 0 4 1
0 7 0 0 0 0 2 4 4
0 8 0 0 0 0 0 0 0 2
0 24 0 4 4 4 0 4 1 0 0 4 4 0 0 4 3 4 3 4 4 0 4 2 4 4
0 12 0 4 1 0 4 0 0 0 4 4 3 0
0 13 0 0 0 0 0 0 0 0 0 0 3 0 2
0 31 0 4 4 4 0 4 1 0 0 4 4 0 0 4 3 4 3 4 4 0 4 2 4 4 2 4 4 4 4 0 4
0 19 0 0 4 0 4 4 4 3 4 4 4 3 0 0 4 2 0 0 0
0 25 0 2 0 0 4 0 2 0 3 0 2 0 0 4 0 2 0 0 4 0 2 0 0 4 0
0 10 0 0 0 0 0 0 0 0 0 2
0 17 0 0 0 0 0 0 3 0 3 0 3 0 3 0 3 0 3
0 15 4 1 0 4 4 4 4 4 3 0 4 1 0 4 4
0 15 0 0 0 0 0 0 0 0 0 0 0 0 0 0 4
0 6 0 4 4 1 0 4
0 7 0 4 4 4 0 4 1
0 5 0 0 0 4 0
0 18 0 4 0 0 4 0 4 2 4 0 0 0 0 4 1 0 4 4
0 12 3 0 3 0 3 0 0 3 0 3 0 3
0 6 4 4 4 4 3 4
0 7 0 2 0 0 4 0 2
0 42 0 3 0 3 0 3 0 3 0 3 0 3 0 0 0 0 0 0 0 0 0 3 0 3 0 3 0 3 0 3 0 3 0 2 4 4 4 2 4 2 4 2
0 24 0 4 4 2 0 0 4 4 0 4 4 3 4 4 4 0 4 4 4 1 0 4 3 4
0 4 0 0 0 3
0 1 3
0 9 4 4 0 0 4 3 4 3 4
0 10 0 2 0 3 0 2 0 3 0 2
0 13 0 0 4 0 4 4 4 3 4 4 4 3 0
0 17 0 2 0 3 0 2 0 3 0 2 0 0 4 0 2 0 0
0 13 4 3 4 0 4 3 4 4 2 4 4 0 4
0 26 4 4 1 0 4 4 4 0 4 4 4 3 4 3 0 4 0 0 4 0 4 1 0 4 0 0
0 18 0 4 4 1 0 4 0 4 0 4 4 3 4 0 0 0 4 4
0 9 3 0 3 0 3 0 3 0 3
0 22 0 3 0 3 0 3 0 3 0 3 0 0 0 0 0 0 0 0 0 4 4 4
0 10 0 4 0 4 0 4 4 3 0 4
0 27 3 0 3 0 3 0 3 0 3 0 3 0 0 0 0 0 0 0 2 4 2 4 4 4 2 4 4
0 12 4 1 0 0 0 4 0 4 4 1 0 0
0 26 0 2 0 0 4 0 2 0 0 4 0 2 0 3 0 2 0 3 0 2 0 3 0 2 0 0
0 23 4 2 0 4 4 3 0 0 4 4 3 0 4 4 0 4 3 4 4 0 0 4 0
0 6 0 0 0 4 4 4
0 17 0 2 0 3 0 2 0 0 4 0 2 0 0 4 0 2 0
0 21 3 0 3 0 3 0 3 0 3 0 3 0 0 0 0 0 0 0 0 0 2
0 12 0 0 0 0 0 3 0 3 0 3 0 3
0 16 4 1 0 4 4 4 4 4 3 0 4 1 0 4 4 4
0 11 0 0 0 0 0 0 0 0 0 0 2
0 10 4 0 4 3 4 0 4 3 0 4
0 8 4 4 3 0 0 4 4 0
0 8 4 4 4 0 4 1 0 4
0 24 0 4 1 0 4 0 0 4 1 0 4 1 0 0 4 4 4 0 4 1 0 0 4 4
0 12 4 4 0 0 0 4 1 0 0 0 0 4
0 27 0 0 0 4 1 0 0 0 4 0 4 1 0 0 4 4 0 4 4 4 1 0 4 4 0 0 4
0 5 4 4 4 0 4
0 20 4 0 4 3 4 0 4 3 0 4 0 0 4 3 4 0 0 4 0 4
0 11 0 0 0 0 0 3 0 0 4 4 4
0 4 0 2 0 0
0 15 4 0 0 4 0 0 4 3 0 0 4 4 4 0 4
0 8 0 0 0 4 3 4 3 4
0 15 0 0 3 0 3 0 3 0 3 0 3 0 3 0 2
0 29 4 4 1 0 4 4 4 0 4 4 4 3 4 3 0 4 0 0 4 0 4 1 0 4 0 0 4 4 4
0 24 3 0 3 0 3 0 3 0 3 0 0 0 0 0 0 4 4 4 4 2 4 4 4 2
0 23 4 4 4 4 3 0 4 4 0 4 1 0 4 4 4 3 0 0 4 0 4 0 4
0 5 0 0 0 0 2
0 8 4 4 0 4 2 4 4 0
0 11 0 0 2 4 4 4 2 4 2 4 4
0 13 4 4 4 4 3 0 4 4 0 4 3 4 4
0 12 4 0 0 4 0 4 3 0 4 4 0 0
0 9 0 3 0 3 0 3 0 0 2
0 34 4 0 0 4 3 0 4 4 4 0 0 4 2 0 0 0 4 4 2 0 0 0 0 4 3 4 0 4 0 4 3 0 0 4
0 20 4 4 4 0 0 4 4 3 4 4 3 4 4 4 4 0 0 4 2 0
0 5 0 0 0 0 4
0 23 4 0 4 3 4 0 4 3 0 4 0 0 4 3 4 0 0 4 0 4 1 0 0
0 15 0 3 0 3 0 3 0 0 3 0 3 0 3 0 3
0 8 4 3 4 0 4 3 4 4
0 13 4 4 0 0 4 3 4 3 4 0 4 0 4
0 23 4 1 0 4 4 4 4 4 3 0 4 1 0 4 4 4 0 4 0 4 1 0 4
0 10 0 0 0 0 0 3 0 3 0 2
0 12 4 4 4 4 3 4 4 1 0 0 4 4
0 8 4 0 4 3 4 3 0 0
0 11 4 0 0 4 0 0 4 3 0 0 4
0 10 3 0 3 0 3 0 3 0 0 3
0 5 4 2 0 4 4
0 16 0 2 0 0 4 0 2 0 0 4 0 2 0 0 4 0
0 7 0 0 4 2 4 4 0
0 18 4 4 0 0 4 3 4 3 4 0 4 0 4 4 1 0 4 4
0 14 0 4 4 4 0 4 1 0 0 4 4 0 0 4
0 14 4 0 0 4 0 4 3 0 4 4 0 0 0 4
0 11 0 2 0 0 4 0 2 0 3 0 2
0 21 4 2 0 4 4 3 0 0 4 4 3 0 4 4 0 4 3 4 4 0 0
0 9 4 2 0 4 4 3 0 0 4
0 7 4 4 3 4 0 4 4
0 27 0 3 0 3 0 3 0 3 0 0 3 0 3 0 3 0 3 0 3 0 3 0 2 4 2 4 4
0 21 4 2 4 4 4 3 4 4 4 0 4 3 0 0 0 4 4 1 0 0 4
0 3 0 0 2
0 16 0 4 1 0 0 4 0 0 4 4 1 0 4 2 4 4
0 13 3 0 3 0 3 0 3 0 3 0 3 0 4
0 20 0 2 0 0 4 0 2 0 3 0 2 0 0 4 0 2 0 0 4 0
0 11 0 4 3 4 0 0 0 4 4 3 0
0 16 0 0 0 0 0 0 0 3 0 3 0 3 0 3 0 3
0 25 3 0 3 0 3 0 3 0 0 3 0 3 0 3 0 3 0 3 0 3 0 0 0 0 2
0 9 4 4 3 0 0 4 4 0 4
0 13 0 4 0 4 0 4 4 3 0 4 4 4 4
0 23 0 0 0 0 0 0 3 0 3 0 3 0 3 0 3 0 2 4 2 4 2 4 2
0 15 4 4 4 4 3 0 4 4 0 4 3 4 4 4 0
0 17 0 0 0 0 0 3 0 3 0 3 0 0 4 4 2 4 2
0 31 3 0 3 0 0 0 0 0 0 0 3 0 3 0 3 0 3 0 3 0 0 0 4 4 2 4 2 4 2 4 2
0 20 4 4 4 4 3 0 4 4 0 4 1 0 4 4 4 3 0 0 4 0
0 3 4 2 0
0 36 0 3 0 3 0 3 0 3 0 3 0 3 0 0 0 0 0 0 0 0 0 3 0 3 0 3 0 3 0 3 0 3 0 2 4 4
0 26 0 2 0 3 0 2 0 0 4 0 2 0 3 0 2 0 0 4 0 2 0 0 4 0 2 0
0 14 0 2 0 3 0 2 0 0 4 0 2 0 3 0
0 15 0 4 0 4 4 4 4 1 0 0 4 2 4 2 0
0 14 0 0 0 0 0 0 0 0 0 0 0 2 4 4
0 35 3 0 3 0 3 0 3 0 0 3 0 3 0 3 0 3 0 3 0 3 0 0 0 0 2 4 4 4 2 4 2 4 4 4 2
0 14 0 0 0 0 0 3 0 3 0 3 0 3 0 3
0 15 3 0 3 0 0 0 0 0 4 4 4 4 2 4 2
0 11 4 4 3 4 0 4 4 4 1 0 0
0 19 0 0 0 4 3 0 4 0 0 4 2 0 0 4 4 3 0 0 0
0 19 0 2 0 0 4 0 2 0 0 4 0 2 0 3 0 2 0 3 0
0 19 0 4 1 0 4 0 0 4 1 0 4 1 0 0 4 4 4 0 4
0 17 0 4 0 0 4 0 4 2 4 0 0 0 0 4 1 0 4
0 8 0 0 0 0 0 0 0 4
0 25 0 0 0 0 0 0 3 0 3 0 3 0 3 0 3 0 3 0 0 0 0 0 0 0 2
0 38 0 3 0 3 0 3 0 3 0 3 0 3 0 0 0 0 0 0 0 0 0 3 0 3 0 3 0 3 0 3 0 3 0 2 4 4 4 2
0 15 0 3 0 3 0 3 0 3 0 0 3 0 3 0 3
0 22 0 4 3 4 0 0 4 0 4 1 0 0 4 0 0 0 4 3 4 4 0 4
0 30 0 0 0 0 0 0 0 3 0 3 0 3 0 3 0 3 0 3 0 3 0 3 0 2 4 4 4 2 4 4
0 10 0 0 4 2 4 4 0 4 0 4
0 13 4 2 0 4 4 3 0 0 4 4 3 0 4
0 22 0 0 0 0 0 0 0 0 0 0 0 0 0 0 0 2 4 2 4 2 4 4
0 20 3 0 3 0 3 0 3 0 0 3 0 3 0 3 0 3 0 3 0 3
0 16 4 0 4 3 4 3 0 0 4 3 4 0 0 4 4 4
0 23 4 4 4 0 0 4 4 3 4 4 3 4 4 4 4 0 0 4 2 0 0 4 0
0 24 0 2 0 0 4 0 2 0 0 4 0 2 0 3 0 2 0 3 0 2 0 3 0 2
0 4 4 2 0 4
0 29 0 0 0 0 0 0 0 0 0 0 3 0 3 0 3 0 3 0 3 0 3 0 3 0 3 0 3 0 3
0 9 4 0 4 0 0 4 3 0 0
0 14 4 3 0 0 0 0 4 3 4 2 4 0 4 4
0 22 0 2 0 0 4 0 2 0 3 0 2 0 0 4 0 2 0 3 0 2 0 0
0 16 4 2 0 4 4 3 0 0 4 4 3 0 4 4 0 4
0 13 0 0 3 0 3 0 4 4 4 4 4 4 2
0 30 0 3 0 3 0 3 0 3 0 3 0 3 0 0 0 0 0 0 0 0 0 3 0 3 0 3 0 3 0 3
0 22 0 0 0 4 3 4 3 4 3 0 0 0 0 4 3 4 0 4 2 0 0 4
0 9 0 0 2 4 4 4 2 4 2
0 23 4 4 0 0 4 3 4 3 4 0 4 0 4 4 1 0 4 4 4 4 4 0 4
0 5 4 4 2 4 4
0 13 0 2 0 0 4 0 2 0 3 0 2 0 0
0 9 0 0 4 0 4 4 4 3 4
0 6 0 0 0 2 4 2
0 14 4 1 0 0 0 4 0 4 4 1 0 0 0 4
0 7 4 4 0 0 4 3 4
0 17 3 0 3 0 3 0 3 0 3 0 3 0 4 4 4 4 2
0 19 3 0 3 0 0 0 0 0 4 4 4 4 2 4 2 4 2 4 4
0 13 4 4 3 4 0 4 4 4 1 0 0 0 0
0 30 0 4 4 4 0 4 1 0 0 4 4 0 0 4 3 4 3 4 4 0 4 2 4 4 2 4 4 4 4 0
0 11 0 0 3 0 0 0 0 0 0 0 2
0 15 0 4 1 0 0 4 0 0 4 4 1 0 4 2 4
0 19 0 4 3 4 0 0 4 0 4 1 0 0 4 0 0 0 4 3 4
0 9 0 4 1 0 0 4 0 0 4
0 12 0 0 0 4 1 0 0 0 4 0 4 1
0 15 4 4 0 0 4 3 4 3 4 0 4 0 4 4 1
0 9 0 0 0 0 0 3 0 0 4
0 8 4 4 4 4 3 4 4 1
0 12 4 4 3 0 0 4 4 0 4 2 0 4
0 20 4 0 4 4 0 4 3 4 2 0 0 4 4 0 4 2 4 0 0 4
0 11 0 4 0 4 0 4 4 2 0 0 0
0 18 0 0 0 4 3 0 4 0 0 4 2 0 0 4 4 3 0 0
0 8 0 4 1 0 0 4 0 0
0 5 0 4 0 4 4
0 5 4 3 0 0 0
0 19 0 2 0 0 4 0 2 0 3 0 2 0 3 0 2 0 0 4 0
0 20 0 0 3 0 3 0 0 3 0 3 0 3 0 3 0 3 0 3 0 2
0 5 0 4 3 4 4
0 12 0 0 0 4 3 4 3 4 3 0 0 0
0 24 0 2 0 3 0 2 0 3 0 2 0 0 4 0 2 0 0 4 0 2 0 0 4 0
0 25 0 0 0 4 1 0 0 0 4 0 4 1 0 0 4 4 0 4 4 4 1 0 4 4 0
0 26 4 1 0 4 4 4 4 4 3 0 4 1 0 4 4 4 0 4 0 4 1 0 4 0 0 0
0 5 4 1 0 4 4
0 14 3 0 3 0 3 0 3 0 0 3 0 3 0 3
0 22 0 2 0 3 0 2 0 3 0 2 0 3 0 2 0 3 0 2 0 3 0 2
0 18 0 0 0 4 3 4 3 4 3 0 0 0 0 4 3 4 0 4
0 23 0 4 0 0 4 0 4 2 4 0 0 0 0 4 1 0 4 4 0 4 4 0 4
0 10 4 3 4 2 4 0 0 4 2 4
0 19 0 4 4 4 0 4 1 0 0 4 4 0 0 4 3 4 3 4 4
0 10 0 0 0 0 0 4 4 1 0 4
0 25 4 2 0 4 4 3 0 0 4 4 3 0 4 4 0 4 3 4 4 0 0 4 0 4 1
0 13 4 4 3 0 0 4 4 0 4 2 0 4 4
0 17 0 0 0 0 0 0 0 0 2 4 4 4 4 4 2 4 2
0 22 0 0 0 0 0 0 0 0 0 0 0 0 0 0 0 0 0 4 4 2 4 4
0 11 4 1 0 4 4 4 4 4 3 0 4
0 9 4 0 4 1 0 0 4 0 4
0 8 3 0 3 0 0 3 0 3
0 19 0 2 0 0 4 0 2 0 0 4 0 2 0 0 4 0 2 0 0
0 14 0 0 0 0 0 0 0 0 0 0 0 0 0 4
0 5 0 4 1 0 4
0 17 0 0 3 0 3 0 3 0 3 0 3 0 3 0 0 0 2
0 18 3 0 3 0 3 0 3 0 3 0 0 0 0 0 0 4 4 4
0 11 0 0 0 0 2 4 4 4 2 4 4
0 7 2 4 4 4 2 4 4
0 6 4 1 0 0 0 4
0 21 3 0 3 0 0 3 0 3 0 3 0 0 2 4 2 4 2 4 4 4 2
0 7 4 4 3 0 0 4 4
0 22 0 2 0 0 4 0 2 0 0 4 0 2 0 0 4 0 2 0 0 4 0 2
0 24 4 2 0 4 4 3 0 0 4 4 3 0 4 4 0 4 3 4 4 0 0 4 0 4
0 8 4 0 4 4 0 4 3 4
0 12 4 4 4 0 4 1 0 4 4 4 3 4
0 24 0 2 0 3 0 2 0 3 0 2 0 3 0 2 0 3 0 2 0 0 4 0 2 0
0 19 0 0 0 0 0 0 0 0 0 0 0 0 0 0 4 4 2 4 4
0 26 3 0 3 0 3 0 3 0 3 0 3 0 3 0 3 0 0 0 0 0 0 3 0 3 0 3
0 16 0 4 1 0 4 0 0 4 1 0 4 1 0 0 4 4
0 9 4 4 4 0 0 4 4 3 4
0 13 3 0 3 0 0 0 0 0 0 0 3 0 3
0 45 0 0 0 0 0 0 0 0 0 0 3 0 3 0 3 0 3 0 3 0 3 0 3 0 3 0 3 0 3 0 3 0 3 0 3 0 3 0 3 0 3 0 3 0 2
0 24 4 4 4 4 3 0 4 4 0 4 1 0 4 4 4 3 0 0 4 0 4 0 4 1
0 21 0 2 0 3 0 2 0 3 0 2 0 0 4 0 2 0 0 4 0 2 0
0 28 0 2 0 0 4 0 2 0 3 0 2 0 0 4 0 2 0 0 4 0 2 0 0 4 0 2 0 0
0 11 0 0 0 0 0 0 2 4 2 4 4
0 23 0 4 1 0 4 0 0 4 1 0 4 1 0 0 4 4 4 0 4 1 0 0 4
0 19 4 1 0 0 0 4 0 4 4 1 0 0 0 4 4 4 1 0 0
0 29 4 1 0 4 4 4 4 4 3 0 4 1 0 4 4 4 0 4 0 4 1 0 4 0 0 0 0 0 4
0 6 0 0 0 0 0 4
0 16 0 0 0 0 0 0 0 0 0 0 0 0 0 4 4 4
0 4 4 0 4 4
0 11 4 4 3 0 0 4 4 3 4 4 4
0 6 0 2 4 2 4 2
0 17 4 4 4 3 0 4 0 0 4 4 2 4 2 4 0 4 1
0 23 3 0 3 0 3 0 0 3 0 3 0 3 0 0 0 0 0 0 0 0 0 0 2
0 12 0 0 0 0 0 2 4 4 4 2 4 4
0 19 0 2 0 0 4 0 2 0 3 0 2 0 0 4 0 2 0 3 0
0 22 0 2 0 0 4 0 2 0 3 0 2 0 0 4 0 2 0 0 4 0 2 0
0 22 0 2 0 3 0 2 0 0 4 0 2 0 0 4 0 2 0 0 4 0 2 0
0 23 0 0 4 0 4 4 4 3 4 4 4 3 0 0 4 2 0 0 0 4 0 4 4
0 13 3 0 3 0 3 0 3 0 3 0 2 4 4
0 21 4 4 1 0 4 4 4 0 4 4 4 3 4 3 0 4 0 0 4 0 4
0 15 0 0 0 0 0 4 4 1 0 4 0 4 4 4 4
0 6 0 0 0 4 0 0
0 8 0 0 0 3 0 3 0 3
0 25 0 2 0 3 0 2 0 3 0 2 0 3 0 2 0 0 4 0 2 0 0 4 0 2 0
0 17 0 2 0 0 4 0 2 0 0 4 0 2 0 0 4 0 2
0 9 4 4 4 4 4 4 4 4 4
0 10 4 2 0 4 4 3 0 0 4 4
0 15 4 2 0 4 4 3 0 0 4 4 3 0 4 4 0
0 7 4 4 2 4 2 4 4
0 29 4 0 4 3 4 0 4 3 0 4 0 0 4 3 4 0 0 4 0 4 1 0 0 4 3 4 0 0 0
0 27 0 0 0 0 0 0 0 0 0 0 3 0 3 0 3 0 3 0 3 0 3 0 3 0 3 0 3
0 8 4 4 4 4 3 0 4 4
0 12 0 0 0 0 0 4 4 1 0 4 0 4
0 13 0 4 1 0 4 0 0 0 4 4 3 0 4
0 17 0 0 0 0 0 0 3 0 3 0 3 0 3 0 3 0 2
0 31 3 0 3 0 3 0 3 0 3 0 3 0 3 0 3 0 3 0 3 0 3 0 3 0 3 0 3 0 3 0 3
0 9 0 0 0 4 0 0 4 2 0
0 18 0 2 0 3 0 2 0 0 4 0 2 0 0 4 0 2 0 0
0 30 4 0 4 3 4 0 4 3 0 4 0 0 4 3 4 0 0 4 0 4 1 0 0 4 3 4 0 0 0 4
0 9 2 4 4 4 2 4 4 4 2
0 6 4 4 4 3 0 4
0 17 0 3 0 3 0 3 0 0 3 0 3 0 3 0 3 0 3
0 5 2 4 2 4 4
0 34 0 4 3 4 0 0 4 0 4 1 0 0 4 0 0 0 4 3 4 4 0 4 0 4 4 1 0 4 0 0 4 3 0 0
0 16 0 0 0 4 3 4 3 4 3 0 0 0 0 4 3 4
0 9 0 4 1 0 4 0 0 4 1
0 25 0 2 0 0 4 0 2 0 3 0 2 0 0 4 0 2 0 0 4 0 2 0 3 0 2
0 11 0 4 0 4 0 4 4 3 0 4 4
0 21 4 0 0 4 3 0 4 4 4 0 0 4 2 0 0 0 4 4 2 0 0
0 17 0 4 1 0 4 0 0 0 4 4 3 0 4 4 4 4 0
0 14 0 0 0 4 4 4 4 4 4 2 4 2 4 4
0 22 4 4 4 0 0 4 4 3 4 4 3 4 4 4 4 0 0 4 2 0 0 4
0 10 4 0 4 4 0 4 3 4 2 0
0 12 0 0 4 2 4 4 0 4 0 4 4 1
0 12 0 3 0 0 0 0 0 0 0 0 0 4
0 22 0 4 0 0 4 0 4 2 4 0 0 0 0 4 1 0 4 4 0 4 4 0
0 23 0 2 0 3 0 2 0 0 4 0 2 0 3 0 2 0 3 0 2 0 3 0 2
0 19 4 0 0 4 2 4 0 4 2 4 1 0 0 0 0 4 0 4 4
0 19 3 0 3 0 0 0 0 0 0 0 3 0 3 0 3 0 3 0 3
0 21 3 0 3 0 3 0 3 0 3 0 3 0 3 0 3 0 3 0 3 0 3
0 14 0 4 0 4 3 0 4 0 4 2 0 0 4 4
0 25 0 4 4 1 0 4 0 4 0 4 4 3 4 0 0 0 4 4 2 4 0 0 0 0 0
0 14 3 0 3 0 3 0 0 0 0 0 0 0 0 2
0 35 4 0 0 4 3 0 4 4 4 0 0 4 2 0 0 0 4 4 2 0 0 0 0 4 3 4 0 4 0 4 3 0 0 4 4
0 9 0 4 0 4 0 4 4 2 0
0 17 4 0 4 4 0 4 3 4 2 0 0 4 4 0 4 2 4
0 16 0 0 0 0 0 0 0 0 0 0 0 2 4 4 4 2
0 18 0 2 0 0 4 0 2 0 0 4 0 2 0 3 0 2 0 0
0 7 0 0 4 0 4 4 4
0 4 0 0 0 2
0 11 0 2 0 3 0 2 0 0 4 0 2
0 20 0 0 0 0 0 3 0 3 0 0 0 0 0 0 0 0 0 3 0 2
0 4 0 3 0 3
0 22 3 0 3 0 3 0 3 0 3 0 3 0 3 0 3 0 0 0 0 0 0 3
0 25 4 0 0 4 2 4 0 4 2 4 1 0 0 0 0 4 0 4 4 3 0 4 4 0 4
0 17 0 4 0 4 0 4 4 2 0 0 0 4 0 4 3 4 4
0 28 4 1 0 4 4 4 4 4 3 0 4 1 0 4 4 4 0 4 0 4 1 0 4 0 0 0 0 0
0 29 3 0 3 0 3 0 3 0 3 0 3 0 3 0 3 0 3 0 3 0 3 0 3 0 3 0 3 0 3
0 13 0 0 0 4 0 0 4 2 0 4 4 4 1
0 23 4 0 0 4 2 4 0 4 2 4 1 0 0 0 0 4 0 4 4 3 0 4 4
0 21 0 0 0 0 0 0 0 0 0 0 3 0 3 0 3 0 3 0 3 0 3
0 8 0 4 0 4 3 0 4 0
0 29 0 4 3 4 0 0 4 0 4 1 0 0 4 0 0 0 4 3 4 4 0 4 0 4 4 1 0 4 0
0 4 4 0 4 1
0 11 0 0 4 4 2 4 4 4 2 4 4
0 7 0 0 3 0 4 4 4
0 22 4 0 0 4 3 0 4 4 4 0 0 4 2 0 0 0 4 4 2 0 0 0
0 29 0 3 0 3 0 3 0 3 0 0 3 0 3 0 3 0 3 0 3 0 3 0 2 4 2 4 4 4 2
0 22 4 0 4 4 0 4 3 4 2 0 0 4 4 0 4 2 4 0 0 4 2 4
0 15 0 0 0 0 0 0 0 0 0 0 3 0 3 0 3
0 10 0 0 0 4 3 4 3 4 3 0
0 12 4 4 4 3 0 4 0 0 4 4 2 4
0 21 4 3 0 0 0 0 4 3 4 2 4 0 4 4 1 0 0 0 4 4 4
0 10 4 4 0 4 4 4 1 0 0 4
0 8 4 2 4 4 4 3 4 4
0 33 0 0 0 0 0 0 0 0 0 0 3 0 3 0 3 0 3 0 3 0 3 0 3 0 3 0 3 0 3 0 3 0 3
0 14 0 0 4 0 4 4 4 3 4 4 4 3 0 0
0 9 4 4 1 0 4 4 4 0 4
0 17 0 2 0 0 4 0 2 0 3 0 2 0 0 4 0 2 0
0 27 0 2 0 3 0 2 0 0 4 0 2 0 3 0 2 0 0 4 0 2 0 0 4 0 2 0 0
0 30 0 4 4 1 0 4 0 4 0 4 4 3 4 0 0 0 4 4 2 4 0 0 0 0 0 4 3 4 4 0
0 25 0 3 0 3 0 3 0 3 0 0 3 0 3 0 3 0 3 0 3 0 3 0 2 4 2
0 21 0 3 0 3 0 3 0 0 3 0 3 0 3 0 3 0 3 0 0 0 4
0 5 4 1 0 0 0
0 17 4 4 4 4 3 0 4 4 0 4 1 0 4 4 4 3 0
0 11 4 4 4 4 3 4 4 1 0 0 4
0 5 3 0 3 0 3
0 5 4 4 1 0 4
0 17 0 0 3 0 3 0 3 0 3 0 3 0 3 0 2 4 4
0 9 0 0 4 2 4 4 0 4 0
0 15 0 0 0 4 3 0 4 0 0 4 2 0 0 4 4
0 14 0 4 3 4 0 0 0 4 4 3 0 4 3 4
0 15 4 4 3 4 0 4 4 4 1 0 0 0 0 4 4
0 15 0 4 0 0 4 0 4 2 4 0 0 0 0 4 1
0 17 4 0 0 4 3 0 4 4 4 0 0 4 2 0 0 0 4
0 7 0 0 4 4 2 4 4
0 21 4 1 0 0 0 4 0 4 4 1 0 0 0 4 4 4 1 0 0 0 0
0 8 4 4 1 0 4 4 4 0
0 16 3 0 3 0 3 0 3 0 3 0 3 0 0 2 4 4
0 10 0 4 0 0 4 0 4 2 4 0
0 17 0 4 0 4 0 4 4 3 0 4 4 4 4 4 3 0 4
0 13 0 2 0 3 0 2 0 0 4 0 2 0 0
0 15 3 0 3 0 3 0 3 0 3 0 3 0 4 4 4
0 4 4 3 4 0
0 27 4 0 0 4 2 4 0 4 2 4 1 0 0 0 0 4 0 4 4 3 0 4 4 0 4 0 4
0 10 4 4 1 0 4 4 4 0 4 4
0 28 4 0 0 4 3 0 4 4 4 0 0 4 2 0 0 0 4 4 2 0 0 0 0 4 3 4 0 4
0 5 0 4 1 0 0
0 18 4 0 0 4 3 0 4 4 4 0 0 4 2 0 0 0 4 4
0 33 3 0 3 0 3 0 3 0 3 0 3 0 3 0 3 0 3 0 3 0 3 0 3 0 3 0 3 0 3 0 3 0 4
0 17 4 4 3 0 0 4 4 3 4 4 4 3 0 4 4 0 4
0 18 4 0 4 4 0 4 3 4 2 0 0 4 4 0 4 2 4 0
0 7 4 3 4 0 4 3 4
0 17 0 2 0 3 0 2 0 0 4 0 2 0 3 0 2 0 0
0 9 0 2 0 3 0 2 0 3 0
0 27 4 0 4 4 0 4 3 4 2 0 0 4 4 0 4 2 4 0 0 4 2 4 0 4 2 0 4
0 10 0 0 0 0 0 4 4 2 4 4
0 16 4 0 0 4 3 0 4 4 4 0 0 4 2 0 0 0
0 32 0 0 0 0 0 0 0 3 0 3 0 3 0 3 0 3 0 3 0 3 0 3 0 2 4 4 4 2 4 4 4 4
0 26 0 2 0 0 4 0 2 0 0 4 0 2 0 0 4 0 2 0 0 4 0 2 0 3 0 2
0 27 0 4 4 4 0 4 1 0 0 4 4 0 0 4 3 4 3 4 4 0 4 2 4 4 2 4 4
0 11 4 4 0 4 4 4 1 0 0 4 4
0 11 4 0 0 4 2 4 0 4 2 4 1
0 17 4 4 0 0 0 4 1 0 0 0 0 4 4 3 0 0 4
0 15 0 2 0 3 0 2 0 3 0 2 0 0 4 0 2
0 4 4 3 0 0
0 7 4 1 0 4 4 4 4
