248 5
1 0 
1 155 4 0 3 0 3 0 3 0 3 0 3 4 3 4 3 4 3 4 3 2 3 0 2 2 2 0 2 0 0 2 0 3 0 3 0 3 0 3 0 3 2 3 0 2 0 0 0 2 0 2 2 2 2 3 0 0 2 0 0 1 1 0 3 0 3 0 3 0 3 0 3 4 3 4 3 2 3 4 3 2 3 0 3 0 3 0 3 0 3 2 0 0 0 0 2 3 4 3 0 2 2 2 0 3 0 3 2 2 2 2 2 2 3 0 3 0 3 0 3 0 2 4 3 4 3 2 2 2 2 0 3 0 2 2 0 0 0 3 0 3 0 3 2 3 4 3 0 2 0 0 2 3 1 1 1
1 4 1 1 3 3
1 141 1 3 1 0 3 2 2 2 2 3 3 0 0 3 0 0 3 1 0 3 1 0 3 0 0 3 0 0 3 2 2 2 2 2 3 1 0 3 1 0 3 0 0 3 3 1 0 3 0 0 3 1 0 3 3 2 2 2 2 2 2 2 2 2 2 2 3 2 2 2 2 2 2 1 0 3 0 3 2 0 2 0 2 3 4 3 2 3 4 3 0 3 0 3 0 3 0 3 0 3 0 3 3 1 0 3 1 0 3 1 0 3 1 0 3 0 0 2 2 2 2 3 2 3 2 2 3 3 1 0 3 0 0 3 0 0 3 0 0 1 1
1 28 4 3 0 0 3 1 0 3 1 0 3 1 0 3 0 0 3 1 0 3 2 2 2 2 2 1 1 3
1 1 3
1 48 1 3 0 0 3 0 0 3 1 0 3 0 0 3 0 0 3 0 0 2 2 2 2 2 2 2 2 2 3 3 0 0 3 1 0 3 1 0 3 1 0 2 2 1 1 3 1 1
1 77 1 0 3 0 3 0 3 0 3 0 3 0 3 4 3 2 0 2 2 3 0 3 0 3 2 3 2 4 3 2 3 0 3 0 3 0 3 0 3 0 3 0 2 2 0 2 0 3 0 3 0 3 0 3 2 0 0 0 2 2 0 2 3 4 3 0 3 0 3 0 3 0 3 2 1 1 1
1 6 1 1 3 3 1 3
1 77 1 3 1 0 2 2 2 2 2 3 2 2 2 2 2 2 3 3 0 0 3 0 0 3 0 0 3 0 0 3 1 0 1 3 3 1 0 3 1 0 3 1 0 3 1 0 3 2 2 2 2 2 2 2 2 2 3 3 1 0 3 1 0 3 2 2 2 3 2 2 2 2 3 1 1 3 1
1 4 1 1 1 1
1 99 1 3 1 0 3 1 0 3 1 0 3 1 0 3 0 0 3 0 0 2 2 2 2 2 2 2 2 3 2 2 2 2 2 2 3 0 0 3 1 0 2 2 2 3 3 2 2 3 3 1 0 3 0 0 3 0 0 3 0 0 3 0 0 3 2 2 2 2 2 2 3 2 2 3 3 3 0 0 3 0 0 3 3 2 2 2 2 2 2 3 3 3 1 3 3 1 1 1 3
1 91 1 1 4 0 3 0 3 0 3 2 3 2 3 4 3 0 4 3 0 0 0 2 0 3 0 0 2 2 2 2 2 2 0 0 2 2 0 0 0 2 2 0 2 2 4 3 0 0 0 0 2 0 0 3 0 3 0 3 4 3 2 0 0 0 0 0 0 2 0 0 0 2 0 0 0 0 3 0 3 0 3 2 0 0 1 1 3 3 3 3 1
1 4 1 3 1 1
1 75 1 0 3 0 3 0 3 0 3 0 3 0 3 0 3 0 3 0 3 0 3 2 3 0 2 0 4 3 2 0 2 0 2 3 4 3 0 3 0 3 0 3 4 3 0 3 0 3 0 3 0 3 0 3 4 3 0 2 3 3 0 0 3 1 0 3 3 2 2 2 2 2 2 1 3
1 68 1 3 1 0 2 2 3 3 2 2 2 2 3 3 0 0 3 0 0 3 0 0 3 0 0 3 0 0 3 0 0 3 0 0 3 1 0 3 1 0 2 2 2 2 3 1 0 3 0 0 3 0 0 2 2 2 2 2 3 3 3 3 3 1 3 3 3 3
1 147 2 0 3 0 3 0 3 0 3 0 2 2 2 2 2 2 0 2 0 3 0 3 0 3 0 3 0 3 0 3 4 3 2 2 3 4 3 2 2 0 0 2 2 0 3 0 3 0 3 0 3 0 3 0 3 2 3 2 0 0 0 0 3 0 3 0 3 2 0 3 0 3 0 3 0 3 0 3 0 3 2 0 0 2 2 2 2 3 4 3 2 0 2 2 3 0 0 3 1 0 3 1 0 3 3 3 1 0 3 1 0 3 3 2 2 2 3 3 1 0 3 0 0 3 0 0 3 1 0 3 1 0 3 1 0 3 3 2 2 2 3 2 2 2 2 1 1
1 46 3 1 0 3 0 0 3 3 3 1 0 3 0 0 3 0 0 3 0 0 2 2 2 2 2 2 3 1 0 3 1 0 3 0 0 3 1 0 3 3 1 1 1 1 1 3
1 120 3 1 0 3 0 0 3 0 0 3 0 0 2 2 2 2 2 3 3 2 2 3 3 1 0 3 0 0 3 1 0 3 0 0 2 2 2 2 2 2 2 2 3 3 0 0 3 1 0 3 1 0 3 0 0 3 0 0 3 1 0 2 2 2 2 2 2 3 0 0 2 2 2 3 1 1 3 0 0 3 3 2 3 2 3 1 0 3 0 0 3 1 0 2 2 2 2 2 3 2 3 3 0 0 3 0 0 3 3 3 3 3 2 3 0 0 3 1 1 3
1 91 1 2 3 2 3 2 2 2 2 2 3 0 0 3 1 0 3 0 0 3 0 0 2 2 2 2 2 2 3 2 2 3 2 2 3 1 0 3 0 0 3 1 0 3 3 3 3 3 1 0 3 1 0 3 1 0 3 0 0 2 2 2 2 3 3 2 2 2 3 3 2 2 2 2 3 2 2 3 1 0 3 2 2 3 3 3 1 3 1 3 1
1 294 3 0 0 3 0 0 3 0 0 3 0 0 3 0 0 3 0 0 3 3 3 3 1 0 3 1 0 2 3 1 0 3 1 0 3 0 0 2 2 2 2 3 3 3 3 2 2 2 2 2 3 3 2 2 2 2 2 3 0 0 3 1 0 3 0 0 3 0 0 3 1 0 3 1 0 3 3 3 3 3 0 0 3 0 0 3 3 2 2 2 2 2 2 3 3 1 0 3 0 3 0 3 0 3 0 3 2 3 2 0 4 3 2 3 2 0 3 2 2 0 2 0 2 0 3 2 3 0 0 0 3 0 3 0 3 0 3 2 0 0 4 3 4 3 2 0 3 0 3 0 3 0 3 4 0 3 0 3 2 2 0 0 2 3 1 0 3 1 0 3 1 0 3 2 2 2 2 3 1 0 3 1 0 3 0 0 3 1 0 3 0 0 2 2 2 2 2 2 3 3 0 0 3 0 0 3 0 0 3 0 0 3 3 3 2 2 2 3 1 0 3 1 0 3 0 0 3 1 0 3 2 3 2 2 2 3 0 0 3 1 0 3 0 0 3 1 0 2 2 2 3 3 3 2 2 4 0 3 0 3 0 0 2 2 3 2 3 0 0 2 2 0 3 0 3 0 3 0 3 0 0 0 0 2 0 0 0 2 2 2 0 3 1 1
1 4 1 1 1 3
1 2 3 3
1 6 1 1 3 1 3 3
1 147 4 0 3 0 3 0 3 0 3 0 3 0 3 2 2 2 0 2 0 4 3 0 3 0 3 0 3 2 3 4 3 0 0 0 0 0 0 2 0 2 0 3 0 3 2 3 0 0 0 2 2 2 2 3 4 3 0 3 0 2 0 2 0 1 1 1 2 3 4 3 0 3 0 3 0 3 0 3 0 3 0 3 0 3 0 2 2 0 0 0 3 0 3 0 3 0 3 2 0 2 2 0 0 3 0 3 0 3 0 3 0 3 0 3 2 3 2 0 2 2 2 2 0 2 2 2 0 0 2 0 3 0 3 0 3 0 3 0 3 0 3 3 3 3 1 3 1
1 73 1 2 1 2 0 3 0 3 0 3 0 3 0 0 0 0 2 0 0 3 0 3 0 3 4 3 0 0 2 2 4 3 2 3 3 1 0 4 0 3 0 3 0 3 0 3 0 3 0 3 2 0 0 2 2 4 3 0 0 0 2 0 0 0 3 0 3 2 3 4 3 3 3
1 148 3 0 0 3 1 0 3 0 0 3 0 0 3 3 3 3 2 2 2 2 2 1 0 3 0 3 0 3 0 3 0 0 2 0 2 2 3 0 2 2 0 0 2 2 3 0 3 0 3 0 3 0 3 0 3 4 3 2 3 4 3 2 0 0 2 0 0 3 0 3 0 3 4 3 4 3 2 2 2 2 2 2 3 3 1 0 3 0 0 3 1 0 2 2 2 2 2 2 3 3 2 2 2 2 3 3 0 0 3 1 0 3 1 0 3 1 0 3 1 0 3 3 2 2 2 3 3 1 0 3 1 0 2 2 2 2 2 2 2 2 2 2 1 1 3 1 3 1
1 1 1
1 261 1 3 1 0 3 0 0 3 0 0 3 0 0 3 0 0 3 3 2 2 2 2 3 3 3 1 1 0 3 0 3 0 3 0 3 0 3 0 3 2 0 2 2 3 2 0 4 3 4 3 2 0 0 2 0 2 4 3 2 3 4 3 0 3 0 3 0 3 0 3 0 3 4 3 4 3 0 0 0 2 0 0 4 3 2 3 0 3 0 3 0 3 0 3 0 3 0 3 4 3 0 2 0 0 2 2 0 2 2 0 2 3 4 3 4 3 0 3 0 3 0 3 0 3 0 3 2 0 0 2 0 2 2 3 2 3 0 2 2 2 0 0 2 0 2 2 0 3 0 3 0 3 0 3 2 3 0 2 3 0 0 0 2 2 2 3 2 3 1 3 1 0 3 1 0 3 1 0 3 1 0 3 1 0 3 0 0 3 1 0 3 0 0 3 1 0 3 1 0 3 1 0 3 1 0 3 2 2 2 2 2 2 2 2 3 0 0 3 1 0 3 0 0 3 0 0 3 1 0 3 1 0 2 2 2 2 2 2 3 3 3 3 3 0 0 3 1 0 3 0 0 3 0 0 3 1 0 3 3 3 3
1 21 1 1 3 1 0 3 1 0 3 3 2 2 2 2 2 2 1 3 1 1 1
1 42 3 1 0 3 1 0 3 0 0 3 0 0 3 0 0 3 1 0 2 2 2 2 2 2 2 2 2 2 2 3 3 3 2 2 2 2 3 0 0 3 1 0
1 7 1 1 3 1 1 3 1
1 57 1 1 3 0 0 3 0 0 3 1 0 3 1 0 3 0 0 3 2 2 2 3 0 0 3 0 0 3 1 0 3 0 0 3 0 0 3 0 0 3 0 0 3 1 0 3 1 0 3 0 0 2 2 2 1 1 3
1 3 1 3 3
1 21 1 3 1 0 3 1 0 3 1 0 3 0 0 3 1 0 3 3 3 3 1
1 47 1 1 1 2 0 3 0 3 0 3 0 3 0 3 0 3 0 3 0 3 0 3 2 3 4 3 2 0 0 0 0 0 0 0 0 2 0 0 2 0 4 3 1 1 1 1 1
1 149 1 1 3 0 0 3 1 0 3 1 0 3 2 3 3 2 2 2 2 2 2 2 2 2 2 3 3 3 3 1 0 3 0 0 3 1 0 3 0 0 3 2 2 2 2 2 2 3 1 0 3 1 0 3 0 0 3 0 0 3 1 0 2 2 2 2 2 2 2 2 2 3 2 2 2 2 2 2 3 2 2 2 2 3 3 3 1 0 3 1 0 3 0 0 3 2 2 2 2 2 2 3 3 0 0 3 1 0 3 0 0 3 0 0 3 1 0 2 2 2 2 3 0 0 3 0 0 3 2 2 2 2 2 2 3 3 3 3 0 0 3 3 4 3 3 1 1 3 3
1 5 1 3 1 1 3
1 4 3 3 1 1
1 86 3 3 3 1 0 3 0 0 3 1 0 3 0 0 3 1 0 3 1 0 3 0 0 3 3 3 3 0 0 3 1 0 3 0 0 3 1 0 3 0 0 3 0 0 2 2 2 2 2 3 3 2 2 2 3 3 1 0 3 0 0 3 0 0 3 1 0 3 0 0 3 0 0 3 0 0 3 3 2 2 2 2 1 1 3 1
1 26 1 1 2 3 0 3 0 3 0 3 2 0 0 3 0 3 0 3 0 3 0 1 1 1 1 3
1 109 2 0 3 0 3 0 3 2 3 4 3 4 3 2 0 2 4 3 0 3 0 0 0 2 2 0 2 2 0 2 2 0 2 2 0 0 3 0 3 0 0 0 2 2 2 3 2 2 2 3 0 2 2 0 3 0 3 0 3 0 3 2 0 0 2 0 2 2 0 0 0 0 2 0 2 4 3 0 3 2 2 2 2 0 4 3 0 2 0 2 2 2 2 0 0 2 2 2 3 2 3 2 2 2 0 0 2 1 1
1 187 1 3 0 0 3 0 0 3 3 3 3 1 0 3 0 0 3 0 0 3 1 0 3 1 0 3 3 2 2 2 2 2 2 2 2 2 2 2 3 3 1 0 3 1 0 3 1 0 3 2 2 2 2 2 2 3 0 0 3 1 0 3 2 2 2 2 2 3 4 1 1 3 1 0 3 1 0 3 0 0 3 0 0 2 2 3 0 0 3 1 0 3 1 0 3 1 0 3 1 0 3 0 0 3 3 2 2 2 2 2 3 3 3 1 0 3 0 0 3 2 2 2 2 2 2 3 3 3 0 0 3 1 0 3 0 0 3 0 0 3 0 0 3 0 0 3 3 3 3 0 0 3 1 0 3 0 0 3 1 0 3 0 0 3 0 0 3 2 2 2 2 2 2 3 0 0 3 3 3 2 2 2 2 2 2 3 1
1 43 1 0 3 0 3 0 3 0 3 0 3 0 3 0 3 0 3 2 3 0 3 0 3 0 3 0 3 2 3 2 3 0 0 0 4 3 2 2 2 2 0 4 3
1 10 1 1 1 1 1 2 2 3 3 1
1 79 1 1 3 0 0 3 1 0 3 0 0 3 1 0 3 3 0 0 3 0 0 3 1 0 3 1 0 3 0 0 3 3 0 0 3 0 0 3 1 0 3 0 0 3 1 0 3 2 2 2 2 2 2 2 3 3 3 0 0 3 0 0 3 3 2 2 2 2 2 2 2 3 1 3 3 3 1 3 1
1 82 1 4 3 2 0 0 0 2 3 0 3 2 2 2 0 0 0 2 3 0 3 0 3 0 3 0 3 0 3 0 3 2 2 2 3 4 3 0 3 0 3 0 3 0 3 0 3 0 3 4 3 2 0 2 0 2 3 0 2 0 0 2 2 0 0 0 0 2 0 0 0 0 1 1 1 1 1 1 3 3 3 3
1 35 3 1 0 3 3 3 1 0 3 0 0 3 3 3 2 2 2 2 2 2 3 2 2 2 2 3 1 0 3 0 0 3 0 0 1
1 99 3 1 0 3 1 0 3 0 0 3 0 0 2 2 2 2 2 2 2 3 3 3 2 3 2 2 2 2 2 1 1 4 0 3 0 3 0 3 0 3 4 3 0 3 0 3 0 3 0 0 0 0 0 3 0 3 0 3 2 3 2 3 0 3 0 3 0 3 0 3 0 3 0 3 2 3 0 3 0 3 0 3 0 3 2 3 0 2 0 0 3 0 3 0 3 0 3 2 3
1 213 3 0 0 3 1 0 3 1 0 3 1 0 2 2 2 2 2 2 2 3 3 3 3 1 0 3 0 0 3 1 0 3 0 0 3 0 0 3 3 2 2 2 2 2 3 3 0 0 3 0 0 3 1 0 3 1 0 3 0 0 2 3 1 2 0 3 0 3 2 3 2 2 2 2 2 2 0 2 0 0 2 2 0 3 2 3 2 3 2 2 2 2 0 4 3 0 3 0 3 0 2 0 2 0 0 2 0 2 0 2 2 0 2 4 3 4 3 4 3 0 2 0 4 3 0 0 3 0 3 0 3 0 3 0 3 0 3 0 3 1 0 3 0 3 0 3 0 3 0 3 0 3 0 3 0 3 0 3 4 3 0 3 2 3 2 0 2 0 2 3 2 0 2 2 0 3 2 3 0 3 0 3 0 3 0 3 0 2 2 0 0 3 0 3 0 3 0 3 0 3 0 3 2 2 2 0 0 2 2 3 1 1 1
1 2 3 1
1 3 1 1 3
1 4 3 3 1 3
1 4 3 3 3 3
1 53 1 4 0 3 2 3 2 0 0 2 0 0 2 2 0 0 3 2 3 0 2 0 2 2 2 2 2 2 0 3 0 3 0 3 0 3 0 3 0 0 0 4 3 2 3 2 2 1 1 3 3 1 3
1 108 2 0 3 0 3 0 3 0 3 4 3 2 3 4 3 0 3 0 3 0 3 0 2 2 2 0 0 4 3 0 2 2 0 2 2 2 0 2 0 0 0 2 0 3 0 3 0 3 0 3 0 3 2 3 2 3 4 3 4 3 1 3 0 0 3 1 0 3 2 2 2 2 3 2 2 2 3 1 0 3 1 0 3 1 0 2 2 2 2 2 2 2 2 2 2 3 2 2 2 2 2 3 3 1 1 1 1 3
1 136 1 1 3 0 0 3 1 0 3 0 0 3 1 0 2 2 3 3 2 2 2 2 2 2 2 2 2 2 2 2 2 2 2 2 2 2 2 2 2 2 2 3 0 0 3 1 0 3 1 0 3 0 0 3 1 0 2 2 2 3 2 2 2 2 3 3 2 3 0 0 3 0 0 3 0 0 3 1 0 3 1 0 3 1 0 2 3 1 0 2 2 2 2 2 2 3 3 3 3 3 1 0 3 0 0 3 0 0 3 0 0 3 2 2 3 3 3 0 0 3 1 0 3 2 2 2 2 2 2 2 2 0 3 0 3 1
1 140 4 0 3 0 3 0 3 2 3 2 3 2 3 2 3 2 3 0 3 0 3 0 3 0 3 0 3 2 3 2 3 2 3 0 3 0 3 0 3 0 3 0 3 0 3 3 0 0 3 1 0 3 0 0 3 3 2 2 2 2 2 2 2 3 3 3 0 0 3 0 0 3 1 0 3 1 0 3 1 0 3 0 0 2 2 2 3 2 2 2 3 1 0 3 0 0 3 0 0 3 1 0 3 1 0 3 0 3 0 3 0 3 0 3 0 3 2 3 0 0 0 2 3 2 3 4 3 2 2 0 2 3 2 2 0 2 4 3 1 1
1 83 3 1 0 3 1 0 3 0 0 2 2 3 2 2 2 2 2 2 2 2 2 2 2 2 2 2 2 2 2 2 3 2 3 3 0 0 3 1 0 3 0 0 3 0 0 3 1 0 3 3 3 2 2 2 2 2 3 1 0 3 1 0 3 0 0 3 2 2 2 2 2 2 3 1 0 3 0 0 3 2 2 3 1
1 70 2 2 3 0 0 3 1 0 3 0 0 3 0 0 2 2 2 2 2 2 3 1 0 3 1 0 3 1 0 1 0 3 0 3 0 3 3 0 0 3 1 0 3 1 0 3 0 0 3 0 0 3 0 0 3 2 2 2 2 2 2 3 3 3 3 1 1 1 3 1
1 85 1 1 0 3 0 0 2 0 4 3 0 3 0 3 0 3 0 3 0 3 0 3 0 2 0 2 2 2 4 3 2 3 4 3 4 3 0 3 0 3 0 3 4 3 2 0 0 2 2 2 0 0 0 2 3 0 2 2 0 0 0 2 3 4 3 0 3 0 3 0 3 0 3 0 3 0 3 0 3 0 3 0 3 2 1
1 117 1 1 3 0 0 3 2 2 2 2 3 1 0 3 0 0 3 0 0 3 0 0 3 0 0 3 2 2 2 2 2 2 2 2 2 3 2 2 3 3 0 0 3 0 0 3 1 0 3 0 0 3 0 0 3 3 3 2 2 2 2 2 2 3 3 1 0 3 0 0 3 1 0 3 0 0 3 1 0 2 2 2 2 2 3 2 2 2 2 2 2 2 2 2 2 3 3 0 0 3 0 0 3 1 0 3 3 3 3 3 2 2 2 2 2 1 3
1 5 3 3 3 1 1
1 6 1 1 3 1 1 1
1 5 3 3 3 1 3
1 5 1 3 3 1 3
1 33 1 3 1 0 3 1 0 3 0 0 3 1 0 3 0 0 3 0 0 2 2 2 2 2 2 2 2 2 2 2 2 2 3
1 48 1 3 1 0 3 1 0 3 0 0 3 0 0 3 2 2 2 2 2 3 3 0 0 3 1 0 3 1 0 3 1 0 3 0 0 3 0 0 3 3 2 2 2 3 3 1 3 1
1 148 1 0 3 0 3 0 3 0 3 0 3 2 2 0 0 0 0 0 2 0 2 4 3 0 0 0 2 0 2 0 0 3 0 3 0 3 0 3 0 2 0 2 0 0 2 3 4 3 0 3 4 3 2 2 3 2 3 0 3 0 3 0 3 0 3 4 3 4 3 2 2 0 3 1 0 3 1 0 3 0 0 3 0 0 3 3 3 3 3 1 0 3 0 0 3 1 1 1 3 1 0 3 1 0 3 1 0 3 1 0 3 0 0 3 0 0 3 1 0 3 3 3 3 0 0 3 1 0 3 0 0 2 2 2 2 3 3 2 3 2 2 2 2 2 2 3 1 3
1 18 1 2 0 3 0 3 0 3 4 3 0 2 0 0 0 1 1 1
1 43 4 0 3 0 3 0 3 0 3 0 3 0 3 0 3 2 3 2 2 2 0 2 0 3 0 3 0 3 0 3 2 3 0 2 0 0 2 3 1 1 1 1 1
1 6 3 1 1 1 1 1
1 197 3 0 0 3 1 0 3 0 0 3 2 3 2 3 0 0 3 3 3 3 1 0 3 0 0 3 0 0 3 0 0 3 0 0 2 3 1 0 3 1 0 3 1 0 3 1 0 3 0 0 3 1 0 3 1 0 3 3 2 2 2 2 2 2 3 3 1 0 3 0 0 3 0 0 3 3 3 3 1 0 3 1 0 3 1 0 3 3 3 0 0 3 0 0 3 1 0 3 0 0 2 2 2 3 2 2 2 2 2 2 2 2 3 3 1 0 3 0 0 3 0 0 3 0 0 3 0 0 3 3 3 2 2 2 2 2 1 0 3 0 3 0 3 4 3 2 3 2 2 0 2 3 4 3 0 2 0 0 0 2 0 0 4 3 0 2 2 0 3 0 3 0 3 0 3 0 3 0 0 2 0 0 0 4 3 0 0 2 3 0 3 0 3 2 3 3 3
1 8 1 1 1 3 3 1 1 3
1 62 3 0 0 3 0 0 3 1 0 3 1 0 3 0 0 3 1 0 3 0 0 3 1 0 3 0 0 3 0 0 3 1 0 2 2 2 2 2 3 3 3 1 0 3 0 0 3 0 0 2 2 2 2 2 2 3 3 1 3 3 1 3
1 90 1 3 0 0 3 1 0 3 0 0 3 0 0 3 1 0 3 1 0 2 2 2 2 2 3 3 3 1 0 3 0 0 2 2 2 2 3 3 3 1 0 3 1 0 3 1 0 3 1 0 3 0 0 3 0 0 3 1 0 3 0 0 3 0 0 3 0 0 3 1 0 3 0 0 3 0 0 3 2 2 3 2 2 2 1 1 3 3 3 3
1 60 1 3 0 0 3 1 0 3 2 2 2 2 3 3 0 0 3 0 0 3 1 0 3 0 0 2 2 2 2 2 2 2 2 2 2 2 2 2 2 3 1 0 3 0 0 3 1 0 2 2 2 2 2 3 2 3 1 3 1 3
1 16 1 1 3 0 0 3 0 0 3 0 0 2 3 1 3 1
0 70 3 0 0 3 0 0 3 0 0 3 0 0 3 3 3 0 0 3 0 0 3 0 0 2 2 2 2 2 3 2 2 2 2 2 3 2 3 1 0 3 1 0 3 1 0 2 2 2 2 3 2 2 2 2 2 2 2 2 2 2 2 2 2 2 3 1 0 3 3 0
0 56 1 0 3 0 3 0 3 0 3 0 3 0 3 0 0 2 2 2 2 2 2 2 2 0 3 1 0 3 1 0 3 0 0 2 2 3 2 2 3 3 3 3 0 0 3 1 0 3 0 0 1 3 0 0 3 0
0 68 3 0 0 3 0 0 3 3 1 0 3 0 0 3 0 0 2 2 2 2 2 3 3 3 3 3 1 0 2 2 2 2 2 3 3 0 0 3 0 0 3 1 0 2 2 2 2 3 2 2 2 3 3 3 3 0 0 3 1 0 3 1 0 3 3 2 3 0
0 99 4 0 3 2 3 0 3 0 3 0 3 0 3 0 3 0 3 0 3 0 3 4 3 2 3 2 3 2 3 0 0 2 2 3 1 0 3 0 0 3 1 0 3 0 0 3 3 3 3 2 2 3 1 0 3 0 0 3 0 0 3 1 0 3 0 0 2 2 2 2 2 2 2 2 2 2 2 2 2 2 2 2 2 2 2 2 2 3 3 0 0 3 0 0 3 0 0 3 0
0 12 1 3 0 0 3 0 0 3 0 0 3 0
0 59 1 0 3 0 3 0 3 0 3 0 3 0 3 0 0 2 2 2 2 2 2 2 2 0 3 1 0 3 1 0 3 0 0 2 2 3 2 2 3 3 3 3 0 0 3 1 0 3 0 0 1 3 0 0 3 0 0 3 0
0 8 3 0 0 3 0 0 3 0
0 59 1 3 1 0 3 0 0 3 1 0 2 2 3 3 3 3 3 2 2 2 2 2 2 2 2 2 2 3 0 0 3 1 0 3 0 0 3 0 0 3 0 0 3 3 2 2 2 2 2 2 2 2 2 2 2 2 1 3 0
0 22 3 0 0 3 0 0 3 0 0 3 0 0 3 3 3 0 0 3 0 0 3 0
0 149 2 0 3 0 3 0 3 0 3 0 3 4 3 2 3 0 0 0 2 0 0 3 0 3 2 3 0 2 0 0 0 2 2 2 2 2 0 2 2 0 0 0 3 0 3 0 3 0 3 4 3 0 0 2 0 2 0 0 3 0 3 2 0 2 2 2 0 0 0 0 0 0 2 0 2 3 0 0 3 1 0 3 1 0 3 1 0 3 2 2 2 2 2 2 2 2 2 2 2 3 1 0 3 1 0 2 2 2 2 2 3 3 2 2 3 0 0 3 0 0 3 1 0 3 0 0 3 0 0 2 3 3 3 3 3 3 0 0 3 0 0 3 0 0 3 0 0 3 0
0 22 1 0 3 0 3 0 3 0 3 0 3 2 3 2 3 1 1 3 0 0 3 0
0 3 4 3 0
0 133 1 1 4 3 2 3 0 2 0 2 2 2 3 0 2 0 0 2 0 3 2 2 0 2 2 2 3 4 3 4 0 3 0 3 0 3 0 3 0 3 4 3 4 3 4 3 4 3 2 3 4 3 0 3 0 3 0 3 0 3 0 3 0 3 0 3 0 3 0 3 0 3 0 2 2 2 2 0 0 0 2 2 3 2 3 4 3 0 3 4 3 0 3 0 3 0 3 0 3 0 3 0 3 4 3 0 2 2 3 2 2 1 3 0 0 3 1 0 3 1 0 3 1 0 3 0 0 3 1 0 3 3 0
0 27 1 1 3 1 0 3 0 0 3 0 0 3 1 0 3 1 0 3 0 0 3 3 3 0 0 3 0
0 24 3 0 0 3 0 0 3 1 0 3 1 0 2 2 2 3 2 2 2 2 2 3 3 0
0 4 1 1 3 0
0 21 3 0 0 3 1 0 2 2 2 3 3 0 0 3 0 0 3 0 0 3 0
0 60 3 0 0 3 1 0 2 2 2 2 2 2 3 3 0 0 3 0 0 3 1 0 3 1 0 3 0 0 2 2 2 2 2 2 2 2 2 2 2 2 3 3 0 0 3 1 0 3 0 0 3 0 0 3 1 0 1 3 3 0
0 50 1 0 3 0 3 2 0 0 2 2 3 2 3 0 3 0 2 2 2 0 0 2 3 3 1 0 3 1 0 3 0 0 3 2 2 2 2 2 2 2 2 2 2 2 2 2 2 3 3 0
0 146 2 0 3 0 3 0 3 0 3 0 3 4 3 2 3 0 0 0 2 0 0 3 0 3 2 3 0 2 0 0 0 2 2 2 2 2 0 2 2 0 0 0 3 0 3 0 3 0 3 4 3 0 0 2 0 2 0 0 3 0 3 2 0 2 2 2 0 0 0 0 0 0 2 0 2 3 0 0 3 1 0 3 1 0 3 1 0 3 2 2 2 2 2 2 2 2 2 2 2 3 1 0 3 1 0 2 2 2 2 2 3 3 2 2 3 0 0 3 0 0 3 1 0 3 0 0 3 0 0 2 3 3 3 3 3 3 0 0 3 0 0 3 0 0 3 0
0 26 3 0 0 3 1 0 3 0 0 3 0 0 3 0 0 2 2 2 3 2 2 2 2 3 3 0
0 28 3 1 0 3 1 0 3 1 0 3 1 0 3 3 2 2 2 2 2 2 2 2 2 2 2 3 3 0
0 24 1 1 3 1 0 3 0 0 3 0 0 3 1 0 3 1 0 3 0 0 3 3 3 0
0 91 3 0 0 3 0 0 3 0 0 3 0 0 3 3 3 0 0 3 0 0 3 0 0 2 2 2 2 2 3 2 2 2 2 2 3 2 3 1 0 3 1 0 3 1 0 2 2 2 2 3 2 2 2 2 2 2 2 2 2 2 2 2 2 2 3 1 0 3 3 0 0 3 2 2 2 2 4 1 3 0 0 3 1 0 3 0 0 3 3 3 0
0 7 3 1 0 3 3 3 0
0 6 1 3 0 0 3 0
0 2 3 0
0 31 1 3 1 0 3 0 0 3 1 0 3 1 0 3 1 0 3 0 0 2 2 2 2 2 2 3 3 0 0 3 0
0 49 1 1 1 3 0 0 3 2 2 2 2 2 2 2 2 2 3 1 0 3 1 0 3 0 0 3 0 0 3 1 0 3 0 0 2 2 2 2 2 2 2 2 2 2 2 3 3 3 0
0 15 3 0 0 3 1 0 2 2 2 3 3 0 0 3 0
0 56 3 0 0 3 0 0 3 3 1 0 3 0 0 3 0 0 2 2 2 2 2 3 3 3 3 3 1 0 2 2 2 2 2 3 3 0 0 3 0 0 3 1 0 2 2 2 2 3 2 2 2 3 3 3 3 0
0 94 3 0 0 3 0 0 3 0 0 3 0 0 3 3 3 0 0 3 0 0 3 0 0 2 2 2 2 2 3 2 2 2 2 2 3 2 3 1 0 3 1 0 3 1 0 2 2 2 2 3 2 2 2 2 2 2 2 2 2 2 2 2 2 2 3 1 0 3 3 0 0 3 2 2 2 2 4 1 3 0 0 3 1 0 3 0 0 3 3 3 0 0 3 0
0 84 1 1 2 0 3 0 3 0 3 0 3 0 3 0 3 2 3 4 3 2 2 0 2 2 2 2 0 0 2 3 1 3 0 0 3 0 0 3 1 0 3 1 0 3 1 0 3 2 2 2 3 2 2 2 3 3 0 0 3 1 0 3 3 1 0 3 0 0 3 0 0 3 3 3 3 3 3 2 2 2 2 3 3 0
0 36 1 3 1 0 3 0 0 3 0 0 3 1 0 3 0 0 3 2 2 2 2 2 2 2 2 2 2 3 1 0 3 3 0 0 3 0
0 24 3 0 0 3 0 0 3 1 0 3 1 0 3 3 0 0 3 0 0 2 3 3 3 0
0 93 4 0 3 2 3 0 3 0 3 0 3 0 3 0 3 0 3 0 3 0 3 4 3 2 3 2 3 2 3 0 0 2 2 3 1 0 3 0 0 3 1 0 3 0 0 3 3 3 3 2 2 3 1 0 3 0 0 3 0 0 3 1 0 3 0 0 2 2 2 2 2 2 2 2 2 2 2 2 2 2 2 2 2 2 2 2 2 3 3 0 0 3 0
0 77 1 0 3 0 3 2 0 0 2 2 3 2 3 0 3 0 2 2 2 0 0 2 3 3 1 0 3 1 0 3 0 0 3 2 2 2 2 2 2 2 2 2 2 2 2 2 2 3 3 0 0 3 0 0 3 1 0 3 1 0 3 0 0 2 2 2 2 2 2 2 2 3 3 0 0 3 0
0 30 3 0 0 3 0 0 3 1 0 3 1 0 3 3 0 0 3 0 0 2 3 3 3 0 0 3 0 0 3 0
0 54 3 0 0 3 1 0 3 0 0 3 1 0 3 1 0 2 2 2 2 2 3 3 1 0 3 1 0 3 1 0 3 0 0 2 2 2 2 2 2 3 0 0 3 1 0 2 2 2 2 2 3 3 3 0
0 130 1 0 3 0 3 0 3 0 3 0 3 0 3 2 3 0 2 0 2 4 3 2 3 0 3 0 3 0 3 4 3 0 0 0 0 2 4 3 2 0 0 0 3 0 3 0 3 0 3 0 3 0 3 2 2 0 0 0 4 3 4 3 0 3 0 3 0 3 0 3 0 3 0 0 0 4 3 4 3 0 2 0 2 2 0 2 0 0 2 0 0 3 1 0 3 1 0 3 0 0 3 0 0 3 1 0 2 2 2 2 3 3 3 2 2 2 2 2 2 2 2 2 2 2 2 3 3 3 3 0
0 115 1 0 3 0 3 0 3 0 3 0 3 2 0 2 0 2 0 2 0 0 0 2 2 2 2 2 0 2 2 2 3 0 3 0 3 0 3 0 3 2 0 3 0 3 0 3 0 3 0 3 0 3 4 3 4 3 0 0 2 0 2 2 0 2 0 0 3 0 3 0 3 0 3 0 3 0 3 0 3 0 3 0 3 0 3 0 3 0 3 0 0 0 2 2 2 3 3 0 0 3 1 0 3 1 0 3 0 0 3 3 3 3 3 3 0
0 36 3 0 0 3 0 0 3 3 1 0 3 0 0 3 0 0 2 2 2 2 2 3 3 3 3 3 1 0 2 2 2 2 2 3 3 0
0 20 3 3 3 3 3 0 0 3 1 0 3 1 0 2 2 2 2 3 3 0
0 74 1 1 1 3 0 0 3 2 2 2 2 2 2 2 2 2 3 1 0 3 1 0 3 0 0 3 0 0 3 1 0 3 0 0 2 2 2 2 2 2 2 2 2 2 2 3 3 3 0 0 3 1 0 3 0 0 3 1 0 3 0 0 2 2 2 2 2 3 3 3 3 3 3 0
0 137 2 2 2 2 2 2 3 2 2 3 0 0 3 0 0 3 0 0 3 0 0 3 2 2 2 2 2 2 2 2 2 2 2 1 0 3 0 3 0 3 0 3 2 3 2 0 0 2 2 0 0 0 4 3 0 2 0 3 4 3 2 3 2 0 3 0 3 0 3 0 3 0 3 0 2 2 3 4 3 0 3 0 3 0 3 0 3 0 3 0 3 2 3 4 3 0 3 0 3 0 3 0 3 0 3 4 3 2 0 0 0 4 3 1 2 0 3 0 3 0 3 0 3 3 1 0 3 0 0 3 3 3 3 0 0 3 0
0 49 1 1 1 3 0 0 3 0 0 3 1 0 3 0 0 3 0 0 3 1 0 3 3 3 2 2 3 0 0 3 0 0 3 0 0 3 1 0 3 0 0 3 3 3 3 0 0 3 0
0 114 1 1 4 3 2 3 0 2 0 2 2 2 3 0 2 0 0 2 0 3 2 2 0 2 2 2 3 4 3 4 0 3 0 3 0 3 0 3 0 3 4 3 4 3 4 3 4 3 2 3 4 3 0 3 0 3 0 3 0 3 0 3 0 3 0 3 0 3 0 3 0 3 0 2 2 2 2 0 0 0 2 2 3 2 3 4 3 0 3 4 3 0 3 0 3 0 3 0 3 0 3 0 3 4 3 0 2 2 3 2 2 1 3 0
0 8 1 1 1 3 0 0 3 0
0 60 3 1 0 3 0 0 3 0 0 3 1 0 3 1 0 3 1 0 2 2 2 2 3 3 3 3 1 0 3 0 0 3 2 2 2 3 0 0 3 1 0 3 0 0 3 1 0 2 2 2 2 2 2 2 3 2 3 3 3 0
0 90 4 0 3 2 3 0 3 0 3 0 3 0 3 0 3 0 3 0 3 0 3 4 3 2 3 2 3 2 3 0 0 2 2 3 1 0 3 0 0 3 1 0 3 0 0 3 3 3 3 2 2 3 1 0 3 0 0 3 0 0 3 1 0 3 0 0 2 2 2 2 2 2 2 2 2 2 2 2 2 2 2 2 2 2 2 2 2 3 3 0
0 29 3 0 0 3 1 0 3 0 0 3 0 0 3 0 0 2 2 2 3 2 2 2 2 3 3 0 0 3 0
0 38 3 0 0 2 2 2 2 2 2 2 3 3 2 2 2 2 3 1 0 3 0 0 3 1 0 3 1 0 3 2 2 2 2 2 2 3 3 0
0 18 3 0 0 3 1 0 2 2 2 2 2 2 3 3 0 0 3 0
0 143 2 0 3 0 3 0 3 0 3 0 3 4 3 2 3 0 0 0 2 0 0 3 0 3 2 3 0 2 0 0 0 2 2 2 2 2 0 2 2 0 0 0 3 0 3 0 3 0 3 4 3 0 0 2 0 2 0 0 3 0 3 2 0 2 2 2 0 0 0 0 0 0 2 0 2 3 0 0 3 1 0 3 1 0 3 1 0 3 2 2 2 2 2 2 2 2 2 2 2 3 1 0 3 1 0 2 2 2 2 2 3 3 2 2 3 0 0 3 0 0 3 1 0 3 0 0 3 0 0 2 3 3 3 3 3 3 0 0 3 0 0 3 0
0 189 1 4 0 3 0 3 0 3 0 3 0 3 0 3 0 0 3 0 3 0 3 2 4 3 0 3 0 3 0 3 0 3 0 3 0 3 3 3 2 2 2 2 3 1 0 3 3 2 2 2 2 2 2 3 0 0 3 1 0 3 0 0 3 0 0 3 0 0 3 0 0 3 3 3 0 0 3 0 0 3 1 0 3 1 0 3 0 0 2 2 2 3 2 2 2 2 2 2 2 2 2 3 0 0 3 0 0 3 0 0 3 0 0 2 2 2 2 2 2 3 0 0 3 0 0 3 1 0 3 1 0 3 3 2 2 2 2 2 2 2 3 3 2 2 2 2 2 2 2 2 2 3 0 0 3 0 0 2 3 3 1 0 3 2 2 2 3 1 0 3 1 0 2 2 2 2 2 2 2 2 2 2 2 2 3 3 2 3 0
0 43 1 3 0 0 3 1 0 3 0 0 3 1 0 3 2 2 2 2 2 2 3 0 0 3 1 0 3 1 0 3 1 0 2 2 2 3 3 1 3 0 0 3 0
0 23 2 2 2 2 2 3 0 0 3 1 0 3 0 0 3 1 0 2 2 2 3 3 0
0 71 3 1 0 3 1 0 3 1 0 3 1 0 3 1 0 3 1 0 2 2 2 2 2 2 2 2 3 2 2 3 1 0 3 1 0 3 2 2 2 2 2 3 2 2 2 2 2 3 1 0 3 3 1 0 3 1 0 3 0 0 3 1 0 3 0 0 3 3 3 3 0
0 18 1 1 2 2 3 3 3 1 0 3 3 0 0 3 0 0 3 0
0 19 1 0 3 0 3 0 3 0 3 0 3 2 3 2 3 1 1 3 0
0 179 2 2 2 2 2 2 3 2 2 3 0 0 3 0 0 3 0 0 3 0 0 3 2 2 2 2 2 2 2 2 2 2 2 1 0 3 0 3 0 3 0 3 2 3 2 0 0 2 2 0 0 0 4 3 0 2 0 3 4 3 2 3 2 0 3 0 3 0 3 0 3 0 3 0 2 2 3 4 3 0 3 0 3 0 3 0 3 0 3 0 3 2 3 4 3 0 3 0 3 0 3 0 3 0 3 4 3 2 0 0 0 4 3 1 2 0 3 0 3 0 3 0 3 3 1 0 3 0 0 3 3 3 3 0 0 3 0 0 3 0 0 2 2 2 2 2 3 2 2 2 2 2 2 2 2 2 2 3 1 0 3 0 0 3 0 0 3 1 0 3 2 2 2 2 2 2 3 3 0
0 150 1 3 1 0 3 3 2 2 2 2 2 2 3 1 0 3 0 0 3 0 0 3 1 0 3 1 0 2 2 2 3 3 2 3 1 0 3 1 0 3 0 0 3 1 0 1 0 3 0 3 0 0 2 0 0 0 3 0 3 0 3 0 3 0 3 0 3 2 3 2 3 4 3 2 0 3 0 3 0 3 0 0 0 2 2 2 2 0 0 0 3 0 3 0 3 0 3 0 3 0 3 2 3 2 3 2 3 4 3 0 0 2 0 0 2 0 3 0 3 0 3 0 3 0 3 2 3 4 3 4 3 2 2 0 0 2 2 0 3 2 3 0 2 2 0 0 2 1 3 0
0 140 2 0 3 0 3 0 3 0 3 0 3 4 3 2 3 0 0 0 2 0 0 3 0 3 2 3 0 2 0 0 0 2 2 2 2 2 0 2 2 0 0 0 3 0 3 0 3 0 3 4 3 0 0 2 0 2 0 0 3 0 3 2 0 2 2 2 0 0 0 0 0 0 2 0 2 3 0 0 3 1 0 3 1 0 3 1 0 3 2 2 2 2 2 2 2 2 2 2 2 3 1 0 3 1 0 2 2 2 2 2 3 3 2 2 3 0 0 3 0 0 3 1 0 3 0 0 3 0 0 2 3 3 3 3 3 3 0 0 3 0
0 62 4 4 3 2 3 2 3 4 3 2 3 2 3 0 3 0 3 0 3 2 4 3 4 3 0 3 0 3 0 3 0 3 0 3 0 3 2 2 0 2 0 4 3 0 2 2 1 3 1 0 3 0 0 3 3 3 3 3 0 0 3 0
0 15 1 3 1 0 2 3 2 2 2 2 2 2 1 3 0
0 30 1 1 3 0 0 3 1 0 3 0 0 3 0 0 3 0 0 3 1 0 2 2 2 2 2 2 3 3 3 0
0 33 1 3 1 0 3 0 0 3 0 0 3 1 0 3 0 0 3 2 2 2 2 2 2 2 2 2 2 3 1 0 3 3 0
0 15 1 1 2 2 3 3 3 1 0 3 3 0 0 3 0
0 181 3 0 0 3 1 0 3 1 0 3 1 0 3 0 0 3 0 0 3 1 0 3 1 0 3 1 0 3 3 1 0 3 0 0 3 1 0 3 0 0 3 0 0 3 3 3 3 1 0 3 0 0 2 2 2 2 2 2 2 2 2 2 2 2 2 3 0 0 3 1 0 3 0 0 2 2 2 2 2 2 2 2 3 2 2 2 3 4 0 3 0 3 0 3 0 3 0 3 0 3 4 3 4 3 0 2 0 0 3 0 3 4 3 3 1 0 3 0 0 3 0 0 3 2 2 2 2 2 2 2 2 3 1 0 3 1 0 2 2 2 2 2 2 2 3 2 2 2 2 3 3 1 0 3 0 0 3 1 0 3 1 0 3 0 0 3 2 2 3 3 1 0 3 1 0 3 2 2 3 3 0
0 148 1 1 0 3 4 3 2 0 4 3 2 2 2 0 2 3 0 3 2 3 4 3 2 2 2 2 2 0 2 3 0 0 0 2 0 3 2 3 0 3 0 3 4 3 2 3 2 0 2 3 1 0 3 1 0 3 1 0 3 0 0 3 0 0 3 3 1 0 3 0 0 2 2 2 3 3 1 0 3 0 0 3 1 0 3 0 0 3 2 2 2 2 2 2 2 2 2 3 3 0 0 3 1 0 3 1 0 3 0 0 3 0 0 3 2 3 3 3 1 0 3 0 0 3 0 0 3 1 0 3 1 0 3 2 2 2 2 2 2 2 2 3 3 3 0 0 3 0
0 54 3 1 0 3 0 0 3 1 0 3 1 0 3 2 2 2 2 2 2 3 3 0 0 3 1 0 3 1 0 3 2 2 2 2 2 2 2 2 2 2 3 3 0 0 3 3 2 2 3 3 0 0 3 0
0 6 3 3 3 3 3 0
0 36 1 1 2 0 3 0 3 0 3 0 3 0 3 0 3 2 3 4 3 2 2 0 2 2 2 2 0 0 2 3 1 3 0 0 3 0
0 140 2 2 2 2 2 2 3 2 2 3 0 0 3 0 0 3 0 0 3 0 0 3 2 2 2 2 2 2 2 2 2 2 2 1 0 3 0 3 0 3 0 3 2 3 2 0 0 2 2 0 0 0 4 3 0 2 0 3 4 3 2 3 2 0 3 0 3 0 3 0 3 0 3 0 2 2 3 4 3 0 3 0 3 0 3 0 3 0 3 0 3 2 3 4 3 0 3 0 3 0 3 0 3 0 3 4 3 2 0 0 0 4 3 1 2 0 3 0 3 0 3 0 3 3 1 0 3 0 0 3 3 3 3 0 0 3 0 0 3 0
0 6 4 3 0 0 3 0
0 53 1 0 3 0 3 0 3 0 3 0 3 0 3 0 0 2 2 2 2 2 2 2 2 0 3 1 0 3 1 0 3 0 0 2 2 3 2 2 3 3 3 3 0 0 3 1 0 3 0 0 1 3 0
0 5 1 1 1 3 0
0 98 1 0 3 0 3 0 3 0 3 0 3 2 0 2 0 2 0 2 0 0 0 2 2 2 2 2 0 2 2 2 3 0 3 0 3 0 3 0 3 2 0 3 0 3 0 3 0 3 0 3 0 3 4 3 4 3 0 0 2 0 2 2 0 2 0 0 3 0 3 0 3 0 3 0 3 0 3 0 3 0 3 0 3 0 3 0 3 0 3 0 0 0 2 2 2 3 3 0
0 11 3 0 0 3 0 0 3 0 0 3 0
0 27 3 0 0 3 0 0 3 1 0 3 1 0 3 3 0 0 3 0 0 2 3 3 3 0 0 3 0
0 80 3 0 0 3 0 0 3 0 0 3 0 0 3 3 3 0 0 3 0 0 3 0 0 2 2 2 2 2 3 2 2 2 2 2 3 2 3 1 0 3 1 0 3 1 0 2 2 2 2 3 2 2 2 2 2 2 2 2 2 2 2 2 2 2 3 1 0 3 3 0 0 3 2 2 2 2 4 1 3 0
0 59 1 3 1 0 3 1 0 3 0 0 3 3 3 3 3 3 1 0 3 1 0 3 0 0 3 1 0 3 1 0 2 2 2 2 2 2 2 2 2 3 1 0 3 1 0 3 1 0 3 1 0 3 0 0 3 3 3 3 0
0 101 1 3 1 0 3 1 0 3 0 0 3 0 0 3 3 0 0 3 0 0 3 1 0 3 1 0 3 0 0 3 0 0 3 0 0 2 3 3 3 3 3 1 0 3 1 0 3 1 0 3 0 0 3 0 0 2 2 2 4 0 3 0 3 0 3 0 3 0 3 0 3 2 0 2 0 0 0 0 2 0 4 3 0 0 2 3 1 0 3 0 0 3 1 0 2 2 2 2 3 3 0
0 32 3 0 0 3 1 0 2 2 2 3 3 0 0 3 0 0 3 0 0 3 0 0 3 1 0 3 1 0 3 3 3 0
0 43 3 1 0 3 0 0 3 1 0 3 1 0 3 2 2 2 2 2 2 3 3 0 0 3 1 0 3 1 0 3 2 2 2 2 2 2 2 2 2 2 3 3 0
0 57 1 1 2 0 3 0 3 0 3 0 3 0 3 0 3 2 3 4 3 2 2 0 2 2 2 2 0 0 2 3 1 3 0 0 3 0 0 3 1 0 3 1 0 3 1 0 3 2 2 2 3 2 2 2 3 3 0
0 19 1 3 1 0 3 1 0 3 0 0 3 0 0 3 3 0 0 3 0
0 46 1 1 1 3 0 0 3 0 0 3 1 0 3 0 0 3 0 0 3 1 0 3 3 3 2 2 3 0 0 3 0 0 3 0 0 3 1 0 3 0 0 3 3 3 3 0
0 15 3 1 0 2 2 2 2 2 2 3 2 3 3 3 0
0 58 3 0 0 2 2 2 2 2 2 2 3 3 2 2 2 2 3 1 0 3 0 0 3 1 0 3 1 0 3 2 2 2 2 2 2 3 3 0 0 3 1 0 3 1 0 3 0 0 3 2 2 2 2 2 2 3 3 0
0 46 1 3 0 0 3 1 0 3 0 0 3 1 0 3 2 2 2 2 2 2 3 0 0 3 1 0 3 1 0 3 1 0 2 2 2 3 3 1 3 0 0 3 0 0 3 0
0 32 3 1 0 3 1 0 3 1 0 3 1 0 3 3 2 2 2 2 2 2 2 2 2 2 2 3 3 0 0 2 3 0
0 59 4 4 3 2 3 2 3 4 3 2 3 2 3 0 3 0 3 0 3 2 4 3 4 3 0 3 0 3 0 3 0 3 0 3 0 3 2 2 0 2 0 4 3 0 2 2 1 3 1 0 3 0 0 3 3 3 3 3 0
0 18 3 0 0 3 0 0 3 1 0 3 1 0 3 3 0 0 3 0
0 77 1 1 1 3 0 0 3 2 2 2 2 2 2 2 2 2 3 1 0 3 1 0 3 0 0 3 0 0 3 1 0 3 0 0 2 2 2 2 2 2 2 2 2 2 2 3 3 3 0 0 3 1 0 3 0 0 3 1 0 3 0 0 2 2 2 2 2 3 3 3 3 3 3 0 0 3 0
0 20 3 3 0 0 3 1 0 3 1 0 3 1 0 3 1 0 3 3 3 0
0 62 1 0 3 0 3 0 3 0 3 0 3 0 3 0 0 2 2 2 2 2 2 2 2 0 3 1 0 3 1 0 3 0 0 2 2 3 2 2 3 3 3 3 0 0 3 1 0 3 0 0 1 3 0 0 3 0 0 3 0 0 3 0
0 79 4 0 3 0 3 0 3 0 3 0 3 0 3 0 3 0 3 0 3 0 3 0 3 0 3 0 3 0 3 0 3 0 0 3 0 0 3 1 0 3 1 0 3 0 0 3 0 0 3 0 0 3 2 2 2 2 2 2 2 2 2 2 2 2 2 2 3 1 0 2 2 2 2 2 3 3 3 3 0
0 134 2 2 2 2 2 2 3 2 2 3 0 0 3 0 0 3 0 0 3 0 0 3 2 2 2 2 2 2 2 2 2 2 2 1 0 3 0 3 0 3 0 3 2 3 2 0 0 2 2 0 0 0 4 3 0 2 0 3 4 3 2 3 2 0 3 0 3 0 3 0 3 0 3 0 2 2 3 4 3 0 3 0 3 0 3 0 3 0 3 0 3 2 3 4 3 0 3 0 3 0 3 0 3 0 3 4 3 2 0 0 0 4 3 1 2 0 3 0 3 0 3 0 3 3 1 0 3 0 0 3 3 3 3 0
0 3 1 3 0
0 85 3 0 0 3 0 0 3 0 0 3 3 2 2 2 2 2 3 1 0 3 0 0 3 1 0 3 1 0 3 0 0 3 1 0 3 0 0 3 0 0 3 0 0 3 0 0 3 3 3 3 3 3 1 0 3 1 0 3 0 0 3 0 0 3 2 2 2 2 1 1 3 1 0 3 2 2 2 2 2 2 2 2 3 3 0
0 128 3 1 0 2 2 2 2 2 2 3 2 3 3 3 0 0 3 1 0 3 1 0 3 1 0 3 1 0 3 0 0 3 0 0 3 0 0 2 2 2 2 2 3 0 0 3 0 0 3 1 0 2 0 3 0 2 2 3 0 3 0 3 0 3 2 3 4 3 0 3 0 2 2 0 0 2 0 0 0 2 2 4 3 2 2 0 0 2 0 4 3 4 3 4 3 3 1 0 3 3 3 3 3 1 0 3 1 0 3 0 0 3 0 0 3 0 0 3 1 0 3 2 2 2 3 3 3 0
0 39 3 1 0 3 1 0 3 1 0 3 0 0 3 0 0 3 2 2 3 0 0 3 1 0 3 1 0 3 2 2 3 3 1 0 3 3 1 3 0
0 49 1 1 0 3 0 3 0 3 0 3 0 3 2 2 2 0 0 0 0 2 2 2 0 0 3 0 3 2 3 2 3 2 3 2 2 0 2 2 0 2 3 0 3 0 3 0 3 3 0
0 86 1 3 1 0 3 0 0 3 1 0 3 1 0 3 1 0 3 0 0 2 2 2 2 2 2 3 3 0 0 3 0 0 2 2 2 2 2 2 2 2 2 3 0 0 3 0 0 3 1 0 3 0 0 3 0 0 3 1 0 3 0 0 3 1 0 2 2 2 2 3 1 0 3 0 0 2 2 2 2 2 3 3 3 3 3 0
0 28 1 3 1 0 3 0 0 3 1 0 3 1 0 3 1 0 3 0 0 2 2 2 2 2 2 3 3 0
0 18 3 0 0 3 1 0 3 0 0 3 1 0 2 2 2 3 3 0
0 14 1 2 2 2 2 3 3 0 0 3 0 0 3 0
0 40 1 3 0 0 3 1 0 3 0 0 3 1 0 3 2 2 2 2 2 2 3 0 0 3 1 0 3 1 0 3 1 0 2 2 2 3 3 1 3 0
0 10 1 1 2 0 3 0 3 1 3 0
0 33 1 1 3 0 0 3 1 0 3 0 0 3 0 0 3 0 0 3 1 0 2 2 2 2 2 2 3 3 3 0 0 3 0
0 18 3 0 0 3 1 0 2 2 2 3 3 0 0 3 0 0 3 0
0 185 1 3 0 0 3 1 0 3 0 0 3 1 0 3 2 2 2 2 2 2 3 0 0 3 1 0 3 1 0 3 1 0 2 2 2 3 3 1 3 0 0 3 0 0 3 0 0 2 2 2 2 2 3 3 1 0 3 1 0 3 3 1 0 3 1 0 3 0 0 3 1 0 2 2 2 2 2 2 2 2 2 2 2 2 3 3 3 1 0 3 1 0 3 1 0 3 0 0 3 3 2 2 2 2 2 2 3 2 0 3 0 3 0 3 0 3 0 4 3 4 3 2 2 2 0 0 0 3 1 0 3 0 0 3 1 0 3 0 0 3 1 0 3 2 2 3 1 0 3 0 0 3 0 0 3 0 0 3 0 0 3 0 0 3 0 0 3 1 0 3 0 0 3 1 0 2 2 2 2 3 3 2 3 3 0
0 40 1 1 3 1 0 3 0 0 3 0 0 3 1 0 3 0 0 3 0 0 3 3 3 1 0 3 1 0 3 0 0 3 3 2 2 2 2 3 3 0
0 11 1 2 2 2 2 3 3 0 0 3 0
0 70 2 2 2 2 3 3 3 2 2 2 2 2 3 3 2 2 2 2 2 2 2 2 2 2 2 2 3 3 3 1 0 3 1 0 3 0 0 3 1 0 3 1 0 3 1 0 2 2 2 2 2 2 3 1 0 3 0 0 3 1 0 3 1 0 3 0 0 3 3 0
0 7 1 1 3 0 0 3 0
0 145 1 1 0 3 4 3 2 0 4 3 2 2 2 0 2 3 0 3 2 3 4 3 2 2 2 2 2 0 2 3 0 0 0 2 0 3 2 3 0 3 0 3 4 3 2 3 2 0 2 3 1 0 3 1 0 3 1 0 3 0 0 3 0 0 3 3 1 0 3 0 0 2 2 2 3 3 1 0 3 0 0 3 1 0 3 0 0 3 2 2 2 2 2 2 2 2 2 3 3 0 0 3 1 0 3 1 0 3 0 0 3 0 0 3 2 3 3 3 1 0 3 0 0 3 0 0 3 1 0 3 1 0 3 2 2 2 2 2 2 2 2 3 3 3 0
0 38 1 1 4 0 3 0 3 0 3 0 3 0 3 0 3 0 3 3 0 0 3 0 0 3 1 0 2 2 2 2 2 2 2 2 2 3 3 0
0 33 1 1 2 0 3 0 3 0 3 0 3 0 3 0 3 2 3 4 3 2 2 0 2 2 2 2 0 0 2 3 1 3 0
0 202 2 2 2 2 2 2 3 2 2 3 0 0 3 0 0 3 0 0 3 0 0 3 2 2 2 2 2 2 2 2 2 2 2 1 0 3 0 3 0 3 0 3 2 3 2 0 0 2 2 0 0 0 4 3 0 2 0 3 4 3 2 3 2 0 3 0 3 0 3 0 3 0 3 0 2 2 3 4 3 0 3 0 3 0 3 0 3 0 3 0 3 2 3 4 3 0 3 0 3 0 3 0 3 0 3 4 3 2 0 0 0 4 3 1 2 0 3 0 3 0 3 0 3 3 1 0 3 0 0 3 3 3 3 0 0 3 0 0 3 0 0 2 2 2 2 2 3 2 2 2 2 2 2 2 2 2 2 3 1 0 3 0 0 3 0 0 3 1 0 3 2 2 2 2 2 2 3 3 0 0 3 1 0 3 0 0 3 0 0 2 2 2 2 2 2 2 2 2 2 3 3 0
0 94 1 1 1 3 0 0 3 2 2 2 2 2 2 2 2 2 3 1 0 3 1 0 3 0 0 3 0 0 3 1 0 3 0 0 2 2 2 2 2 2 2 2 2 2 2 3 3 3 0 0 3 1 0 3 0 0 3 1 0 3 0 0 2 2 2 2 2 3 3 3 3 3 3 0 0 3 0 0 3 1 0 3 1 0 3 1 0 3 1 0 3 3 3 0
0 96 4 0 3 2 3 0 3 0 3 0 3 0 3 0 3 0 3 0 3 0 3 4 3 2 3 2 3 2 3 0 0 2 2 3 1 0 3 0 0 3 1 0 3 0 0 3 3 3 3 2 2 3 1 0 3 0 0 3 0 0 3 1 0 3 0 0 2 2 2 2 2 2 2 2 2 2 2 2 2 2 2 2 2 2 2 2 2 3 3 0 0 3 0 0 3 0
0 5 3 0 0 3 0
0 176 4 0 3 0 3 0 3 0 3 0 0 0 0 2 2 2 0 0 2 2 2 2 0 0 0 3 0 3 0 3 0 3 0 3 0 3 0 3 0 3 0 3 2 0 0 2 2 2 3 1 0 3 0 3 0 3 0 3 0 3 2 3 0 0 0 0 2 0 4 3 0 0 0 3 0 3 2 3 0 3 0 3 0 3 0 3 0 3 2 0 2 0 2 0 0 2 0 2 0 0 4 3 2 2 2 2 4 3 0 3 0 3 0 3 0 3 2 3 4 3 2 3 0 2 0 2 2 2 2 2 2 1 1 3 0 0 3 0 0 3 1 0 3 0 0 3 1 0 3 1 0 3 2 2 2 2 2 3 1 0 3 1 0 3 1 0 3 0 0 3 3 3 3 3 3 0
0 32 3 0 0 3 1 0 3 0 0 3 0 0 3 0 0 2 2 2 3 2 2 2 2 3 3 0 0 3 0 0 3 0
0 39 3 0 0 3 0 0 3 3 1 0 3 0 0 3 0 0 2 2 2 2 2 3 3 3 3 3 1 0 2 2 2 2 2 3 3 0 0 3 0
0 22 3 1 0 3 0 0 3 1 0 3 1 0 3 2 2 2 2 2 2 3 3 0
0 15 3 1 0 3 0 0 3 1 0 3 3 0 0 3 0
0 16 3 0 0 3 0 0 3 0 0 3 0 0 3 3 3 0
0 240 1 4 0 3 0 3 0 3 0 3 0 3 0 3 0 0 3 0 3 0 3 2 4 3 0 3 0 3 0 3 0 3 0 3 0 3 3 3 2 2 2 2 3 1 0 3 3 2 2 2 2 2 2 3 0 0 3 1 0 3 0 0 3 0 0 3 0 0 3 0 0 3 3 3 0 0 3 0 0 3 1 0 3 1 0 3 0 0 2 2 2 3 2 2 2 2 2 2 2 2 2 3 0 0 3 0 0 3 0 0 3 0 0 2 2 2 2 2 2 3 0 0 3 0 0 3 1 0 3 1 0 3 3 2 2 2 2 2 2 2 3 3 2 2 2 2 2 2 2 2 2 3 0 0 3 0 0 2 3 3 1 0 3 2 2 2 3 1 0 3 1 0 2 2 2 2 2 2 2 2 2 2 2 2 3 3 2 3 0 0 3 1 0 3 1 0 3 1 0 2 2 2 2 3 0 0 3 0 0 3 3 3 2 2 2 2 2 2 2 2 2 3 1 0 3 1 0 3 1 0 2 2 2 2 2 2 3 3 3 0
0 71 1 4 0 3 0 3 0 3 0 3 0 3 0 3 0 3 0 3 0 3 2 3 2 0 2 2 0 0 0 2 0 2 3 0 3 0 3 0 3 2 3 4 3 0 2 2 3 2 2 0 0 2 3 3 0 0 3 1 0 3 2 2 3 3 3 3 3 0 0 3 0
0 12 1 1 2 2 3 3 3 1 0 3 3 0
0 55 1 4 0 3 0 3 0 3 0 3 0 3 0 3 0 3 0 3 0 3 2 3 2 0 2 2 0 0 0 2 0 2 3 0 3 0 3 0 3 2 3 4 3 0 2 2 3 2 2 0 0 2 3 3 0
0 53 1 0 3 0 3 2 0 0 2 2 3 2 3 0 3 0 2 2 2 0 0 2 3 3 1 0 3 1 0 3 0 0 3 2 2 2 2 2 2 2 2 2 2 2 2 2 2 3 3 0 0 3 0
0 3 3 3 0
0 19 3 0 0 3 0 0 3 0 0 3 0 0 3 3 3 0 0 3 0
0 43 1 0 3 0 3 0 3 0 3 0 3 0 3 0 0 2 2 2 2 2 2 2 2 0 3 1 0 3 1 0 3 0 0 2 2 3 2 2 3 3 3 3 0
0 100 1 1 0 3 4 3 2 0 4 3 2 2 2 0 2 3 0 3 2 3 4 3 2 2 2 2 2 0 2 3 0 0 0 2 0 3 2 3 0 3 0 3 4 3 2 3 2 0 2 3 1 0 3 1 0 3 1 0 3 0 0 3 0 0 3 3 1 0 3 0 0 2 2 2 3 3 1 0 3 0 0 3 1 0 3 0 0 3 2 2 2 2 2 2 2 2 2 3 3 0
0 104 1 3 1 0 3 1 0 3 0 0 3 0 0 3 3 0 0 3 0 0 3 1 0 3 1 0 3 0 0 3 0 0 3 0 0 2 3 3 3 3 3 1 0 3 1 0 3 1 0 3 0 0 3 0 0 2 2 2 4 0 3 0 3 0 3 0 3 0 3 0 3 2 0 2 0 0 0 0 2 0 4 3 0 0 2 3 1 0 3 0 0 3 1 0 2 2 2 2 3 3 0 0 3 0
0 24 3 1 0 3 0 0 3 1 0 3 3 2 2 2 2 2 2 2 2 2 2 3 3 0
0 150 1 0 3 0 3 0 3 0 3 0 3 2 0 2 0 2 0 2 0 0 0 2 2 2 2 2 0 2 2 2 3 0 3 0 3 0 3 0 3 2 0 3 0 3 0 3 0 3 0 3 0 3 4 3 4 3 0 0 2 0 2 2 0 2 0 0 3 0 3 0 3 0 3 0 3 0 3 0 3 0 3 0 3 0 3 0 3 0 3 0 0 0 2 2 2 3 3 0 0 3 1 0 3 1 0 3 0 0 3 3 3 3 3 3 0 0 3 1 0 3 0 0 3 2 2 2 2 2 3 0 0 3 0 0 3 0 0 3 1 0 3 0 0 3 0 0 3 3 3 0
0 36 3 0 0 3 0 0 3 1 0 3 1 0 3 3 0 0 3 0 0 2 3 3 3 0 0 3 0 0 3 0 0 3 0 0 3 0
0 78 1 4 0 3 0 3 0 3 0 3 0 3 0 3 0 0 3 0 3 0 3 2 4 3 0 3 0 3 0 3 0 3 0 3 0 3 3 3 2 2 2 2 3 1 0 3 3 2 2 2 2 2 2 3 0 0 3 1 0 3 0 0 3 0 0 3 0 0 3 0 0 3 3 3 0 0 3 0
0 137 2 0 3 0 3 0 3 0 3 0 3 4 3 2 3 0 0 0 2 0 0 3 0 3 2 3 0 2 0 0 0 2 2 2 2 2 0 2 2 0 0 0 3 0 3 0 3 0 3 4 3 0 0 2 0 2 0 0 3 0 3 2 0 2 2 2 0 0 0 0 0 0 2 0 2 3 0 0 3 1 0 3 1 0 3 1 0 3 2 2 2 2 2 2 2 2 2 2 2 3 1 0 3 1 0 2 2 2 2 2 3 3 2 2 3 0 0 3 0 0 3 1 0 3 0 0 3 0 0 2 3 3 3 3 3 3 0
0 188 1 3 0 0 3 1 0 3 0 0 3 1 0 3 2 2 2 2 2 2 3 0 0 3 1 0 3 1 0 3 1 0 2 2 2 3 3 1 3 0 0 3 0 0 3 0 0 2 2 2 2 2 3 3 1 0 3 1 0 3 3 1 0 3 1 0 3 0 0 3 1 0 2 2 2 2 2 2 2 2 2 2 2 2 3 3 3 1 0 3 1 0 3 1 0 3 0 0 3 3 2 2 2 2 2 2 3 2 0 3 0 3 0 3 0 3 0 4 3 4 3 2 2 2 0 0 0 3 1 0 3 0 0 3 1 0 3 0 0 3 1 0 3 2 2 3 1 0 3 0 0 3 0 0 3 0 0 3 0 0 3 0 0 3 0 0 3 1 0 3 0 0 3 1 0 2 2 2 2 3 3 2 3 3 0 0 3 0
0 15 3 0 0 3 1 0 2 2 2 2 2 2 3 3 0
0 12 3 1 0 3 0 0 3 1 0 3 3 0
0 51 3 1 0 3 0 0 3 1 0 3 1 0 3 2 2 2 2 2 2 3 3 0 0 3 1 0 3 1 0 3 2 2 2 2 2 2 2 2 2 2 3 3 0 0 3 3 2 2 3 3 0
0 22 1 1 4 0 3 0 3 0 3 0 3 0 3 0 3 0 3 3 0 0 3 0
0 74 1 0 3 0 3 2 0 0 2 2 3 2 3 0 3 0 2 2 2 0 0 2 3 3 1 0 3 1 0 3 0 0 3 2 2 2 2 2 2 2 2 2 2 2 2 2 2 3 3 0 0 3 0 0 3 1 0 3 1 0 3 0 0 2 2 2 2 2 2 2 2 3 3 0
0 68 1 4 0 3 0 3 0 3 0 3 0 3 0 3 0 3 0 3 0 3 2 3 2 0 2 2 0 0 0 2 0 2 3 0 3 0 3 0 3 2 3 4 3 0 2 2 3 2 2 0 0 2 3 3 0 0 3 1 0 3 2 2 3 3 3 3 3 0
0 55 1 1 3 0 0 3 0 0 2 2 2 2 2 3 3 2 2 2 2 3 2 2 2 3 0 0 3 0 0 3 0 0 3 2 2 2 2 2 2 2 2 2 2 2 2 2 2 2 2 2 2 2 3 3 0
0 30 3 1 0 3 0 0 2 2 2 2 2 2 2 2 3 0 0 3 1 0 3 0 0 2 2 2 3 3 3 0
0 75 1 4 0 3 0 3 0 3 0 3 0 3 0 3 0 0 3 0 3 0 3 2 4 3 0 3 0 3 0 3 0 3 0 3 0 3 3 3 2 2 2 2 3 1 0 3 3 2 2 2 2 2 2 3 0 0 3 1 0 3 0 0 3 0 0 3 0 0 3 0 0 3 3 3 0
0 15 3 0 0 3 0 0 3 1 0 3 1 0 3 3 0
0 135 4 0 3 0 3 0 3 0 3 0 0 0 0 2 2 2 0 0 2 2 2 2 0 0 0 3 0 3 0 3 0 3 0 3 0 3 0 3 0 3 0 3 2 0 0 2 2 2 3 1 0 3 0 3 0 3 0 3 0 3 2 3 0 0 0 0 2 0 4 3 0 0 0 3 0 3 2 3 0 3 0 3 0 3 0 3 0 3 2 0 2 0 2 0 0 2 0 2 0 0 4 3 2 2 2 2 4 3 0 3 0 3 0 3 0 3 2 3 4 3 2 3 0 2 0 2 2 2 2 2 2 1 1 3 0
0 141 1 0 3 0 3 0 3 0 3 0 3 0 3 2 3 0 2 0 2 4 3 2 3 0 3 0 3 0 3 4 3 0 0 0 0 2 4 3 2 0 0 0 3 0 3 0 3 0 3 0 3 0 3 2 2 0 0 0 4 3 4 3 0 3 0 3 0 3 0 3 0 3 0 0 0 4 3 4 3 0 2 0 2 2 0 2 0 0 2 0 0 3 1 0 3 1 0 3 0 0 3 0 0 3 1 0 2 2 2 2 3 3 3 2 2 2 2 2 2 2 2 2 2 2 2 3 3 3 3 0 0 3 1 0 3 1 0 3 3 3 0
0 205 2 2 2 2 2 2 3 2 2 3 0 0 3 0 0 3 0 0 3 0 0 3 2 2 2 2 2 2 2 2 2 2 2 1 0 3 0 3 0 3 0 3 2 3 2 0 0 2 2 0 0 0 4 3 0 2 0 3 4 3 2 3 2 0 3 0 3 0 3 0 3 0 3 0 2 2 3 4 3 0 3 0 3 0 3 0 3 0 3 0 3 2 3 4 3 0 3 0 3 0 3 0 3 0 3 4 3 2 0 0 0 4 3 1 2 0 3 0 3 0 3 0 3 3 1 0 3 0 0 3 3 3 3 0 0 3 0 0 3 0 0 2 2 2 2 2 3 2 2 2 2 2 2 2 2 2 2 3 1 0 3 0 0 3 0 0 3 1 0 3 2 2 2 2 2 2 3 3 0 0 3 1 0 3 0 0 3 0 0 2 2 2 2 2 2 2 2 2 2 3 3 0 0 3 0
0 19 1 1 4 0 3 0 3 0 3 0 3 0 3 0 3 0 3 3 0
0 33 3 0 0 3 0 0 3 1 0 3 1 0 3 3 0 0 3 0 0 2 3 3 3 0 0 3 0 0 3 0 0 3 0
0 16 1 3 1 0 3 1 0 3 0 0 3 0 0 3 3 0
0 27 3 0 0 3 0 0 3 1 0 3 1 0 2 2 2 3 2 2 2 2 2 3 3 0 0 3 0
0 52 1 1 1 3 0 0 3 0 0 3 1 0 3 0 0 3 0 0 3 1 0 3 3 3 2 2 3 0 0 3 0 0 3 0 0 3 1 0 3 0 0 3 3 3 3 0 0 3 0 0 3 0
0 43 3 0 0 3 1 0 2 2 2 2 2 2 3 3 0 0 3 0 0 3 1 0 3 1 0 3 0 0 2 2 2 2 2 2 2 2 2 2 2 2 3 3 0
0 8 1 2 2 2 2 3 3 0
0 138 4 0 3 0 3 0 3 0 3 0 0 0 0 2 2 2 0 0 2 2 2 2 0 0 0 3 0 3 0 3 0 3 0 3 0 3 0 3 0 3 0 3 2 0 0 2 2 2 3 1 0 3 0 3 0 3 0 3 0 3 2 3 0 0 0 0 2 0 4 3 0 0 0 3 0 3 2 3 0 3 0 3 0 3 0 3 0 3 2 0 2 0 2 0 0 2 0 2 0 0 4 3 2 2 2 2 4 3 0 3 0 3 0 3 0 3 2 3 4 3 2 3 0 2 0 2 2 2 2 2 2 1 1 3 0 0 3 0
0 78 3 0 0 3 1 0 3 1 0 3 1 0 3 0 0 2 2 3 3 3 1 0 3 1 0 3 0 0 2 2 2 2 3 3 1 0 3 1 0 3 0 0 3 0 0 3 1 0 3 1 0 3 3 3 1 0 3 1 0 3 0 0 3 1 0 3 1 0 3 3 2 2 2 2 2 3 3 0
0 12 3 0 0 3 1 0 2 2 2 3 3 0
0 9 1 3 0 0 3 0 0 3 0
