296 5
1 0 
1 251 0 4 3 2 4 1 2 1 1 0 0 4 2 1 2 4 1 1 1 2 1 1 2 4 4 1 1 2 1 2 4 2 1 2 2 2 4 2 1 2 1 2 1 1 0 1 4 2 2 2 1 4 1 2 2 4 1 1 4 4 2 1 1 1 2 2 4 2 0 1 4 3 1 2 4 2 2 2 2 0 4 1 2 1 2 2 2 0 4 2 1 4 1 1 2 1 1 2 4 1 4 1 0 0 4 2 2 1 0 4 2 0 1 3 3 1 0 0 0 2 0 0 4 4 1 1 4 2 2 2 1 1 4 1 2 1 1 2 4 0 4 2 2 0 4 2 4 1 1 1 2 2 1 0 0 2 0 0 4 2 0 0 4 3 1 0 0 2 0 4 1 2 1 2 2 0 0 4 1 2 0 1 0 4 2 2 1 2 1 1 4 2 1 1 2 2 0 1 4 4 4 4 0 4 3 1 4 1 1 2 1 1 4 2 2 1 1 4 2 1 1 2 1 4 1 1 2 2 2 1 4 2 4 2 1 1 2 4 1 1 2 4 2 1 2 0 0 0 4 2 0
1 136 0 4 3 2 0 4 2 1 1 0 4 2 1 1 1 2 4 1 2 1 4 2 2 1 2 4 2 2 1 2 2 2 2 1 4 1 4 2 0 0 3 3 1 4 0 4 1 2 1 1 4 2 0 1 4 3 1 2 4 2 1 1 0 4 4 4 4 4 4 0 3 3 2 4 2 0 0 3 3 4 1 3 3 2 4 2 1 4 4 0 0 4 2 2 1 1 2 2 2 1 1 4 2 1 2 2 1 2 0 4 1 0 4 2 2 1 2 2 4 2 1 1 1 2 2 1 4 2 2 0 4 1 1 4 4 4
1 65 0 4 3 1 4 0 0 1 2 0 0 4 4 1 2 0 1 4 1 2 0 4 1 1 1 0 4 2 0 1 3 3 1 0 0 0 0 0 4 1 2 1 0 4 1 1 2 4 1 0 0 4 2 2 1 2 2 2 1 0 4 2 4 2 0
1 6 2 4 1 4 2 4
1 137 0 4 3 2 2 0 0 4 2 1 0 0 2 4 1 2 0 1 4 4 4 4 4 4 0 4 3 1 4 1 4 2 1 4 0 1 4 1 1 1 4 1 2 2 1 1 0 4 2 0 2 0 0 4 2 1 1 2 0 4 2 1 2 0 4 2 2 2 2 0 4 2 1 2 1 2 1 0 0 4 1 1 1 1 4 0 4 2 2 2 4 2 0 1 4 3 2 0 0 0 4 2 1 2 1 2 4 1 2 2 1 2 1 4 1 1 2 1 2 2 0 2 4 0 0 2 4 1 2 1 1 1 2 4 0 0 4
1 109 0 3 3 2 4 1 1 1 1 2 1 4 1 2 2 2 2 0 2 4 1 0 4 2 2 4 4 4 4 4 4 1 3 3 2 4 2 4 1 2 1 1 1 1 0 4 2 0 4 2 0 0 0 2 4 1 0 0 4 1 2 0 1 4 2 1 1 4 2 1 1 1 2 2 0 0 2 4 1 1 2 4 2 1 2 1 0 0 4 2 2 0 0 4 2 0 0 3 3 2 4 2 2 2 2 2 4 2 0
1 44 1 3 3 2 4 2 1 2 1 0 4 1 1 1 2 2 1 4 2 1 2 1 1 4 2 1 2 1 2 0 1 4 0 4 1 2 1 2 0 4 2 2 1 4
1 9 4 2 4 2 2 2 2 4 2
1 162 0 4 3 1 0 4 1 4 2 1 1 2 1 0 4 2 0 2 4 2 2 2 2 1 1 4 2 4 2 2 2 2 2 0 4 1 0 0 0 1 0 4 4 1 0 4 2 2 1 1 2 4 1 2 2 2 2 1 4 4 1 1 4 2 2 2 4 0 3 3 2 0 4 1 1 1 2 4 1 1 0 4 4 4 0 3 3 4 4 4 4 0 3 3 2 0 4 1 0 4 1 0 4 2 2 0 4 2 0 4 2 2 0 1 2 1 0 4 2 2 2 1 0 0 4 4 2 2 2 1 4 2 0 0 3 3 1 1 0 0 0 0 0 0 1 0 0 0 0 4 2 0 0 4 2 2 0 4 4 4 2 0
1 3 4 4 2
1 111 0 3 3 4 2 0 1 3 3 1 4 2 4 1 4 1 1 2 2 1 4 2 1 2 1 1 2 0 4 2 2 1 1 1 1 4 1 1 2 1 2 4 2 1 1 1 2 1 4 4 2 0 1 3 3 1 4 2 0 1 4 3 1 4 1 1 1 1 4 2 2 1 1 2 1 0 0 4 2 2 2 0 2 0 0 0 0 2 4 2 2 2 2 2 2 0 2 0 0 4 1 1 0 0 4 2 2 1 4 2 0
1 3 2 4 1
1 154 0 3 3 1 0 0 0 2 0 0 0 0 0 0 2 0 4 2 2 2 2 0 4 2 2 1 2 2 0 4 1 1 1 0 0 4 1 1 2 2 2 2 2 0 4 2 1 1 2 1 2 0 0 0 2 4 4 4 4 4 0 4 3 2 2 0 3 3 4 2 0 1 4 3 1 4 1 1 2 2 1 2 0 0 4 2 1 2 2 2 2 4 1 1 1 0 1 4 2 1 1 2 4 1 2 2 1 1 4 2 2 4 1 1 1 0 4 2 1 1 1 0 0 2 0 0 4 2 2 2 2 2 4 1 1 2 1 2 0 4 1 2 1 1 2 0 0 0 4 0 0 4 4 4
1 6 4 4 2 4 4 1
1 121 0 4 3 2 0 0 4 0 2 1 1 0 4 1 0 4 1 2 4 2 0 1 4 3 1 0 0 4 2 1 2 4 1 2 0 2 1 4 1 2 1 1 2 4 1 1 1 4 2 2 0 0 2 0 0 0 4 1 2 4 2 1 2 1 2 0 4 4 1 4 3 2 0 4 2 4 2 1 2 1 1 1 4 1 1 2 1 2 4 1 1 2 2 1 1 4 2 1 2 4 2 2 2 2 4 1 1 4 1 1 4 3 2 0 0 2 4 2 1 0 4
1 34 0 4 3 2 0 4 4 1 2 2 1 1 4 2 0 2 0 4 2 1 1 2 1 2 0 4 2 1 1 1 0 4 2 0
1 7 2 2 2 2 4 2 2
1 56 1 3 3 1 4 2 2 1 2 4 1 1 4 1 1 4 1 2 2 2 2 0 4 1 2 1 2 1 2 4 1 4 2 2 2 2 2 1 4 2 2 1 4 2 2 2 0 0 2 4 2 0 1 4 3 4
1 117 0 4 3 1 4 2 1 1 1 0 0 4 2 2 1 1 1 2 4 1 1 4 1 2 0 4 1 1 2 0 4 2 1 2 2 4 4 4 4 1 4 3 2 4 1 4 2 2 1 2 0 0 0 4 2 0 0 4 3 1 4 1 2 4 0 2 0 0 2 0 4 1 2 4 2 1 1 1 2 0 4 1 1 0 2 4 2 2 1 1 4 2 1 2 1 1 2 4 1 1 2 0 0 4 4 1 2 1 1 4 1 1 1 1 0 4 4
1 2 2 2
1 238 1 3 3 1 0 4 2 0 4 2 2 0 0 1 4 1 2 2 1 1 2 4 2 1 1 1 4 2 1 1 2 1 4 2 1 4 1 2 0 4 2 0 1 3 3 1 4 4 4 4 4 4 1 3 3 1 4 2 1 1 2 2 4 1 1 4 1 2 2 2 1 2 1 4 2 2 1 1 2 1 1 0 0 1 0 4 2 1 2 2 1 2 0 1 4 2 1 2 2 2 1 1 0 0 4 1 1 0 4 2 0 0 3 3 2 0 0 4 1 2 1 1 1 0 1 0 0 0 0 2 0 4 2 4 2 1 2 1 4 4 0 1 4 1 4 2 0 4 2 1 1 1 1 1 4 1 2 4 4 4 4 4 4 1 4 3 2 4 2 0 0 3 3 2 0 0 2 4 2 2 1 2 2 1 4 1 1 0 4 1 1 1 1 2 1 0 2 4 2 2 2 2 2 4 2 2 1 1 4 2 2 4 2 4 1 2 1 2 2 1 0 0 4 1 1 1 1 0 4 1 1 2 1 2 0 4 2 0
1 6 2 4 2 4 2 2
1 2 4 2
1 52 1 3 3 1 0 4 1 0 4 4 4 4 4 0 4 3 1 0 0 0 0 0 0 1 4 1 0 0 2 4 1 1 2 0 4 2 4 2 2 4 1 2 4 1 2 2 2 4 4 4 4 4
1 7 0 3 3 4 4 4 4
1 7 4 4 2 2 4 2 2
1 93 1 3 3 1 0 0 0 1 1 4 1 2 2 0 4 1 2 1 4 1 2 2 4 1 1 1 2 1 1 1 0 4 4 1 2 2 2 0 2 0 4 2 1 2 2 2 2 0 4 4 4 4 4 4 0 3 3 1 4 2 1 1 2 1 4 4 4 4 4 4 1 3 3 2 0 0 0 0 1 0 4 2 2 2 2 1 1 4 4 4 4 4 4
1 7 2 4 1 2 2 2 2
1 9 2 4 1 4 1 4 2 2 2
1 5 2 4 1 4 4
1 13 0 3 3 2 0 4 1 1 1 2 4 2 0
1 8 2 4 2 2 2 2 4 1
1 121 0 4 3 1 0 0 2 4 2 2 2 2 4 1 2 0 4 4 4 4 4 0 3 3 2 0 4 2 1 1 2 4 2 0 4 2 1 0 1 4 1 2 4 1 2 2 2 0 0 1 4 1 1 2 0 0 4 1 4 2 2 2 4 1 1 1 1 2 2 4 2 2 2 4 2 0 1 3 3 4 0 3 3 1 4 2 2 1 2 1 2 4 2 0 0 0 1 4 1 1 1 1 1 1 4 1 2 2 4 4 2 1 1 1 1 2 0 0 4 2 0
1 3 4 2 2
1 122 1 3 3 2 2 0 4 1 2 1 2 1 1 4 1 1 4 2 2 2 1 2 2 4 1 1 1 4 2 1 2 4 4 0 4 3 4 4 4 4 4 4 0 3 3 1 0 0 0 4 2 1 0 0 1 4 1 1 1 4 2 1 1 4 1 2 1 0 0 0 2 4 2 1 4 0 4 4 0 4 3 2 4 1 2 2 1 1 4 1 0 0 0 1 4 2 1 4 1 1 4 1 1 2 2 1 0 0 2 4 1 2 2 4 2 1 2 1 4 4 4 4
1 2 2 4
1 60 1 4 3 2 2 0 0 4 2 2 4 1 1 1 4 2 1 4 2 2 1 2 2 1 4 4 4 0 3 3 2 4 0 1 0 4 1 4 2 2 1 1 2 2 0 4 2 1 1 2 0 1 1 4 1 4 4 4 4 4
1 7 4 2 2 2 4 2 2
1 6 2 4 1 4 1 2
1 4 4 1 4 2
1 1 2
1 51 0 4 3 4 4 4 4 4 1 4 3 2 0 0 2 0 2 0 0 4 1 2 2 2 2 2 2 0 4 2 2 1 2 2 1 0 4 4 4 4 4 4 1 3 3 4 4 4 4 4 4
1 6 2 2 2 2 4 2
1 121 1 3 3 2 4 1 1 1 2 2 2 4 0 0 0 1 1 4 1 2 0 0 4 2 1 0 4 1 1 0 0 0 4 4 4 4 4 4 4 0 3 3 2 4 2 1 1 2 2 2 4 2 1 2 0 4 1 2 4 2 2 4 2 4 1 1 2 4 1 2 1 2 2 2 4 2 1 2 2 2 4 1 2 1 4 2 1 0 0 4 1 1 1 2 1 1 1 0 0 4 1 4 2 0 2 0 4 1 2 0 0 4 2 0 1 3 3 4 1 3 3
1 141 0 4 3 2 0 4 1 2 1 1 2 4 2 1 1 1 4 0 4 2 0 0 4 3 1 4 1 1 1 1 1 4 2 1 1 1 2 4 4 1 2 2 1 2 2 0 4 2 4 1 1 4 1 4 1 4 3 2 0 4 1 1 2 4 1 2 1 2 1 2 0 4 1 2 1 2 2 1 4 2 4 1 1 2 1 4 2 2 1 1 1 3 3 2 0 1 0 4 1 1 4 2 4 2 1 1 2 1 1 4 2 1 1 2 1 1 0 0 0 4 1 2 0 2 4 1 2 1 4 2 1 1 2 4 4 4 4 1 3 3 2
1 47 1 4 3 4 2 0 0 4 3 1 2 0 0 0 4 4 1 3 3 1 4 2 2 1 0 4 0 3 3 1 0 4 1 1 2 1 0 0 4 2 2 4 2 1 4 2 0
1 6 4 4 4 1 4 1
1 6 0 3 3 4 2 0
1 6 2 2 2 4 2 2
1 9 2 2 2 4 2 4 2 4 1
1 9 2 4 1 2 4 1 4 1 2
1 6 2 2 4 1 4 2
1 174 1 3 3 1 4 2 1 1 4 2 2 1 2 1 1 4 2 1 1 1 2 4 1 2 2 1 4 0 1 0 1 0 4 0 4 1 4 2 2 1 1 3 3 1 0 0 0 4 1 4 4 0 4 3 1 0 0 4 2 1 1 1 4 2 1 2 1 1 2 4 2 0 0 3 3 1 0 4 1 1 2 2 1 2 4 1 2 2 1 2 4 2 2 2 2 1 4 1 2 4 1 2 2 1 0 4 2 0 0 4 3 2 4 2 1 0 0 4 4 2 1 2 2 1 4 2 1 2 2 2 2 0 0 4 2 1 2 1 4 2 2 2 2 1 4 2 2 2 2 1 1 1 4 2 2 2 4 1 2 2 2 1 4 0 4 2 1 2 1 2 0 4 2 0
1 3 4 1 2
1 3 2 2 2
1 95 0 4 3 4 2 0 1 4 3 1 2 4 1 2 2 0 0 4 2 0 1 3 3 2 4 2 2 1 2 4 0 0 0 0 2 0 4 2 2 1 1 2 4 2 2 4 1 2 1 1 2 2 0 0 0 4 2 4 2 1 2 1 4 2 2 2 2 2 0 4 2 1 1 4 1 1 1 0 4 2 1 4 1 2 1 2 0 0 4 1 2 1 4 4 4
1 144 0 3 3 2 0 0 2 0 0 0 4 1 2 2 0 4 2 1 1 2 1 1 1 0 0 0 0 4 1 2 2 1 0 4 3 1 4 0 0 4 1 0 2 0 0 4 1 0 0 2 0 4 1 2 2 4 4 2 1 1 1 1 4 2 1 1 1 2 4 2 1 2 1 0 0 2 4 1 1 1 4 2 2 1 2 0 4 1 2 1 2 1 2 0 4 4 1 4 3 1 4 1 2 1 2 0 0 4 1 2 1 0 4 1 1 0 1 4 1 2 2 2 1 0 2 4 1 1 0 4 0 4 2 1 1 1 4 2 1 2 2 4 2 0
1 54 0 4 3 1 0 4 1 0 4 2 2 1 1 2 2 2 1 4 2 0 0 3 3 1 1 0 4 1 2 2 4 4 1 1 1 1 2 1 1 0 4 2 4 1 1 2 1 1 4 1 1 4 2 0
1 4 2 4 2 2
1 152 1 3 3 1 4 1 0 1 0 0 4 2 1 0 0 0 4 2 0 0 3 3 2 0 4 1 2 2 4 4 1 0 4 2 1 1 4 2 2 4 1 2 1 1 1 4 0 4 2 2 1 1 1 4 1 1 1 2 1 0 2 1 4 2 0 0 4 1 1 4 3 1 4 0 4 2 2 1 2 1 0 4 2 1 2 1 2 4 2 1 2 2 1 4 2 2 1 2 4 1 0 4 2 0 0 4 3 2 0 0 0 2 0 4 2 1 2 4 1 1 1 4 1 1 2 2 4 2 4 2 1 2 1 2 0 0 2 4 2 4 2 1 4 4 1 2 1 0 0 4 2 0
1 5 4 1 4 2 2
1 71 0 3 3 2 4 1 2 2 1 1 1 0 4 0 4 3 2 0 4 2 1 2 1 2 4 4 0 1 0 1 0 0 4 2 1 2 1 2 0 0 2 0 0 0 0 2 0 0 0 4 2 2 2 2 2 4 1 2 1 1 1 0 4 2 0 1 4 3 4 2 0
1 8 2 4 4 2 4 2 4 2
1 6 2 2 4 4 2 2
1 4 4 2 2 2
1 101 1 4 3 2 2 4 2 2 1 4 1 0 2 0 4 2 2 2 2 2 4 2 1 1 1 2 0 4 1 1 1 2 1 4 2 2 2 1 4 2 4 2 0 0 4 3 1 4 2 1 4 1 2 0 0 4 2 2 2 2 4 2 2 2 2 4 2 1 1 2 1 2 2 0 2 0 4 2 2 4 2 2 1 1 1 4 1 2 1 4 1 1 1 1 2 0 0 0 4 2 0
1 1 4
1 8 4 2 4 1 2 2 2 2
1 4 2 2 4 2
1 48 0 4 3 2 4 2 2 4 2 1 1 2 4 2 1 1 4 2 1 4 2 1 2 0 4 1 2 2 4 2 1 1 2 4 2 1 1 1 1 2 1 4 2 0 0 4 2 0
1 70 1 3 3 2 4 1 1 2 1 2 4 2 0 1 4 3 1 2 0 2 1 4 2 1 1 1 2 1 4 1 2 4 0 4 3 2 0 0 4 1 4 2 2 0 0 2 4 1 1 2 1 1 4 4 4 4 0 3 3 1 1 0 0 0 4 2 0 4 2 0
1 8 4 2 4 2 2 2 2 2
1 144 1 3 3 2 4 1 4 0 0 4 2 2 1 1 0 4 2 0 0 3 3 2 0 4 1 2 2 4 1 2 0 4 4 1 3 3 4 2 0 1 3 3 1 4 2 2 1 2 1 2 4 2 2 1 2 4 1 2 1 2 4 2 1 1 0 0 1 4 4 1 1 2 2 1 0 4 2 0 0 4 3 2 0 0 0 4 1 1 2 2 4 2 2 2 4 4 1 2 1 1 2 2 4 1 2 1 1 1 1 4 2 2 2 1 4 2 2 1 4 1 4 2 0 1 4 3 2 0 0 4 1 2 2 1 2 2 1 2 4 4 4 4 4 4
1 9 1 4 3 2 0 0 4 2 0
1 5 4 1 2 4 2
1 8 4 2 4 2 4 2 4 2
1 215 1 4 3 1 4 1 4 2 1 1 2 1 4 2 2 2 1 2 1 4 1 4 4 4 0 3 3 1 0 2 0 4 2 1 2 0 4 1 0 0 0 4 1 1 2 2 4 2 1 4 0 0 4 1 1 1 2 2 4 2 0 0 4 3 4 4 4 4 4 0 3 3 2 4 0 4 1 2 2 1 4 1 2 1 4 2 1 1 2 2 4 1 1 2 4 2 2 1 4 2 1 2 2 2 0 1 4 2 1 2 2 1 4 2 0 0 4 2 0 0 3 3 1 0 4 1 3 3 2 4 2 1 1 1 2 2 4 1 2 2 2 1 1 4 1 2 2 0 2 4 2 1 2 1 1 2 0 0 4 2 1 1 4 1 2 2 0 0 0 0 4 2 2 1 2 0 1 4 1 2 4 1 2 1 2 1 2 4 1 1 1 1 1 2 0 2 4 2 1 4 2 2 4 2 1 2 2 1 4 2 1 1 4 2 0
1 8 2 2 2 4 1 4 2 2
1 3 2 4 2
1 104 1 3 3 2 4 2 1 1 1 1 0 1 4 2 0 0 3 3 1 0 4 2 1 1 4 0 0 1 2 0 4 4 0 0 0 1 0 0 0 2 4 2 0 1 3 3 1 4 1 1 0 0 2 0 4 4 2 0 1 3 3 2 4 2 1 1 2 0 4 1 2 2 2 2 0 0 0 4 2 0 0 4 2 2 1 1 1 1 4 2 4 2 1 2 2 2 1 0 0 2 0 0 0 4
1 4 2 2 2 2
1 121 0 4 3 1 0 2 4 1 4 1 0 4 2 1 2 2 2 1 2 0 4 1 2 1 2 1 2 4 2 1 1 1 0 0 2 4 1 2 0 4 2 0 0 3 3 4 2 0 1 4 3 2 1 4 2 2 1 4 1 1 4 2 2 1 2 2 2 4 1 2 1 1 2 1 1 0 4 1 1 1 4 2 2 2 2 2 0 2 0 0 3 3 2 0 4 1 1 0 0 1 0 4 1 2 2 2 1 4 2 1 1 2 1 4 4 0 4 4 4 4 4
0 42 1 4 3 2 0 4 2 1 1 1 1 1 0 0 0 0 4 2 0 0 3 3 2 4 2 0 0 4 3 4 4 4 1 4 3 4 4 4 4 4 0 3
0 114 0 4 3 2 0 4 1 1 1 2 1 1 0 0 4 2 2 0 2 0 4 4 2 2 1 1 1 0 0 1 4 2 2 4 0 0 2 4 0 4 1 1 1 2 2 4 2 2 1 4 2 1 1 1 1 1 4 3 2 2 4 1 2 2 2 2 0 4 1 4 4 2 1 1 1 2 2 0 2 4 1 1 1 4 0 1 4 2 1 4 2 1 1 2 0 0 4 2 1 1 2 1 2 4 2 0 0 4 3 4 2 0 0 4
0 34 1 4 3 1 4 1 0 4 1 1 0 4 2 2 2 4 1 0 4 4 2 4 1 1 2 2 2 4 4 4 4 4 0 3
0 11 1 4 3 4 4 4 4 4 4 1 4
0 67 0 4 3 1 4 4 4 1 1 1 2 1 4 1 1 1 1 2 2 4 2 0 0 3 3 1 0 0 4 1 1 1 0 1 4 2 1 2 0 0 4 1 1 2 4 1 2 4 1 2 2 0 0 0 4 4 4 4 4 1 3 3 4 2 0 1 3
0 29 1 4 3 2 0 4 2 2 0 0 4 1 2 4 1 2 2 4 2 1 1 4 1 1 2 2 0 1 3
0 7 0 3 3 4 4 0 4
0 8 1 4 3 4 4 4 4 0
0 60 0 3 3 4 2 0 1 3 3 1 0 2 1 0 4 2 0 1 4 3 2 0 0 4 4 2 2 2 2 2 1 4 2 0 1 4 1 2 2 0 0 2 0 4 2 4 4 2 2 1 4 1 2 1 2 0 4 2 1 3
0 133 0 4 3 1 0 0 4 1 0 0 0 1 0 4 1 2 0 0 4 2 2 4 1 2 2 1 4 1 2 2 1 2 2 0 2 0 2 4 0 2 0 0 0 0 4 1 3 3 1 0 1 4 2 1 0 4 1 2 4 4 1 2 2 0 1 0 2 1 4 1 1 1 2 2 4 1 2 1 1 4 2 4 2 0 0 4 3 1 4 0 4 1 4 2 4 2 2 1 0 4 4 2 4 1 1 0 0 4 4 4 0 4 3 2 4 1 2 2 1 1 4 4 1 2 4 2 2 1 4 2 0 0 3
0 87 1 3 3 2 0 4 2 1 1 2 2 2 0 4 2 4 2 1 0 4 1 1 2 1 1 1 4 2 2 1 2 2 2 1 0 0 0 0 4 2 1 2 2 1 4 4 4 4 4 0 3 3 1 0 0 4 1 2 1 1 2 4 2 4 1 1 1 1 4 2 2 2 4 2 1 1 1 4 1 2 1 4 4 2 0 1 3
0 179 1 4 3 2 0 0 4 1 1 1 4 1 1 2 0 0 1 2 4 2 2 4 2 1 2 1 1 2 4 1 0 4 2 1 1 1 1 4 1 1 2 1 1 1 2 4 0 0 4 2 2 1 0 4 4 4 4 4 4 4 1 3 3 2 0 0 0 0 4 1 2 1 1 2 1 4 2 1 1 2 0 4 1 0 4 1 2 1 1 0 4 0 0 4 2 0 1 4 3 1 4 1 1 2 2 1 4 2 0 0 0 1 0 0 0 0 0 1 1 1 4 1 2 2 2 1 2 4 1 2 1 1 1 0 4 4 4 4 4 1 3 3 1 0 2 4 1 1 2 2 1 2 4 2 2 1 2 1 1 0 1 1 0 4 2 1 2 2 4 2 0 1 3 3 4 4 4 4 0
0 8 0 3 3 4 4 4 0 3
0 65 1 3 3 2 4 1 1 2 1 1 2 4 1 1 4 4 4 4 4 4 1 3 3 1 4 0 4 2 2 1 2 1 0 0 4 1 1 2 2 2 2 0 4 1 2 1 1 2 0 4 2 1 0 0 4 1 1 1 2 2 4 2 0 1 3
0 48 0 4 3 4 2 0 0 4 3 1 0 0 0 0 4 2 1 1 2 2 2 4 2 2 1 2 2 4 1 0 0 0 1 4 1 2 0 4 2 0 4 1 0 4 2 0 0 3
0 41 1 4 3 2 0 4 2 1 1 1 1 1 0 0 0 0 4 2 0 0 3 3 2 4 2 0 0 4 3 4 4 4 1 4 3 4 4 4 4 4 0
0 48 1 3 3 2 4 2 2 2 1 4 1 4 1 2 4 1 2 1 1 2 0 4 1 2 1 2 0 0 4 1 2 2 4 1 2 0 0 4 4 2 0 1 4 3 4 2 0 1
0 34 1 4 3 2 0 4 2 1 1 1 1 1 0 0 0 0 4 2 0 0 3 3 2 4 2 0 0 4 3 4 4 4 1 4
0 85 0 4 3 1 4 2 1 2 0 4 1 2 1 2 4 0 0 0 2 4 1 1 2 1 2 4 0 4 1 2 2 2 1 0 2 0 4 4 4 4 4 4 4 0 3 3 4 4 4 4 4 4 1 3 3 2 0 0 4 1 0 0 4 2 1 2 2 1 1 0 0 4 2 2 2 0 4 1 2 4 1 4 4 0 3
0 21 0 4 3 2 0 1 4 0 0 4 4 4 4 1 3 3 4 2 0 0 3
0 202 1 4 3 1 0 0 4 2 2 2 2 1 2 4 1 2 0 1 0 0 0 2 0 0 4 1 2 2 1 2 0 4 1 1 1 1 1 4 1 4 2 1 0 4 2 1 1 2 2 1 0 1 4 2 2 1 0 4 2 1 0 0 0 1 4 1 1 4 2 1 1 1 1 2 0 0 0 0 4 4 0 3 3 2 0 4 1 1 2 2 4 1 2 1 1 1 4 1 1 1 4 0 0 1 0 4 1 2 1 2 4 1 2 1 2 4 2 0 1 3 3 1 2 0 0 4 0 0 4 1 1 0 0 4 2 2 0 4 2 2 1 2 2 2 0 1 4 1 2 1 4 2 0 0 3 3 1 4 2 1 2 2 2 4 1 2 2 1 4 1 1 1 1 0 4 2 2 1 0 0 4 1 2 1 1 1 0 0 2 1 0 4 1 2 1 2 1 4 2 0 1 3
0 176 1 4 3 2 0 0 4 2 0 0 0 1 4 2 1 1 4 4 4 4 4 0 4 3 2 4 2 2 2 0 2 1 0 0 0 0 0 2 0 4 1 1 4 1 2 1 1 2 2 0 0 1 4 2 1 2 1 1 0 4 3 2 0 0 0 0 0 2 4 1 2 4 1 2 4 2 1 2 1 1 4 4 4 4 4 1 4 3 1 4 1 2 2 1 1 0 0 4 2 4 1 2 2 4 1 2 1 2 4 2 1 0 1 0 4 2 0 4 1 1 1 0 4 2 4 2 0 0 3 3 2 0 4 1 1 2 1 1 0 4 1 1 1 1 1 1 2 0 0 2 4 1 2 2 2 2 1 4 2 2 1 1 0 0 2 4 1 2 2 1 0 4 2 0 1 3
0 8 0 3 3 4 2 0 1 3
0 95 0 4 3 1 0 0 1 0 4 2 1 1 1 2 0 4 2 2 1 4 1 1 0 4 2 0 0 3 3 1 0 4 2 1 2 0 0 0 0 2 4 1 4 2 1 2 2 2 2 4 1 1 0 0 4 3 1 4 1 2 1 2 2 2 4 2 1 2 2 2 2 0 4 4 2 2 2 1 1 4 1 1 4 1 1 2 0 4 1 1 4 2 0 1 3
0 7 1 4 3 4 2 0 1
0 53 0 4 3 1 4 2 1 2 0 4 1 2 1 2 4 0 0 0 2 4 1 1 2 1 2 4 0 4 1 2 2 2 1 0 2 0 4 4 4 4 4 4 4 0 3 3 4 4 4 4 4 4 1
0 105 1 3 3 2 0 4 1 2 0 4 1 2 1 4 4 2 0 1 3 3 2 4 2 4 1 1 0 4 1 0 0 1 1 0 1 4 1 1 1 2 2 1 0 4 1 4 1 4 1 2 2 2 4 1 2 1 1 4 1 2 4 2 0 1 4 3 1 0 0 4 4 2 1 2 4 1 2 2 1 2 4 1 2 1 0 0 0 4 2 0 0 3 3 2 4 1 0 0 1 4 3 4 2 0 0
0 8 1 4 3 4 2 0 0 4
0 91 1 3 3 1 4 2 1 1 2 2 0 2 4 1 4 2 2 1 1 1 1 0 0 2 0 4 2 0 0 4 3 1 4 4 4 2 1 1 0 0 1 4 2 1 4 2 2 2 4 2 2 2 1 0 4 1 1 2 2 2 4 2 2 1 1 1 1 0 0 0 0 4 2 0 1 4 3 2 4 1 1 2 1 4 1 2 2 2 1 1 3
0 5 0 3 3 4 2
0 53 0 4 3 2 4 2 2 2 2 1 0 4 2 2 2 2 1 4 1 4 2 2 1 2 2 2 4 2 2 2 1 2 1 2 0 2 0 4 2 2 1 2 0 0 0 0 0 0 4 2 0 0 3
0 22 0 4 3 1 0 0 0 0 0 2 4 1 2 0 4 0 0 4 4 4 0 3
0 35 1 4 3 2 0 4 2 2 0 0 4 1 2 4 1 2 2 4 2 1 1 4 1 1 2 2 0 1 3 3 4 4 4 1 3
0 34 1 4 3 2 0 4 2 2 0 0 4 1 2 4 1 2 2 4 2 1 1 4 1 1 2 2 0 1 3 3 4 4 4 1
0 21 0 3 3 2 0 2 2 4 2 2 2 2 2 0 0 2 4 2 0 1 3
0 35 0 3 3 1 2 0 0 0 4 1 1 1 4 2 1 2 1 4 2 1 2 1 1 0 4 2 0 0 3 3 4 2 0 1 4
0 52 0 3 3 4 4 4 0 3 3 2 0 4 4 2 1 1 0 0 0 0 4 2 2 0 1 4 1 4 2 0 1 4 3 1 0 0 0 0 4 2 0 0 3 3 1 2 1 4 2 0 1 3
0 45 0 4 3 1 4 2 1 2 0 4 1 2 1 2 4 0 0 0 2 4 1 1 2 1 2 4 0 4 1 2 2 2 1 0 2 0 4 4 4 4 4 4 4 0 3
0 200 0 4 3 1 4 1 1 2 2 1 4 1 2 2 1 2 1 4 2 1 1 0 1 2 4 2 2 1 1 0 4 1 1 0 4 1 2 2 1 1 1 0 1 4 2 2 1 4 1 1 1 1 1 4 2 1 2 4 1 1 2 1 1 4 1 1 1 2 1 1 0 0 0 4 2 0 1 0 0 0 4 2 2 4 2 4 1 3 3 2 1 0 2 0 1 0 4 1 2 2 1 2 1 0 0 4 2 1 1 1 0 4 2 0 1 4 3 1 4 1 2 1 1 4 2 2 1 1 2 4 2 4 2 2 1 2 0 4 2 1 1 4 1 2 2 2 2 1 0 4 1 1 2 2 2 2 0 0 0 0 4 3 1 2 4 2 1 4 2 4 2 1 1 1 1 1 4 1 1 2 1 1 4 1 2 2 1 1 4 1 1 0 4 4 4 4 4 4 0 3
0 47 1 3 3 2 0 4 1 1 1 1 4 1 0 4 1 1 0 0 0 1 4 1 2 4 2 0 1 4 4 2 1 1 1 1 1 4 4 4 4 4 0 3 3 4 4 1 4
0 120 1 3 3 1 4 2 1 1 2 2 0 2 4 1 4 2 2 1 1 1 1 0 0 2 0 4 2 0 0 4 3 1 4 4 4 2 1 1 0 0 1 4 2 1 4 2 2 2 4 2 2 2 1 0 4 1 1 2 2 2 4 2 2 1 1 1 1 0 0 0 0 4 2 0 1 4 3 2 4 1 1 2 1 4 1 2 2 2 1 1 3 3 1 0 4 1 1 1 0 0 4 1 1 1 1 4 2 0 4 2 2 0 0 2 0 4 2 0 0 3
0 81 0 4 3 2 0 4 1 1 2 2 0 0 4 4 4 4 4 4 0 4 3 2 0 4 4 1 1 2 4 1 1 2 1 1 1 2 0 1 0 0 1 0 0 4 1 2 1 1 1 4 1 1 2 1 2 1 0 4 1 2 0 4 2 0 4 1 2 1 1 1 4 2 0 0 3 3 4 4 4 1 3
0 91 0 3 3 4 4 4 0 3 3 2 0 4 4 2 1 1 0 0 0 0 4 2 2 0 1 4 1 4 2 0 1 4 3 1 0 0 0 0 4 2 0 0 3 3 1 2 1 4 2 0 1 3 3 1 0 4 2 2 1 4 2 2 1 4 1 4 1 2 2 1 1 1 0 0 1 4 4 2 2 1 2 1 2 4 4 4 4 4 4 1 3
0 8 0 3 3 4 2 0 1 4
0 41 1 4 3 1 4 2 2 2 2 0 4 1 2 0 0 0 4 1 2 4 2 1 1 1 1 2 0 4 1 2 2 1 2 4 4 4 4 4 4 0 3
0 48 1 4 3 1 0 4 2 0 1 4 3 1 4 0 0 0 1 0 4 0 0 2 4 2 1 2 2 2 2 1 4 1 2 1 2 2 2 4 2 0 0 3 3 4 2 0 1 4
0 69 1 4 3 1 0 0 0 4 1 0 0 2 4 2 2 1 2 4 1 2 1 2 1 4 1 0 4 2 1 2 2 0 0 4 2 1 2 1 4 1 1 2 2 2 0 4 1 2 2 1 2 0 4 2 0 0 3 3 1 1 0 0 0 0 4 2 0 1 3
0 113 0 4 3 2 0 4 1 1 1 2 1 1 0 0 4 2 2 0 2 0 4 4 2 2 1 1 1 0 0 1 4 2 2 4 0 0 2 4 0 4 1 1 1 2 2 4 2 2 1 4 2 1 1 1 1 1 4 3 2 2 4 1 2 2 2 2 0 4 1 4 4 2 1 1 1 2 2 0 2 4 1 1 1 4 0 1 4 2 1 4 2 1 1 2 0 0 4 2 1 1 2 1 2 4 2 0 0 4 3 4 2 0 0
0 22 1 3 3 2 4 1 1 2 1 1 2 4 1 1 4 4 4 4 4 4 1 3
0 46 1 3 3 2 0 4 1 1 1 1 4 1 0 4 1 1 0 0 0 1 4 1 2 4 2 0 1 4 4 2 1 1 1 1 1 4 4 4 4 4 0 3 3 4 4 1
0 11 1 4 3 4 2 0 1 4 3 4 0
0 5 1 4 3 4 2
0 18 0 4 3 2 0 1 4 0 0 4 4 4 4 1 3 3 4 2
0 32 0 3 3 1 2 0 0 0 4 1 1 1 4 2 1 2 1 4 2 1 2 1 1 0 4 2 0 0 3 3 4 2
0 106 1 3 3 2 0 1 0 4 2 0 0 3 3 1 4 1 2 4 2 1 2 2 1 1 0 1 4 1 3 3 1 4 2 0 0 4 2 2 2 2 2 1 4 1 2 2 2 4 2 1 1 1 0 1 4 1 1 2 4 1 1 2 2 1 0 0 0 0 1 4 2 1 2 2 4 2 2 0 4 1 1 1 1 2 0 4 4 4 4 4 0 4 3 2 0 4 2 2 1 1 1 0 2 0 0 3
0 2 0 4
0 120 1 4 3 1 0 0 4 2 2 2 2 1 2 4 1 2 0 1 0 0 0 2 0 0 4 1 2 2 1 2 0 4 1 1 1 1 1 4 1 4 2 1 0 4 2 1 1 2 2 1 0 1 4 2 2 1 0 4 2 1 0 0 0 1 4 1 1 4 2 1 1 1 1 2 0 0 0 0 4 4 0 3 3 2 0 4 1 1 2 2 4 1 2 1 1 1 4 1 1 1 4 0 0 1 0 4 1 2 1 2 4 1 2 1 2 4 2 0 1 3
0 103 1 3 3 2 0 4 1 2 0 4 1 2 1 4 4 2 0 1 3 3 2 4 2 4 1 1 0 4 1 0 0 1 1 0 1 4 1 1 1 2 2 1 0 4 1 4 1 4 1 2 2 2 4 1 2 1 1 4 1 2 4 2 0 1 4 3 1 0 0 4 4 2 1 2 4 1 2 2 1 2 4 1 2 1 0 0 0 4 2 0 0 3 3 2 4 1 0 0 1 4 3 4 2
0 44 1 4 3 4 2 0 0 4 3 2 4 2 2 0 1 4 1 2 4 2 2 2 2 1 2 4 1 2 2 1 1 2 0 4 2 1 2 1 1 2 4 1 0 3
0 7 0 3 3 4 4 4 0
0 17 0 4 3 4 4 4 4 1 3 3 1 0 4 4 4 0 3
0 63 1 3 3 2 4 1 2 1 1 1 2 0 2 0 4 4 4 0 4 3 1 4 1 2 4 1 1 1 4 1 1 2 2 2 1 2 4 1 1 1 0 4 1 2 1 1 2 0 4 1 1 2 4 1 2 2 1 2 4 2 0 1 3
0 45 1 4 3 1 0 4 2 0 1 4 3 1 4 0 0 0 1 0 4 0 0 2 4 2 1 2 2 2 2 1 4 1 2 1 2 2 2 4 2 0 0 3 3 4 2
0 2 1 3
0 33 1 4 3 2 0 4 2 1 1 1 1 1 0 0 0 0 4 2 0 0 3 3 2 4 2 0 0 4 3 4 4 4 1
0 19 1 3 3 2 0 4 1 2 0 4 1 2 1 4 4 2 0 1 3
0 19 1 3 3 1 4 4 2 0 1 3 3 4 4 4 1 3 3 0 3
0 10 1 4 3 4 4 4 4 4 0 4
0 75 0 3 3 2 0 4 0 4 3 2 0 0 0 0 0 1 4 2 2 2 4 1 1 1 4 0 4 1 1 2 1 2 2 1 2 4 1 1 2 1 4 2 2 1 2 0 4 2 2 1 0 4 1 1 1 2 2 2 0 4 2 2 2 4 2 2 2 4 1 0 4 2 0 0 3
0 50 0 3 3 1 1 0 0 0 4 1 2 1 4 1 1 1 4 2 2 4 1 2 2 1 1 2 4 2 2 2 1 4 2 2 4 1 2 0 4 2 1 0 0 4 2 4 2 0 1 3
0 8 0 4 3 4 4 4 4 1
0 6 0 3 3 4 4 0
0 55 0 3 3 1 4 2 2 1 1 1 2 4 1 1 1 1 0 4 1 0 4 1 0 1 4 2 2 1 2 4 2 1 2 2 0 4 2 2 1 2 0 4 2 0 0 3 3 4 4 4 4 4 4 0 4
0 158 1 3 3 2 0 0 4 2 1 2 0 4 2 1 2 1 4 2 1 1 1 1 4 1 2 1 1 2 1 0 0 4 2 1 2 4 1 1 2 0 1 0 4 1 2 1 1 0 1 1 4 2 2 2 0 0 4 2 0 0 4 3 1 4 1 2 2 1 1 4 2 1 1 1 2 1 2 0 0 2 0 4 1 0 0 0 0 2 0 4 4 4 4 4 1 4 3 1 4 2 1 2 4 0 0 4 2 2 1 2 2 1 4 1 2 2 1 2 1 0 4 2 1 1 2 0 0 0 1 0 4 2 1 1 4 1 2 1 2 4 1 2 2 2 2 1 0 4 2 0 1 3 3 4 4 4 1 4
0 65 0 4 3 1 0 0 0 0 0 2 4 1 2 0 4 0 0 4 4 4 0 3 3 2 0 4 2 2 1 2 2 4 1 2 4 0 0 2 2 1 4 2 1 0 0 0 2 4 1 2 2 2 0 4 4 4 4 4 1 3 3 4 4 4 0
0 78 1 4 3 2 4 1 2 1 4 2 1 1 2 1 4 2 1 1 4 1 1 1 1 4 2 2 1 2 0 4 2 1 4 2 1 1 2 2 4 1 4 2 2 2 1 4 1 1 2 2 1 4 1 2 1 2 1 0 0 0 4 1 1 1 1 1 1 0 0 4 4 2 1 0 4 4 1 3
0 66 0 4 3 2 0 0 4 2 2 2 1 2 1 0 2 4 1 1 1 1 2 4 1 2 0 4 2 2 1 2 0 2 0 4 2 0 4 1 2 0 4 2 2 1 1 4 0 4 1 1 2 2 2 4 1 2 2 1 2 4 4 4 4 4 1 3
0 84 1 4 3 4 4 4 4 4 0 4 3 1 4 2 1 2 4 4 1 2 2 1 4 1 1 2 2 4 2 0 4 2 1 1 0 0 2 2 0 0 4 2 1 1 2 4 2 2 1 4 2 1 2 2 2 2 1 0 0 4 2 2 0 0 4 2 1 2 2 2 0 3 3 2 0 0 4 4 4 4 4 4 0 3
0 158 0 4 3 1 0 0 4 1 0 0 0 1 0 4 1 2 0 0 4 2 2 4 1 2 2 1 4 1 2 2 1 2 2 0 2 0 2 4 0 2 0 0 0 0 4 1 3 3 1 0 1 4 2 1 0 4 1 2 4 4 1 2 2 0 1 0 2 1 4 1 1 1 2 2 4 1 2 1 1 4 2 4 2 0 0 4 3 1 4 0 4 1 4 2 4 2 2 1 0 4 4 2 4 1 1 0 0 4 4 4 0 4 3 2 4 1 2 2 1 1 4 4 1 2 4 2 2 1 4 2 0 0 3 3 1 4 2 1 1 1 1 0 0 4 1 2 2 2 1 2 4 4 4 4 4 4 0 3
0 66 0 3 3 4 2 0 1 4 3 2 4 0 4 2 1 2 1 2 1 0 0 0 0 4 1 2 1 1 2 2 4 2 0 1 4 3 4 1 4 3 2 0 0 1 0 4 2 2 1 2 1 2 4 2 1 4 2 2 4 4 4 4 4 4 1 3
0 152 1 3 3 2 0 0 4 2 1 2 0 4 2 1 2 1 4 2 1 1 1 1 4 1 2 1 1 2 1 0 0 4 2 1 2 4 1 1 2 0 1 0 4 1 2 1 1 0 1 1 4 2 2 2 0 0 4 2 0 0 4 3 1 4 1 2 2 1 1 4 2 1 1 1 2 1 2 0 0 2 0 4 1 0 0 0 0 2 0 4 4 4 4 4 1 4 3 1 4 2 1 2 4 0 0 4 2 2 1 2 2 1 4 1 2 2 1 2 1 0 4 2 1 1 2 0 0 0 1 0 4 2 1 1 4 1 2 1 2 4 1 2 2 2 2 1 0 4 2 0 1 3
0 94 0 3 3 1 4 2 2 1 1 1 2 4 1 1 1 1 0 4 1 0 4 1 0 1 4 2 2 1 2 4 2 1 2 2 0 4 2 2 1 2 0 4 2 0 0 3 3 4 4 4 4 4 4 0 4 3 2 4 2 2 2 1 1 0 4 4 2 2 2 1 2 2 1 0 0 4 2 1 2 1 2 1 4 4 4 4 0 4 3 4 2 0 0 4
0 152 0 3 3 2 0 4 0 4 3 2 0 0 0 0 0 1 4 2 2 2 4 1 1 1 4 0 4 1 1 2 1 2 2 1 2 4 1 1 2 1 4 2 2 1 2 0 4 2 2 1 0 4 1 1 1 2 2 2 0 4 2 2 2 4 2 2 2 4 1 0 4 2 0 0 3 3 1 2 4 1 2 2 2 2 2 0 4 1 1 0 1 1 4 4 4 2 2 1 2 1 1 4 1 2 2 1 1 4 1 4 1 2 1 4 2 1 2 2 1 1 0 4 2 1 1 2 1 1 4 2 0 0 4 3 1 4 1 2 2 4 2 1 2 4 2 1 1 4 2 0 0 3
0 70 0 3 3 4 4 0 4 3 1 4 2 2 1 1 0 4 1 1 1 1 2 4 1 4 1 1 1 1 2 2 4 2 2 1 1 0 4 4 0 3 3 2 4 1 2 0 0 4 2 1 0 1 0 0 2 4 1 1 2 4 1 1 4 2 0 1 4 3 4 2
0 54 0 3 3 1 2 0 0 0 4 1 1 1 4 2 1 2 1 4 2 1 2 1 1 0 4 2 0 0 3 3 4 2 0 1 4 3 2 4 1 1 2 2 1 1 2 2 0 4 4 4 4 4 0 3
0 54 0 4 3 1 4 2 1 2 0 4 1 2 1 2 4 0 0 0 2 4 1 1 2 1 2 4 0 4 1 2 2 2 1 0 2 0 4 4 4 4 4 4 4 0 3 3 4 4 4 4 4 4 1 3
0 6 1 4 3 4 1 4
0 1 1
0 7 0 4 3 4 2 0 1
0 87 1 4 3 2 0 4 1 1 2 1 1 0 0 4 1 1 1 2 4 2 1 2 2 1 4 4 4 4 4 0 4 3 4 4 4 1 4 3 1 0 1 1 4 1 1 1 2 1 0 2 0 4 1 1 2 0 4 1 2 1 0 0 4 4 4 0 4 3 2 0 0 0 4 2 2 1 1 4 2 1 1 4 4 4 4 0 3
0 111 0 4 3 2 0 4 1 1 1 2 1 1 0 0 4 2 2 0 2 0 4 4 2 2 1 1 1 0 0 1 4 2 2 4 0 0 2 4 0 4 1 1 1 2 2 4 2 2 1 4 2 1 1 1 1 1 4 3 2 2 4 1 2 2 2 2 0 4 1 4 4 2 1 1 1 2 2 0 2 4 1 1 1 4 0 1 4 2 1 4 2 1 1 2 0 0 4 2 1 1 2 1 2 4 2 0 0 4 3 4 2
0 10 1 3 3 1 4 4 2 0 1 3
0 20 0 4 3 2 0 1 4 0 0 4 4 4 4 1 3 3 4 2 0 0
0 53 1 4 3 4 4 4 4 4 4 1 4 3 2 0 4 1 1 1 0 4 2 4 4 1 2 1 2 4 2 2 1 1 2 1 4 1 2 1 4 1 0 4 2 1 1 2 0 0 4 2 0 1 3
0 39 0 3 3 4 2 0 1 4 3 2 4 0 4 2 1 2 1 2 1 0 0 0 0 4 1 2 1 1 2 2 4 2 0 1 4 3 4 1 4
0 61 0 4 3 1 4 4 4 1 1 1 2 1 4 1 1 1 1 2 2 4 2 0 0 3 3 1 0 0 4 1 1 1 0 1 4 2 1 2 0 0 4 1 1 2 4 1 2 4 1 2 2 0 0 0 4 4 4 4 4 1 3
0 40 0 3 3 4 4 0 4 3 1 4 2 2 1 1 0 4 1 1 1 1 2 4 1 4 1 1 1 1 2 2 4 2 2 1 1 0 4 4 0 3
0 143 1 3 3 2 0 0 4 2 2 1 1 0 4 2 1 4 2 2 2 4 0 4 1 2 1 1 0 4 2 1 0 4 2 2 2 1 1 0 0 0 4 2 1 1 2 2 2 0 4 2 2 0 4 4 4 4 1 3 3 1 4 2 1 4 2 1 1 1 2 1 0 0 0 2 1 0 2 0 0 2 2 4 4 2 1 4 1 2 0 4 0 4 2 0 0 4 3 1 0 0 0 4 2 1 1 1 1 0 1 1 4 2 1 1 2 0 0 4 4 0 1 0 1 0 4 2 2 4 1 1 0 0 0 1 0 4 2 2 4 2 0 1 3
0 133 0 4 3 2 4 0 0 4 1 1 2 1 0 1 4 2 1 1 2 2 2 4 2 1 2 0 4 2 1 4 1 1 2 1 1 0 2 0 4 2 2 1 1 2 4 2 2 1 2 4 2 4 1 1 4 1 2 0 4 2 1 2 0 4 4 4 4 4 0 4 3 1 4 1 2 1 2 0 4 1 1 1 2 4 1 4 1 1 1 2 2 1 1 0 4 1 0 0 0 1 4 1 2 2 2 1 4 2 0 0 4 3 2 4 2 1 1 2 1 2 2 4 2 4 1 2 1 0 4 2 0 1 3
0 38 0 3 3 4 2 0 1 4 3 2 4 0 4 2 1 2 1 2 1 0 0 0 0 4 1 2 1 1 2 2 4 2 0 1 4 3 4 1
0 180 1 4 3 2 0 0 4 1 1 1 4 1 1 2 0 0 1 2 4 2 2 4 2 1 2 1 1 2 4 1 0 4 2 1 1 1 1 4 1 1 2 1 1 1 2 4 0 0 4 2 2 1 0 4 4 4 4 4 4 4 1 3 3 2 0 0 0 0 4 1 2 1 1 2 1 4 2 1 1 2 0 4 1 0 4 1 2 1 1 0 4 0 0 4 2 0 1 4 3 1 4 1 1 2 2 1 4 2 0 0 0 1 0 0 0 0 0 1 1 1 4 1 2 2 2 1 2 4 1 2 1 1 1 0 4 4 4 4 4 1 3 3 1 0 2 4 1 1 2 2 1 2 4 2 2 1 2 1 1 0 1 1 0 4 2 1 2 2 4 2 0 1 3 3 4 4 4 4 0 4
0 7 0 4 3 4 2 0 0
0 29 0 3 3 1 2 0 0 0 4 1 1 1 4 2 1 2 1 4 2 1 2 1 1 0 4 2 0 0 3
0 155 1 4 3 1 0 0 4 2 2 2 2 1 2 4 1 2 0 1 0 0 0 2 0 0 4 1 2 2 1 2 0 4 1 1 1 1 1 4 1 4 2 1 0 4 2 1 1 2 2 1 0 1 4 2 2 1 0 4 2 1 0 0 0 1 4 1 1 4 2 1 1 1 1 2 0 0 0 0 4 4 0 3 3 2 0 4 1 1 2 2 4 1 2 1 1 1 4 1 1 1 4 0 0 1 0 4 1 2 1 2 4 1 2 1 2 4 2 0 1 3 3 1 2 0 0 4 0 0 4 1 1 0 0 4 2 2 0 4 2 2 1 2 2 2 0 1 4 1 2 1 4 2 0 0 3
0 76 0 3 3 2 0 4 1 1 2 2 2 2 2 0 4 1 2 1 1 2 4 1 4 4 4 4 4 4 1 4 3 2 0 4 2 1 2 1 1 1 0 0 4 2 0 0 3 3 2 4 1 1 1 0 0 4 1 4 1 2 2 1 1 1 0 4 1 2 2 4 4 4 4 4 1 3
0 15 1 3 3 1 4 4 2 0 1 3 3 4 4 4 1
0 2 1 4
0 84 0 3 3 2 4 2 1 2 1 0 0 4 2 0 0 3 3 2 4 1 0 2 1 2 4 2 1 0 0 2 4 1 1 1 0 4 4 4 2 2 1 2 1 2 0 4 2 0 1 4 3 2 2 4 4 1 4 0 4 1 2 2 2 2 1 2 2 0 0 4 4 2 2 0 4 2 2 2 2 4 2 0 0 3
0 177 1 3 3 2 0 4 2 1 1 2 2 2 0 4 2 4 2 1 0 4 1 1 2 1 1 1 4 2 2 1 2 2 2 1 0 0 0 0 4 2 1 2 2 1 4 4 4 4 4 0 3 3 1 0 0 4 1 2 1 1 2 4 2 4 1 1 1 1 4 2 2 2 4 2 1 1 1 4 1 2 1 4 4 2 0 1 3 3 1 4 4 1 2 1 0 2 0 4 1 1 1 1 0 4 2 2 2 1 4 3 1 0 4 0 0 4 1 1 2 2 4 1 2 2 2 4 1 1 2 1 2 4 0 1 4 1 1 1 2 1 1 4 2 2 1 4 2 1 1 1 2 4 2 1 2 1 1 0 0 4 2 2 2 1 4 1 2 2 1 4 2 0 1 4 3 1 3
0 45 0 3 3 1 0 0 2 0 0 4 1 2 2 2 1 4 2 1 1 2 0 0 0 4 2 4 1 1 1 1 1 1 0 4 2 1 2 2 2 4 4 4 4 1 3
0 46 0 3 3 1 4 2 2 1 1 1 2 4 1 1 1 1 0 4 1 0 4 1 0 1 4 2 2 1 2 4 2 1 2 2 0 4 2 2 1 2 0 4 2 0 0 3
0 27 0 3 3 2 4 1 2 1 1 4 2 0 4 2 1 2 4 4 4 4 4 4 1 4 3 4 2
0 17 1 4 3 1 2 2 4 0 1 0 0 1 4 2 0 1 3
0 93 0 3 3 1 4 2 2 1 1 1 2 4 1 1 1 1 0 4 1 0 4 1 0 1 4 2 2 1 2 4 2 1 2 2 0 4 2 2 1 2 0 4 2 0 0 3 3 4 4 4 4 4 4 0 4 3 2 4 2 2 2 1 1 0 4 4 2 2 2 1 2 2 1 0 0 4 2 1 2 1 2 1 4 4 4 4 0 4 3 4 2 0 0
0 64 0 4 3 1 4 4 4 1 1 1 2 1 4 1 1 1 1 2 2 4 2 0 0 3 3 1 0 0 4 1 1 1 0 1 4 2 1 2 0 0 4 1 1 2 4 1 2 4 1 2 2 0 0 0 4 4 4 4 4 1 3 3 4 2
0 11 1 4 3 4 2 0 0 4 3 4 2
0 47 0 3 3 2 0 4 1 1 2 2 2 2 2 0 4 1 2 1 1 2 4 1 4 4 4 4 4 4 1 4 3 2 0 4 2 1 2 1 1 1 0 0 4 2 0 0 3
0 82 1 4 3 1 0 0 4 2 2 2 2 1 2 4 1 2 0 1 0 0 0 2 0 0 4 1 2 2 1 2 0 4 1 1 1 1 1 4 1 4 2 1 0 4 2 1 1 2 2 1 0 1 4 2 2 1 0 4 2 1 0 0 0 1 4 1 1 4 2 1 1 1 1 2 0 0 0 0 4 4 0 3
0 8 1 4 3 4 2 0 1 4
0 46 1 3 3 2 4 2 2 2 1 4 1 4 1 2 4 1 2 1 1 2 0 4 1 2 1 2 0 0 4 1 2 2 4 1 2 0 0 4 4 2 0 1 4 3 4 2
0 106 1 3 3 2 0 4 1 2 0 4 1 2 1 4 4 2 0 1 3 3 2 4 2 4 1 1 0 4 1 0 0 1 1 0 1 4 1 1 1 2 2 1 0 4 1 4 1 4 1 2 2 2 4 1 2 1 1 4 1 2 4 2 0 1 4 3 1 0 0 4 4 2 1 2 4 1 2 2 1 2 4 1 2 1 0 0 0 4 2 0 0 3 3 2 4 1 0 0 1 4 3 4 2 0 0 4
0 17 1 3 3 1 4 0 4 2 1 2 1 2 4 2 0 1 3
0 54 0 3 3 1 4 2 2 1 1 1 2 4 1 1 1 1 0 4 1 0 4 1 0 1 4 2 2 1 2 4 2 1 2 2 0 4 2 2 1 2 0 4 2 0 0 3 3 4 4 4 4 4 4 0
0 60 0 4 3 2 4 2 2 2 1 2 2 4 1 2 2 4 2 1 2 0 4 0 2 4 2 1 1 4 3 2 0 4 1 2 0 1 4 1 1 4 4 1 2 4 1 2 0 0 4 1 1 2 4 1 0 4 2 0 0 3
0 10 1 4 3 4 4 4 4 4 4 1
0 64 0 3 3 1 4 1 1 2 0 4 2 4 1 1 2 1 4 1 2 1 0 4 4 4 4 4 4 1 4 3 1 2 0 4 1 1 2 0 0 0 1 4 1 2 2 0 2 4 2 2 1 1 2 2 0 0 4 4 1 4 2 0 0 3
0 12 1 4 3 4 2 0 1 4 3 4 0 3
0 42 0 3 3 2 0 0 0 0 2 0 2 4 4 2 1 0 4 2 1 0 0 0 4 2 4 0 1 4 1 4 1 1 1 1 1 0 0 4 2 0 1 3
0 18 1 3 3 1 4 4 2 0 1 3 3 4 4 4 1 3 3 0
0 84 0 3 3 4 2 0 1 4 3 2 4 0 4 2 1 2 1 2 1 0 0 0 0 4 1 2 1 1 2 2 4 2 0 1 4 3 4 1 4 3 2 0 0 1 0 4 2 2 1 2 1 2 4 2 1 4 2 2 4 4 4 4 4 4 1 3 3 2 0 4 2 2 1 1 0 4 1 1 2 1 4 4 0 3
0 28 1 3 3 1 4 0 1 4 1 1 1 4 2 1 1 2 2 2 0 2 4 0 0 4 2 0 0 3
0 43 0 3 3 4 4 4 0 3 3 2 0 4 4 2 1 1 0 0 0 0 4 2 2 0 1 4 1 4 2 0 1 4 3 1 0 0 0 0 4 2 0 0 3
0 80 0 4 3 2 0 4 1 1 2 2 0 0 4 4 4 4 4 4 0 4 3 2 0 4 4 1 1 2 4 1 1 2 1 1 1 2 0 1 0 0 1 0 0 4 1 2 1 1 1 4 1 1 2 1 2 1 0 4 1 2 0 4 2 0 4 1 2 1 1 1 4 2 0 0 3 3 4 4 4 1
0 15 0 4 3 2 0 1 4 0 0 4 4 4 4 1 3
0 47 1 4 3 1 0 4 2 0 1 4 3 1 4 0 0 0 1 0 4 0 0 2 4 2 1 2 2 2 2 1 4 1 2 1 2 2 2 4 2 0 0 3 3 4 2 0 1
0 57 0 3 3 1 1 0 0 0 4 1 2 1 4 1 1 1 4 2 2 4 1 2 2 1 1 2 4 2 2 2 1 4 2 2 4 1 2 0 4 2 1 0 0 4 2 4 2 0 1 3 3 2 4 4 4 0 3
0 119 0 4 3 2 0 0 4 2 2 2 1 2 1 0 2 4 1 1 1 1 2 4 1 2 0 4 2 2 1 2 0 2 0 4 2 0 4 1 2 0 4 2 2 1 1 4 0 4 1 1 2 2 2 4 1 2 2 1 2 4 4 4 4 4 1 3 3 2 4 4 2 1 2 4 2 1 4 2 2 2 2 2 1 4 1 2 1 0 4 1 1 1 4 2 1 1 2 1 4 1 2 1 2 1 1 1 4 1 2 1 1 2 2 0 0 0 4 0 3
0 127 0 4 3 1 4 2 1 2 0 4 1 2 1 2 4 0 0 0 2 4 1 1 2 1 2 4 0 4 1 2 2 2 1 0 2 0 4 4 4 4 4 4 4 0 3 3 4 4 4 4 4 4 1 3 3 2 0 0 4 1 0 0 4 2 1 2 2 1 1 0 0 4 2 2 2 0 4 1 2 4 1 4 4 0 3 3 2 0 0 2 1 4 4 4 4 4 4 1 4 3 1 4 2 1 4 2 4 1 1 1 1 2 0 2 4 1 1 0 0 4 2 0 0 4 3 4 2
0 86 1 3 3 2 4 1 1 2 1 1 2 4 1 1 4 4 4 4 4 4 1 3 3 1 4 0 4 2 2 1 2 1 0 0 4 1 1 2 2 2 2 0 4 1 2 1 1 2 0 4 2 1 0 0 4 1 1 1 2 2 4 2 0 1 3 3 1 4 2 1 1 1 2 1 0 0 1 4 1 0 1 4 2 0 0 3
0 16 0 3 3 2 4 2 1 2 1 0 0 4 2 0 0 3
0 66 0 4 3 1 0 0 0 0 0 2 4 1 2 0 4 0 0 4 4 4 0 3 3 2 0 4 2 2 1 2 2 4 1 2 4 0 0 2 2 1 4 2 1 0 0 0 2 4 1 2 2 2 0 4 4 4 4 4 1 3 3 4 4 4 0 4
0 51 1 4 3 4 2 0 0 4 3 2 4 2 2 0 1 4 1 2 4 2 2 2 2 1 2 4 1 2 2 1 1 2 0 4 2 1 2 1 1 2 4 1 0 3 3 4 4 4 4 0 3
0 82 0 4 3 2 0 0 4 4 1 2 2 2 1 2 4 2 0 1 4 3 2 1 4 2 0 0 0 4 0 2 0 4 2 2 1 1 2 1 0 0 4 2 2 2 1 1 1 4 2 0 0 2 4 1 1 4 1 2 4 4 4 0 3 3 1 4 2 2 0 2 4 2 2 2 2 1 0 4 2 0 1 3
0 21 1 4 3 2 0 4 2 1 1 1 1 1 0 0 0 0 4 2 0 0 3
0 62 1 4 3 2 0 0 4 1 1 1 4 1 1 2 0 0 1 2 4 2 2 4 2 1 2 1 1 2 4 1 0 4 2 1 1 1 1 4 1 1 2 1 1 1 2 4 0 0 4 2 2 1 0 4 4 4 4 4 4 4 1 3
0 9 0 4 3 4 4 4 4 1 3
0 72 1 4 3 4 4 4 4 4 0 4 3 1 4 2 1 2 4 4 1 2 2 1 4 1 1 2 2 4 2 0 4 2 1 1 0 0 2 2 0 0 4 2 1 1 2 4 2 2 1 4 2 1 2 2 2 2 1 0 0 4 2 2 0 0 4 2 1 2 2 2 0 3
0 114 0 3 3 1 4 1 2 2 0 4 2 2 1 2 1 2 4 1 1 2 1 1 4 1 2 4 0 4 1 1 1 2 2 2 4 4 0 3 3 2 0 4 1 1 2 1 1 4 2 2 1 2 4 0 0 4 1 2 2 0 1 4 1 2 2 2 2 1 4 1 1 2 1 2 1 4 1 2 1 0 4 2 1 2 4 1 0 0 4 0 4 1 1 1 1 4 2 1 2 2 1 4 4 4 4 4 4 0 4 3 4 4 4 1
0 7 1 4 3 4 2 0 0
0 5 0 4 3 4 2
0 29 1 3 3 2 0 1 0 4 2 0 0 3 3 1 4 1 2 4 2 1 2 2 1 1 0 1 4 1 3
0 57 1 4 3 1 0 0 0 4 1 0 0 2 4 2 2 1 2 4 1 2 1 2 1 4 1 0 4 2 1 2 2 0 0 4 2 1 2 1 4 1 1 2 2 2 0 4 1 2 2 1 2 0 4 2 0 0 3
0 102 1 3 3 1 4 0 1 4 1 1 1 4 2 1 1 2 2 2 0 2 4 0 0 4 2 0 0 3 3 2 0 0 0 4 2 2 4 4 1 2 1 0 1 0 0 1 0 4 1 2 1 2 1 1 2 2 4 4 2 2 1 1 1 4 1 2 1 1 4 4 4 4 0 4 3 2 4 1 2 1 2 4 1 1 1 1 1 2 0 4 1 1 0 4 3 4 4 4 4 4 1 4
0 21 0 4 3 2 4 2 1 1 2 1 0 4 1 0 4 4 4 4 4 0 3
0 25 0 4 3 2 4 0 1 1 0 0 4 1 1 1 4 1 2 2 1 1 4 2 0 1 3
0 51 1 3 3 2 0 4 2 1 1 2 2 2 0 4 2 4 2 1 0 4 1 1 2 1 1 1 4 2 2 1 2 2 2 1 0 0 0 0 4 2 1 2 2 1 4 4 4 4 4 0 3
0 60 0 4 3 1 0 0 0 0 0 2 4 1 2 0 4 0 0 4 4 4 0 3 3 2 0 4 2 2 1 2 2 4 1 2 4 0 0 2 2 1 4 2 1 0 0 0 2 4 1 2 2 2 0 4 4 4 4 4 1 3
0 52 1 4 3 2 4 2 1 1 2 1 4 2 2 1 2 1 0 1 4 2 1 1 1 2 2 4 1 1 0 4 0 1 4 2 4 1 2 1 1 4 2 2 2 2 0 4 4 4 4 4 1 3
0 99 0 4 3 4 4 4 4 1 3 3 1 0 4 4 4 0 3 3 2 0 4 2 2 1 2 2 1 4 1 1 2 1 2 2 2 0 2 4 1 1 2 2 0 0 4 2 1 2 4 2 2 2 2 4 1 2 2 2 2 4 1 2 2 2 4 1 1 2 1 0 0 4 2 1 1 2 0 0 2 0 0 4 2 2 2 2 2 0 4 2 2 4 4 4 4 4 4 0 3
0 52 1 4 3 2 4 2 2 2 1 2 2 4 2 1 2 4 1 1 2 4 1 2 1 2 2 1 4 1 2 2 2 4 0 4 2 0 4 1 2 2 4 0 2 2 0 4 1 2 1 4 1 3
0 80 0 4 3 2 4 2 2 2 1 2 2 4 1 2 2 4 2 1 2 0 4 0 2 4 2 1 1 4 3 2 0 4 1 2 0 1 4 1 1 4 4 1 2 4 1 2 0 0 4 1 1 2 4 1 0 4 2 0 0 3 3 1 4 2 1 2 1 2 4 2 1 0 0 0 4 4 4 4 0 3
0 37 1 4 3 2 0 4 1 1 2 1 1 0 0 4 1 1 1 2 4 2 1 2 2 1 4 4 4 4 4 0 4 3 4 4 4 1 4
0 9 1 4 3 4 4 4 4 0 3
0 159 0 4 3 2 0 0 4 2 2 2 1 2 1 0 2 4 1 1 1 1 2 4 1 2 0 4 2 2 1 2 0 2 0 4 2 0 4 1 2 0 4 2 2 1 1 4 0 4 1 1 2 2 2 4 1 2 2 1 2 4 4 4 4 4 1 3 3 2 4 4 2 1 2 4 2 1 4 2 2 2 2 2 1 4 1 2 1 0 4 1 1 1 4 2 1 1 2 1 4 1 2 1 2 1 1 1 4 1 2 1 1 2 2 0 0 0 4 0 3 3 2 1 4 1 1 4 0 2 4 4 4 4 4 0 4 3 2 0 0 4 1 1 4 1 2 2 0 0 4 1 1 2 4 2 0 0 0 1 3
0 31 1 4 3 4 2 0 1 4 3 2 0 0 4 4 1 1 4 1 1 2 1 2 4 2 1 1 4 2 0 1 3
0 36 1 4 3 2 0 4 1 1 2 1 1 0 0 4 1 1 1 2 4 2 1 2 2 1 4 4 4 4 4 0 4 3 4 4 4 1
0 37 1 4 3 1 4 1 0 4 1 1 0 4 2 2 2 4 1 0 4 4 2 4 1 1 2 2 2 4 4 4 4 4 0 3 3 4 2
0 66 0 4 3 1 4 4 4 1 1 1 2 1 4 1 1 1 1 2 2 4 2 0 0 3 3 1 0 0 4 1 1 1 0 1 4 2 1 2 0 0 4 1 1 2 4 1 2 4 1 2 2 0 0 0 4 4 4 4 4 1 3 3 4 2 0 1
0 12 1 3 3 2 0 1 0 4 2 0 0 3
0 51 0 3 3 4 2 0 1 4 3 2 4 1 2 2 1 1 0 0 4 2 1 0 2 1 0 4 2 2 2 0 4 2 2 4 4 4 4 1 4 3 2 0 4 4 1 2 4 2 0 0 3
0 87 0 3 3 2 4 2 1 2 1 0 0 4 2 0 0 3 3 2 4 1 0 2 1 2 4 2 1 0 0 2 4 1 1 1 0 4 4 4 2 2 1 2 1 2 0 4 2 0 1 4 3 2 2 4 4 1 4 0 4 1 2 2 2 2 1 2 2 0 0 4 4 2 2 0 4 2 2 2 2 4 2 0 0 3 3 4 2
0 129 1 4 3 2 0 0 4 2 0 0 0 1 4 2 1 1 4 4 4 4 4 0 4 3 2 4 2 2 2 0 2 1 0 0 0 0 0 2 0 4 1 1 4 1 2 1 1 2 2 0 0 1 4 2 1 2 1 1 0 4 3 2 0 0 0 0 0 2 4 1 2 4 1 2 4 2 1 2 1 1 4 4 4 4 4 1 4 3 1 4 1 2 2 1 1 0 0 4 2 4 1 2 2 4 1 2 1 2 4 2 1 0 1 0 4 2 0 4 1 1 1 0 4 2 4 2 0 0 3
0 7 0 3 3 4 2 0 1
0 50 1 4 3 4 2 0 0 4 3 2 4 2 2 0 1 4 1 2 4 2 2 2 2 1 2 4 1 2 2 1 1 2 0 4 2 1 2 1 1 2 4 1 0 3 3 4 4 4 4 0
0 42 0 4 3 1 4 1 1 1 2 0 4 1 2 0 2 0 0 0 4 1 1 1 2 0 0 1 0 4 1 0 4 4 2 2 2 1 2 4 2 0 1 3
0 101 1 3 3 1 4 0 1 4 1 1 1 4 2 1 1 2 2 2 0 2 4 0 0 4 2 0 0 3 3 2 0 0 0 4 2 2 4 4 1 2 1 0 1 0 0 1 0 4 1 2 1 2 1 1 2 2 4 4 2 2 1 1 1 4 1 2 1 1 4 4 4 4 0 4 3 2 4 1 2 1 2 4 1 1 1 1 1 2 0 4 1 1 0 4 3 4 4 4 4 4 1
0 16 1 3 3 1 4 4 2 0 1 3 3 4 4 4 1 3
0 42 1 3 3 2 0 4 1 1 1 1 4 1 0 4 1 1 0 0 0 1 4 1 2 4 2 0 1 4 4 2 1 1 1 1 1 4 4 4 4 4 0 3
0 76 0 3 3 1 1 0 0 0 4 1 2 1 4 1 1 1 4 2 2 4 1 2 2 1 1 2 4 2 2 2 1 4 2 2 4 1 2 0 4 2 1 0 0 4 2 4 2 0 1 3 3 2 4 4 4 0 3 3 1 0 4 1 1 2 1 1 1 4 4 1 1 4 2 0 1 3
0 107 0 4 3 2 4 2 2 2 1 2 2 4 1 2 2 4 2 1 2 0 4 0 2 4 2 1 1 4 3 2 0 4 1 2 0 1 4 1 1 4 4 1 2 4 1 2 0 0 4 1 1 2 4 1 0 4 2 0 0 3 3 1 4 2 1 2 1 2 4 2 1 0 0 0 4 4 4 4 0 3 3 1 4 2 1 2 1 1 1 0 4 1 0 1 0 4 1 1 0 0 4 2 4 2 0 0 3
0 157 1 3 3 2 0 0 4 2 1 2 0 4 2 1 2 1 4 2 1 1 1 1 4 1 2 1 1 2 1 0 0 4 2 1 2 4 1 1 2 0 1 0 4 1 2 1 1 0 1 1 4 2 2 2 0 0 4 2 0 0 4 3 1 4 1 2 2 1 1 4 2 1 1 1 2 1 2 0 0 2 0 4 1 0 0 0 0 2 0 4 4 4 4 4 1 4 3 1 4 2 1 2 4 0 0 4 2 2 1 2 2 1 4 1 2 2 1 2 1 0 4 2 1 1 2 0 0 0 1 0 4 2 1 1 4 1 2 1 2 4 1 2 2 2 2 1 0 4 2 0 1 3 3 4 4 4 1
0 46 0 3 3 2 1 0 4 2 2 1 1 2 1 0 4 2 1 4 1 2 1 1 2 1 0 4 2 0 0 3 3 2 4 2 4 1 4 1 2 2 1 2 4 4 0 3
0 1 0
0 173 1 4 3 2 0 0 4 1 1 1 4 1 1 2 0 0 1 2 4 2 2 4 2 1 2 1 1 2 4 1 0 4 2 1 1 1 1 4 1 1 2 1 1 1 2 4 0 0 4 2 2 1 0 4 4 4 4 4 4 4 1 3 3 2 0 0 0 0 4 1 2 1 1 2 1 4 2 1 1 2 0 4 1 0 4 1 2 1 1 0 4 0 0 4 2 0 1 4 3 1 4 1 1 2 2 1 4 2 0 0 0 1 0 0 0 0 0 1 1 1 4 1 2 2 2 1 2 4 1 2 1 1 1 0 4 4 4 4 4 1 3 3 1 0 2 4 1 1 2 2 1 2 4 2 2 1 2 1 1 0 1 1 0 4 2 1 2 2 4 2 0 1 3
0 47 0 4 3 1 0 0 4 1 0 0 0 1 0 4 1 2 0 0 4 2 2 4 1 2 2 1 4 1 2 2 1 2 2 0 2 0 2 4 0 2 0 0 0 0 4 1 3
0 28 0 4 3 1 0 0 1 0 4 2 1 1 1 2 0 4 2 2 1 4 1 1 0 4 2 0 0 3
0 49 1 3 3 2 4 2 2 2 1 4 1 4 1 2 4 1 2 1 1 2 0 4 1 2 1 2 0 0 4 1 2 2 4 1 2 0 0 4 4 2 0 1 4 3 4 2 0 1 4
0 8 0 4 3 4 2 0 0 4
0 73 0 4 3 2 4 1 1 1 1 1 1 0 4 1 2 4 2 2 1 1 1 0 4 1 4 1 2 1 1 1 2 4 1 2 2 2 4 2 0 1 4 3 1 4 4 1 2 1 1 1 4 2 1 2 1 4 1 4 1 4 1 4 0 2 0 0 0 0 4 2 0 0 3
0 75 0 4 3 2 0 4 1 1 2 2 0 0 4 4 4 4 4 4 0 4 3 2 0 4 4 1 1 2 4 1 1 2 1 1 1 2 0 1 0 0 1 0 0 4 1 2 1 1 1 4 1 1 2 1 2 1 0 4 1 2 0 4 2 0 4 1 2 1 1 1 4 2 0 0 3
0 150 0 4 3 2 4 1 1 1 1 1 1 0 4 1 2 4 2 2 1 1 1 0 4 1 4 1 2 1 1 1 2 4 1 2 2 2 4 2 0 1 4 3 1 4 4 1 2 1 1 1 4 2 1 2 1 4 1 4 1 4 1 4 0 2 0 0 0 0 4 2 0 0 3 3 1 4 2 2 2 1 2 2 1 4 2 1 2 1 4 4 4 4 1 3 3 2 2 4 1 2 1 2 1 1 1 0 0 0 4 1 2 1 1 1 1 0 1 4 2 2 2 1 2 1 2 4 2 2 1 0 0 4 1 2 1 2 1 0 0 2 0 4 2 2 4 4 4 4 0 3
0 38 0 3 3 1 4 1 2 2 0 4 2 2 1 2 1 2 4 1 1 2 1 1 4 1 2 4 0 4 1 1 1 2 2 2 4 4 0 3
0 134 1 4 3 2 0 4 1 1 4 2 1 1 1 1 4 0 4 2 1 2 2 4 2 2 2 0 0 1 1 0 0 4 2 0 1 4 3 1 4 2 1 1 1 0 4 1 2 2 2 0 4 1 1 2 4 2 4 2 2 2 1 2 1 0 0 0 2 4 2 2 0 4 0 4 1 1 1 1 2 0 4 4 1 4 3 2 4 1 1 2 1 0 0 4 2 2 0 2 4 2 1 1 2 2 2 0 4 2 2 1 2 1 4 1 4 2 2 1 2 2 1 2 4 2 1 0 0 4 4 0 4 3 4 2
0 24 0 4 3 1 4 4 4 1 1 1 2 1 4 1 1 1 1 2 2 4 2 0 0 3
0 2 0 3
0 8 0 4 3 4 2 0 1 3
0 30 0 3 3 2 1 0 4 2 2 1 1 2 1 0 4 2 1 4 1 2 1 1 2 1 0 4 2 0 0 3
0 9 1 4 3 4 4 4 4 4 0
0 115 0 3 3 1 4 1 2 2 0 4 2 2 1 2 1 2 4 1 1 2 1 1 4 1 2 4 0 4 1 1 1 2 2 2 4 4 0 3 3 2 0 4 1 1 2 1 1 4 2 2 1 2 4 0 0 4 1 2 2 0 1 4 1 2 2 2 2 1 4 1 1 2 1 2 1 4 1 2 1 0 4 2 1 2 4 1 0 0 4 0 4 1 1 1 1 4 2 1 2 2 1 4 4 4 4 4 4 0 4 3 4 4 4 1 3
0 34 0 3 3 1 2 0 0 0 4 1 1 1 4 2 1 2 1 4 2 1 2 1 1 0 4 2 0 0 3 3 4 2 0 1
0 88 1 3 3 1 4 4 2 0 1 3 3 4 4 4 1 3 3 0 3 3 1 4 1 2 1 4 1 2 1 1 1 2 1 0 2 0 2 0 0 0 1 0 4 0 0 1 4 0 4 1 0 4 2 1 1 2 4 2 0 1 4 3 2 0 0 4 4 1 0 2 4 1 0 2 4 2 1 1 1 1 2 2 0 4 2 0 1 3
0 63 0 4 3 2 0 0 4 4 1 2 2 2 1 2 4 2 0 1 4 3 2 1 4 2 0 0 0 4 0 2 0 4 2 2 1 1 2 1 0 0 4 2 2 2 1 1 1 4 2 0 0 2 4 1 1 4 1 2 4 4 4 0 3
0 74 1 4 3 4 4 4 4 4 4 1 4 3 2 0 4 1 1 1 0 4 2 4 4 1 2 1 2 4 2 2 1 1 2 1 4 1 2 1 4 1 0 4 2 1 1 2 0 0 4 2 0 1 3 3 1 4 2 1 0 4 2 1 1 1 2 0 0 4 4 4 4 4 1 3
0 92 1 3 3 2 0 4 1 2 0 4 1 2 1 4 4 2 0 1 3 3 2 4 2 4 1 1 0 4 1 0 0 1 1 0 1 4 1 1 1 2 2 1 0 4 1 4 1 4 1 2 2 2 4 1 2 1 1 4 1 2 4 2 0 1 4 3 1 0 0 4 4 2 1 2 4 1 2 2 1 2 4 1 2 1 0 0 0 4 2 0 0 3
0 26 0 4 3 1 2 4 1 1 1 2 0 4 2 1 1 2 2 4 4 4 4 1 4 3 4 2
0 5 1 4 3 4 1
0 88 0 4 3 1 4 1 1 2 2 1 4 1 2 2 1 2 1 4 2 1 1 0 1 2 4 2 2 1 1 0 4 1 1 0 4 1 2 2 1 1 1 0 1 4 2 2 1 4 1 1 1 1 1 4 2 1 2 4 1 1 2 1 1 4 1 1 1 2 1 1 0 0 0 4 2 0 1 0 0 0 4 2 2 4 2 4 1 3
0 42 1 4 3 1 0 4 2 0 1 4 3 1 4 0 0 0 1 0 4 0 0 2 4 2 1 2 2 2 2 1 4 1 2 1 2 2 2 4 2 0 0 3
0 94 0 4 3 2 4 1 1 1 1 1 1 0 4 1 2 4 2 2 1 1 1 0 4 1 4 1 2 1 1 1 2 4 1 2 2 2 4 2 0 1 4 3 1 4 4 1 2 1 1 1 4 2 1 2 1 4 1 4 1 4 1 4 0 2 0 0 0 0 4 2 0 0 3 3 1 4 2 2 2 1 2 2 1 4 2 1 2 1 4 4 4 4 1 3
0 58 1 3 3 2 0 0 4 2 2 1 1 0 4 2 1 4 2 2 2 4 0 4 1 2 1 1 0 4 2 1 0 4 2 2 2 1 1 0 0 0 4 2 1 1 2 2 2 0 4 2 2 0 4 4 4 4 1 3
0 120 1 4 3 1 0 4 2 0 1 4 3 1 0 4 4 4 4 4 4 1 4 3 2 0 1 4 2 2 4 1 2 2 2 2 1 0 4 2 2 1 2 1 4 4 4 4 4 0 4 3 2 2 1 4 4 1 1 1 1 2 4 1 1 2 1 4 2 0 4 2 0 1 4 3 2 2 4 4 1 2 2 1 1 1 2 4 1 4 1 1 1 2 1 1 0 4 2 1 2 1 1 4 1 1 2 1 2 1 0 1 0 0 0 0 4 2 1 4 0 3
0 91 0 3 3 1 4 2 2 1 1 1 2 4 1 1 1 1 0 4 1 0 4 1 0 1 4 2 2 1 2 4 2 1 2 2 0 4 2 2 1 2 0 4 2 0 0 3 3 4 4 4 4 4 4 0 4 3 2 4 2 2 2 1 1 0 4 4 2 2 2 1 2 2 1 0 0 4 2 1 2 1 2 1 4 4 4 4 0 4 3 4 2
0 141 1 4 3 2 0 0 4 1 1 1 4 1 1 2 0 0 1 2 4 2 2 4 2 1 2 1 1 2 4 1 0 4 2 1 1 1 1 4 1 1 2 1 1 1 2 4 0 0 4 2 2 1 0 4 4 4 4 4 4 4 1 3 3 2 0 0 0 0 4 1 2 1 1 2 1 4 2 1 1 2 0 4 1 0 4 1 2 1 1 0 4 0 0 4 2 0 1 4 3 1 4 1 1 2 2 1 4 2 0 0 0 1 0 0 0 0 0 1 1 1 4 1 2 2 2 1 2 4 1 2 1 1 1 0 4 4 4 4 4 1 3
