104 5
1 0 
1 1 1
1 140 1 1 1 1 1 1 1 1 1 1 1 2 1 1 0 2 1 1 1 1 1 1 1 1 1 1 1 1 1 1 2 1 1 1 1 1 1 1 1 1 1 1 1 1 1 1 1 1 1 1 1 1 1 1 1 2 1 2 1 1 1 1 1 2 1 1 1 1 1 1 1 1 1 1 1 1 1 2 1 2 1 1 1 1 1 1 1 1 1 1 1 1 1 1 2 1 1 1 1 1 1 1 1 1 1 2 1 2 1 1 1 1 1 1 1 1 1 1 1 1 1 1 1 1 1 1 2 1 2 4 3 0 1 0 3 0 1 0 1 0
1 84 1 4 1 0 1 0 1 0 4 3 0 3 0 4 0 2 1 4 2 1 1 1 1 1 1 1 2 1 1 1 1 1 1 1 1 1 1 1 1 1 1 1 2 1 1 1 1 1 1 1 1 1 1 1 1 1 1 1 1 1 1 1 1 2 1 1 1 1 1 1 1 1 1 1 1 1 1 1 1 2 1 1 1 2
1 81 1 1 1 0 2 1 2 1 1 1 1 1 1 1 1 1 1 1 1 1 1 1 1 1 1 2 1 1 1 1 1 1 1 1 1 1 1 1 1 1 1 1 1 1 1 1 1 1 1 2 1 1 1 1 1 1 1 1 1 1 1 1 1 1 1 1 1 2 1 1 1 1 1 1 1 1 2 1 1 0 2
1 9 1 1 1 0 2 3 2 2 1
1 14 1 0 4 3 0 4 4 1 0 1 3 2 2 1
1 17 1 0 4 4 1 0 3 0 1 0 1 1 1 1 1 0 2
1 107 1 1 1 1 1 1 1 1 1 1 1 1 1 1 1 1 1 1 1 1 1 1 1 1 1 2 1 1 1 1 1 1 1 1 1 1 1 1 1 1 1 1 1 1 1 1 1 1 1 1 1 2 1 1 1 1 1 1 1 1 1 1 1 1 1 1 1 2 1 1 1 1 1 2 1 2 1 0 1 0 4 1 1 1 1 3 2 3 2 3 3 0 3 0 3 2 3 2 2 1 1 1 1 1 1 3 2
1 4 1 1 4 2
1 145 3 2 3 2 0 3 3 0 3 3 2 2 1 1 0 2 1 0 1 1 1 1 1 1 1 1 1 1 1 1 1 1 1 1 1 1 1 1 1 1 1 1 1 1 1 1 1 1 1 1 1 2 1 1 1 1 1 1 1 1 1 1 1 1 1 1 1 1 2 1 1 1 1 1 1 1 1 1 1 1 1 1 1 1 1 1 1 1 2 1 1 1 1 1 1 1 1 1 1 1 1 1 1 2 1 2 1 1 1 1 1 1 1 1 1 1 1 2 1 2 1 2 1 1 1 1 1 1 1 1 1 1 1 1 1 1 1 1 1 1 1 1 1 1 2
1 16 0 3 0 0 3 0 3 2 1 1 1 1 1 1 4 2
0 7 3 3 0 0 3 3 2
0 7 1 3 0 0 3 0 0
0 8 1 3 0 0 3 0 0 3
0 29 1 1 4 2 4 1 0 1 3 0 3 0 1 0 1 0 3 0 3 0 3 2 0 3 3 3 3 0 3
0 112 1 4 3 0 1 1 1 1 1 1 1 1 1 1 1 2 1 1 1 1 1 1 1 1 1 1 1 1 1 1 1 1 1 1 1 1 2 1 1 1 1 1 1 1 1 1 1 1 1 1 1 1 1 1 1 2 1 1 1 1 1 1 1 1 2 1 1 1 1 1 1 1 1 1 1 1 1 1 1 1 1 1 2 1 1 1 1 1 1 1 1 1 1 1 1 1 1 1 1 1 1 1 1 1 1 2 1 4 4 3 0 3
0 5 4 1 0 4 3
0 8 3 3 3 0 3 0 3 2
0 4 4 3 2 3
0 3 3 3 3
0 17 4 3 2 3 2 3 3 3 0 0 0 0 0 0 3 3 3
0 5 1 1 0 2 3
0 7 1 1 0 2 3 0 3
0 12 4 3 2 3 2 3 3 3 0 0 0 0
0 10 4 3 2 3 2 3 3 3 0 0
0 9 1 1 4 2 4 1 0 1 3
0 16 3 3 3 0 3 0 3 2 0 3 3 3 0 3 0 0
0 1 2
0 4 1 3 0 0
0 3 1 4 3
0 30 1 1 4 2 4 1 0 1 3 0 3 0 1 0 1 0 3 0 3 0 3 2 0 3 3 3 3 0 3 0
0 6 3 3 0 0 3 3
0 9 1 3 0 0 3 0 0 3 2
0 1 3
0 2 4 3
0 20 3 3 3 0 3 0 3 2 0 3 3 3 0 3 0 0 0 3 3 3
0 2 3 3
0 11 4 1 0 4 3 0 4 4 4 4 3
0 13 3 3 0 0 3 3 2 2 1 3 2 0 0
0 8 4 3 2 3 2 3 3 3
0 12 3 3 3 0 3 0 3 2 0 3 3 3
0 22 3 3 3 0 3 0 3 2 0 3 3 3 0 3 0 0 0 3 3 3 2 2
0 3 3 3 0
0 16 3 3 0 0 3 3 2 2 1 3 2 0 0 3 0 2
0 31 1 1 4 2 4 1 0 1 3 0 3 0 1 0 1 0 3 0 3 0 3 2 0 3 3 3 3 0 3 0 3
0 11 3 3 3 0 3 0 3 2 0 3 3
0 34 1 1 4 2 4 1 0 1 3 0 3 0 1 0 1 0 3 0 3 0 3 2 0 3 3 3 3 0 3 0 3 2 3 2
0 6 3 3 3 0 3 0
0 4 2 1 1 3
0 9 1 1 0 2 3 0 3 3 0
0 10 3 3 3 0 3 0 3 2 0 3
0 8 3 3 0 0 3 3 2 2
0 11 4 3 2 3 2 3 3 3 0 0 0
0 24 1 0 4 4 1 0 1 0 2 1 1 1 1 2 1 0 4 1 0 1 0 3 0 3
0 5 3 3 0 0 3
0 7 4 3 2 3 2 3 3
0 14 3 3 0 0 3 3 2 2 1 3 2 0 0 3
0 9 3 3 3 0 3 0 3 2 0
0 32 1 1 4 2 4 1 0 1 3 0 3 0 1 0 1 0 3 0 3 0 3 2 0 3 3 3 3 0 3 0 3 2
0 13 4 3 2 3 2 3 3 3 0 0 0 0 0
0 6 4 3 2 3 2 3
0 22 1 0 4 4 1 0 1 0 2 1 1 1 1 2 1 0 4 1 0 1 0 3
0 17 3 3 3 0 3 0 3 2 0 3 3 3 0 3 0 0 0
0 10 3 3 0 0 3 3 2 2 1 3
0 4 3 3 0 0
0 13 3 3 3 0 3 0 3 2 0 3 3 3 0
0 11 1 1 4 2 4 1 0 1 3 0 3
0 15 3 3 0 0 3 3 2 2 1 3 2 0 0 3 0
0 5 1 3 0 0 3
0 6 1 3 0 0 3 0
0 23 1 1 4 2 4 1 0 1 3 0 3 0 1 0 1 0 3 0 3 0 3 2 0
0 28 1 1 4 2 4 1 0 1 3 0 3 0 1 0 1 0 3 0 3 0 3 2 0 3 3 3 3 0
0 10 1 1 0 2 3 0 3 3 0 2
0 16 4 3 2 3 2 3 3 3 0 0 0 0 0 0 3 3
0 19 1 1 4 2 4 1 0 1 3 0 3 0 1 0 1 0 3 0 3
0 15 4 3 2 3 2 3 3 3 0 0 0 0 0 0 3
0 17 1 1 4 2 4 1 0 1 3 0 3 0 1 0 1 0 3
0 19 4 3 2 3 2 3 3 3 0 0 0 0 0 0 3 3 3 3 3
0 18 4 3 2 3 2 3 3 3 0 0 0 0 0 0 3 3 3 3
0 21 1 1 4 2 4 1 0 1 3 0 3 0 1 0 1 0 3 0 3 0 3
0 14 3 3 3 0 3 0 3 2 0 3 3 3 0 3
0 9 4 3 2 3 2 3 3 3 0
0 110 1 4 3 0 1 1 1 1 1 1 1 1 1 1 1 2 1 1 1 1 1 1 1 1 1 1 1 1 1 1 1 1 1 1 1 1 2 1 1 1 1 1 1 1 1 1 1 1 1 1 1 1 1 1 1 2 1 1 1 1 1 1 1 1 2 1 1 1 1 1 1 1 1 1 1 1 1 1 1 1 1 1 2 1 1 1 1 1 1 1 1 1 1 1 1 1 1 1 1 1 1 1 1 1 1 2 1 4 4 3
0 24 1 1 4 2 4 1 0 1 3 0 3 0 1 0 1 0 3 0 3 0 3 2 0 3
0 3 1 1 3
0 7 3 3 3 0 3 0 3
0 27 1 1 4 2 4 1 0 1 3 0 3 0 1 0 1 0 3 0 3 0 3 2 0 3 3 3 3
0 2 1 3
0 18 3 3 3 0 3 0 3 2 0 3 3 3 0 3 0 0 0 3
0 19 3 3 3 0 3 0 3 2 0 3 3 3 0 3 0 0 0 3 3
0 14 4 3 2 3 2 3 3 3 0 0 0 0 0 0
0 5 3 3 3 0 3
0 4 3 3 3 0
0 13 4 1 0 1 0 1 1 0 2 1 0 4 3
0 15 3 3 3 0 3 0 3 2 0 3 3 3 0 3 0
0 12 3 3 0 0 3 3 2 2 1 3 2 0
0 26 1 1 4 2 4 1 0 1 3 0 3 0 1 0 1 0 3 0 3 0 3 2 0 3 3 3
0 93 1 1 4 2 1 1 1 1 1 1 1 1 1 1 1 1 1 1 1 1 1 1 1 1 1 1 1 1 1 2 1 1 1 1 1 1 1 1 1 1 1 1 1 1 1 1 1 1 1 1 1 1 1 1 1 1 1 1 2 1 1 1 1 1 1 1 1 1 1 1 2 1 1 1 1 1 1 1 1 1 1 1 1 1 1 1 1 1 1 1 1 2 0
0 20 4 3 2 3 2 3 3 3 0 0 0 0 0 0 3 3 3 3 3 2
0 33 1 1 4 2 4 1 0 1 3 0 3 0 1 0 1 0 3 0 3 0 3 2 0 3 3 3 3 0 3 0 3 2 3
0 25 1 1 4 2 4 1 0 1 3 0 3 0 1 0 1 0 3 0 3 0 3 2 0 3 3
0 8 1 1 0 2 3 0 3 3
0 21 3 3 3 0 3 0 3 2 0 3 3 3 0 3 0 0 0 3 3 3 2
