390 6
1 0 
1 56 3 2 4 3 4 3 2 3 3 0 4 4 0 0 5 4 3 1 1 1 2 0 0 4 3 0 2 4 3 1 1 1 2 0 0 4 3 0 2 4 3 1 1 1 2 0 0 4 3 0 2 4 0 0 4 5
1 15 3 2 4 3 4 3 2 3 3 0 4 4 0 0 5
1 1 3
1 94 1 4 3 1 1 1 2 0 0 4 3 0 2 1 4 3 1 1 1 2 0 0 4 3 0 2 3 1 4 3 1 1 1 2 0 0 4 3 0 2 1 4 3 1 1 1 2 0 0 4 3 0 2 3 3 2 4 3 4 3 2 3 3 0 4 4 0 0 4 3 1 1 1 2 0 0 4 3 0 2 1 4 3 1 1 1 2 0 0 4 3 0 2 3
1 79 3 4 3 1 1 1 2 0 0 4 3 0 2 4 3 1 1 1 2 0 0 4 3 0 2 4 3 1 1 1 2 0 0 4 3 0 2 4 3 1 1 1 2 0 0 4 3 0 2 4 0 3 5 3 2 4 3 4 3 2 3 3 0 4 4 0 3 4 3 1 1 1 2 0 0 4 3 0 2
0 67 4 3 1 1 1 2 0 0 4 3 0 2 4 0 3 4 5 1 4 3 1 1 1 2 0 0 4 3 0 2 1 4 3 1 1 1 2 0 0 4 3 0 2 3 3 2 4 3 4 3 2 3 3 0 4 4 0 0 4 3 1 1 1 2 0 0 4
0 10 1 4 3 1 1 1 2 0 0 4
0 83 3 2 4 3 4 3 2 3 3 0 4 4 0 0 4 3 1 1 1 2 0 0 4 3 0 2 3 2 4 3 4 3 2 3 3 0 4 4 0 3 4 5 4 3 1 1 1 2 0 0 4 3 0 2 4 3 1 1 1 2 0 0 4 3 0 2 4 0 0 4 3 1 1 1 2 0 0 4 3 0 2 4 3
0 82 4 3 1 1 1 2 0 0 4 3 0 2 4 0 3 4 5 1 4 3 1 1 1 2 0 0 4 3 0 2 1 4 3 1 1 1 2 0 0 4 3 0 2 3 3 2 4 3 4 3 2 3 3 0 4 4 0 0 4 3 1 1 1 2 0 0 4 3 0 2 1 4 3 1 1 1 2 0 0 4 3 0
0 49 3 2 4 3 4 3 2 3 3 0 4 4 0 0 4 5 1 4 3 1 1 1 2 0 0 4 3 0 2 3 3 2 4 3 4 3 2 3 3 0 4 4 0 0 4 3 1 1 1
0 33 3 2 4 3 4 3 2 3 3 0 4 4 0 0 4 5 1 4 3 1 1 1 2 0 0 4 3 0 2 3 3 2 4
0 30 4 3 1 1 1 2 0 0 4 3 0 2 4 0 3 4 5 1 4 3 1 1 1 2 0 0 4 3 0 2
0 117 3 2 4 3 4 3 2 3 3 0 4 4 0 0 4 3 1 1 1 2 0 0 4 3 0 2 3 2 4 3 4 3 2 3 3 0 4 4 0 3 4 5 4 3 1 1 1 2 0 0 4 3 0 2 4 3 1 1 1 2 0 0 4 3 0 2 4 0 0 4 3 1 1 1 2 0 0 4 3 0 2 4 3 1 1 1 2 0 0 4 3 0 2 4 3 1 1 1 2 0 0 4 3 0 2 4 3 1 1 1 2 0 0 4 3 0 2
0 22 4 3 1 1 1 2 0 0 4 3 0 2 4 0 3 4 5 1 4 3 1 1
0 97 3 2 4 3 4 3 2 3 3 0 4 4 0 0 4 3 1 1 1 2 0 0 4 3 0 2 3 2 4 3 4 3 2 3 3 0 4 4 0 3 4 5 4 3 1 1 1 2 0 0 4 3 0 2 4 3 1 1 1 2 0 0 4 3 0 2 4 0 0 4 3 1 1 1 2 0 0 4 3 0 2 4 3 1 1 1 2 0 0 4 3 0 2 4 3 1 1
0 15 4 3 1 1 1 2 0 0 4 3 0 2 4 0 3
0 47 3 2 4 3 4 3 2 3 3 0 4 4 0 0 4 5 1 4 3 1 1 1 2 0 0 4 3 0 2 3 3 2 4 3 4 3 2 3 3 0 4 4 0 0 4 3 1
0 112 3 2 4 3 4 3 2 3 3 0 4 4 0 0 4 3 1 1 1 2 0 0 4 3 0 2 3 2 4 3 4 3 2 3 3 0 4 4 0 3 4 5 4 3 1 1 1 2 0 0 4 3 0 2 4 3 1 1 1 2 0 0 4 3 0 2 4 0 0 4 3 1 1 1 2 0 0 4 3 0 2 4 3 1 1 1 2 0 0 4 3 0 2 4 3 1 1 1 2 0 0 4 3 0 2 4 3 1 1 1 2 0
0 20 3 2 4 3 4 3 2 3 3 0 4 4 0 0 4 3 1 1 1 2
0 53 4 3 1 1 1 2 0 0 4 3 0 2 4 0 3 4 5 1 4 3 1 1 1 2 0 0 4 3 0 2 1 4 3 1 1 1 2 0 0 4 3 0 2 3 3 2 4 3 4 3 2 3 3
0 27 3 3 1 4 3 1 1 1 2 0 0 4 3 0 2 1 4 3 1 1 1 2 0 0 4 3 0
0 114 3 2 4 3 4 3 2 3 3 0 4 4 0 0 4 3 1 1 1 2 0 0 4 3 0 2 3 2 4 3 4 3 2 3 3 0 4 4 0 3 4 5 4 3 1 1 1 2 0 0 4 3 0 2 4 3 1 1 1 2 0 0 4 3 0 2 4 0 0 4 3 1 1 1 2 0 0 4 3 0 2 4 3 1 1 1 2 0 0 4 3 0 2 4 3 1 1 1 2 0 0 4 3 0 2 4 3 1 1 1 2 0 0 4
0 103 3 2 4 3 4 3 2 3 3 0 4 4 0 0 4 3 1 1 1 2 0 0 4 3 0 2 3 2 4 3 4 3 2 3 3 0 4 4 0 3 4 5 4 3 1 1 1 2 0 0 4 3 0 2 4 3 1 1 1 2 0 0 4 3 0 2 4 0 0 4 3 1 1 1 2 0 0 4 3 0 2 4 3 1 1 1 2 0 0 4 3 0 2 4 3 1 1 1 2 0 0 4 3
0 36 3 2 4 3 4 3 2 3 3 0 4 4 0 0 4 5 1 4 3 1 1 1 2 0 0 4 3 0 2 3 3 2 4 3 4 3
0 18 3 3 1 4 3 1 1 1 2 0 0 4 3 0 2 1 4 3
0 38 3 3 1 4 3 1 1 1 2 0 0 4 3 0 2 1 4 3 1 1 1 2 0 0 4 3 0 2 1 4 3 1 1 1 2 0 0 4
0 88 4 3 1 1 1 2 0 0 4 3 0 2 4 0 3 4 5 1 4 3 1 1 1 2 0 0 4 3 0 2 1 4 3 1 1 1 2 0 0 4 3 0 2 3 3 2 4 3 4 3 2 3 3 0 4 4 0 0 4 3 1 1 1 2 0 0 4 3 0 2 1 4 3 1 1 1 2 0 0 4 3 0 2 1 4 3 1 1
0 39 4 3 1 1 1 2 0 0 4 3 0 2 4 3 1 1 1 2 0 0 4 3 0 2 4 0 0 5 1 4 3 1 1 1 2 0 0 4 3
0 35 3 2 4 3 4 3 2 3 3 0 4 4 0 0 4 5 1 4 3 1 1 1 2 0 0 4 3 0 2 3 3 2 4 3 4
0 72 4 3 1 1 1 2 0 0 4 3 0 2 4 0 3 4 5 1 4 3 1 1 1 2 0 0 4 3 0 2 1 4 3 1 1 1 2 0 0 4 3 0 2 3 3 2 4 3 4 3 2 3 3 0 4 4 0 0 4 3 1 1 1 2 0 0 4 3 0 2 1 4
0 63 4 3 1 1 1 2 0 0 4 3 0 2 4 3 1 1 1 2 0 0 4 3 0 2 4 0 0 5 1 4 3 1 1 1 2 0 0 4 3 0 2 1 4 3 1 1 1 2 0 0 4 3 0 2 3 4 0 0 4 5 4 3 1
0 24 4 3 1 1 1 2 0 0 4 3 0 2 4 0 3 4 5 1 4 3 1 1 1 2
0 36 1 4 3 1 1 1 2 0 0 4 3 0 2 3 3 2 4 3 4 3 2 3 3 0 4 4 0 0 4 5 1 4 3 1 1 1
0 58 3 2 4 3 4 3 2 3 3 0 4 4 0 0 4 3 1 1 1 2 0 0 4 3 0 2 3 2 4 3 4 3 2 3 3 0 4 4 0 3 4 5 4 3 1 1 1 2 0 0 4 3 0 2 4 3 1 1
0 18 3 2 4 3 4 3 2 3 3 0 4 4 0 0 4 3 1 1
0 86 3 2 4 3 4 3 2 3 3 0 4 4 0 0 4 3 1 1 1 2 0 0 4 3 0 2 3 2 4 3 4 3 2 3 3 0 4 4 0 3 4 5 4 3 1 1 1 2 0 0 4 3 0 2 4 3 1 1 1 2 0 0 4 3 0 2 4 0 0 4 3 1 1 1 2 0 0 4 3 0 2 4 3 1 1 1
0 37 4 3 1 1 1 2 0 0 4 3 0 2 4 0 3 4 5 1 4 3 1 1 1 2 0 0 4 3 0 2 1 4 3 1 1 1 2
0 51 3 2 4 3 4 3 2 3 3 0 4 4 0 0 4 5 1 4 3 1 1 1 2 0 0 4 3 0 2 3 3 2 4 3 4 3 2 3 3 0 4 4 0 0 4 3 1 1 1 2 0
0 16 3 3 1 4 3 1 1 1 2 0 0 4 3 0 2 1
0 61 4 3 1 1 1 2 0 0 4 3 0 2 4 0 3 4 5 1 4 3 1 1 1 2 0 0 4 3 0 2 1 4 3 1 1 1 2 0 0 4 3 0 2 3 3 2 4 3 4 3 2 3 3 0 4 4 0 0 4 3 1
0 18 3 2 4 3 4 3 2 3 3 0 4 4 0 0 4 5 1 4
0 68 3 2 4 3 4 3 2 3 3 0 4 4 0 0 4 3 1 1 1 2 0 0 4 3 0 2 3 2 4 3 4 3 2 3 3 0 4 4 0 3 4 5 4 3 1 1 1 2 0 0 4 3 0 2 4 3 1 1 1 2 0 0 4 3 0 2 4 0
0 56 3 2 4 3 4 3 2 3 3 0 4 4 0 0 4 3 1 1 1 2 0 0 4 3 0 2 3 2 4 3 4 3 2 3 3 0 4 4 0 3 4 5 4 3 1 1 1 2 0 0 4 3 0 2 4 3
0 75 4 3 1 1 1 2 0 0 4 3 0 2 4 0 3 4 5 1 4 3 1 1 1 2 0 0 4 3 0 2 1 4 3 1 1 1 2 0 0 4 3 0 2 3 3 2 4 3 4 3 2 3 3 0 4 4 0 0 4 3 1 1 1 2 0 0 4 3 0 2 1 4 3 1 1
0 71 4 3 1 1 1 2 0 0 4 3 0 2 4 3 1 1 1 2 0 0 4 3 0 2 4 0 0 5 1 4 3 1 1 1 2 0 0 4 3 0 2 1 4 3 1 1 1 2 0 0 4 3 0 2 3 4 0 0 4 5 4 3 1 1 1 2 0 0 4 3 0
0 49 3 2 4 3 4 3 2 3 3 0 4 4 0 0 4 3 1 1 1 2 0 0 4 3 0 2 3 2 4 3 4 3 2 3 3 0 4 4 0 3 4 5 4 3 1 1 1 2 0
0 87 3 2 4 3 4 3 2 3 3 0 4 4 0 0 4 3 1 1 1 2 0 0 4 3 0 2 3 2 4 3 4 3 2 3 3 0 4 4 0 3 4 5 4 3 1 1 1 2 0 0 4 3 0 2 4 3 1 1 1 2 0 0 4 3 0 2 4 0 0 4 3 1 1 1 2 0 0 4 3 0 2 4 3 1 1 1 2
0 72 4 3 1 1 1 2 0 0 4 3 0 2 4 3 1 1 1 2 0 0 4 3 0 2 4 0 0 5 1 4 3 1 1 1 2 0 0 4 3 0 2 1 4 3 1 1 1 2 0 0 4 3 0 2 3 4 0 0 4 5 4 3 1 1 1 2 0 0 4 3 0 2
0 10 3 3 1 4 3 1 1 1 2 0
0 42 4 3 1 1 1 2 0 0 4 3 0 2 4 0 3 4 5 1 4 3 1 1 1 2 0 0 4 3 0 2 1 4 3 1 1 1 2 0 0 4 3 0
0 49 4 3 1 1 1 2 0 0 4 3 0 2 4 0 3 4 5 1 4 3 1 1 1 2 0 0 4 3 0 2 1 4 3 1 1 1 2 0 0 4 3 0 2 3 3 2 4 3 4
0 11 3 2 4 3 4 3 2 3 3 0 4
0 7 4 3 1 1 1 2 0
0 58 4 3 1 1 1 2 0 0 4 3 0 2 4 3 1 1 1 2 0 0 4 3 0 2 4 0 0 5 1 4 3 1 1 1 2 0 0 4 3 0 2 1 4 3 1 1 1 2 0 0 4 3 0 2 3 4 0 0
0 95 3 2 4 3 4 3 2 3 3 0 4 4 0 0 4 3 1 1 1 2 0 0 4 3 0 2 3 2 4 3 4 3 2 3 3 0 4 4 0 3 4 5 4 3 1 1 1 2 0 0 4 3 0 2 4 3 1 1 1 2 0 0 4 3 0 2 4 0 0 4 3 1 1 1 2 0 0 4 3 0 2 4 3 1 1 1 2 0 0 4 3 0 2 4 3
0 20 3 3 1 4 3 1 1 1 2 0 0 4 3 0 2 1 4 3 1 1
0 41 1 4 3 1 1 1 2 0 0 4 3 0 2 3 3 2 4 3 4 3 2 3 3 0 4 4 0 0 4 5 1 4 3 1 1 1 2 0 0 4 3
0 37 1 4 3 1 1 1 2 0 0 4 3 0 2 3 3 2 4 3 4 3 2 3 3 0 4 4 0 0 4 5 1 4 3 1 1 1 2
0 104 3 2 4 3 4 3 2 3 3 0 4 4 0 0 4 3 1 1 1 2 0 0 4 3 0 2 3 2 4 3 4 3 2 3 3 0 4 4 0 3 4 5 4 3 1 1 1 2 0 0 4 3 0 2 4 3 1 1 1 2 0 0 4 3 0 2 4 0 0 4 3 1 1 1 2 0 0 4 3 0 2 4 3 1 1 1 2 0 0 4 3 0 2 4 3 1 1 1 2 0 0 4 3 0
0 18 4 3 1 1 1 2 0 0 4 3 0 2 4 0 3 4 5 1
0 87 4 3 1 1 1 2 0 0 4 3 0 2 4 0 3 4 5 1 4 3 1 1 1 2 0 0 4 3 0 2 1 4 3 1 1 1 2 0 0 4 3 0 2 3 3 2 4 3 4 3 2 3 3 0 4 4 0 0 4 3 1 1 1 2 0 0 4 3 0 2 1 4 3 1 1 1 2 0 0 4 3 0 2 1 4 3 1
0 13 4 3 1 1 1 2 0 0 4 3 0 2 4
0 22 1 4 3 1 1 1 2 0 0 4 3 0 2 3 3 2 4 3 4 3 2 3
0 8 3 3 1 4 3 1 1 1
0 13 3 2 4 3 4 3 2 3 3 0 4 4 0
0 11 1 4 3 1 1 1 2 0 0 4 3
0 52 3 2 4 3 4 3 2 3 3 0 4 4 0 0 4 5 1 4 3 1 1 1 2 0 0 4 3 0 2 3 3 2 4 3 4 3 2 3 3 0 4 4 0 0 4 3 1 1 1 2 0 0
0 42 4 3 1 1 1 2 0 0 4 3 0 2 4 3 1 1 1 2 0 0 4 3 0 2 4 0 0 5 1 4 3 1 1 1 2 0 0 4 3 0 2 1
0 15 3 3 1 4 3 1 1 1 2 0 0 4 3 0 2
0 56 4 3 1 1 1 2 0 0 4 3 0 2 4 0 3 4 5 1 4 3 1 1 1 2 0 0 4 3 0 2 1 4 3 1 1 1 2 0 0 4 3 0 2 3 3 2 4 3 4 3 2 3 3 0 4 4
0 16 1 4 3 1 1 1 2 0 0 4 3 0 2 3 3 2
0 11 4 3 1 1 1 2 0 0 4 3 0
0 90 4 3 1 1 1 2 0 0 4 3 0 2 4 0 3 4 5 1 4 3 1 1 1 2 0 0 4 3 0 2 1 4 3 1 1 1 2 0 0 4 3 0 2 3 3 2 4 3 4 3 2 3 3 0 4 4 0 0 4 3 1 1 1 2 0 0 4 3 0 2 1 4 3 1 1 1 2 0 0 4 3 0 2 1 4 3 1 1 1 2
0 44 4 3 1 1 1 2 0 0 4 3 0 2 4 3 1 1 1 2 0 0 4 3 0 2 4 0 0 5 1 4 3 1 1 1 2 0 0 4 3 0 2 1 4 3
0 33 3 2 4 3 4 3 2 3 3 0 4 4 0 0 4 3 1 1 1 2 0 0 4 3 0 2 3 2 4 3 4 3 2
0 24 1 4 3 1 1 1 2 0 0 4 3 0 2 3 3 2 4 3 4 3 2 3 3 0
0 17 3 2 4 3 4 3 2 3 3 0 4 4 0 0 4 5 1
0 47 3 2 4 3 4 3 2 3 3 0 4 4 0 0 4 3 1 1 1 2 0 0 4 3 0 2 3 2 4 3 4 3 2 3 3 0 4 4 0 3 4 5 4 3 1 1 1
0 31 1 4 3 1 1 1 2 0 0 4 3 0 2 3 3 2 4 3 4 3 2 3 3 0 4 4 0 0 4 5 1
0 23 3 3 1 4 3 1 1 1 2 0 0 4 3 0 2 1 4 3 1 1 1 2 0
0 88 3 2 4 3 4 3 2 3 3 0 4 4 0 0 4 3 1 1 1 2 0 0 4 3 0 2 3 2 4 3 4 3 2 3 3 0 4 4 0 3 4 5 4 3 1 1 1 2 0 0 4 3 0 2 4 3 1 1 1 2 0 0 4 3 0 2 4 0 0 4 3 1 1 1 2 0 0 4 3 0 2 4 3 1 1 1 2 0
0 110 3 2 4 3 4 3 2 3 3 0 4 4 0 0 4 3 1 1 1 2 0 0 4 3 0 2 3 2 4 3 4 3 2 3 3 0 4 4 0 3 4 5 4 3 1 1 1 2 0 0 4 3 0 2 4 3 1 1 1 2 0 0 4 3 0 2 4 0 0 4 3 1 1 1 2 0 0 4 3 0 2 4 3 1 1 1 2 0 0 4 3 0 2 4 3 1 1 1 2 0 0 4 3 0 2 4 3 1 1 1
0 64 3 2 4 3 4 3 2 3 3 0 4 4 0 0 4 3 1 1 1 2 0 0 4 3 0 2 3 2 4 3 4 3 2 3 3 0 4 4 0 3 4 5 4 3 1 1 1 2 0 0 4 3 0 2 4 3 1 1 1 2 0 0 4 3
0 29 3 2 4 3 4 3 2 3 3 0 4 4 0 0 4 3 1 1 1 2 0 0 4 3 0 2 3 2 4
0 25 3 2 4 3 4 3 2 3 3 0 4 4 0 0 4 5 1 4 3 1 1 1 2 0 0
0 25 4 3 1 1 1 2 0 0 4 3 0 2 4 3 1 1 1 2 0 0 4 3 0 2 4
0 23 3 2 4 3 4 3 2 3 3 0 4 4 0 0 4 3 1 1 1 2 0 0 4
0 108 3 2 4 3 4 3 2 3 3 0 4 4 0 0 4 3 1 1 1 2 0 0 4 3 0 2 3 2 4 3 4 3 2 3 3 0 4 4 0 3 4 5 4 3 1 1 1 2 0 0 4 3 0 2 4 3 1 1 1 2 0 0 4 3 0 2 4 0 0 4 3 1 1 1 2 0 0 4 3 0 2 4 3 1 1 1 2 0 0 4 3 0 2 4 3 1 1 1 2 0 0 4 3 0 2 4 3 1
0 47 4 3 1 1 1 2 0 0 4 3 0 2 4 0 3 4 5 1 4 3 1 1 1 2 0 0 4 3 0 2 1 4 3 1 1 1 2 0 0 4 3 0 2 3 3 2 4
0 67 4 3 1 1 1 2 0 0 4 3 0 2 4 3 1 1 1 2 0 0 4 3 0 2 4 0 0 5 1 4 3 1 1 1 2 0 0 4 3 0 2 1 4 3 1 1 1 2 0 0 4 3 0 2 3 4 0 0 4 5 4 3 1 1 1 2 0
0 35 1 4 3 1 1 1 2 0 0 4 3 0 2 3 3 2 4 3 4 3 2 3 3 0 4 4 0 0 4 5 1 4 3 1 1
0 25 3 2 4 3 4 3 2 3 3 0 4 4 0 0 4 3 1 1 1 2 0 0 4 3 0
0 73 3 2 4 3 4 3 2 3 3 0 4 4 0 0 4 3 1 1 1 2 0 0 4 3 0 2 3 2 4 3 4 3 2 3 3 0 4 4 0 3 4 5 4 3 1 1 1 2 0 0 4 3 0 2 4 3 1 1 1 2 0 0 4 3 0 2 4 0 0 4 3 1 1
0 34 3 3 1 4 3 1 1 1 2 0 0 4 3 0 2 1 4 3 1 1 1 2 0 0 4 3 0 2 1 4 3 1 1 1
0 37 3 2 4 3 4 3 2 3 3 0 4 4 0 0 4 3 1 1 1 2 0 0 4 3 0 2 3 2 4 3 4 3 2 3 3 0 4
0 85 4 3 1 1 1 2 0 0 4 3 0 2 4 0 3 4 5 1 4 3 1 1 1 2 0 0 4 3 0 2 1 4 3 1 1 1 2 0 0 4 3 0 2 3 3 2 4 3 4 3 2 3 3 0 4 4 0 0 4 3 1 1 1 2 0 0 4 3 0 2 1 4 3 1 1 1 2 0 0 4 3 0 2 1 4
0 23 3 2 4 3 4 3 2 3 3 0 4 4 0 0 4 5 1 4 3 1 1 1 2
0 28 3 3 1 4 3 1 1 1 2 0 0 4 3 0 2 1 4 3 1 1 1 2 0 0 4 3 0 2
0 61 3 2 4 3 4 3 2 3 3 0 4 4 0 0 4 3 1 1 1 2 0 0 4 3 0 2 3 2 4 3 4 3 2 3 3 0 4 4 0 3 4 5 4 3 1 1 1 2 0 0 4 3 0 2 4 3 1 1 1 2 0
0 9 3 2 4 3 4 3 2 3 3
0 21 3 3 1 4 3 1 1 1 2 0 0 4 3 0 2 1 4 3 1 1 1
0 34 3 2 4 3 4 3 2 3 3 0 4 4 0 0 4 5 1 4 3 1 1 1 2 0 0 4 3 0 2 3 3 2 4 3
0 36 3 3 1 4 3 1 1 1 2 0 0 4 3 0 2 1 4 3 1 1 1 2 0 0 4 3 0 2 1 4 3 1 1 1 2 0
0 83 4 3 1 1 1 2 0 0 4 3 0 2 4 0 3 4 5 1 4 3 1 1 1 2 0 0 4 3 0 2 1 4 3 1 1 1 2 0 0 4 3 0 2 3 3 2 4 3 4 3 2 3 3 0 4 4 0 0 4 3 1 1 1 2 0 0 4 3 0 2 1 4 3 1 1 1 2 0 0 4 3 0 2
0 32 4 3 1 1 1 2 0 0 4 3 0 2 4 3 1 1 1 2 0 0 4 3 0 2 4 0 0 5 1 4 3 1
0 38 3 2 4 3 4 3 2 3 3 0 4 4 0 0 4 3 1 1 1 2 0 0 4 3 0 2 3 2 4 3 4 3 2 3 3 0 4 4
0 9 1 4 3 1 1 1 2 0 0
0 12 1 4 3 1 1 1 2 0 0 4 3 0
0 96 3 2 4 3 4 3 2 3 3 0 4 4 0 0 4 3 1 1 1 2 0 0 4 3 0 2 3 2 4 3 4 3 2 3 3 0 4 4 0 3 4 5 4 3 1 1 1 2 0 0 4 3 0 2 4 3 1 1 1 2 0 0 4 3 0 2 4 0 0 4 3 1 1 1 2 0 0 4 3 0 2 4 3 1 1 1 2 0 0 4 3 0 2 4 3 1
0 54 4 3 1 1 1 2 0 0 4 3 0 2 4 0 3 4 5 1 4 3 1 1 1 2 0 0 4 3 0 2 1 4 3 1 1 1 2 0 0 4 3 0 2 3 3 2 4 3 4 3 2 3 3 0
0 90 3 2 4 3 4 3 2 3 3 0 4 4 0 0 4 3 1 1 1 2 0 0 4 3 0 2 3 2 4 3 4 3 2 3 3 0 4 4 0 3 4 5 4 3 1 1 1 2 0 0 4 3 0 2 4 3 1 1 1 2 0 0 4 3 0 2 4 0 0 4 3 1 1 1 2 0 0 4 3 0 2 4 3 1 1 1 2 0 0 4
0 93 4 3 1 1 1 2 0 0 4 3 0 2 4 0 3 4 5 1 4 3 1 1 1 2 0 0 4 3 0 2 1 4 3 1 1 1 2 0 0 4 3 0 2 3 3 2 4 3 4 3 2 3 3 0 4 4 0 0 4 3 1 1 1 2 0 0 4 3 0 2 1 4 3 1 1 1 2 0 0 4 3 0 2 1 4 3 1 1 1 2 0 0 4
0 24 3 3 1 4 3 1 1 1 2 0 0 4 3 0 2 1 4 3 1 1 1 2 0 0
0 66 4 3 1 1 1 2 0 0 4 3 0 2 4 0 3 4 5 1 4 3 1 1 1 2 0 0 4 3 0 2 1 4 3 1 1 1 2 0 0 4 3 0 2 3 3 2 4 3 4 3 2 3 3 0 4 4 0 0 4 3 1 1 1 2 0 0
0 32 3 2 4 3 4 3 2 3 3 0 4 4 0 0 4 5 1 4 3 1 1 1 2 0 0 4 3 0 2 3 3 2
0 59 3 2 4 3 4 3 2 3 3 0 4 4 0 0 4 3 1 1 1 2 0 0 4 3 0 2 3 2 4 3 4 3 2 3 3 0 4 4 0 3 4 5 4 3 1 1 1 2 0 0 4 3 0 2 4 3 1 1 1
0 81 4 3 1 1 1 2 0 0 4 3 0 2 4 0 3 4 5 1 4 3 1 1 1 2 0 0 4 3 0 2 1 4 3 1 1 1 2 0 0 4 3 0 2 3 3 2 4 3 4 3 2 3 3 0 4 4 0 0 4 3 1 1 1 2 0 0 4 3 0 2 1 4 3 1 1 1 2 0 0 4 3
0 116 3 2 4 3 4 3 2 3 3 0 4 4 0 0 4 3 1 1 1 2 0 0 4 3 0 2 3 2 4 3 4 3 2 3 3 0 4 4 0 3 4 5 4 3 1 1 1 2 0 0 4 3 0 2 4 3 1 1 1 2 0 0 4 3 0 2 4 0 0 4 3 1 1 1 2 0 0 4 3 0 2 4 3 1 1 1 2 0 0 4 3 0 2 4 3 1 1 1 2 0 0 4 3 0 2 4 3 1 1 1 2 0 0 4 3 0
0 12 3 3 1 4 3 1 1 1 2 0 0 4
0 43 3 2 4 3 4 3 2 3 3 0 4 4 0 0 4 5 1 4 3 1 1 1 2 0 0 4 3 0 2 3 3 2 4 3 4 3 2 3 3 0 4 4 0
0 53 3 2 4 3 4 3 2 3 3 0 4 4 0 0 4 5 1 4 3 1 1 1 2 0 0 4 3 0 2 3 3 2 4 3 4 3 2 3 3 0 4 4 0 0 4 3 1 1 1 2 0 0 4
0 2 3 2
0 75 3 2 4 3 4 3 2 3 3 0 4 4 0 0 4 3 1 1 1 2 0 0 4 3 0 2 3 2 4 3 4 3 2 3 3 0 4 4 0 3 4 5 4 3 1 1 1 2 0 0 4 3 0 2 4 3 1 1 1 2 0 0 4 3 0 2 4 0 0 4 3 1 1 1 2
0 19 1 4 3 1 1 1 2 0 0 4 3 0 2 3 3 2 4 3 4
0 94 4 3 1 1 1 2 0 0 4 3 0 2 4 0 3 4 5 1 4 3 1 1 1 2 0 0 4 3 0 2 1 4 3 1 1 1 2 0 0 4 3 0 2 3 3 2 4 3 4 3 2 3 3 0 4 4 0 0 4 3 1 1 1 2 0 0 4 3 0 2 1 4 3 1 1 1 2 0 0 4 3 0 2 1 4 3 1 1 1 2 0 0 4 3
0 26 4 3 1 1 1 2 0 0 4 3 0 2 4 0 3 4 5 1 4 3 1 1 1 2 0 0
0 42 3 2 4 3 4 3 2 3 3 0 4 4 0 0 4 5 1 4 3 1 1 1 2 0 0 4 3 0 2 3 3 2 4 3 4 3 2 3 3 0 4 4
0 115 3 2 4 3 4 3 2 3 3 0 4 4 0 0 4 3 1 1 1 2 0 0 4 3 0 2 3 2 4 3 4 3 2 3 3 0 4 4 0 3 4 5 4 3 1 1 1 2 0 0 4 3 0 2 4 3 1 1 1 2 0 0 4 3 0 2 4 0 0 4 3 1 1 1 2 0 0 4 3 0 2 4 3 1 1 1 2 0 0 4 3 0 2 4 3 1 1 1 2 0 0 4 3 0 2 4 3 1 1 1 2 0 0 4 3
0 65 4 3 1 1 1 2 0 0 4 3 0 2 4 0 3 4 5 1 4 3 1 1 1 2 0 0 4 3 0 2 1 4 3 1 1 1 2 0 0 4 3 0 2 3 3 2 4 3 4 3 2 3 3 0 4 4 0 0 4 3 1 1 1 2 0
0 16 4 3 1 1 1 2 0 0 4 3 0 2 4 3 1 1
0 79 4 3 1 1 1 2 0 0 4 3 0 2 4 0 3 4 5 1 4 3 1 1 1 2 0 0 4 3 0 2 1 4 3 1 1 1 2 0 0 4 3 0 2 3 3 2 4 3 4 3 2 3 3 0 4 4 0 0 4 3 1 1 1 2 0 0 4 3 0 2 1 4 3 1 1 1 2 0 0
0 73 4 3 1 1 1 2 0 0 4 3 0 2 4 3 1 1 1 2 0 0 4 3 0 2 4 0 0 5 1 4 3 1 1 1 2 0 0 4 3 0 2 1 4 3 1 1 1 2 0 0 4 3 0 2 3 4 0 0 4 5 4 3 1 1 1 2 0 0 4 3 0 2 4
0 120 3 2 4 3 4 3 2 3 3 0 4 4 0 0 4 3 1 1 1 2 0 0 4 3 0 2 3 2 4 3 4 3 2 3 3 0 4 4 0 3 4 5 4 3 1 1 1 2 0 0 4 3 0 2 4 3 1 1 1 2 0 0 4 3 0 2 4 0 0 4 3 1 1 1 2 0 0 4 3 0 2 4 3 1 1 1 2 0 0 4 3 0 2 4 3 1 1 1 2 0 0 4 3 0 2 4 3 1 1 1 2 0 0 4 3 0 2 4 0 3
0 19 4 3 1 1 1 2 0 0 4 3 0 2 4 0 3 4 5 1 4
0 21 4 3 1 1 1 2 0 0 4 3 0 2 4 3 1 1 1 2 0 0 4
0 14 3 3 1 4 3 1 1 1 2 0 0 4 3 0
0 34 4 3 1 1 1 2 0 0 4 3 0 2 4 3 1 1 1 2 0 0 4 3 0 2 4 0 0 5 1 4 3 1 1 1
0 30 3 3 1 4 3 1 1 1 2 0 0 4 3 0 2 1 4 3 1 1 1 2 0 0 4 3 0 2 1 4
0 14 4 3 1 1 1 2 0 0 4 3 0 2 4 0
0 41 3 2 4 3 4 3 2 3 3 0 4 4 0 0 4 5 1 4 3 1 1 1 2 0 0 4 3 0 2 3 3 2 4 3 4 3 2 3 3 0 4
0 51 4 3 1 1 1 2 0 0 4 3 0 2 4 3 1 1 1 2 0 0 4 3 0 2 4 0 0 5 1 4 3 1 1 1 2 0 0 4 3 0 2 1 4 3 1 1 1 2 0 0 4
0 5 4 3 1 1 1
0 7 3 3 1 4 3 1 1
0 13 3 3 1 4 3 1 1 1 2 0 0 4 3
0 57 4 3 1 1 1 2 0 0 4 3 0 2 4 3 1 1 1 2 0 0 4 3 0 2 4 0 0 5 1 4 3 1 1 1 2 0 0 4 3 0 2 1 4 3 1 1 1 2 0 0 4 3 0 2 3 4 0
0 50 4 3 1 1 1 2 0 0 4 3 0 2 4 3 1 1 1 2 0 0 4 3 0 2 4 0 0 5 1 4 3 1 1 1 2 0 0 4 3 0 2 1 4 3 1 1 1 2 0 0
0 66 4 3 1 1 1 2 0 0 4 3 0 2 4 3 1 1 1 2 0 0 4 3 0 2 4 0 0 5 1 4 3 1 1 1 2 0 0 4 3 0 2 1 4 3 1 1 1 2 0 0 4 3 0 2 3 4 0 0 4 5 4 3 1 1 1 2
0 1 1
0 36 3 2 4 3 4 3 2 3 3 0 4 4 0 0 4 3 1 1 1 2 0 0 4 3 0 2 3 2 4 3 4 3 2 3 3 0
0 45 3 2 4 3 4 3 2 3 3 0 4 4 0 0 4 3 1 1 1 2 0 0 4 3 0 2 3 2 4 3 4 3 2 3 3 0 4 4 0 3 4 5 4 3 1
0 59 4 3 1 1 1 2 0 0 4 3 0 2 4 3 1 1 1 2 0 0 4 3 0 2 4 0 0 5 1 4 3 1 1 1 2 0 0 4 3 0 2 1 4 3 1 1 1 2 0 0 4 3 0 2 3 4 0 0 4
0 35 4 3 1 1 1 2 0 0 4 3 0 2 4 0 3 4 5 1 4 3 1 1 1 2 0 0 4 3 0 2 1 4 3 1 1
0 10 4 3 1 1 1 2 0 0 4 3
0 10 3 2 4 3 4 3 2 3 3 0
0 76 4 3 1 1 1 2 0 0 4 3 0 2 4 3 1 1 1 2 0 0 4 3 0 2 4 0 0 5 1 4 3 1 1 1 2 0 0 4 3 0 2 1 4 3 1 1 1 2 0 0 4 3 0 2 3 4 0 0 4 5 4 3 1 1 1 2 0 0 4 3 0 2 4 0 0 4
0 85 3 2 4 3 4 3 2 3 3 0 4 4 0 0 4 3 1 1 1 2 0 0 4 3 0 2 3 2 4 3 4 3 2 3 3 0 4 4 0 3 4 5 4 3 1 1 1 2 0 0 4 3 0 2 4 3 1 1 1 2 0 0 4 3 0 2 4 0 0 4 3 1 1 1 2 0 0 4 3 0 2 4 3 1 1
0 94 3 2 4 3 4 3 2 3 3 0 4 4 0 0 4 3 1 1 1 2 0 0 4 3 0 2 3 2 4 3 4 3 2 3 3 0 4 4 0 3 4 5 4 3 1 1 1 2 0 0 4 3 0 2 4 3 1 1 1 2 0 0 4 3 0 2 4 0 0 4 3 1 1 1 2 0 0 4 3 0 2 4 3 1 1 1 2 0 0 4 3 0 2 4
0 40 4 3 1 1 1 2 0 0 4 3 0 2 4 0 3 4 5 1 4 3 1 1 1 2 0 0 4 3 0 2 1 4 3 1 1 1 2 0 0 4
0 19 3 2 4 3 4 3 2 3 3 0 4 4 0 0 4 5 1 4 3
0 37 4 3 1 1 1 2 0 0 4 3 0 2 4 3 1 1 1 2 0 0 4 3 0 2 4 0 0 5 1 4 3 1 1 1 2 0 0
0 25 1 4 3 1 1 1 2 0 0 4 3 0 2 3 3 2 4 3 4 3 2 3 3 0 4
0 86 4 3 1 1 1 2 0 0 4 3 0 2 4 0 3 4 5 1 4 3 1 1 1 2 0 0 4 3 0 2 1 4 3 1 1 1 2 0 0 4 3 0 2 3 3 2 4 3 4 3 2 3 3 0 4 4 0 0 4 3 1 1 1 2 0 0 4 3 0 2 1 4 3 1 1 1 2 0 0 4 3 0 2 1 4 3
0 121 3 2 4 3 4 3 2 3 3 0 4 4 0 0 4 3 1 1 1 2 0 0 4 3 0 2 3 2 4 3 4 3 2 3 3 0 4 4 0 3 4 5 4 3 1 1 1 2 0 0 4 3 0 2 4 3 1 1 1 2 0 0 4 3 0 2 4 0 0 4 3 1 1 1 2 0 0 4 3 0 2 4 3 1 1 1 2 0 0 4 3 0 2 4 3 1 1 1 2 0 0 4 3 0 2 4 3 1 1 1 2 0 0 4 3 0 2 4 0 3 4
0 39 3 3 1 4 3 1 1 1 2 0 0 4 3 0 2 1 4 3 1 1 1 2 0 0 4 3 0 2 1 4 3 1 1 1 2 0 0 4 3
0 29 3 3 1 4 3 1 1 1 2 0 0 4 3 0 2 1 4 3 1 1 1 2 0 0 4 3 0 2 1
0 70 3 2 4 3 4 3 2 3 3 0 4 4 0 0 4 3 1 1 1 2 0 0 4 3 0 2 3 2 4 3 4 3 2 3 3 0 4 4 0 3 4 5 4 3 1 1 1 2 0 0 4 3 0 2 4 3 1 1 1 2 0 0 4 3 0 2 4 0 0 4
0 28 4 3 1 1 1 2 0 0 4 3 0 2 4 0 3 4 5 1 4 3 1 1 1 2 0 0 4 3
0 16 4 3 1 1 1 2 0 0 4 3 0 2 4 0 3 4
0 28 3 2 4 3 4 3 2 3 3 0 4 4 0 0 4 5 1 4 3 1 1 1 2 0 0 4 3 0
0 6 3 3 1 4 3 1
0 60 4 3 1 1 1 2 0 0 4 3 0 2 4 0 3 4 5 1 4 3 1 1 1 2 0 0 4 3 0 2 1 4 3 1 1 1 2 0 0 4 3 0 2 3 3 2 4 3 4 3 2 3 3 0 4 4 0 0 4 3
0 23 4 3 1 1 1 2 0 0 4 3 0 2 4 3 1 1 1 2 0 0 4 3 0
0 102 3 2 4 3 4 3 2 3 3 0 4 4 0 0 4 3 1 1 1 2 0 0 4 3 0 2 3 2 4 3 4 3 2 3 3 0 4 4 0 3 4 5 4 3 1 1 1 2 0 0 4 3 0 2 4 3 1 1 1 2 0 0 4 3 0 2 4 0 0 4 3 1 1 1 2 0 0 4 3 0 2 4 3 1 1 1 2 0 0 4 3 0 2 4 3 1 1 1 2 0 0 4
0 65 3 2 4 3 4 3 2 3 3 0 4 4 0 0 4 3 1 1 1 2 0 0 4 3 0 2 3 2 4 3 4 3 2 3 3 0 4 4 0 3 4 5 4 3 1 1 1 2 0 0 4 3 0 2 4 3 1 1 1 2 0 0 4 3 0
0 22 3 2 4 3 4 3 2 3 3 0 4 4 0 0 4 3 1 1 1 2 0 0
0 5 3 3 1 4 3
0 39 3 2 4 3 4 3 2 3 3 0 4 4 0 0 4 5 1 4 3 1 1 1 2 0 0 4 3 0 2 3 3 2 4 3 4 3 2 3 3
0 11 3 3 1 4 3 1 1 1 2 0 0
0 33 4 3 1 1 1 2 0 0 4 3 0 2 4 3 1 1 1 2 0 0 4 3 0 2 4 0 0 5 1 4 3 1 1
0 3 3 2 4
0 46 3 2 4 3 4 3 2 3 3 0 4 4 0 0 4 3 1 1 1 2 0 0 4 3 0 2 3 2 4 3 4 3 2 3 3 0 4 4 0 3 4 5 4 3 1 1
0 91 4 3 1 1 1 2 0 0 4 3 0 2 4 0 3 4 5 1 4 3 1 1 1 2 0 0 4 3 0 2 1 4 3 1 1 1 2 0 0 4 3 0 2 3 3 2 4 3 4 3 2 3 3 0 4 4 0 0 4 3 1 1 1 2 0 0 4 3 0 2 1 4 3 1 1 1 2 0 0 4 3 0 2 1 4 3 1 1 1 2 0
0 92 4 3 1 1 1 2 0 0 4 3 0 2 4 0 3 4 5 1 4 3 1 1 1 2 0 0 4 3 0 2 1 4 3 1 1 1 2 0 0 4 3 0 2 3 3 2 4 3 4 3 2 3 3 0 4 4 0 0 4 3 1 1 1 2 0 0 4 3 0 2 1 4 3 1 1 1 2 0 0 4 3 0 2 1 4 3 1 1 1 2 0 0
0 52 4 3 1 1 1 2 0 0 4 3 0 2 4 3 1 1 1 2 0 0 4 3 0 2 4 0 0 5 1 4 3 1 1 1 2 0 0 4 3 0 2 1 4 3 1 1 1 2 0 0 4 3
0 30 3 2 4 3 4 3 2 3 3 0 4 4 0 0 4 3 1 1 1 2 0 0 4 3 0 2 3 2 4 3
0 28 1 4 3 1 1 1 2 0 0 4 3 0 2 3 3 2 4 3 4 3 2 3 3 0 4 4 0 0
0 74 3 2 4 3 4 3 2 3 3 0 4 4 0 0 4 3 1 1 1 2 0 0 4 3 0 2 3 2 4 3 4 3 2 3 3 0 4 4 0 3 4 5 4 3 1 1 1 2 0 0 4 3 0 2 4 3 1 1 1 2 0 0 4 3 0 2 4 0 0 4 3 1 1 1
0 51 3 2 4 3 4 3 2 3 3 0 4 4 0 0 4 3 1 1 1 2 0 0 4 3 0 2 3 2 4 3 4 3 2 3 3 0 4 4 0 3 4 5 4 3 1 1 1 2 0 0 4
0 32 1 4 3 1 1 1 2 0 0 4 3 0 2 3 3 2 4 3 4 3 2 3 3 0 4 4 0 0 4 5 1 4
0 55 3 2 4 3 4 3 2 3 3 0 4 4 0 0 4 3 1 1 1 2 0 0 4 3 0 2 3 2 4 3 4 3 2 3 3 0 4 4 0 3 4 5 4 3 1 1 1 2 0 0 4 3 0 2 4
0 37 3 2 4 3 4 3 2 3 3 0 4 4 0 0 4 5 1 4 3 1 1 1 2 0 0 4 3 0 2 3 3 2 4 3 4 3 2
0 8 1 4 3 1 1 1 2 0
0 75 4 3 1 1 1 2 0 0 4 3 0 2 4 3 1 1 1 2 0 0 4 3 0 2 4 0 0 5 1 4 3 1 1 1 2 0 0 4 3 0 2 1 4 3 1 1 1 2 0 0 4 3 0 2 3 4 0 0 4 5 4 3 1 1 1 2 0 0 4 3 0 2 4 0 0
0 3 4 3 1
0 107 3 2 4 3 4 3 2 3 3 0 4 4 0 0 4 3 1 1 1 2 0 0 4 3 0 2 3 2 4 3 4 3 2 3 3 0 4 4 0 3 4 5 4 3 1 1 1 2 0 0 4 3 0 2 4 3 1 1 1 2 0 0 4 3 0 2 4 0 0 4 3 1 1 1 2 0 0 4 3 0 2 4 3 1 1 1 2 0 0 4 3 0 2 4 3 1 1 1 2 0 0 4 3 0 2 4 3
0 48 3 2 4 3 4 3 2 3 3 0 4 4 0 0 4 5 1 4 3 1 1 1 2 0 0 4 3 0 2 3 3 2 4 3 4 3 2 3 3 0 4 4 0 0 4 3 1 1
0 111 3 2 4 3 4 3 2 3 3 0 4 4 0 0 4 3 1 1 1 2 0 0 4 3 0 2 3 2 4 3 4 3 2 3 3 0 4 4 0 3 4 5 4 3 1 1 1 2 0 0 4 3 0 2 4 3 1 1 1 2 0 0 4 3 0 2 4 0 0 4 3 1 1 1 2 0 0 4 3 0 2 4 3 1 1 1 2 0 0 4 3 0 2 4 3 1 1 1 2 0 0 4 3 0 2 4 3 1 1 1 2
0 70 4 3 1 1 1 2 0 0 4 3 0 2 4 3 1 1 1 2 0 0 4 3 0 2 4 0 0 5 1 4 3 1 1 1 2 0 0 4 3 0 2 1 4 3 1 1 1 2 0 0 4 3 0 2 3 4 0 0 4 5 4 3 1 1 1 2 0 0 4 3
0 52 3 2 4 3 4 3 2 3 3 0 4 4 0 0 4 3 1 1 1 2 0 0 4 3 0 2 3 2 4 3 4 3 2 3 3 0 4 4 0 3 4 5 4 3 1 1 1 2 0 0 4 3
0 58 4 3 1 1 1 2 0 0 4 3 0 2 4 0 3 4 5 1 4 3 1 1 1 2 0 0 4 3 0 2 1 4 3 1 1 1 2 0 0 4 3 0 2 3 3 2 4 3 4 3 2 3 3 0 4 4 0 0
0 26 3 2 4 3 4 3 2 3 3 0 4 4 0 0 4 5 1 4 3 1 1 1 2 0 0 4
0 55 3 2 4 3 4 3 2 3 3 0 4 4 0 0 4 5 1 4 3 1 1 1 2 0 0 4 3 0 2 3 3 2 4 3 4 3 2 3 3 0 4 4 0 0 4 3 1 1 1 2 0 0 4 3 0
0 31 4 3 1 1 1 2 0 0 4 3 0 2 4 3 1 1 1 2 0 0 4 3 0 2 4 0 0 5 1 4 3
0 29 1 4 3 1 1 1 2 0 0 4 3 0 2 3 3 2 4 3 4 3 2 3 3 0 4 4 0 0 4
0 48 3 2 4 3 4 3 2 3 3 0 4 4 0 0 4 3 1 1 1 2 0 0 4 3 0 2 3 2 4 3 4 3 2 3 3 0 4 4 0 3 4 5 4 3 1 1 1 2
0 46 3 2 4 3 4 3 2 3 3 0 4 4 0 0 4 5 1 4 3 1 1 1 2 0 0 4 3 0 2 3 3 2 4 3 4 3 2 3 3 0 4 4 0 0 4 3
0 32 4 3 1 1 1 2 0 0 4 3 0 2 4 0 3 4 5 1 4 3 1 1 1 2 0 0 4 3 0 2 1 4
0 62 4 3 1 1 1 2 0 0 4 3 0 2 4 0 3 4 5 1 4 3 1 1 1 2 0 0 4 3 0 2 1 4 3 1 1 1 2 0 0 4 3 0 2 3 3 2 4 3 4 3 2 3 3 0 4 4 0 0 4 3 1 1
0 43 3 2 4 3 4 3 2 3 3 0 4 4 0 0 4 3 1 1 1 2 0 0 4 3 0 2 3 2 4 3 4 3 2 3 3 0 4 4 0 3 4 5 4
0 50 4 3 1 1 1 2 0 0 4 3 0 2 4 0 3 4 5 1 4 3 1 1 1 2 0 0 4 3 0 2 1 4 3 1 1 1 2 0 0 4 3 0 2 3 3 2 4 3 4 3
0 5 1 4 3 1 1
0 5 3 2 4 3 4
0 26 4 3 1 1 1 2 0 0 4 3 0 2 4 3 1 1 1 2 0 0 4 3 0 2 4 0
0 4 1 4 3 1
0 41 3 2 4 3 4 3 2 3 3 0 4 4 0 0 4 3 1 1 1 2 0 0 4 3 0 2 3 2 4 3 4 3 2 3 3 0 4 4 0 3 4
0 3 1 4 3
0 29 3 2 4 3 4 3 2 3 3 0 4 4 0 0 4 5 1 4 3 1 1 1 2 0 0 4 3 0 2
0 16 3 2 4 3 4 3 2 3 3 0 4 4 0 0 4 3
0 89 3 2 4 3 4 3 2 3 3 0 4 4 0 0 4 3 1 1 1 2 0 0 4 3 0 2 3 2 4 3 4 3 2 3 3 0 4 4 0 3 4 5 4 3 1 1 1 2 0 0 4 3 0 2 4 3 1 1 1 2 0 0 4 3 0 2 4 0 0 4 3 1 1 1 2 0 0 4 3 0 2 4 3 1 1 1 2 0 0
0 50 3 2 4 3 4 3 2 3 3 0 4 4 0 0 4 5 1 4 3 1 1 1 2 0 0 4 3 0 2 3 3 2 4 3 4 3 2 3 3 0 4 4 0 0 4 3 1 1 1 2
0 27 1 4 3 1 1 1 2 0 0 4 3 0 2 3 3 2 4 3 4 3 2 3 3 0 4 4 0
0 76 3 2 4 3 4 3 2 3 3 0 4 4 0 0 4 3 1 1 1 2 0 0 4 3 0 2 3 2 4 3 4 3 2 3 3 0 4 4 0 3 4 5 4 3 1 1 1 2 0 0 4 3 0 2 4 3 1 1 1 2 0 0 4 3 0 2 4 0 0 4 3 1 1 1 2 0
0 59 4 3 1 1 1 2 0 0 4 3 0 2 4 0 3 4 5 1 4 3 1 1 1 2 0 0 4 3 0 2 1 4 3 1 1 1 2 0 0 4 3 0 2 3 3 2 4 3 4 3 2 3 3 0 4 4 0 0 4
0 27 3 2 4 3 4 3 2 3 3 0 4 4 0 0 4 5 1 4 3 1 1 1 2 0 0 4 3
0 35 3 2 4 3 4 3 2 3 3 0 4 4 0 0 4 3 1 1 1 2 0 0 4 3 0 2 3 2 4 3 4 3 2 3 3
0 54 3 2 4 3 4 3 2 3 3 0 4 4 0 0 4 3 1 1 1 2 0 0 4 3 0 2 3 2 4 3 4 3 2 3 3 0 4 4 0 3 4 5 4 3 1 1 1 2 0 0 4 3 0 2
0 14 3 2 4 3 4 3 2 3 3 0 4 4 0 0
0 12 3 2 4 3 4 3 2 3 3 0 4 4
0 33 1 4 3 1 1 1 2 0 0 4 3 0 2 3 3 2 4 3 4 3 2 3 3 0 4 4 0 0 4 5 1 4 3
0 12 4 3 1 1 1 2 0 0 4 3 0 2
0 4 3 3 1 4
0 8 3 2 4 3 4 3 2 3
0 61 4 3 1 1 1 2 0 0 4 3 0 2 4 3 1 1 1 2 0 0 4 3 0 2 4 0 0 5 1 4 3 1 1 1 2 0 0 4 3 0 2 1 4 3 1 1 1 2 0 0 4 3 0 2 3 4 0 0 4 5 4
0 99 3 2 4 3 4 3 2 3 3 0 4 4 0 0 4 3 1 1 1 2 0 0 4 3 0 2 3 2 4 3 4 3 2 3 3 0 4 4 0 3 4 5 4 3 1 1 1 2 0 0 4 3 0 2 4 3 1 1 1 2 0 0 4 3 0 2 4 0 0 4 3 1 1 1 2 0 0 4 3 0 2 4 3 1 1 1 2 0 0 4 3 0 2 4 3 1 1 1 2
0 31 4 3 1 1 1 2 0 0 4 3 0 2 4 0 3 4 5 1 4 3 1 1 1 2 0 0 4 3 0 2 1
0 40 3 2 4 3 4 3 2 3 3 0 4 4 0 0 4 5 1 4 3 1 1 1 2 0 0 4 3 0 2 3 3 2 4 3 4 3 2 3 3 0
0 36 4 3 1 1 1 2 0 0 4 3 0 2 4 3 1 1 1 2 0 0 4 3 0 2 4 0 0 5 1 4 3 1 1 1 2 0
0 50 3 2 4 3 4 3 2 3 3 0 4 4 0 0 4 3 1 1 1 2 0 0 4 3 0 2 3 2 4 3 4 3 2 3 3 0 4 4 0 3 4 5 4 3 1 1 1 2 0 0
0 62 3 2 4 3 4 3 2 3 3 0 4 4 0 0 4 3 1 1 1 2 0 0 4 3 0 2 3 2 4 3 4 3 2 3 3 0 4 4 0 3 4 5 4 3 1 1 1 2 0 0 4 3 0 2 4 3 1 1 1 2 0 0
0 27 4 3 1 1 1 2 0 0 4 3 0 2 4 3 1 1 1 2 0 0 4 3 0 2 4 0 0
0 33 4 3 1 1 1 2 0 0 4 3 0 2 4 0 3 4 5 1 4 3 1 1 1 2 0 0 4 3 0 2 1 4 3
0 69 4 3 1 1 1 2 0 0 4 3 0 2 4 3 1 1 1 2 0 0 4 3 0 2 4 0 0 5 1 4 3 1 1 1 2 0 0 4 3 0 2 1 4 3 1 1 1 2 0 0 4 3 0 2 3 4 0 0 4 5 4 3 1 1 1 2 0 0 4
0 55 4 3 1 1 1 2 0 0 4 3 0 2 4 0 3 4 5 1 4 3 1 1 1 2 0 0 4 3 0 2 1 4 3 1 1 1 2 0 0 4 3 0 2 3 3 2 4 3 4 3 2 3 3 0 4
0 34 3 2 4 3 4 3 2 3 3 0 4 4 0 0 4 3 1 1 1 2 0 0 4 3 0 2 3 2 4 3 4 3 2 3
0 39 4 3 1 1 1 2 0 0 4 3 0 2 4 0 3 4 5 1 4 3 1 1 1 2 0 0 4 3 0 2 1 4 3 1 1 1 2 0 0
0 78 3 2 4 3 4 3 2 3 3 0 4 4 0 0 4 3 1 1 1 2 0 0 4 3 0 2 3 2 4 3 4 3 2 3 3 0 4 4 0 3 4 5 4 3 1 1 1 2 0 0 4 3 0 2 4 3 1 1 1 2 0 0 4 3 0 2 4 0 0 4 3 1 1 1 2 0 0 4
0 64 4 3 1 1 1 2 0 0 4 3 0 2 4 3 1 1 1 2 0 0 4 3 0 2 4 0 0 5 1 4 3 1 1 1 2 0 0 4 3 0 2 1 4 3 1 1 1 2 0 0 4 3 0 2 3 4 0 0 4 5 4 3 1 1
0 71 4 3 1 1 1 2 0 0 4 3 0 2 4 0 3 4 5 1 4 3 1 1 1 2 0 0 4 3 0 2 1 4 3 1 1 1 2 0 0 4 3 0 2 3 3 2 4 3 4 3 2 3 3 0 4 4 0 0 4 3 1 1 1 2 0 0 4 3 0 2 1
0 34 1 4 3 1 1 1 2 0 0 4 3 0 2 3 3 2 4 3 4 3 2 3 3 0 4 4 0 0 4 5 1 4 3 1
0 62 4 3 1 1 1 2 0 0 4 3 0 2 4 3 1 1 1 2 0 0 4 3 0 2 4 0 0 5 1 4 3 1 1 1 2 0 0 4 3 0 2 1 4 3 1 1 1 2 0 0 4 3 0 2 3 4 0 0 4 5 4 3
0 48 4 3 1 1 1 2 0 0 4 3 0 2 4 0 3 4 5 1 4 3 1 1 1 2 0 0 4 3 0 2 1 4 3 1 1 1 2 0 0 4 3 0 2 3 3 2 4 3
0 7 3 2 4 3 4 3 2
0 41 4 3 1 1 1 2 0 0 4 3 0 2 4 0 3 4 5 1 4 3 1 1 1 2 0 0 4 3 0 2 1 4 3 1 1 1 2 0 0 4 3
0 77 4 3 1 1 1 2 0 0 4 3 0 2 4 0 3 4 5 1 4 3 1 1 1 2 0 0 4 3 0 2 1 4 3 1 1 1 2 0 0 4 3 0 2 3 3 2 4 3 4 3 2 3 3 0 4 4 0 0 4 3 1 1 1 2 0 0 4 3 0 2 1 4 3 1 1 1 2
0 4 3 2 4 3
0 41 3 3 1 4 3 1 1 1 2 0 0 4 3 0 2 1 4 3 1 1 1 2 0 0 4 3 0 2 1 4 3 1 1 1 2 0 0 4 3 0 2
0 84 3 2 4 3 4 3 2 3 3 0 4 4 0 0 4 3 1 1 1 2 0 0 4 3 0 2 3 2 4 3 4 3 2 3 3 0 4 4 0 3 4 5 4 3 1 1 1 2 0 0 4 3 0 2 4 3 1 1 1 2 0 0 4 3 0 2 4 0 0 4 3 1 1 1 2 0 0 4 3 0 2 4 3 1
0 40 3 2 4 3 4 3 2 3 3 0 4 4 0 0 4 3 1 1 1 2 0 0 4 3 0 2 3 2 4 3 4 3 2 3 3 0 4 4 0 3
0 53 3 2 4 3 4 3 2 3 3 0 4 4 0 0 4 3 1 1 1 2 0 0 4 3 0 2 3 2 4 3 4 3 2 3 3 0 4 4 0 3 4 5 4 3 1 1 1 2 0 0 4 3 0
0 93 3 2 4 3 4 3 2 3 3 0 4 4 0 0 4 3 1 1 1 2 0 0 4 3 0 2 3 2 4 3 4 3 2 3 3 0 4 4 0 3 4 5 4 3 1 1 1 2 0 0 4 3 0 2 4 3 1 1 1 2 0 0 4 3 0 2 4 0 0 4 3 1 1 1 2 0 0 4 3 0 2 4 3 1 1 1 2 0 0 4 3 0 2
0 38 4 3 1 1 1 2 0 0 4 3 0 2 4 0 3 4 5 1 4 3 1 1 1 2 0 0 4 3 0 2 1 4 3 1 1 1 2 0
0 20 4 3 1 1 1 2 0 0 4 3 0 2 4 0 3 4 5 1 4 3
0 45 4 3 1 1 1 2 0 0 4 3 0 2 4 3 1 1 1 2 0 0 4 3 0 2 4 0 0 5 1 4 3 1 1 1 2 0 0 4 3 0 2 1 4 3 1
0 40 4 3 1 1 1 2 0 0 4 3 0 2 4 3 1 1 1 2 0 0 4 3 0 2 4 0 0 5 1 4 3 1 1 1 2 0 0 4 3 0
0 17 4 3 1 1 1 2 0 0 4 3 0 2 4 3 1 1 1
0 69 3 2 4 3 4 3 2 3 3 0 4 4 0 0 4 3 1 1 1 2 0 0 4 3 0 2 3 2 4 3 4 3 2 3 3 0 4 4 0 3 4 5 4 3 1 1 1 2 0 0 4 3 0 2 4 3 1 1 1 2 0 0 4 3 0 2 4 0 0
0 98 3 2 4 3 4 3 2 3 3 0 4 4 0 0 4 3 1 1 1 2 0 0 4 3 0 2 3 2 4 3 4 3 2 3 3 0 4 4 0 3 4 5 4 3 1 1 1 2 0 0 4 3 0 2 4 3 1 1 1 2 0 0 4 3 0 2 4 0 0 4 3 1 1 1 2 0 0 4 3 0 2 4 3 1 1 1 2 0 0 4 3 0 2 4 3 1 1 1
0 89 4 3 1 1 1 2 0 0 4 3 0 2 4 0 3 4 5 1 4 3 1 1 1 2 0 0 4 3 0 2 1 4 3 1 1 1 2 0 0 4 3 0 2 3 3 2 4 3 4 3 2 3 3 0 4 4 0 0 4 3 1 1 1 2 0 0 4 3 0 2 1 4 3 1 1 1 2 0 0 4 3 0 2 1 4 3 1 1 1
0 80 4 3 1 1 1 2 0 0 4 3 0 2 4 0 3 4 5 1 4 3 1 1 1 2 0 0 4 3 0 2 1 4 3 1 1 1 2 0 0 4 3 0 2 3 3 2 4 3 4 3 2 3 3 0 4 4 0 0 4 3 1 1 1 2 0 0 4 3 0 2 1 4 3 1 1 1 2 0 0 4
0 106 3 2 4 3 4 3 2 3 3 0 4 4 0 0 4 3 1 1 1 2 0 0 4 3 0 2 3 2 4 3 4 3 2 3 3 0 4 4 0 3 4 5 4 3 1 1 1 2 0 0 4 3 0 2 4 3 1 1 1 2 0 0 4 3 0 2 4 0 0 4 3 1 1 1 2 0 0 4 3 0 2 4 3 1 1 1 2 0 0 4 3 0 2 4 3 1 1 1 2 0 0 4 3 0 2 4
0 14 4 3 1 1 1 2 0 0 4 3 0 2 4 3
0 22 4 3 1 1 1 2 0 0 4 3 0 2 4 3 1 1 1 2 0 0 4 3
0 28 3 2 4 3 4 3 2 3 3 0 4 4 0 0 4 3 1 1 1 2 0 0 4 3 0 2 3 2
0 45 3 2 4 3 4 3 2 3 3 0 4 4 0 0 4 5 1 4 3 1 1 1 2 0 0 4 3 0 2 3 3 2 4 3 4 3 2 3 3 0 4 4 0 0 4
0 36 4 3 1 1 1 2 0 0 4 3 0 2 4 0 3 4 5 1 4 3 1 1 1 2 0 0 4 3 0 2 1 4 3 1 1 1
0 80 3 2 4 3 4 3 2 3 3 0 4 4 0 0 4 3 1 1 1 2 0 0 4 3 0 2 3 2 4 3 4 3 2 3 3 0 4 4 0 3 4 5 4 3 1 1 1 2 0 0 4 3 0 2 4 3 1 1 1 2 0 0 4 3 0 2 4 0 0 4 3 1 1 1 2 0 0 4 3 0
0 42 1 4 3 1 1 1 2 0 0 4 3 0 2 3 3 2 4 3 4 3 2 3 3 0 4 4 0 0 4 5 1 4 3 1 1 1 2 0 0 4 3 0
0 39 3 2 4 3 4 3 2 3 3 0 4 4 0 0 4 3 1 1 1 2 0 0 4 3 0 2 3 2 4 3 4 3 2 3 3 0 4 4 0
0 43 1 4 3 1 1 1 2 0 0 4 3 0 2 3 3 2 4 3 4 3 2 3 3 0 4 4 0 0 4 5 1 4 3 1 1 1 2 0 0 4 3 0 2
0 67 3 2 4 3 4 3 2 3 3 0 4 4 0 0 4 3 1 1 1 2 0 0 4 3 0 2 3 2 4 3 4 3 2 3 3 0 4 4 0 3 4 5 4 3 1 1 1 2 0 0 4 3 0 2 4 3 1 1 1 2 0 0 4 3 0 2 4
0 46 4 3 1 1 1 2 0 0 4 3 0 2 4 0 3 4 5 1 4 3 1 1 1 2 0 0 4 3 0 2 1 4 3 1 1 1 2 0 0 4 3 0 2 3 3 2
0 26 1 4 3 1 1 1 2 0 0 4 3 0 2 3 3 2 4 3 4 3 2 3 3 0 4 4
0 4 4 3 1 1
0 96 4 3 1 1 1 2 0 0 4 3 0 2 4 0 3 4 5 1 4 3 1 1 1 2 0 0 4 3 0 2 1 4 3 1 1 1 2 0 0 4 3 0 2 3 3 2 4 3 4 3 2 3 3 0 4 4 0 0 4 3 1 1 1 2 0 0 4 3 0 2 1 4 3 1 1 1 2 0 0 4 3 0 2 1 4 3 1 1 1 2 0 0 4 3 0 2
0 21 4 3 1 1 1 2 0 0 4 3 0 2 4 0 3 4 5 1 4 3 1
0 43 4 3 1 1 1 2 0 0 4 3 0 2 4 0 3 4 5 1 4 3 1 1 1 2 0 0 4 3 0 2 1 4 3 1 1 1 2 0 0 4 3 0 2
0 53 4 3 1 1 1 2 0 0 4 3 0 2 4 3 1 1 1 2 0 0 4 3 0 2 4 0 0 5 1 4 3 1 1 1 2 0 0 4 3 0 2 1 4 3 1 1 1 2 0 0 4 3 0
0 25 3 3 1 4 3 1 1 1 2 0 0 4 3 0 2 1 4 3 1 1 1 2 0 0 4
0 47 4 3 1 1 1 2 0 0 4 3 0 2 4 3 1 1 1 2 0 0 4 3 0 2 4 0 0 5 1 4 3 1 1 1 2 0 0 4 3 0 2 1 4 3 1 1 1
0 44 3 2 4 3 4 3 2 3 3 0 4 4 0 0 4 5 1 4 3 1 1 1 2 0 0 4 3 0 2 3 3 2 4 3 4 3 2 3 3 0 4 4 0 0
0 46 4 3 1 1 1 2 0 0 4 3 0 2 4 3 1 1 1 2 0 0 4 3 0 2 4 0 0 5 1 4 3 1 1 1 2 0 0 4 3 0 2 1 4 3 1 1
0 105 3 2 4 3 4 3 2 3 3 0 4 4 0 0 4 3 1 1 1 2 0 0 4 3 0 2 3 2 4 3 4 3 2 3 3 0 4 4 0 3 4 5 4 3 1 1 1 2 0 0 4 3 0 2 4 3 1 1 1 2 0 0 4 3 0 2 4 0 0 4 3 1 1 1 2 0 0 4 3 0 2 4 3 1 1 1 2 0 0 4 3 0 2 4 3 1 1 1 2 0 0 4 3 0 2
0 69 4 3 1 1 1 2 0 0 4 3 0 2 4 0 3 4 5 1 4 3 1 1 1 2 0 0 4 3 0 2 1 4 3 1 1 1 2 0 0 4 3 0 2 3 3 2 4 3 4 3 2 3 3 0 4 4 0 0 4 3 1 1 1 2 0 0 4 3 0
0 9 3 3 1 4 3 1 1 1 2
0 33 3 3 1 4 3 1 1 1 2 0 0 4 3 0 2 1 4 3 1 1 1 2 0 0 4 3 0 2 1 4 3 1 1
0 92 3 2 4 3 4 3 2 3 3 0 4 4 0 0 4 3 1 1 1 2 0 0 4 3 0 2 3 2 4 3 4 3 2 3 3 0 4 4 0 3 4 5 4 3 1 1 1 2 0 0 4 3 0 2 4 3 1 1 1 2 0 0 4 3 0 2 4 0 0 4 3 1 1 1 2 0 0 4 3 0 2 4 3 1 1 1 2 0 0 4 3 0
0 63 3 2 4 3 4 3 2 3 3 0 4 4 0 0 4 3 1 1 1 2 0 0 4 3 0 2 3 2 4 3 4 3 2 3 3 0 4 4 0 3 4 5 4 3 1 1 1 2 0 0 4 3 0 2 4 3 1 1 1 2 0 0 4
0 71 3 2 4 3 4 3 2 3 3 0 4 4 0 0 4 3 1 1 1 2 0 0 4 3 0 2 3 2 4 3 4 3 2 3 3 0 4 4 0 3 4 5 4 3 1 1 1 2 0 0 4 3 0 2 4 3 1 1 1 2 0 0 4 3 0 2 4 0 0 4 3
0 82 3 2 4 3 4 3 2 3 3 0 4 4 0 0 4 3 1 1 1 2 0 0 4 3 0 2 3 2 4 3 4 3 2 3 3 0 4 4 0 3 4 5 4 3 1 1 1 2 0 0 4 3 0 2 4 3 1 1 1 2 0 0 4 3 0 2 4 0 0 4 3 1 1 1 2 0 0 4 3 0 2 4
0 38 3 2 4 3 4 3 2 3 3 0 4 4 0 0 4 5 1 4 3 1 1 1 2 0 0 4 3 0 2 3 3 2 4 3 4 3 2 3
0 39 1 4 3 1 1 1 2 0 0 4 3 0 2 3 3 2 4 3 4 3 2 3 3 0 4 4 0 0 4 5 1 4 3 1 1 1 2 0 0
0 7 1 4 3 1 1 1 2
0 57 3 2 4 3 4 3 2 3 3 0 4 4 0 0 4 3 1 1 1 2 0 0 4 3 0 2 3 2 4 3 4 3 2 3 3 0 4 4 0 3 4 5 4 3 1 1 1 2 0 0 4 3 0 2 4 3 1
0 109 3 2 4 3 4 3 2 3 3 0 4 4 0 0 4 3 1 1 1 2 0 0 4 3 0 2 3 2 4 3 4 3 2 3 3 0 4 4 0 3 4 5 4 3 1 1 1 2 0 0 4 3 0 2 4 3 1 1 1 2 0 0 4 3 0 2 4 0 0 4 3 1 1 1 2 0 0 4 3 0 2 4 3 1 1 1 2 0 0 4 3 0 2 4 3 1 1 1 2 0 0 4 3 0 2 4 3 1 1
0 17 3 2 4 3 4 3 2 3 3 0 4 4 0 0 4 3 1
0 66 3 2 4 3 4 3 2 3 3 0 4 4 0 0 4 3 1 1 1 2 0 0 4 3 0 2 3 2 4 3 4 3 2 3 3 0 4 4 0 3 4 5 4 3 1 1 1 2 0 0 4 3 0 2 4 3 1 1 1 2 0 0 4 3 0 2
0 6 1 4 3 1 1 1
0 74 4 3 1 1 1 2 0 0 4 3 0 2 4 0 3 4 5 1 4 3 1 1 1 2 0 0 4 3 0 2 1 4 3 1 1 1 2 0 0 4 3 0 2 3 3 2 4 3 4 3 2 3 3 0 4 4 0 0 4 3 1 1 1 2 0 0 4 3 0 2 1 4 3 1
0 19 4 3 1 1 1 2 0 0 4 3 0 2 4 3 1 1 1 2 0
0 119 3 2 4 3 4 3 2 3 3 0 4 4 0 0 4 3 1 1 1 2 0 0 4 3 0 2 3 2 4 3 4 3 2 3 3 0 4 4 0 3 4 5 4 3 1 1 1 2 0 0 4 3 0 2 4 3 1 1 1 2 0 0 4 3 0 2 4 0 0 4 3 1 1 1 2 0 0 4 3 0 2 4 3 1 1 1 2 0 0 4 3 0 2 4 3 1 1 1 2 0 0 4 3 0 2 4 3 1 1 1 2 0 0 4 3 0 2 4 0
0 38 4 3 1 1 1 2 0 0 4 3 0 2 4 3 1 1 1 2 0 0 4 3 0 2 4 0 0 5 1 4 3 1 1 1 2 0 0 4
0 20 3 2 4 3 4 3 2 3 3 0 4 4 0 0 4 5 1 4 3 1
0 57 4 3 1 1 1 2 0 0 4 3 0 2 4 0 3 4 5 1 4 3 1 1 1 2 0 0 4 3 0 2 1 4 3 1 1 1 2 0 0 4 3 0 2 3 3 2 4 3 4 3 2 3 3 0 4 4 0
0 24 4 3 1 1 1 2 0 0 4 3 0 2 4 3 1 1 1 2 0 0 4 3 0 2
0 95 4 3 1 1 1 2 0 0 4 3 0 2 4 0 3 4 5 1 4 3 1 1 1 2 0 0 4 3 0 2 1 4 3 1 1 1 2 0 0 4 3 0 2 3 3 2 4 3 4 3 2 3 3 0 4 4 0 0 4 3 1 1 1 2 0 0 4 3 0 2 1 4 3 1 1 1 2 0 0 4 3 0 2 1 4 3 1 1 1 2 0 0 4 3 0
0 49 4 3 1 1 1 2 0 0 4 3 0 2 4 3 1 1 1 2 0 0 4 3 0 2 4 0 0 5 1 4 3 1 1 1 2 0 0 4 3 0 2 1 4 3 1 1 1 2 0
0 74 4 3 1 1 1 2 0 0 4 3 0 2 4 3 1 1 1 2 0 0 4 3 0 2 4 0 0 5 1 4 3 1 1 1 2 0 0 4 3 0 2 1 4 3 1 1 1 2 0 0 4 3 0 2 3 4 0 0 4 5 4 3 1 1 1 2 0 0 4 3 0 2 4 0
0 68 4 3 1 1 1 2 0 0 4 3 0 2 4 3 1 1 1 2 0 0 4 3 0 2 4 0 0 5 1 4 3 1 1 1 2 0 0 4 3 0 2 1 4 3 1 1 1 2 0 0 4 3 0 2 3 4 0 0 4 5 4 3 1 1 1 2 0 0
0 43 4 3 1 1 1 2 0 0 4 3 0 2 4 3 1 1 1 2 0 0 4 3 0 2 4 0 0 5 1 4 3 1 1 1 2 0 0 4 3 0 2 1 4
0 29 4 3 1 1 1 2 0 0 4 3 0 2 4 0 3 4 5 1 4 3 1 1 1 2 0 0 4 3 0
0 34 4 3 1 1 1 2 0 0 4 3 0 2 4 0 3 4 5 1 4 3 1 1 1 2 0 0 4 3 0 2 1 4 3 1
0 72 3 2 4 3 4 3 2 3 3 0 4 4 0 0 4 3 1 1 1 2 0 0 4 3 0 2 3 2 4 3 4 3 2 3 3 0 4 4 0 3 4 5 4 3 1 1 1 2 0 0 4 3 0 2 4 3 1 1 1 2 0 0 4 3 0 2 4 0 0 4 3 1
0 68 4 3 1 1 1 2 0 0 4 3 0 2 4 0 3 4 5 1 4 3 1 1 1 2 0 0 4 3 0 2 1 4 3 1 1 1 2 0 0 4 3 0 2 3 3 2 4 3 4 3 2 3 3 0 4 4 0 0 4 3 1 1 1 2 0 0 4 3
0 32 3 3 1 4 3 1 1 1 2 0 0 4 3 0 2 1 4 3 1 1 1 2 0 0 4 3 0 2 1 4 3 1
0 31 3 3 1 4 3 1 1 1 2 0 0 4 3 0 2 1 4 3 1 1 1 2 0 0 4 3 0 2 1 4 3
0 19 3 2 4 3 4 3 2 3 3 0 4 4 0 0 4 3 1 1 1
0 77 3 2 4 3 4 3 2 3 3 0 4 4 0 0 4 3 1 1 1 2 0 0 4 3 0 2 3 2 4 3 4 3 2 3 3 0 4 4 0 3 4 5 4 3 1 1 1 2 0 0 4 3 0 2 4 3 1 1 1 2 0 0 4 3 0 2 4 0 0 4 3 1 1 1 2 0 0
0 18 1 4 3 1 1 1 2 0 0 4 3 0 2 3 3 2 4 3
0 37 3 3 1 4 3 1 1 1 2 0 0 4 3 0 2 1 4 3 1 1 1 2 0 0 4 3 0 2 1 4 3 1 1 1 2 0 0
0 19 3 3 1 4 3 1 1 1 2 0 0 4 3 0 2 1 4 3 1
0 91 3 2 4 3 4 3 2 3 3 0 4 4 0 0 4 3 1 1 1 2 0 0 4 3 0 2 3 2 4 3 4 3 2 3 3 0 4 4 0 3 4 5 4 3 1 1 1 2 0 0 4 3 0 2 4 3 1 1 1 2 0 0 4 3 0 2 4 0 0 4 3 1 1 1 2 0 0 4 3 0 2 4 3 1 1 1 2 0 0 4 3
0 32 3 2 4 3 4 3 2 3 3 0 4 4 0 0 4 3 1 1 1 2 0 0 4 3 0 2 3 2 4 3 4 3
0 23 1 4 3 1 1 1 2 0 0 4 3 0 2 3 3 2 4 3 4 3 2 3 3
0 9 4 3 1 1 1 2 0 0 4
0 113 3 2 4 3 4 3 2 3 3 0 4 4 0 0 4 3 1 1 1 2 0 0 4 3 0 2 3 2 4 3 4 3 2 3 3 0 4 4 0 3 4 5 4 3 1 1 1 2 0 0 4 3 0 2 4 3 1 1 1 2 0 0 4 3 0 2 4 0 0 4 3 1 1 1 2 0 0 4 3 0 2 4 3 1 1 1 2 0 0 4 3 0 2 4 3 1 1 1 2 0 0 4 3 0 2 4 3 1 1 1 2 0 0
0 78 4 3 1 1 1 2 0 0 4 3 0 2 4 0 3 4 5 1 4 3 1 1 1 2 0 0 4 3 0 2 1 4 3 1 1 1 2 0 0 4 3 0 2 3 3 2 4 3 4 3 2 3 3 0 4 4 0 0 4 3 1 1 1 2 0 0 4 3 0 2 1 4 3 1 1 1 2 0
0 2 1 4
0 30 4 3 1 1 1 2 0 0 4 3 0 2 4 3 1 1 1 2 0 0 4 3 0 2 4 0 0 5 1 4
0 21 1 4 3 1 1 1 2 0 0 4 3 0 2 3 3 2 4 3 4 3 2
0 20 1 4 3 1 1 1 2 0 0 4 3 0 2 3 3 2 4 3 4 3
0 40 1 4 3 1 1 1 2 0 0 4 3 0 2 3 3 2 4 3 4 3 2 3 3 0 4 4 0 0 4 5 1 4 3 1 1 1 2 0 0 4
0 76 4 3 1 1 1 2 0 0 4 3 0 2 4 0 3 4 5 1 4 3 1 1 1 2 0 0 4 3 0 2 1 4 3 1 1 1 2 0 0 4 3 0 2 3 3 2 4 3 4 3 2 3 3 0 4 4 0 0 4 3 1 1 1 2 0 0 4 3 0 2 1 4 3 1 1 1
0 21 3 2 4 3 4 3 2 3 3 0 4 4 0 0 4 5 1 4 3 1 1
0 24 3 2 4 3 4 3 2 3 3 0 4 4 0 0 4 5 1 4 3 1 1 1 2 0
0 35 4 3 1 1 1 2 0 0 4 3 0 2 4 3 1 1 1 2 0 0 4 3 0 2 4 0 0 5 1 4 3 1 1 1 2
0 56 4 3 1 1 1 2 0 0 4 3 0 2 4 3 1 1 1 2 0 0 4 3 0 2 4 0 0 5 1 4 3 1 1 1 2 0 0 4 3 0 2 1 4 3 1 1 1 2 0 0 4 3 0 2 3 4
0 24 3 2 4 3 4 3 2 3 3 0 4 4 0 0 4 3 1 1 1 2 0 0 4 3
0 52 4 3 1 1 1 2 0 0 4 3 0 2 4 0 3 4 5 1 4 3 1 1 1 2 0 0 4 3 0 2 1 4 3 1 1 1 2 0 0 4 3 0 2 3 3 2 4 3 4 3 2 3
0 22 3 3 1 4 3 1 1 1 2 0 0 4 3 0 2 1 4 3 1 1 1 2
0 65 4 3 1 1 1 2 0 0 4 3 0 2 4 3 1 1 1 2 0 0 4 3 0 2 4 0 0 5 1 4 3 1 1 1 2 0 0 4 3 0 2 1 4 3 1 1 1 2 0 0 4 3 0 2 3 4 0 0 4 5 4 3 1 1 1
0 73 4 3 1 1 1 2 0 0 4 3 0 2 4 0 3 4 5 1 4 3 1 1 1 2 0 0 4 3 0 2 1 4 3 1 1 1 2 0 0 4 3 0 2 3 3 2 4 3 4 3 2 3 3 0 4 4 0 0 4 3 1 1 1 2 0 0 4 3 0 2 1 4 3
0 40 3 3 1 4 3 1 1 1 2 0 0 4 3 0 2 1 4 3 1 1 1 2 0 0 4 3 0 2 1 4 3 1 1 1 2 0 0 4 3 0
0 13 1 4 3 1 1 1 2 0 0 4 3 0 2
0 100 3 2 4 3 4 3 2 3 3 0 4 4 0 0 4 3 1 1 1 2 0 0 4 3 0 2 3 2 4 3 4 3 2 3 3 0 4 4 0 3 4 5 4 3 1 1 1 2 0 0 4 3 0 2 4 3 1 1 1 2 0 0 4 3 0 2 4 0 0 4 3 1 1 1 2 0 0 4 3 0 2 4 3 1 1 1 2 0 0 4 3 0 2 4 3 1 1 1 2 0
0 31 3 2 4 3 4 3 2 3 3 0 4 4 0 0 4 3 1 1 1 2 0 0 4 3 0 2 3 2 4 3 4
0 6 3 2 4 3 4 3
0 44 3 2 4 3 4 3 2 3 3 0 4 4 0 0 4 3 1 1 1 2 0 0 4 3 0 2 3 2 4 3 4 3 2 3 3 0 4 4 0 3 4 5 4 3
0 38 1 4 3 1 1 1 2 0 0 4 3 0 2 3 3 2 4 3 4 3 2 3 3 0 4 4 0 0 4 5 1 4 3 1 1 1 2 0
0 101 3 2 4 3 4 3 2 3 3 0 4 4 0 0 4 3 1 1 1 2 0 0 4 3 0 2 3 2 4 3 4 3 2 3 3 0 4 4 0 3 4 5 4 3 1 1 1 2 0 0 4 3 0 2 4 3 1 1 1 2 0 0 4 3 0 2 4 0 0 4 3 1 1 1 2 0 0 4 3 0 2 4 3 1 1 1 2 0 0 4 3 0 2 4 3 1 1 1 2 0 0
0 79 3 2 4 3 4 3 2 3 3 0 4 4 0 0 4 3 1 1 1 2 0 0 4 3 0 2 3 2 4 3 4 3 2 3 3 0 4 4 0 3 4 5 4 3 1 1 1 2 0 0 4 3 0 2 4 3 1 1 1 2 0 0 4 3 0 2 4 0 0 4 3 1 1 1 2 0 0 4 3
0 26 3 3 1 4 3 1 1 1 2 0 0 4 3 0 2 1 4 3 1 1 1 2 0 0 4 3
0 41 4 3 1 1 1 2 0 0 4 3 0 2 4 3 1 1 1 2 0 0 4 3 0 2 4 0 0 5 1 4 3 1 1 1 2 0 0 4 3 0 2
0 25 4 3 1 1 1 2 0 0 4 3 0 2 4 0 3 4 5 1 4 3 1 1 1 2 0
0 15 3 2 4 3 4 3 2 3 3 0 4 4 0 0 4
0 64 4 3 1 1 1 2 0 0 4 3 0 2 4 0 3 4 5 1 4 3 1 1 1 2 0 0 4 3 0 2 1 4 3 1 1 1 2 0 0 4 3 0 2 3 3 2 4 3 4 3 2 3 3 0 4 4 0 0 4 3 1 1 1 2
0 63 4 3 1 1 1 2 0 0 4 3 0 2 4 0 3 4 5 1 4 3 1 1 1 2 0 0 4 3 0 2 1 4 3 1 1 1 2 0 0 4 3 0 2 3 3 2 4 3 4 3 2 3 3 0 4 4 0 0 4 3 1 1 1
0 20 4 3 1 1 1 2 0 0 4 3 0 2 4 3 1 1 1 2 0 0
0 48 4 3 1 1 1 2 0 0 4 3 0 2 4 3 1 1 1 2 0 0 4 3 0 2 4 0 0 5 1 4 3 1 1 1 2 0 0 4 3 0 2 1 4 3 1 1 1 2
0 2 4 3
0 6 4 3 1 1 1 2
0 27 4 3 1 1 1 2 0 0 4 3 0 2 4 0 3 4 5 1 4 3 1 1 1 2 0 0 4
0 35 3 3 1 4 3 1 1 1 2 0 0 4 3 0 2 1 4 3 1 1 1 2 0 0 4 3 0 2 1 4 3 1 1 1 2
0 60 3 2 4 3 4 3 2 3 3 0 4 4 0 0 4 3 1 1 1 2 0 0 4 3 0 2 3 2 4 3 4 3 2 3 3 0 4 4 0 3 4 5 4 3 1 1 1 2 0 0 4 3 0 2 4 3 1 1 1 2
0 3 3 3 1
0 21 3 2 4 3 4 3 2 3 3 0 4 4 0 0 4 3 1 1 1 2 0
0 29 4 3 1 1 1 2 0 0 4 3 0 2 4 3 1 1 1 2 0 0 4 3 0 2 4 0 0 5 1
0 54 3 2 4 3 4 3 2 3 3 0 4 4 0 0 4 5 1 4 3 1 1 1 2 0 0 4 3 0 2 3 3 2 4 3 4 3 2 3 3 0 4 4 0 0 4 3 1 1 1 2 0 0 4 3
0 54 4 3 1 1 1 2 0 0 4 3 0 2 4 3 1 1 1 2 0 0 4 3 0 2 4 0 0 5 1 4 3 1 1 1 2 0 0 4 3 0 2 1 4 3 1 1 1 2 0 0 4 3 0 2
0 15 4 3 1 1 1 2 0 0 4 3 0 2 4 3 1
0 18 4 3 1 1 1 2 0 0 4 3 0 2 4 3 1 1 1 2
0 84 4 3 1 1 1 2 0 0 4 3 0 2 4 0 3 4 5 1 4 3 1 1 1 2 0 0 4 3 0 2 1 4 3 1 1 1 2 0 0 4 3 0 2 3 3 2 4 3 4 3 2 3 3 0 4 4 0 0 4 3 1 1 1 2 0 0 4 3 0 2 1 4 3 1 1 1 2 0 0 4 3 0 2 1
0 8 4 3 1 1 1 2 0 0
0 118 3 2 4 3 4 3 2 3 3 0 4 4 0 0 4 3 1 1 1 2 0 0 4 3 0 2 3 2 4 3 4 3 2 3 3 0 4 4 0 3 4 5 4 3 1 1 1 2 0 0 4 3 0 2 4 3 1 1 1 2 0 0 4 3 0 2 4 0 0 4 3 1 1 1 2 0 0 4 3 0 2 4 3 1 1 1 2 0 0 4 3 0 2 4 3 1 1 1 2 0 0 4 3 0 2 4 3 1 1 1 2 0 0 4 3 0 2 4
0 17 3 3 1 4 3 1 1 1 2 0 0 4 3 0 2 1 4
0 23 4 3 1 1 1 2 0 0 4 3 0 2 4 0 3 4 5 1 4 3 1 1 1
0 22 3 2 4 3 4 3 2 3 3 0 4 4 0 0 4 5 1 4 3 1 1 1
0 1 4
0 17 1 4 3 1 1 1 2 0 0 4 3 0 2 3 3 2 4
0 51 4 3 1 1 1 2 0 0 4 3 0 2 4 0 3 4 5 1 4 3 1 1 1 2 0 0 4 3 0 2 1 4 3 1 1 1 2 0 0 4 3 0 2 3 3 2 4 3 4 3 2
