602 6
1 0 
1 21 2 2 2 1 2 1 2 2 2 2 2 2 5 1 4 4 4 4 4 4 2
1 25 2 2 1 4 1 1 1 2 4 4 1 1 4 1 2 4 4 2 1 4 2 1 4 4 1
1 8 5 3 1 3 4 3 1 3
1 12 2 1 2 2 2 1 5 1 4 4 4 2
1 11 2 2 2 2 2 1 2 1 5 1 1
1 16 2 4 4 1 4 4 1 2 1 1 1 2 2 1 1 4
1 10 2 2 5 1 4 4 4 4 4 2
1 2 2 4
1 4 2 1 2 4
1 10 1 3 4 3 4 3 5 3 1 3
1 20 2 1 4 1 1 2 4 4 1 4 1 2 4 2 4 1 4 1 1 4
1 6 2 2 2 4 4 4
1 6 4 5 1 5 1 1
1 23 2 1 2 1 2 1 2 2 2 2 2 1 5 1 4 4 4 4 4 4 4 4 2
1 3 5 1 1
1 2 2 1
1 22 2 1 2 2 2 1 5 1 4 4 4 4 4 4 4 4 4 4 4 4 4 2
1 25 2 4 1 4 4 4 4 2 2 4 1 4 1 2 1 4 4 1 2 1 1 4 4 1 1
1 15 2 4 1 1 2 4 4 4 1 4 2 4 4 1 2
1 2 2 2
1 6 2 4 4 2 4 4
1 13 2 2 2 1 5 1 4 4 4 4 4 4 1
1 21 5 1 4 4 4 4 4 4 4 4 4 4 4 4 4 4 4 4 4 4 2
1 7 2 4 4 4 2 1 1
1 14 2 1 2 1 2 2 2 2 2 2 5 1 4 1
1 6 4 5 5 5 1 1
1 29 2 4 1 1 1 4 2 1 4 4 4 4 2 1 4 4 4 4 2 1 1 1 1 2 2 4 4 4 4
1 21 2 1 2 2 2 2 2 1 2 2 2 1 5 1 4 4 4 4 4 4 2
1 5 4 4 2 4 4
1 4 4 4 4 4
1 16 2 2 2 2 2 2 2 1 2 1 2 1 5 1 4 2
1 12 2 1 2 2 5 1 4 4 4 4 4 1
1 5 4 5 1 5 5
1 30 2 2 2 1 2 1 2 2 2 1 5 1 4 4 4 4 4 4 4 4 4 4 4 4 4 4 4 4 4 1
1 5 2 1 2 1 2
1 4 4 3 1 3
1 4 2 2 2 4
1 14 2 2 2 2 5 1 4 4 4 4 4 4 4 1
1 3 4 4 2
1 9 5 1 4 4 4 4 4 4 1
1 13 2 4 1 4 4 2 1 1 4 4 1 1 2
1 3 2 4 2
1 6 2 1 5 1 4 2
1 22 2 1 2 1 2 1 2 2 2 2 5 1 4 4 4 4 4 4 4 4 4 1
1 4 2 4 2 2
1 11 2 1 5 1 4 4 4 4 4 4 1
1 13 2 1 2 2 2 2 2 1 5 1 4 4 1
1 19 2 1 2 1 2 2 2 1 2 1 5 1 4 4 4 4 4 4 1
1 6 2 4 4 1 2 1
1 6 1 3 5 3 1 3
1 6 4 4 4 2 4 4
1 4 5 3 1 3
1 6 2 4 4 2 2 4
1 14 2 2 2 2 2 2 2 1 5 1 4 4 4 2
1 1 2
1 13 2 2 2 2 2 2 2 2 2 2 5 1 1
1 11 2 1 2 1 2 1 2 2 5 1 2
1 17 2 2 2 4 4 1 4 2 1 4 1 1 1 2 1 1 4
1 13 2 4 1 1 2 1 2 1 1 1 1 2 4
1 6 4 4 4 4 2 4
1 5 2 4 2 2 4
1 26 2 2 2 1 2 2 2 1 2 1 5 1 4 4 4 4 4 4 4 4 4 4 4 4 4 1
1 4 4 3 5 3
1 15 2 2 2 1 2 2 2 2 5 1 4 4 4 4 2
1 3 4 5 1
1 5 2 2 2 4 2
1 11 2 1 4 4 2 2 2 4 2 1 1
1 10 4 3 5 3 4 3 4 3 1 3
1 16 2 4 1 1 4 2 4 4 1 4 1 4 2 2 2 1
1 11 2 1 1 2 1 4 1 2 1 4 4
1 15 2 4 4 2 1 4 4 4 4 1 2 1 4 1 2
1 5 2 4 4 2 4
1 8 2 1 4 2 4 1 4 1
1 6 2 2 2 4 2 4
1 4 1 3 4 3
1 10 4 3 4 3 1 3 4 3 4 3
1 10 4 3 5 3 1 3 1 3 4 3
1 7 4 5 1 1 5 5 5
1 3 2 2 4
1 18 2 4 1 1 1 1 4 2 4 4 4 1 4 2 1 2 4 2
1 13 2 2 2 2 2 2 5 1 4 4 4 4 2
1 1 4
1 5 2 4 4 4 2
1 3 2 2 2
1 10 2 4 1 2 4 4 1 1 2 2
1 2 4 5
1 12 4 3 5 3 4 3 1 3 4 3 5 3
1 3 5 1 2
1 4 2 2 4 4
1 12 1 3 4 3 5 3 5 3 4 3 4 3
1 18 2 2 5 1 4 4 4 4 4 4 4 4 4 4 4 4 4 1
1 6 4 2 4 4 4 2
1 6 4 3 5 3 4 3
1 3 4 5 5
1 4 4 5 1 5
1 9 2 1 2 2 2 1 5 1 1
1 4 2 2 4 2
1 18 2 1 2 2 4 2 1 1 1 4 4 2 4 4 4 1 4 2
1 6 4 5 5 1 1 5
1 4 4 3 4 3
1 20 2 2 2 1 2 2 2 1 2 1 5 1 4 4 4 4 4 4 4 2
1 12 5 3 1 3 5 3 4 3 4 3 1 3
1 6 4 4 4 4 4 4
1 4 4 5 5 1
0 7 5 3 5 3 5 3 1
0 13 2 1 2 2 2 2 2 1 2 2 2 2 5
0 13 2 1 2 1 2 1 5 1 4 4 4 4 4
0 10 2 2 2 2 2 2 2 1 5 1
0 29 2 2 2 1 2 1 2 1 2 1 2 2 5 1 4 4 4 4 4 4 4 4 4 4 4 4 4 4 4
0 10 2 2 2 1 2 1 5 1 4 4
0 10 2 2 2 2 2 1 5 1 4 4
0 15 2 2 2 2 2 2 5 1 4 4 4 4 4 4 4
0 11 2 2 2 2 2 1 2 1 5 1 4
0 28 2 2 2 1 2 1 2 1 2 1 2 2 5 1 4 4 4 4 4 4 4 4 4 4 4 4 4 4
0 18 2 1 2 2 2 2 5 1 4 4 4 4 4 4 4 4 4 4
0 13 2 1 2 2 2 2 2 2 2 1 2 2 5
0 9 5 3 1 3 1 3 1 3 5
0 24 2 1 2 2 2 2 5 1 4 4 4 4 4 4 4 4 4 4 4 4 4 4 4 4
0 14 2 1 2 2 2 1 2 1 2 2 2 1 5 1
0 18 2 2 2 2 2 1 2 1 5 1 4 4 4 4 4 4 4 4
0 3 1 3 1
0 11 2 2 2 1 2 1 2 2 5 1 4
0 13 2 2 2 1 2 2 2 1 2 2 2 2 5
0 12 2 1 2 2 5 1 4 4 4 4 4 4
0 12 2 1 2 1 2 1 2 2 5 1 4 4
0 16 2 2 2 1 2 2 2 1 2 1 2 1 5 1 4 4
0 7 2 2 2 1 5 1 4
0 15 2 1 2 1 2 1 2 2 2 1 2 2 5 1 4
0 11 2 2 2 2 5 1 4 4 4 4 4
0 16 2 1 2 2 2 2 2 1 5 1 4 4 4 4 4 4
0 27 2 1 2 2 2 2 5 1 4 4 4 4 4 4 4 4 4 4 4 4 4 4 4 4 4 4 4
0 5 5 3 5 3 5
0 21 2 2 2 2 2 1 2 2 2 2 2 2 5 1 4 4 4 4 4 4 4
0 15 2 1 2 1 5 1 4 4 4 4 4 4 4 4 4
0 9 2 2 2 2 2 1 2 2 5
0 10 2 1 2 1 2 2 5 1 4 4
0 13 2 2 2 2 2 2 2 2 5 1 4 4 4
0 8 2 1 2 2 2 2 5 1
0 25 2 1 2 1 5 1 4 4 4 4 4 4 4 4 4 4 4 4 4 4 4 4 4 4 4
0 13 2 2 2 2 2 1 2 1 2 1 2 2 5
0 11 2 2 2 1 2 2 2 1 2 2 5
0 11 2 2 2 2 2 1 5 1 4 4 4
0 12 2 1 2 1 2 2 2 2 5 1 4 4
0 16 2 1 2 1 2 2 2 2 5 1 4 4 4 4 4 4
0 8 2 1 2 1 2 1 5 1
0 13 2 2 2 2 2 2 2 1 5 1 4 4 4
0 12 2 2 5 1 4 4 4 4 4 4 4 4
0 13 2 1 2 2 2 2 2 1 5 1 4 4 4
0 11 2 2 2 2 2 1 2 2 5 1 4
0 8 5 1 4 4 4 4 4 4
0 6 2 1 2 2 5 1
0 15 2 2 2 2 2 2 2 2 5 1 4 4 4 4 4
0 5 4 3 5 3 4
0 14 2 1 2 2 2 2 5 1 4 4 4 4 4 4
0 18 2 1 2 2 2 2 2 2 2 1 2 1 5 1 4 4 4 4
0 5 1 3 5 3 1
0 15 2 1 2 1 2 1 2 1 2 2 5 1 4 4 4
0 16 2 2 2 2 2 2 2 1 5 1 4 4 4 4 4 4
0 25 2 1 2 1 2 1 2 2 2 1 2 1 5 1 4 4 4 4 4 4 4 4 4 4 4
0 14 2 2 2 2 2 2 2 2 2 2 5 1 4 4
0 5 2 2 5 1 4
0 16 2 2 2 2 2 2 5 1 4 4 4 4 4 4 4 4
0 9 5 3 4 3 1 3 5 3 1
0 2 5 1
0 5 1 3 1 3 1
0 10 2 1 2 1 5 1 4 4 4 4
0 17 2 2 2 2 2 2 2 2 2 2 5 1 4 4 4 4 4
0 20 2 2 2 2 2 1 2 2 2 2 2 2 5 1 4 4 4 4 4 4
0 11 2 2 2 1 2 1 5 1 4 4 4
0 17 2 2 2 2 2 2 2 1 5 1 4 4 4 4 4 4 4
0 13 2 2 2 1 5 1 4 4 4 4 4 4 4
0 3 4 3 4
0 12 2 2 2 2 2 2 2 2 5 1 4 4
0 22 2 1 2 2 2 2 5 1 4 4 4 4 4 4 4 4 4 4 4 4 4 4
0 10 2 1 2 2 2 2 5 1 4 4
0 6 5 1 4 4 4 4
0 8 2 2 5 1 4 4 4 4
0 10 2 2 2 2 2 1 2 2 5 1
0 3 5 3 5
0 15 2 2 2 2 2 2 2 2 2 2 5 1 4 4 4
0 19 2 1 2 2 2 1 2 2 2 2 2 2 5 1 4 4 4 4 4
0 15 2 1 2 1 2 2 2 1 5 1 4 4 4 4 4
0 12 5 1 4 4 4 4 4 4 4 4 4 4
0 8 2 2 2 1 5 1 4 4
0 15 2 1 2 2 2 2 2 1 5 1 4 4 4 4 4
0 14 2 1 5 1 4 4 4 4 4 4 4 4 4 4
0 11 2 2 5 1 4 4 4 4 4 4 4
0 9 2 2 5 1 4 4 4 4 4
0 21 2 1 2 1 2 2 2 2 5 1 4 4 4 4 4 4 4 4 4 4 4
0 10 2 1 2 1 2 2 2 1 5 1
0 7 2 1 5 1 4 4 4
0 15 2 1 2 1 2 1 2 2 2 1 2 1 5 1 4
0 15 2 1 2 1 2 1 2 2 5 1 4 4 4 4 4
0 9 2 1 2 2 2 1 2 1 5
0 23 2 2 2 1 2 2 2 1 2 2 5 1 4 4 4 4 4 4 4 4 4 4 4
0 24 2 1 2 1 2 1 2 2 2 1 2 1 5 1 4 4 4 4 4 4 4 4 4 4
0 20 2 2 2 1 2 1 2 1 2 1 2 2 5 1 4 4 4 4 4 4
0 11 5 1 4 4 4 4 4 4 4 4 4
0 9 2 2 2 2 5 1 4 4 4
0 20 2 2 2 2 2 1 2 1 5 1 4 4 4 4 4 4 4 4 4 4
0 7 1 3 5 3 1 3 1
0 25 2 1 2 2 2 2 5 1 4 4 4 4 4 4 4 4 4 4 4 4 4 4 4 4 4
0 17 2 2 2 1 2 1 2 1 2 1 2 1 5 1 4 4 4
0 28 2 2 2 2 2 1 2 1 5 1 4 4 4 4 4 4 4 4 4 4 4 4 4 4 4 4 4 4
0 25 2 2 2 2 2 1 2 2 2 2 2 2 5 1 4 4 4 4 4 4 4 4 4 4 4
0 3 5 1 4
0 11 2 1 2 1 5 1 4 4 4 4 4
0 7 2 1 2 1 5 1 4
0 12 2 2 2 2 2 2 2 2 2 2 5 1
0 10 2 1 2 2 2 1 5 1 4 4
0 12 2 1 2 1 2 2 5 1 4 4 4 4
0 16 2 2 2 2 5 1 4 4 4 4 4 4 4 4 4 4
0 21 2 2 2 1 2 1 2 1 2 1 2 2 5 1 4 4 4 4 4 4 4
0 19 2 2 2 2 2 1 2 2 2 2 2 2 5 1 4 4 4 4 4
0 7 1 3 1 3 4 3 1
0 9 2 2 2 2 2 1 5 1 4
0 17 2 1 5 1 4 4 4 4 4 4 4 4 4 4 4 4 4
0 9 2 2 2 2 2 1 2 1 5
0 16 2 2 5 1 4 4 4 4 4 4 4 4 4 4 4 4
0 9 2 1 2 2 2 2 5 1 4
0 16 2 2 2 2 2 1 2 1 5 1 4 4 4 4 4 4
0 14 2 2 2 1 2 2 2 1 2 1 2 1 5 1
0 20 5 1 4 4 4 4 4 4 4 4 4 4 4 4 4 4 4 4 4 4
0 17 2 1 2 2 2 2 2 2 2 1 2 1 5 1 4 4 4
0 5 2 1 2 1 5
0 6 2 2 2 1 5 1
0 21 2 2 2 2 2 2 5 1 4 4 4 4 4 4 4 4 4 4 4 4 4
0 22 2 2 2 2 2 1 2 2 2 2 2 2 5 1 4 4 4 4 4 4 4 4
0 11 2 1 5 1 4 4 4 4 4 4 4
0 7 2 2 2 1 2 1 5
0 11 2 2 2 2 2 2 2 2 5 1 4
0 10 2 2 2 1 2 1 2 1 5 1
0 15 2 2 2 2 2 1 5 1 4 4 4 4 4 4 4
0 21 2 1 2 2 2 2 5 1 4 4 4 4 4 4 4 4 4 4 4 4 4
0 13 2 2 2 1 2 2 2 1 2 2 5 1 4
0 6 2 1 5 1 4 4
0 1 5
0 12 2 1 2 1 2 1 2 1 5 1 4 4
0 20 2 1 2 1 2 1 2 2 2 1 2 1 5 1 4 4 4 4 4 4
0 10 2 1 2 2 2 2 2 1 5 1
0 17 2 1 2 2 2 2 5 1 4 4 4 4 4 4 4 4 4
0 13 5 1 4 4 4 4 4 4 4 4 4 4 4
0 8 2 2 2 1 2 1 5 1
0 14 2 1 2 1 2 1 5 1 4 4 4 4 4 4
0 13 2 2 2 2 2 1 5 1 4 4 4 4 4
0 16 2 2 2 2 2 2 2 2 5 1 4 4 4 4 4 4
0 26 2 2 2 2 2 1 2 1 5 1 4 4 4 4 4 4 4 4 4 4 4 4 4 4 4 4
0 8 2 1 5 1 4 4 4 4
0 18 2 1 2 1 2 1 2 1 2 2 5 1 4 4 4 4 4 4
0 11 2 1 2 1 2 1 2 2 5 1 4
0 19 2 2 2 2 2 1 2 2 5 1 4 4 4 4 4 4 4 4 4
0 5 2 2 2 1 5
0 20 2 1 2 1 5 1 4 4 4 4 4 4 4 4 4 4 4 4 4 4
0 14 2 2 2 2 2 1 2 2 2 1 5 1 4 4
0 9 2 2 2 2 2 2 2 1 5
0 14 2 2 2 2 2 1 2 2 5 1 4 4 4 4
0 14 2 2 2 2 2 1 2 1 2 1 2 2 5 1
0 20 2 1 2 2 2 2 5 1 4 4 4 4 4 4 4 4 4 4 4 4
0 7 2 2 2 2 2 1 5
0 20 2 2 2 2 2 2 2 1 5 1 4 4 4 4 4 4 4 4 4 4
0 5 5 3 4 3 1
0 19 2 2 2 1 2 1 2 1 2 1 2 2 5 1 4 4 4 4 4
0 13 2 1 5 1 4 4 4 4 4 4 4 4 4
0 14 2 2 2 1 2 2 2 1 2 2 2 2 5 1
0 14 2 2 2 1 2 1 2 1 2 1 2 1 5 1
0 22 2 2 2 2 2 2 2 1 5 1 4 4 4 4 4 4 4 4 4 4 4 4
0 14 2 2 2 1 2 1 2 1 5 1 4 4 4 4
0 15 2 2 2 2 2 1 2 2 5 1 4 4 4 4 4
0 9 1 3 1 3 1 3 1 3 1
0 9 1 3 1 3 4 3 1 3 4
0 7 5 3 1 3 1 3 1
0 31 2 1 2 1 2 1 2 2 2 1 2 1 5 1 4 4 4 4 4 4 4 4 4 4 4 4 4 4 4 4 4
0 5 4 3 4 3 4
0 17 2 2 2 2 2 1 2 2 2 2 2 2 5 1 4 4 4
0 13 2 2 2 2 2 1 2 2 5 1 4 4 4
0 14 2 2 2 1 5 1 4 4 4 4 4 4 4 4
0 30 2 2 2 1 2 1 2 1 2 1 2 2 5 1 4 4 4 4 4 4 4 4 4 4 4 4 4 4 4 4
0 24 2 2 2 1 2 1 2 1 2 1 2 2 5 1 4 4 4 4 4 4 4 4 4 4
0 14 2 2 2 2 5 1 4 4 4 4 4 4 4 4
0 16 2 2 2 2 2 1 2 2 5 1 4 4 4 4 4 4
0 13 2 2 2 2 2 2 5 1 4 4 4 4 4
0 17 2 2 2 1 2 2 2 1 2 2 2 2 5 1 4 4 4
0 14 2 2 2 1 2 2 2 1 2 2 5 1 4 4
0 6 2 1 2 1 5 1
0 23 2 1 2 2 2 2 5 1 4 4 4 4 4 4 4 4 4 4 4 4 4 4 4
0 13 2 1 2 2 2 2 5 1 4 4 4 4 4
0 21 2 2 2 1 2 2 2 1 2 2 5 1 4 4 4 4 4 4 4 4 4
0 12 2 2 2 1 5 1 4 4 4 4 4 4
0 15 2 2 2 1 2 2 2 1 2 2 5 1 4 4 4
0 9 2 1 2 1 2 1 2 2 5
0 23 2 1 2 1 2 1 2 2 2 1 2 1 5 1 4 4 4 4 4 4 4 4 4
0 13 2 2 2 1 2 1 2 1 2 1 2 2 5
0 16 2 1 2 1 2 2 5 1 4 4 4 4 4 4 4 4
0 16 2 2 2 2 2 2 2 2 2 2 5 1 4 4 4 4
0 22 2 2 2 2 2 1 2 1 5 1 4 4 4 4 4 4 4 4 4 4 4 4
0 9 2 2 2 2 2 2 2 2 5
0 14 2 1 2 1 2 2 2 2 5 1 4 4 4 4
0 13 2 1 2 1 2 1 2 2 5 1 4 4 4
0 12 2 2 2 1 2 1 2 1 5 1 4 4
0 16 2 1 2 1 2 1 2 1 2 2 5 1 4 4 4 4
0 11 2 2 2 2 2 2 5 1 4 4 4
0 11 2 2 2 1 2 2 5 1 4 4 4
0 17 2 2 5 1 4 4 4 4 4 4 4 4 4 4 4 4 4
0 11 2 1 2 2 2 1 5 1 4 4 4
0 13 2 1 2 1 2 2 2 2 5 1 4 4 4
0 23 2 2 2 1 2 2 2 1 2 1 2 1 5 1 4 4 4 4 4 4 4 4 4
0 13 2 1 2 2 2 2 2 2 2 1 2 1 5
0 11 5 3 1 3 1 3 1 3 5 3 1
0 15 2 1 2 1 2 2 5 1 4 4 4 4 4 4 4
0 13 2 1 2 2 5 1 4 4 4 4 4 4 4
0 19 2 2 2 2 2 2 5 1 4 4 4 4 4 4 4 4 4 4 4
0 9 2 1 2 1 2 1 5 1 4
0 27 2 2 2 2 2 1 2 1 5 1 4 4 4 4 4 4 4 4 4 4 4 4 4 4 4 4 4
0 9 4 3 4 3 4 3 4 3 1
0 7 2 1 2 2 5 1 4
0 19 2 1 2 1 2 1 2 1 2 2 5 1 4 4 4 4 4 4 4
0 4 2 2 5 1
0 9 2 2 2 1 2 1 5 1 4
0 7 2 1 2 2 2 1 5
0 16 2 1 2 2 2 2 5 1 4 4 4 4 4 4 4 4
0 17 2 1 2 1 5 1 4 4 4 4 4 4 4 4 4 4 4
0 18 2 2 2 2 2 2 2 1 5 1 4 4 4 4 4 4 4 4
0 13 2 2 2 1 2 1 2 1 5 1 4 4 4
0 12 2 2 2 1 2 1 2 2 5 1 4 4
0 3 5 3 1
0 3 4 3 5
0 13 2 1 2 2 2 1 2 2 2 2 2 2 5
0 12 2 1 5 1 4 4 4 4 4 4 4 4
0 18 2 2 2 2 2 1 2 2 5 1 4 4 4 4 4 4 4 4
0 9 2 2 2 2 2 2 5 1 4
0 5 5 3 1 3 1
0 13 2 1 2 1 2 1 2 1 2 2 5 1 4
0 7 2 2 5 1 4 4 4
0 5 2 1 2 2 5
0 28 2 1 2 1 5 1 4 4 4 4 4 4 4 4 4 4 4 4 4 4 4 4 4 4 4 4 4 4
0 22 2 2 2 1 2 2 2 1 2 1 2 1 5 1 4 4 4 4 4 4 4 4
0 3 4 3 1
0 22 2 1 2 1 5 1 4 4 4 4 4 4 4 4 4 4 4 4 4 4 4 4
0 12 2 2 2 2 2 1 2 2 5 1 4 4
0 12 2 1 2 1 2 2 2 1 5 1 4 4
0 10 2 2 2 1 5 1 4 4 4 4
0 13 2 1 2 1 2 1 2 2 2 1 2 2 5
0 24 2 2 2 2 2 2 2 1 5 1 4 4 4 4 4 4 4 4 4 4 4 4 4 4
0 7 4 3 4 3 4 3 1
0 5 2 1 5 1 4
0 18 2 1 2 2 2 1 2 2 2 2 2 2 5 1 4 4 4 4
0 21 5 1 4 4 4 4 4 4 4 4 4 4 4 4 4 4 4 4 4 4 4
0 12 2 2 2 2 5 1 4 4 4 4 4 4
0 17 2 2 2 2 2 1 2 1 5 1 4 4 4 4 4 4 4
0 30 2 1 2 1 5 1 4 4 4 4 4 4 4 4 4 4 4 4 4 4 4 4 4 4 4 4 4 4 4 4
0 11 2 2 2 2 2 2 2 1 5 1 4
0 11 2 2 2 1 2 1 2 1 5 1 4
0 16 2 2 2 1 2 1 2 1 2 1 2 2 5 1 4 4
0 5 1 3 1 3 4
0 10 2 1 2 1 2 2 2 2 5 1
0 5 5 3 1 3 4
0 26 2 2 2 1 2 2 2 1 2 1 2 1 5 1 4 4 4 4 4 4 4 4 4 4 4 4
0 21 2 2 2 2 2 2 2 1 5 1 4 4 4 4 4 4 4 4 4 4 4
0 18 2 1 2 1 2 2 2 2 5 1 4 4 4 4 4 4 4 4
0 14 2 1 2 1 2 1 2 1 5 1 4 4 4 4
0 23 2 2 2 2 2 1 2 2 2 2 2 2 5 1 4 4 4 4 4 4 4 4 4
0 5 1 3 4 3 4
0 17 2 2 2 1 2 2 2 1 2 2 5 1 4 4 4 4 4
0 13 2 1 2 2 2 1 2 1 2 2 2 1 5
0 15 2 2 2 1 2 2 2 1 2 2 2 2 5 1 4
0 19 2 2 2 2 2 2 2 1 5 1 4 4 4 4 4 4 4 4 4
0 15 2 2 2 1 2 1 2 1 5 1 4 4 4 4 4
0 10 2 2 2 1 2 2 5 1 4 4
0 18 5 1 4 4 4 4 4 4 4 4 4 4 4 4 4 4 4 4
0 14 2 1 2 1 2 2 5 1 4 4 4 4 4 4
0 12 2 2 2 1 2 2 2 1 2 2 5 1
0 5 5 3 4 3 4
0 18 2 2 2 2 2 1 2 2 2 2 2 2 5 1 4 4 4 4
0 7 5 3 4 3 4 3 5
0 11 2 1 2 1 2 1 5 1 4 4 4
0 12 2 1 2 1 2 1 2 1 2 2 5 1
0 10 2 1 2 2 2 1 2 1 5 1
0 9 2 1 2 2 2 2 2 1 5
0 9 5 1 4 4 4 4 4 4 4
0 8 2 1 2 1 2 2 5 1
0 22 2 2 2 1 2 2 2 1 2 2 5 1 4 4 4 4 4 4 4 4 4 4
0 25 2 2 2 1 2 1 2 1 2 1 2 2 5 1 4 4 4 4 4 4 4 4 4 4 4
0 16 2 1 2 1 2 1 5 1 4 4 4 4 4 4 4 4
0 9 2 1 2 2 2 1 5 1 4
0 28 2 2 2 1 2 2 2 1 2 1 2 1 5 1 4 4 4 4 4 4 4 4 4 4 4 4 4 4
0 6 2 2 5 1 4 4
0 24 2 1 2 1 5 1 4 4 4 4 4 4 4 4 4 4 4 4 4 4 4 4 4 4
0 19 2 2 2 1 2 2 2 1 2 1 2 1 5 1 4 4 4 4 4
0 19 2 2 2 2 2 1 2 1 5 1 4 4 4 4 4 4 4 4 4
0 14 2 2 2 2 2 2 2 1 5 1 4 4 4 4
0 17 2 1 2 1 2 2 5 1 4 4 4 4 4 4 4 4 4
0 3 2 1 5
0 8 2 1 2 2 2 1 5 1
0 26 2 1 2 1 5 1 4 4 4 4 4 4 4 4 4 4 4 4 4 4 4 4 4 4 4 4
0 14 2 1 2 2 2 1 2 2 2 2 2 2 5 1
0 3 2 2 5
0 16 2 2 2 1 2 2 2 1 2 2 5 1 4 4 4 4
0 16 2 1 2 1 5 1 4 4 4 4 4 4 4 4 4 4
0 12 2 2 2 2 2 2 2 1 5 1 4 4
0 15 2 2 2 2 2 1 2 1 5 1 4 4 4 4 4
0 11 2 2 2 2 2 2 2 2 2 2 5
0 13 2 1 2 1 5 1 4 4 4 4 4 4 4
0 12 2 1 2 1 5 1 4 4 4 4 4 4
0 21 2 1 2 1 2 1 2 1 2 2 5 1 4 4 4 4 4 4 4 4 4
0 11 2 1 2 1 2 2 2 1 5 1 4
0 15 2 1 2 1 2 1 5 1 4 4 4 4 4 4 4
0 1 1
0 22 2 2 2 2 2 2 5 1 4 4 4 4 4 4 4 4 4 4 4 4 4 4
0 15 2 2 2 1 2 1 2 1 2 1 2 2 5 1 4
0 14 2 2 2 2 2 1 2 2 2 2 2 2 5 1
0 17 2 2 2 1 2 1 2 1 2 1 2 2 5 1 4 4 4
0 14 2 1 2 1 2 1 2 1 2 2 5 1 4 4
0 9 4 3 4 3 4 3 1 3 5
0 13 2 2 2 2 2 2 2 2 2 2 5 1 4
0 9 2 1 5 1 4 4 4 4 4
0 11 1 3 1 3 1 3 1 3 1 3 4
0 12 2 2 2 2 2 1 2 2 2 1 5 1
0 15 5 1 4 4 4 4 4 4 4 4 4 4 4 4 4
0 23 2 1 2 1 5 1 4 4 4 4 4 4 4 4 4 4 4 4 4 4 4 4 4
0 25 2 2 2 2 2 1 2 1 5 1 4 4 4 4 4 4 4 4 4 4 4 4 4 4 4
0 14 2 2 2 1 2 2 2 2 2 2 2 1 5 1
0 21 2 2 2 1 2 2 2 1 2 1 2 1 5 1 4 4 4 4 4 4 4
0 20 2 1 2 1 2 1 2 1 2 2 5 1 4 4 4 4 4 4 4 4
0 10 2 1 2 2 5 1 4 4 4 4
0 10 2 2 2 2 5 1 4 4 4 4
0 27 2 1 2 1 2 1 2 2 2 1 2 1 5 1 4 4 4 4 4 4 4 4 4 4 4 4 4
0 11 2 1 2 2 5 1 4 4 4 4 4
0 27 2 2 2 1 2 1 2 1 2 1 2 2 5 1 4 4 4 4 4 4 4 4 4 4 4 4 4
0 25 2 2 2 1 2 2 2 1 2 1 2 1 5 1 4 4 4 4 4 4 4 4 4 4 4
0 14 2 2 2 2 2 1 2 1 5 1 4 4 4 4
0 15 2 2 2 1 2 2 2 1 2 1 2 1 5 1 4
0 10 5 1 4 4 4 4 4 4 4 4
0 18 2 2 2 1 2 2 2 1 2 1 2 1 5 1 4 4 4 4
0 14 2 2 2 2 2 2 5 1 4 4 4 4 4 4
0 27 2 2 2 1 2 2 2 1 2 1 2 1 5 1 4 4 4 4 4 4 4 4 4 4 4 4 4
0 21 2 2 2 2 2 1 2 1 5 1 4 4 4 4 4 4 4 4 4 4 4
0 16 2 1 2 1 2 1 2 2 2 1 2 2 5 1 4 4
0 11 2 1 2 1 2 1 2 1 2 2 5
0 10 2 2 5 1 4 4 4 4 4 4
0 16 2 2 2 2 2 1 2 2 2 2 2 2 5 1 4 4
0 11 4 3 4 3 4 3 1 3 5 3 5
0 18 2 2 2 1 2 1 2 1 2 1 2 2 5 1 4 4 4 4
0 15 2 2 2 2 2 1 2 2 2 1 5 1 4 4 4
0 17 2 1 2 1 2 1 2 2 2 1 2 2 5 1 4 4 4
0 22 2 1 2 1 2 1 2 2 2 1 2 1 5 1 4 4 4 4 4 4 4 4
0 17 2 1 2 2 2 1 2 2 2 2 2 2 5 1 4 4 4
0 11 5 3 4 3 1 3 5 3 1 3 5
0 11 1 3 1 3 4 3 1 3 4 3 5
0 18 2 2 2 1 2 2 2 1 2 2 5 1 4 4 4 4 4 4
0 15 2 2 2 2 2 2 2 1 5 1 4 4 4 4 4
0 14 2 1 2 1 2 1 2 2 5 1 4 4 4 4
0 27 2 1 2 1 5 1 4 4 4 4 4 4 4 4 4 4 4 4 4 4 4 4 4 4 4 4 4
0 13 2 2 2 1 2 2 2 2 2 2 2 1 5
0 17 2 1 2 1 2 1 2 1 2 2 5 1 4 4 4 4 4
0 24 2 2 2 2 2 1 2 2 2 2 2 2 5 1 4 4 4 4 4 4 4 4 4 4
0 12 2 1 2 2 2 1 5 1 4 4 4 4
0 28 2 1 2 1 2 1 2 2 2 1 2 1 5 1 4 4 4 4 4 4 4 4 4 4 4 4 4 4
0 9 2 2 2 1 2 2 5 1 4
0 15 2 2 2 1 2 1 2 1 2 1 2 1 5 1 4
0 21 2 1 2 1 5 1 4 4 4 4 4 4 4 4 4 4 4 4 4 4 4
0 14 5 1 4 4 4 4 4 4 4 4 4 4 4 4
0 13 2 2 5 1 4 4 4 4 4 4 4 4 4
0 13 2 2 2 1 2 2 2 1 2 1 2 1 5
0 13 2 2 2 2 5 1 4 4 4 4 4 4 4
0 13 2 2 2 1 2 1 2 1 2 1 2 1 5
0 13 2 1 2 1 2 2 5 1 4 4 4 4 4
0 13 2 1 2 1 2 2 2 1 5 1 4 4 4
0 13 2 2 2 2 2 1 2 2 2 1 5 1 4
0 7 5 3 4 3 1 3 5
0 11 2 1 2 1 2 2 2 2 5 1 4
0 10 2 1 2 1 2 1 2 2 5 1
0 15 2 1 5 1 4 4 4 4 4 4 4 4 4 4 4
0 15 2 1 2 2 2 1 2 2 2 2 2 2 5 1 4
0 23 2 2 2 2 2 2 2 1 5 1 4 4 4 4 4 4 4 4 4 4 4 4 4
0 19 2 1 2 1 5 1 4 4 4 4 4 4 4 4 4 4 4 4 4
0 15 2 2 2 2 2 1 2 1 2 1 2 2 5 1 4
0 6 2 2 2 2 5 1
0 17 2 2 2 2 2 1 2 2 5 1 4 4 4 4 4 4 4
0 20 2 2 2 1 2 2 2 1 2 2 5 1 4 4 4 4 4 4 4 4
0 17 5 1 4 4 4 4 4 4 4 4 4 4 4 4 4 4 4
0 11 1 3 5 3 1 3 1 3 1 3 4
0 14 2 1 2 1 2 1 2 2 2 1 2 2 5 1
0 14 2 1 2 2 2 2 2 1 5 1 4 4 4 4
0 18 2 1 2 1 5 1 4 4 4 4 4 4 4 4 4 4 4 4
0 18 2 2 2 1 2 2 2 1 2 2 2 2 5 1 4 4 4 4
0 8 2 2 2 2 5 1 4 4
0 14 2 1 2 1 2 1 2 2 2 1 2 1 5 1
0 17 2 2 2 2 2 2 5 1 4 4 4 4 4 4 4 4 4
0 24 2 2 2 2 2 1 2 1 5 1 4 4 4 4 4 4 4 4 4 4 4 4 4 4
0 15 2 1 2 2 2 2 5 1 4 4 4 4 4 4 4
0 13 2 2 2 2 2 1 2 1 5 1 4 4 4
0 9 2 2 2 1 5 1 4 4 4
0 10 2 2 2 2 2 1 2 1 5 1
0 19 2 1 2 2 2 2 5 1 4 4 4 4 4 4 4 4 4 4 4
0 11 2 2 2 2 2 1 2 2 2 1 5
0 3 1 3 4
0 10 2 1 5 1 4 4 4 4 4 4
0 10 2 2 2 1 2 1 2 2 5 1
0 5 1 3 4 3 5
0 5 5 1 4 4 4
0 10 2 1 2 1 2 1 5 1 4 4
0 15 2 2 5 1 4 4 4 4 4 4 4 4 4 4 4
0 9 2 1 2 1 5 1 4 4 4
0 8 2 2 2 1 2 2 5 1
0 3 5 3 4
0 11 2 2 2 1 5 1 4 4 4 4 4
0 14 2 1 2 1 5 1 4 4 4 4 4 4 4 4
0 17 2 1 2 1 2 2 2 2 5 1 4 4 4 4 4 4 4
0 12 2 2 2 2 2 2 5 1 4 4 4 4
0 16 2 1 5 1 4 4 4 4 4 4 4 4 4 4 4 4
0 26 2 1 2 2 2 2 5 1 4 4 4 4 4 4 4 4 4 4 4 4 4 4 4 4 4 4
0 7 2 2 2 2 2 2 5
0 14 2 2 5 1 4 4 4 4 4 4 4 4 4 4
0 10 2 2 2 2 2 2 2 2 5 1
0 16 5 1 4 4 4 4 4 4 4 4 4 4 4 4 4 4
0 9 5 3 5 3 5 3 1 3 4
0 12 2 2 2 1 2 2 5 1 4 4 4 4
0 14 2 2 2 2 2 1 2 2 2 1 2 1 5 1
0 9 2 1 2 2 5 1 4 4 4
0 7 2 1 2 1 2 2 5
0 14 2 2 2 2 2 1 5 1 4 4 4 4 4 4
0 4 5 1 4 4
0 12 2 1 2 2 2 2 2 1 5 1 4 4
0 13 2 2 2 2 2 1 2 2 2 2 2 2 5
0 20 2 2 2 2 2 2 5 1 4 4 4 4 4 4 4 4 4 4 4 4
0 9 2 1 2 1 2 2 2 1 5
0 21 2 1 2 1 2 1 2 2 2 1 2 1 5 1 4 4 4 4 4 4 4
0 9 2 1 2 1 2 1 2 1 5
0 29 2 2 2 2 2 1 2 1 5 1 4 4 4 4 4 4 4 4 4 4 4 4 4 4 4 4 4 4 4
0 25 2 2 2 2 2 2 2 1 5 1 4 4 4 4 4 4 4 4 4 4 4 4 4 4 4
0 7 5 3 4 3 4 3 4
0 16 2 1 2 1 2 1 2 2 2 1 2 1 5 1 4 4
0 22 2 2 2 1 2 1 2 1 2 1 2 2 5 1 4 4 4 4 4 4 4 4
0 7 2 1 2 1 2 1 5
0 16 2 2 2 2 2 1 5 1 4 4 4 4 4 4 4 4
0 11 2 1 2 1 2 2 5 1 4 4 4
0 7 1 3 4 3 4 3 1
0 15 2 2 2 2 2 1 2 2 2 2 2 2 5 1 4
0 24 2 2 2 1 2 2 2 1 2 1 2 1 5 1 4 4 4 4 4 4 4 4 4 4
0 3 1 3 5
0 15 2 2 2 2 5 1 4 4 4 4 4 4 4 4 4
0 5 2 2 2 2 5
0 9 2 2 2 1 2 1 2 1 5
0 12 2 2 2 2 2 1 5 1 4 4 4 4
0 7 2 1 2 2 2 2 5
0 7 4 3 4 3 4 3 4
0 16 2 1 2 2 2 2 2 2 2 1 2 1 5 1 4 4
0 11 2 1 2 2 2 2 5 1 4 4 4
0 20 2 2 2 1 2 2 2 1 2 1 2 1 5 1 4 4 4 4 4 4
0 9 2 1 2 1 2 2 2 2 5
0 18 2 1 2 1 2 1 2 2 2 1 2 1 5 1 4 4 4 4
0 13 2 2 2 2 2 1 2 2 2 1 2 1 5
0 16 2 2 2 1 2 2 2 1 2 2 2 2 5 1 4 4
0 29 2 1 2 1 5 1 4 4 4 4 4 4 4 4 4 4 4 4 4 4 4 4 4 4 4 4 4 4 4
0 9 1 3 4 3 4 3 1 3 4
0 13 2 2 2 1 2 1 2 2 5 1 4 4 4
0 8 2 2 2 2 2 1 5 1
0 12 2 2 2 2 2 1 2 1 5 1 4 4
0 30 2 1 2 1 2 1 2 2 2 1 2 1 5 1 4 4 4 4 4 4 4 4 4 4 4 4 4 4 4 4
0 7 2 2 2 1 2 2 5
0 16 2 1 2 2 2 1 2 2 2 2 2 2 5 1 4 4
0 26 2 1 2 1 2 1 2 2 2 1 2 1 5 1 4 4 4 4 4 4 4 4 4 4 4 4
0 7 5 1 4 4 4 4 4
0 15 2 1 2 1 2 2 2 2 5 1 4 4 4 4 4
0 10 2 2 2 2 2 2 5 1 4 4
0 4 2 1 5 1
0 7 2 2 2 2 5 1 4
0 14 2 2 2 1 2 1 2 1 2 1 2 2 5 1
0 29 2 1 2 1 2 1 2 2 2 1 2 1 5 1 4 4 4 4 4 4 4 4 4 4 4 4 4 4 4
0 7 1 3 1 3 1 3 1
0 14 2 1 2 2 2 2 2 2 2 1 2 1 5 1
0 23 2 2 2 1 2 1 2 1 2 1 2 2 5 1 4 4 4 4 4 4 4 4 4
0 11 2 1 2 1 2 1 2 1 5 1 4
0 19 5 1 4 4 4 4 4 4 4 4 4 4 4 4 4 4 4 4 4
0 23 2 2 2 2 2 1 2 1 5 1 4 4 4 4 4 4 4 4 4 4 4 4 4
0 14 2 2 2 2 2 2 2 2 5 1 4 4 4 4
0 14 2 1 2 2 2 2 2 1 2 2 2 2 5 1
0 20 2 1 2 1 2 2 2 2 5 1 4 4 4 4 4 4 4 4 4 4
0 12 2 1 2 1 2 1 5 1 4 4 4 4
0 10 2 1 2 1 2 1 2 1 5 1
0 19 2 2 2 1 2 2 2 1 2 2 5 1 4 4 4 4 4 4 4
0 9 2 2 2 1 2 1 2 2 5
0 16 2 2 2 1 2 1 2 1 2 1 2 1 5 1 4 4
0 18 2 2 2 2 2 2 5 1 4 4 4 4 4 4 4 4 4 4
0 19 2 1 2 1 2 2 2 2 5 1 4 4 4 4 4 4 4 4 4
0 19 2 1 2 1 2 1 2 2 2 1 2 1 5 1 4 4 4 4 4
0 14 2 1 2 2 2 2 2 2 2 1 2 2 5 1
0 8 2 1 2 1 5 1 4 4
0 13 2 1 2 1 2 1 2 1 5 1 4 4 4
0 13 2 1 2 1 2 1 2 2 2 1 2 1 5
0 9 1 3 5 3 1 3 1 3 1
0 26 2 2 2 1 2 1 2 1 2 1 2 2 5 1 4 4 4 4 4 4 4 4 4 4 4 4
0 8 2 2 2 2 2 2 5 1
0 12 2 1 2 2 2 2 5 1 4 4 4 4
0 17 2 1 2 1 2 1 2 2 2 1 2 1 5 1 4 4 4
0 8 2 1 2 2 5 1 4 4
0 9 2 1 2 1 2 2 5 1 4
0 15 2 1 2 2 2 2 2 2 2 1 2 1 5 1 4
0 11 2 1 2 2 2 2 2 1 5 1 4
0 14 2 1 2 1 2 2 2 1 5 1 4 4 4 4
0 17 2 2 2 1 2 2 2 1 2 1 2 1 5 1 4 4 4
