725 6
1 0 
1 9 1 1 1 4 4 3 3 3 3
1 9 1 1 1 1 1 1 1 4 4
1 79 5 0 0 0 0 0 4 0 0 0 4 4 5 5 5 2 5 5 0 0 0 0 4 0 0 0 0 0 4 2 5 0 0 0 0 4 4 0 0 0 4 0 0 0 0 0 4 0 0 0 0 0 4 2 5 5 0 0 0 0 4 0 0 0 0 0 0 4 0 0 0 4 0 0 0 0 0 4 2
1 80 5 0 4 0 0 0 0 0 4 4 0 0 0 0 0 4 0 4 5 0 4 4 0 4 0 0 0 0 4 0 4 2 5 5 0 4 0 0 0 0 0 4 2 5 5 0 0 0 0 0 4 0 0 0 0 0 4 4 0 0 0 0 0 4 2 5 0 4 0 0 0 0 0 0 4 0 0 0 4 2
1 91 5 0 0 4 5 5 5 5 5 5 5 5 4 0 0 0 0 0 0 4 0 0 0 0 0 0 4 0 4 0 4 0 0 4 2 5 0 0 0 0 0 0 4 0 0 0 0 0 4 0 0 0 0 4 0 0 0 0 4 0 0 4 0 0 4 5 5 5 5 5 5 5 0 0 0 0 0 0 4 0 0 4 0 0 0 0 4 0 0 4 2
1 16 4 1 1 1 1 1 1 1 1 1 1 1 3 3 3 3
1 9 0 0 0 0 0 0 4 2 3
1 10 4 1 1 1 1 1 3 3 3 3
1 6 0 0 0 4 2 3
1 107 5 0 0 0 0 0 0 4 0 4 4 2 5 5 0 0 4 0 0 0 0 0 0 4 4 0 0 0 4 0 4 0 0 0 0 0 4 5 5 5 5 5 5 0 0 0 0 0 4 0 0 4 0 0 0 0 0 4 0 0 0 0 0 0 4 0 0 4 2 5 5 0 0 0 4 0 0 0 4 0 0 0 4 0 0 0 0 0 0 4 5 5 0 0 0 0 0 4 0 4 0 0 0 0 4 2 5
1 22 5 0 0 0 0 0 0 4 4 0 0 0 0 0 0 4 4 0 0 4 2 5
1 100 5 0 4 0 0 0 0 0 0 4 0 0 4 0 0 0 0 4 2 5 5 0 0 0 0 0 0 4 4 0 0 0 0 0 4 0 4 2 5 0 0 0 4 0 0 0 0 4 0 4 0 0 4 2 5 5 0 0 0 0 4 0 0 0 4 0 0 0 0 4 0 0 0 4 2 5 5 0 0 0 4 4 0 4 0 4 0 0 4 0 0 0 0 0 0 4 2 5 2 5
1 8 0 0 0 0 0 4 2 3
1 13 4 1 1 1 1 1 1 1 1 1 1 1 3
1 7 0 0 0 0 4 2 3
1 4 0 4 2 3
1 5 5 4 4 2 5
1 8 1 1 1 1 1 1 1 1
1 17 1 1 1 1 1 1 1 1 1 1 1 1 1 4 4 3 3
1 8 4 1 3 3 3 3 3 3
1 57 5 4 4 0 0 0 0 0 4 0 0 0 0 0 0 4 0 0 4 0 0 0 4 2 5 5 4 4 0 0 0 4 2 5 2 5 5 4 0 0 0 0 0 0 4 0 0 4 0 0 0 0 0 0 4 2 5
1 23 5 0 4 4 4 0 0 0 0 0 4 0 4 0 4 5 0 4 5 5 5 5 5
1 69 5 0 4 2 5 0 4 0 0 0 0 0 4 0 0 0 0 4 2 5 0 0 4 0 0 0 0 0 0 4 0 0 0 0 0 4 4 0 0 4 2 5 5 0 4 0 0 4 0 0 0 0 4 0 4 0 0 0 0 4 0 0 0 0 0 0 4 5 5
1 17 5 0 0 0 0 4 0 0 4 0 0 0 0 0 0 4 2
1 47 5 0 0 0 4 0 0 0 0 0 0 4 0 0 0 0 0 0 4 0 0 0 4 4 2 5 5 0 0 4 4 0 0 0 0 0 0 4 0 0 0 4 0 0 0 4 2
1 5 0 0 4 2 3
1 124 5 0 4 0 0 0 0 0 0 4 2 5 5 0 0 4 0 0 0 4 0 4 0 0 0 0 4 0 0 0 0 4 5 4 0 0 0 0 4 0 0 0 0 4 0 0 0 0 0 4 0 0 0 0 4 0 0 4 2 5 0 0 0 0 0 0 4 4 0 0 0 0 0 4 0 0 0 0 4 0 0 4 0 0 0 0 0 0 4 2 5 0 0 0 0 0 0 4 0 0 0 0 4 0 0 0 0 0 0 4 0 4 0 0 0 0 4 0 0 0 0 4 2 5
1 3 1 4 2
1 33 5 2 5 0 4 0 0 4 0 0 0 0 4 4 2 5 5 0 4 0 0 0 0 4 0 0 0 0 0 0 4 2 5
1 95 5 0 0 0 4 2 5 5 0 0 0 0 4 0 0 0 0 4 0 0 4 0 0 0 0 4 0 0 0 0 0 0 4 2 5 5 0 0 0 0 0 4 0 0 0 4 0 0 4 0 0 0 4 0 0 0 0 0 0 4 0 0 0 0 0 4 2 5 5 0 0 0 4 0 4 0 4 0 0 0 0 0 4 0 0 0 4 2 5 5 2 5 5 2 5
1 31 5 0 0 0 0 0 4 0 4 0 0 0 0 0 0 4 2 5 5 0 0 0 0 0 0 4 0 0 0 4 2
1 3 1 4 3
1 9 1 4 4 3 3 3 3 3 3
1 44 5 0 0 0 0 4 0 0 0 0 0 4 0 0 0 0 0 0 4 2 5 5 0 0 4 0 0 0 0 0 0 4 0 0 0 4 5 5 5 0 0 0 4 2
1 7 4 1 1 1 1 1 3
1 10 4 1 1 1 1 1 1 1 3 3
1 6 4 1 3 3 3 3
1 8 4 1 1 1 1 4 4 3
1 29 5 0 0 0 4 0 0 0 0 0 4 0 0 0 0 4 0 0 0 0 0 4 0 0 0 4 4 2 5
1 9 1 1 1 1 3 3 3 3 3
1 8 4 1 1 1 1 1 3 3
1 3 5 2 5
1 10 0 0 0 0 0 0 0 4 2 3
1 45 5 0 0 0 0 4 0 0 0 0 0 4 0 0 0 0 4 0 0 0 4 0 0 0 4 2 5 5 0 0 0 4 0 0 0 0 0 0 4 4 0 0 0 4 2
0 10 5 2 5 5 4 4 0 0 0 0
0 87 5 0 4 0 4 0 4 0 0 0 4 0 0 4 0 0 0 4 2 5 5 0 0 0 0 0 4 0 0 0 0 0 4 0 0 0 0 0 4 2 5 0 0 0 4 0 0 0 0 0 4 0 0 0 0 0 4 2 5 0 0 0 0 0 0 4 0 0 4 0 0 0 0 4 2 5 5 0 0 4 0 0 4 4 0 0 0
0 3 5 0 0
0 31 5 0 0 0 0 4 0 0 0 0 0 0 4 0 0 0 0 0 0 4 0 4 2 5 0 0 0 4 0 0 0
0 69 5 5 5 5 0 0 0 0 0 0 4 0 0 0 4 0 0 0 0 4 0 0 0 0 4 0 0 0 0 0 4 2 5 5 0 0 0 4 0 0 0 0 0 4 2 5 0 0 0 0 4 2 5 0 4 0 0 4 0 0 0 4 0 0 0 4 0 0 0
0 12 5 0 0 0 0 4 0 0 4 0 0 0
0 3 0 0 4
0 19 5 0 0 0 4 0 4 0 0 4 4 0 4 2 5 2 5 5 0
0 66 5 5 5 5 5 0 0 4 0 0 4 0 0 0 4 0 0 0 0 0 0 4 0 0 4 2 5 5 0 0 0 0 4 0 0 0 0 4 0 0 0 4 0 4 0 0 0 4 0 0 0 0 4 5 5 5 0 0 0 0 0 4 0 0 4 0
0 43 5 4 0 0 0 0 4 0 4 0 0 0 4 0 4 2 5 5 0 4 0 0 0 0 0 0 4 5 5 5 5 0 0 4 0 0 0 0 0 0 4 0 0
0 41 5 0 4 0 4 0 0 4 2 5 5 0 0 0 0 4 2 5 5 0 0 0 0 0 4 0 0 0 4 0 0 0 0 4 0 0 0 0 4 0 0
0 86 5 0 4 0 4 0 4 0 0 0 4 0 0 4 0 0 0 4 2 5 5 0 0 0 0 0 4 0 0 0 0 0 4 0 0 0 0 0 4 2 5 0 0 0 4 0 0 0 0 0 4 0 0 0 0 0 4 2 5 0 0 0 0 0 0 4 0 0 4 0 0 0 0 4 2 5 5 0 0 4 0 0 4 4 0 0
0 28 5 0 4 0 0 4 4 0 4 0 4 2 5 5 0 0 0 4 0 0 4 0 0 4 0 0 0 0
0 55 5 0 0 0 0 0 0 4 0 0 4 0 0 0 0 0 0 4 0 0 4 0 0 0 0 0 0 4 0 0 0 0 4 2 5 5 0 0 0 4 0 0 0 0 0 0 4 0 0 0 0 0 0 4 0
0 15 5 0 0 0 0 0 0 4 0 0 4 0 0 0 0
0 30 5 4 0 0 0 4 0 0 0 4 5 4 0 0 0 0 4 2 5 0 0 0 0 0 0 4 0 0 0 0
0 114 5 5 5 5 5 0 0 4 0 0 4 0 0 0 4 0 0 0 0 0 0 4 0 0 4 2 5 5 0 0 0 0 4 0 0 0 0 4 0 0 0 4 0 4 0 0 0 4 0 0 0 0 4 5 5 5 0 0 0 0 0 4 0 0 4 0 0 0 4 0 0 0 0 0 4 0 0 0 0 0 4 0 0 0 0 0 0 4 5 5 5 5 5 5 5 0 0 0 0 0 4 0 0 0 0 0 0 4 0 4 0 0 0 0
0 43 5 0 0 4 4 0 0 0 4 0 4 2 5 4 0 0 0 0 0 4 2 5 0 0 4 4 2 5 0 0 0 0 4 0 0 0 0 4 0 4 0 4 0
0 16 5 0 0 0 0 4 0 0 0 0 0 0 4 0 0 0
0 10 4 1 1 1 1 1 1 1 1 4
0 6 5 5 0 0 0 0
0 29 5 5 5 5 0 0 0 0 0 0 4 0 0 0 4 0 0 0 0 4 0 0 0 0 4 0 0 0 0
0 78 5 0 4 0 4 0 4 0 0 0 4 0 0 4 0 0 0 4 2 5 5 0 0 0 0 0 4 0 0 0 0 0 4 0 0 0 0 0 4 2 5 0 0 0 4 0 0 0 0 0 4 0 0 0 0 0 4 2 5 0 0 0 0 0 0 4 0 0 4 0 0 0 0 4 2 5 5 0
0 49 5 0 0 0 0 4 0 0 0 0 0 0 4 0 0 0 0 0 0 4 0 4 2 5 0 0 0 4 0 0 0 4 0 0 4 0 4 2 5 0 4 0 0 0 0 0 0 4 0
0 74 5 5 5 5 5 0 0 4 0 0 4 0 0 0 4 0 0 0 0 0 0 4 0 0 4 2 5 5 0 0 0 0 4 0 0 0 0 4 0 0 0 4 0 4 0 0 0 4 0 0 0 0 4 5 5 5 0 0 0 0 0 4 0 0 4 0 0 0 4 0 0 0 0 0
0 10 5 0 4 0 4 0 4 0 0 0
0 13 5 5 0 0 0 0 4 5 5 5 5 5 0
0 52 5 0 0 0 4 0 0 0 0 0 0 4 0 4 0 0 0 4 2 5 5 0 4 5 5 5 5 5 0 0 0 4 0 0 0 4 0 0 0 0 0 0 4 2 5 5 0 0 0 0 0 0
0 13 5 0 0 0 0 0 0 4 0 0 4 0 0
0 45 5 5 5 5 5 0 0 4 0 0 4 0 0 0 4 0 0 0 0 0 0 4 0 0 4 2 5 5 0 0 0 0 4 0 0 0 0 4 0 0 0 4 0 4 0
0 7 5 0 0 0 0 4 0
0 29 5 0 4 0 4 0 4 0 0 0 4 0 0 4 0 0 0 4 2 5 5 0 0 0 0 0 4 0 0
0 31 5 0 4 0 4 0 0 4 2 5 5 0 0 0 0 4 2 5 5 0 0 0 0 0 4 0 0 0 4 0 0
0 13 5 0 0 0 0 4 0 0 4 0 0 0 0
0 36 5 0 0 0 4 0 4 0 0 4 4 0 4 2 5 2 5 5 0 4 2 5 5 0 0 0 0 4 0 0 0 0 0 0 4 0
0 18 5 0 0 0 4 0 4 0 0 0 0 0 4 0 0 0 0 0
0 16 5 4 0 0 0 4 0 0 0 4 5 4 0 0 0 0
0 34 5 0 0 0 4 0 4 0 0 4 4 0 4 2 5 2 5 5 0 4 2 5 5 0 0 0 0 4 0 0 0 0 0 0
0 10 5 0 0 0 0 4 0 0 4 0
0 46 5 0 0 0 0 4 0 0 0 0 0 0 4 0 0 0 0 0 0 4 0 4 2 5 0 0 0 4 0 0 0 4 0 0 4 0 4 2 5 0 4 0 0 0 0 0
0 32 5 0 4 0 4 0 0 4 2 5 5 0 0 0 0 4 2 5 5 0 0 0 0 0 4 0 0 0 4 0 0 0
0 18 5 0 0 0 0 4 0 0 0 0 0 0 4 0 0 0 0 0
0 40 5 0 0 0 4 0 4 0 0 0 0 0 4 0 0 0 0 0 0 4 0 0 0 0 0 4 0 0 0 0 0 0 4 2 5 5 0 0 0 0
0 47 5 0 4 0 4 0 4 0 0 0 4 0 0 4 0 0 0 4 2 5 5 0 0 0 0 0 4 0 0 0 0 0 4 0 0 0 0 0 4 2 5 0 0 0 4 0 0
0 25 5 0 0 0 0 0 0 4 0 0 4 0 0 0 0 0 0 4 0 0 4 0 0 0 0
0 23 5 0 4 0 4 0 4 0 0 0 4 0 0 4 0 0 0 4 2 5 5 0 0
0 58 5 5 5 5 5 0 0 4 0 0 4 0 0 0 4 0 0 0 0 0 0 4 0 0 4 2 5 5 0 0 0 0 4 0 0 0 0 4 0 0 0 4 0 4 0 0 0 4 0 0 0 0 4 5 5 5 0 0
0 25 5 4 0 0 0 4 0 0 0 4 5 4 0 0 0 0 4 2 5 0 0 0 0 0 0
0 95 5 4 0 0 0 0 4 0 4 0 0 0 4 0 4 2 5 5 0 4 0 0 0 0 0 0 4 5 5 5 5 0 0 4 0 0 0 0 0 0 4 0 0 0 4 5 5 5 5 0 0 0 4 0 0 0 0 4 0 0 0 4 0 0 0 0 0 0 4 0 4 5 5 5 5 5 0 0 0 0 0 0 4 4 4 0 0 0 0 0 4 0 0 0 0
0 82 5 5 5 5 5 0 0 4 0 0 4 0 0 0 4 0 0 0 0 0 0 4 0 0 4 2 5 5 0 0 0 0 4 0 0 0 0 4 0 0 0 4 0 4 0 0 0 4 0 0 0 0 4 5 5 5 0 0 0 0 0 4 0 0 4 0 0 0 4 0 0 0 0 0 4 0 0 0 0 0 4 0
0 60 5 0 4 0 4 0 4 0 0 0 4 0 0 4 0 0 0 4 2 5 5 0 0 0 0 0 4 0 0 0 0 0 4 0 0 0 0 0 4 2 5 0 0 0 4 0 0 0 0 0 4 0 0 0 0 0 4 2 5 0
0 2 5 0
0 68 5 0 4 0 4 0 4 0 0 0 4 0 0 4 0 0 0 4 2 5 5 0 0 0 0 0 4 0 0 0 0 0 4 0 0 0 0 0 4 2 5 0 0 0 4 0 0 0 0 0 4 0 0 0 0 0 4 2 5 0 0 0 0 0 0 4 0 0
0 15 5 5 0 0 0 0 4 5 5 5 5 5 0 0 0
0 10 5 5 5 5 5 0 0 4 0 0
0 81 5 0 0 0 0 0 0 4 0 0 4 0 0 0 0 0 0 4 0 0 4 0 0 0 0 0 0 4 0 0 0 0 4 2 5 5 0 0 0 4 0 0 0 0 0 0 4 0 0 0 0 0 0 4 0 0 0 0 0 0 4 0 0 0 0 4 0 0 0 0 0 4 2 5 5 0 4 0 0 0 0
0 4 0 0 0 0
0 37 5 4 0 0 0 0 4 0 4 0 0 0 4 0 4 2 5 5 0 4 0 0 0 0 0 0 4 5 5 5 5 0 0 4 0 0 0
0 28 5 0 0 0 4 0 4 0 0 0 0 0 4 0 0 0 0 0 0 4 0 0 0 0 0 4 0 0
0 23 5 5 5 5 5 0 0 4 0 0 4 0 0 0 4 0 0 0 0 0 0 4 0
0 9 1 1 1 1 1 1 1 1 1
0 15 5 0 0 0 0 4 0 0 0 0 0 0 4 0 0
0 43 5 0 0 0 0 4 0 0 0 0 0 0 4 0 0 0 0 0 0 4 0 4 2 5 0 0 0 4 0 0 0 4 0 0 4 0 4 2 5 0 4 0 0
0 25 5 0 0 0 0 4 0 0 4 0 0 0 0 0 4 5 5 5 5 5 5 0 0 0 0
0 6 0 0 0 0 4 2
0 79 5 0 0 0 0 0 0 4 0 0 4 0 0 0 0 0 0 4 0 0 4 0 0 0 0 0 0 4 0 0 0 0 4 2 5 5 0 0 0 4 0 0 0 0 0 0 4 0 0 0 0 0 0 4 0 0 0 0 0 0 4 0 0 0 0 4 0 0 0 0 0 4 2 5 5 0 4 0 0
0 30 5 5 5 5 5 0 0 4 0 0 4 0 0 0 4 0 0 0 0 0 0 4 0 0 4 2 5 5 0 0
0 15 5 0 0 4 4 0 0 0 4 0 4 2 5 4 0
0 49 5 0 4 0 4 0 4 0 0 0 4 0 0 4 0 0 0 4 2 5 5 0 0 0 0 0 4 0 0 0 0 0 4 0 0 0 0 0 4 2 5 0 0 0 4 0 0 0 0
0 38 5 4 0 0 0 0 4 0 4 0 0 0 4 0 4 2 5 5 0 4 0 0 0 0 0 0 4 5 5 5 5 0 0 4 0 0 0 0
0 15 5 0 4 0 0 4 4 0 4 0 4 2 5 5 0
0 21 5 2 5 5 4 4 0 0 0 0 0 0 4 4 5 5 5 5 5 0 0
0 6 5 0 4 0 4 0
0 57 5 5 5 5 5 0 0 4 0 0 4 0 0 0 4 0 0 0 0 0 0 4 0 0 4 2 5 5 0 0 0 0 4 0 0 0 0 4 0 0 0 4 0 4 0 0 0 4 0 0 0 0 4 5 5 5 0
0 32 5 4 0 0 0 4 0 4 0 0 0 4 2 5 5 0 0 0 0 4 0 0 0 0 0 0 4 0 0 0 0 0
0 13 5 5 5 5 5 0 0 4 0 0 4 0 0
0 29 5 4 0 0 0 4 0 0 0 4 5 4 0 0 0 0 4 2 5 0 0 0 0 0 0 4 0 0 0
0 11 5 0 0 0 4 0 4 0 0 0 0
0 20 5 0 4 0 0 4 4 0 4 0 4 2 5 5 0 0 0 4 0 0
0 39 5 0 0 0 4 0 4 0 0 4 4 0 4 2 5 2 5 5 0 4 2 5 5 0 0 0 0 4 0 0 0 0 0 0 4 0 0 0 0
0 52 5 0 0 0 0 0 0 4 0 0 4 0 0 0 0 0 0 4 0 0 4 0 0 0 0 0 0 4 0 0 0 0 4 2 5 5 0 0 0 4 0 0 0 0 0 0 4 0 0 0 0 0
0 102 5 5 5 5 5 0 0 4 0 0 4 0 0 0 4 0 0 0 0 0 0 4 0 0 4 2 5 5 0 0 0 0 4 0 0 0 0 4 0 0 0 4 0 4 0 0 0 4 0 0 0 0 4 5 5 5 0 0 0 0 0 4 0 0 4 0 0 0 4 0 0 0 0 0 4 0 0 0 0 0 4 0 0 0 0 0 0 4 5 5 5 5 5 5 5 0 0 0 0 0 4 0
0 93 5 4 0 0 0 0 4 0 4 0 0 0 4 0 4 2 5 5 0 4 0 0 0 0 0 0 4 5 5 5 5 0 0 4 0 0 0 0 0 0 4 0 0 0 4 5 5 5 5 0 0 0 4 0 0 0 0 4 0 0 0 4 0 0 0 0 0 0 4 0 4 5 5 5 5 5 0 0 0 0 0 0 4 4 4 0 0 0 0 0 4 0 0
0 38 5 0 0 0 4 0 4 0 0 4 4 0 4 2 5 2 5 5 0 4 2 5 5 0 0 0 0 4 0 0 0 0 0 0 4 0 0 0
0 61 5 4 0 0 0 0 4 0 4 0 0 0 4 0 4 2 5 5 0 4 0 0 0 0 0 0 4 5 5 5 5 0 0 4 0 0 0 0 0 0 4 0 0 0 4 5 5 5 5 0 0 0 4 0 0 0 0 4 0 0 0
0 65 5 5 5 5 0 0 0 0 0 0 4 0 0 0 4 0 0 0 0 4 0 0 0 0 4 0 0 0 0 0 4 2 5 5 0 0 0 4 0 0 0 0 0 4 2 5 0 0 0 0 4 2 5 0 4 0 0 4 0 0 0 4 0 0 0
0 17 5 0 4 0 0 4 4 0 4 0 4 2 5 5 0 0 0
0 35 5 0 4 0 4 0 4 0 0 0 4 0 0 4 0 0 0 4 2 5 5 0 0 0 0 0 4 0 0 0 0 0 4 0 0
0 56 5 0 0 0 4 0 0 0 0 0 0 4 0 4 0 0 0 4 2 5 5 0 4 5 5 5 5 5 0 0 0 4 0 0 0 4 0 0 0 0 0 0 4 2 5 5 0 0 0 0 0 0 4 0 0 0
0 41 5 0 0 0 0 0 0 4 0 0 4 0 0 0 0 0 0 4 0 0 4 0 0 0 0 0 0 4 0 0 0 0 4 2 5 5 0 0 0 4 0
0 20 5 4 0 0 0 4 0 0 0 4 5 4 0 0 0 0 4 2 5 0
0 56 5 0 4 0 4 0 4 0 0 0 4 0 0 4 0 0 0 4 2 5 5 0 0 0 0 0 4 0 0 0 0 0 4 0 0 0 0 0 4 2 5 0 0 0 4 0 0 0 0 0 4 0 0 0 0 0
0 63 5 0 4 0 4 0 4 0 0 0 4 0 0 4 0 0 0 4 2 5 5 0 0 0 0 0 4 0 0 0 0 0 4 0 0 0 0 0 4 2 5 0 0 0 4 0 0 0 0 0 4 0 0 0 0 0 4 2 5 0 0 0 0
0 33 5 0 0 0 4 0 0 0 0 0 0 4 0 4 0 0 0 4 2 5 5 0 4 5 5 5 5 5 0 0 0 4 0
0 57 5 5 5 5 0 0 0 0 0 0 4 0 0 0 4 0 0 0 0 4 0 0 0 0 4 0 0 0 0 0 4 2 5 5 0 0 0 4 0 0 0 0 0 4 2 5 0 0 0 0 4 2 5 0 4 0 0
0 32 5 0 0 0 4 0 4 0 0 0 0 0 4 0 0 0 0 0 0 4 0 0 0 0 0 4 0 0 0 0 0 0
0 51 5 0 0 0 0 0 0 4 0 0 4 0 0 0 0 0 0 4 0 0 4 0 0 0 0 0 0 4 0 0 0 0 4 2 5 5 0 0 0 4 0 0 0 0 0 0 4 0 0 0 0
0 37 5 0 0 4 4 0 0 0 4 0 4 2 5 4 0 0 0 0 0 4 2 5 0 0 4 4 2 5 0 0 0 0 4 0 0 0 0
0 7 5 0 0 4 4 0 0
0 12 5 0 0 0 4 0 4 0 0 0 0 0
0 65 5 0 0 0 0 0 0 4 0 0 4 0 0 0 0 0 0 4 0 0 4 0 0 0 0 0 0 4 0 0 0 0 4 2 5 5 0 0 0 4 0 0 0 0 0 0 4 0 0 0 0 0 0 4 0 0 0 0 0 0 4 0 0 0 0
0 26 5 0 0 0 4 0 4 0 0 4 4 0 4 2 5 2 5 5 0 4 2 5 5 0 0 0
0 72 5 0 4 0 4 0 4 0 0 0 4 0 0 4 0 0 0 4 2 5 5 0 0 0 0 0 4 0 0 0 0 0 4 0 0 0 0 0 4 2 5 0 0 0 4 0 0 0 0 0 4 0 0 0 0 0 4 2 5 0 0 0 0 0 0 4 0 0 4 0 0 0
0 30 5 0 4 0 0 4 4 0 4 0 4 2 5 5 0 0 0 4 0 0 4 0 0 4 0 0 0 0 0 0
0 23 5 4 0 0 0 0 4 0 4 0 0 0 4 0 4 2 5 5 0 4 0 0 0
0 64 5 5 5 5 0 0 0 0 0 0 4 0 0 0 4 0 0 0 0 4 0 0 0 0 4 0 0 0 0 0 4 2 5 5 0 0 0 4 0 0 0 0 0 4 2 5 0 0 0 0 4 2 5 0 4 0 0 4 0 0 0 4 0 0
0 11 1 1 1 1 1 1 1 1 1 1 1
0 48 5 0 0 0 0 0 0 4 0 0 4 0 0 0 0 0 0 4 0 0 4 0 0 0 0 0 0 4 0 0 0 0 4 2 5 5 0 0 0 4 0 0 0 0 0 0 4 0
0 24 5 4 0 0 0 0 4 0 4 0 0 0 4 0 4 2 5 5 0 4 0 0 0 0
0 39 5 0 0 0 4 0 0 0 0 0 0 4 0 4 0 0 0 4 2 5 5 0 4 5 5 5 5 5 0 0 0 4 0 0 0 4 0 0 0
0 65 5 0 0 0 4 0 4 0 0 4 4 0 4 2 5 2 5 5 0 4 2 5 5 0 0 0 0 4 0 0 0 0 0 0 4 0 0 0 0 0 0 4 0 0 0 0 4 0 0 0 4 0 0 0 0 0 4 2 5 5 0 4 0 0 0
0 43 5 0 0 0 4 0 4 0 0 4 4 0 4 2 5 2 5 5 0 4 2 5 5 0 0 0 0 4 0 0 0 0 0 0 4 0 0 0 0 0 0 4 0
0 71 5 0 0 0 0 0 0 4 0 0 4 0 0 0 0 0 0 4 0 0 4 0 0 0 0 0 0 4 0 0 0 0 4 2 5 5 0 0 0 4 0 0 0 0 0 0 4 0 0 0 0 0 0 4 0 0 0 0 0 0 4 0 0 0 0 4 0 0 0 0 0
0 21 5 0 0 0 4 0 4 0 0 0 0 0 4 0 0 0 0 0 0 4 0
0 41 5 0 0 0 4 0 4 0 0 4 4 0 4 2 5 2 5 5 0 4 2 5 5 0 0 0 0 4 0 0 0 0 0 0 4 0 0 0 0 0 0
0 7 0 0 0 0 0 0 0
0 27 5 0 4 0 4 0 0 4 2 5 5 0 0 0 0 4 2 5 5 0 0 0 0 0 4 0 0
0 44 5 0 4 0 4 0 4 0 0 0 4 0 0 4 0 0 0 4 2 5 5 0 0 0 0 0 4 0 0 0 0 0 4 0 0 0 0 0 4 2 5 0 0 0
0 40 5 0 4 0 4 0 0 4 2 5 5 0 0 0 0 4 2 5 5 0 0 0 0 0 4 0 0 0 4 0 0 0 0 4 0 0 0 0 4 0
0 30 5 0 4 0 4 0 4 0 0 0 4 0 0 4 0 0 0 4 2 5 5 0 0 0 0 0 4 0 0 0
0 9 5 2 5 5 4 4 0 0 0
0 2 0 0
0 31 5 0 0 0 4 0 4 0 0 4 4 0 4 2 5 2 5 5 0 4 2 5 5 0 0 0 0 4 0 0 0
0 6 5 5 5 5 5 0
0 36 5 5 5 5 5 0 0 4 0 0 4 0 0 0 4 0 0 0 0 0 0 4 0 0 4 2 5 5 0 0 0 0 4 0 0 0
0 30 5 0 0 0 0 0 0 4 0 0 4 0 0 0 0 0 0 4 0 0 4 0 0 0 0 0 0 4 0 0
0 32 5 2 5 5 4 4 0 0 0 0 0 0 4 4 5 5 5 5 5 0 0 0 4 2 5 5 2 5 5 0 0 0
0 5 4 1 1 1 1
0 67 5 0 4 0 4 0 4 0 0 0 4 0 0 4 0 0 0 4 2 5 5 0 0 0 0 0 4 0 0 0 0 0 4 0 0 0 0 0 4 2 5 0 0 0 4 0 0 0 0 0 4 0 0 0 0 0 4 2 5 0 0 0 0 0 0 4 0
0 30 5 0 4 0 4 0 0 4 2 5 5 0 0 0 0 4 2 5 5 0 0 0 0 0 4 0 0 0 4 0
0 39 5 0 0 0 0 0 0 4 0 0 4 0 0 0 0 0 0 4 0 0 4 0 0 0 0 0 0 4 0 0 0 0 4 2 5 5 0 0 0
0 7 5 5 5 5 0 0 0
0 14 5 4 0 0 0 4 0 0 0 4 5 4 0 0
0 34 5 5 0 0 0 0 4 5 5 5 5 5 0 0 0 0 4 0 0 0 0 0 0 4 2 5 2 5 5 0 0 0 0 0
0 63 5 5 5 5 0 0 0 0 0 0 4 0 0 0 4 0 0 0 0 4 0 0 0 0 4 0 0 0 0 0 4 2 5 5 0 0 0 4 0 0 0 0 0 4 2 5 0 0 0 0 4 2 5 0 4 0 0 4 0 0 0 4 0
0 22 5 0 4 0 4 0 4 0 0 0 4 0 0 4 0 0 0 4 2 5 5 0
0 23 5 0 0 0 0 4 0 0 4 0 0 0 0 0 4 5 5 5 5 5 5 0 0
0 78 5 5 5 5 5 0 0 4 0 0 4 0 0 0 4 0 0 0 0 0 0 4 0 0 4 2 5 5 0 0 0 0 4 0 0 0 0 4 0 0 0 4 0 4 0 0 0 4 0 0 0 0 4 5 5 5 0 0 0 0 0 4 0 0 4 0 0 0 4 0 0 0 0 0 4 0 0 0
0 54 5 4 0 0 0 0 4 0 4 0 0 0 4 0 4 2 5 5 0 4 0 0 0 0 0 0 4 5 5 5 5 0 0 4 0 0 0 0 0 0 4 0 0 0 4 5 5 5 5 0 0 0 4 0
0 11 4 1 1 1 1 1 1 1 1 1 1
0 24 5 0 0 0 0 4 0 0 4 0 0 0 0 0 4 5 5 5 5 5 5 0 0 0
0 63 5 0 0 0 4 0 4 0 0 4 4 0 4 2 5 2 5 5 0 4 2 5 5 0 0 0 0 4 0 0 0 0 0 0 4 0 0 0 0 0 0 4 0 0 0 0 4 0 0 0 4 0 0 0 0 0 4 2 5 5 0 4 0
0 51 5 4 0 0 0 0 4 0 4 0 0 0 4 0 4 2 5 5 0 4 0 0 0 0 0 0 4 5 5 5 5 0 0 4 0 0 0 0 0 0 4 0 0 0 4 5 5 5 5 0 0
0 98 5 5 5 5 5 0 0 4 0 0 4 0 0 0 4 0 0 0 0 0 0 4 0 0 4 2 5 5 0 0 0 0 4 0 0 0 0 4 0 0 0 4 0 4 0 0 0 4 0 0 0 0 4 5 5 5 0 0 0 0 0 4 0 0 4 0 0 0 4 0 0 0 0 0 4 0 0 0 0 0 4 0 0 0 0 0 0 4 5 5 5 5 5 5 5 0 0 0
0 12 5 0 4 0 4 0 0 4 2 5 5 0
0 8 5 0 0 0 0 4 0 0
0 24 5 4 0 0 0 4 0 0 0 4 5 4 0 0 0 0 4 2 5 0 0 0 0 0
0 86 5 0 0 0 4 0 4 0 0 4 4 0 4 2 5 2 5 5 0 4 2 5 5 0 0 0 0 4 0 0 0 0 0 0 4 0 0 0 0 0 0 4 0 0 0 0 4 0 0 0 4 0 0 0 0 0 4 2 5 5 0 4 0 0 0 0 4 0 0 0 0 4 0 4 5 5 5 5 5 5 0 0 4 0 0 0
0 9 5 0 0 0 4 0 0 0 0
0 20 5 2 5 5 4 4 0 0 0 0 0 0 4 4 5 5 5 5 5 0
0 56 5 4 0 0 0 0 4 0 4 0 0 0 4 0 4 2 5 5 0 4 0 0 0 0 0 0 4 5 5 5 5 0 0 4 0 0 0 0 0 0 4 0 0 0 4 5 5 5 5 0 0 0 4 0 0 0
0 94 5 0 0 0 0 0 0 4 0 0 4 0 0 0 0 0 0 4 0 0 4 0 0 0 0 0 0 4 0 0 0 0 4 2 5 5 0 0 0 4 0 0 0 0 0 0 4 0 0 0 0 0 0 4 0 0 0 0 0 0 4 0 0 0 0 4 0 0 0 0 0 4 2 5 5 0 4 0 0 0 0 0 4 2 5 0 0 4 2 5 2 5 0 0
0 38 5 0 4 0 4 0 4 0 0 0 4 0 0 4 0 0 0 4 2 5 5 0 0 0 0 0 4 0 0 0 0 0 4 0 0 0 0 0
0 79 5 0 4 0 4 0 4 0 0 0 4 0 0 4 0 0 0 4 2 5 5 0 0 0 0 0 4 0 0 0 0 0 4 0 0 0 0 0 4 2 5 0 0 0 4 0 0 0 0 0 4 0 0 0 0 0 4 2 5 0 0 0 0 0 0 4 0 0 4 0 0 0 0 4 2 5 5 0 0
0 49 5 0 0 0 4 0 0 0 0 0 0 4 0 4 0 0 0 4 2 5 5 0 4 5 5 5 5 5 0 0 0 4 0 0 0 4 0 0 0 0 0 0 4 2 5 5 0 0 0
0 55 5 4 0 0 0 0 4 0 4 0 0 0 4 0 4 2 5 5 0 4 0 0 0 0 0 0 4 5 5 5 5 0 0 4 0 0 0 0 0 0 4 0 0 0 4 5 5 5 5 0 0 0 4 0 0
0 42 5 0 0 0 4 0 0 0 0 0 0 4 0 4 0 0 0 4 2 5 5 0 4 5 5 5 5 5 0 0 0 4 0 0 0 4 0 0 0 0 0 0
0 35 5 0 0 0 0 4 0 0 4 0 0 0 0 0 4 5 5 5 5 5 5 0 0 0 0 0 0 4 2 5 5 0 0 0 0
0 5 5 5 0 0 0
0 64 5 0 0 0 4 0 4 0 0 4 4 0 4 2 5 2 5 5 0 4 2 5 5 0 0 0 0 4 0 0 0 0 0 0 4 0 0 0 0 0 0 4 0 0 0 0 4 0 0 0 4 0 0 0 0 0 4 2 5 5 0 4 0 0
0 112 5 5 5 5 5 0 0 4 0 0 4 0 0 0 4 0 0 0 0 0 0 4 0 0 4 2 5 5 0 0 0 0 4 0 0 0 0 4 0 0 0 4 0 4 0 0 0 4 0 0 0 0 4 5 5 5 0 0 0 0 0 4 0 0 4 0 0 0 4 0 0 0 0 0 4 0 0 0 0 0 4 0 0 0 0 0 0 4 5 5 5 5 5 5 5 0 0 0 0 0 4 0 0 0 0 0 0 4 0 4 0 0
0 86 5 0 0 0 0 0 0 4 0 0 4 0 0 0 0 0 0 4 0 0 4 0 0 0 0 0 0 4 0 0 0 0 4 2 5 5 0 0 0 4 0 0 0 0 0 0 4 0 0 0 0 0 0 4 0 0 0 0 0 0 4 0 0 0 0 4 0 0 0 0 0 4 2 5 5 0 4 0 0 0 0 0 4 2 5 0
0 10 5 4 0 0 0 0 4 0 4 0
0 16 5 0 0 0 0 0 0 4 0 0 4 0 0 0 0 0
0 82 5 0 0 0 4 0 4 0 0 4 4 0 4 2 5 2 5 5 0 4 2 5 5 0 0 0 0 4 0 0 0 0 0 0 4 0 0 0 0 0 0 4 0 0 0 0 4 0 0 0 4 0 0 0 0 0 4 2 5 5 0 4 0 0 0 0 4 0 0 0 0 4 0 4 5 5 5 5 5 5 0 0
0 37 5 5 5 5 0 0 0 0 0 0 4 0 0 0 4 0 0 0 0 4 0 0 0 0 4 0 0 0 0 0 4 2 5 5 0 0 0
0 24 5 0 0 0 4 0 4 0 0 0 0 0 4 0 0 0 0 0 0 4 0 0 0 0
0 29 5 4 0 0 0 4 0 4 0 0 0 4 2 5 5 0 0 0 0 4 0 0 0 0 0 0 4 0 0
0 61 5 5 5 5 0 0 0 0 0 0 4 0 0 0 4 0 0 0 0 4 0 0 0 0 4 0 0 0 0 0 4 2 5 5 0 0 0 4 0 0 0 0 0 4 2 5 0 0 0 0 4 2 5 0 4 0 0 4 0 0 0
0 23 5 0 4 0 0 4 4 0 4 0 4 2 5 5 0 0 0 4 0 0 4 0 0
0 104 5 5 5 5 5 0 0 4 0 0 4 0 0 0 4 0 0 0 0 0 0 4 0 0 4 2 5 5 0 0 0 0 4 0 0 0 0 4 0 0 0 4 0 4 0 0 0 4 0 0 0 0 4 5 5 5 0 0 0 0 0 4 0 0 4 0 0 0 4 0 0 0 0 0 4 0 0 0 0 0 4 0 0 0 0 0 0 4 5 5 5 5 5 5 5 0 0 0 0 0 4 0 0 0
0 50 5 5 5 5 5 0 0 4 0 0 4 0 0 0 4 0 0 0 0 0 0 4 0 0 4 2 5 5 0 0 0 0 4 0 0 0 0 4 0 0 0 4 0 4 0 0 0 4 0 0
0 46 5 0 4 0 4 0 0 4 2 5 5 0 0 0 0 4 2 5 5 0 0 0 0 0 4 0 0 0 4 0 0 0 0 4 0 0 0 0 4 0 0 0 4 2 5 0
0 18 5 5 5 5 5 0 0 4 0 0 4 0 0 0 4 0 0 0
0 22 5 0 0 0 4 0 4 0 0 0 0 0 4 0 0 0 0 0 0 4 0 0
0 8 5 4 0 0 0 4 0 0
0 72 5 5 5 5 0 0 0 0 0 0 4 0 0 0 4 0 0 0 0 4 0 0 0 0 4 0 0 0 0 0 4 2 5 5 0 0 0 4 0 0 0 0 0 4 2 5 0 0 0 0 4 2 5 0 4 0 0 4 0 0 0 4 0 0 0 4 0 0 0 4 0 0
0 48 5 0 0 0 4 0 0 0 0 0 0 4 0 4 0 0 0 4 2 5 5 0 4 5 5 5 5 5 0 0 0 4 0 0 0 4 0 0 0 0 0 0 4 2 5 5 0 0
0 50 5 0 4 0 4 0 4 0 0 0 4 0 0 4 0 0 0 4 2 5 5 0 0 0 0 0 4 0 0 0 0 0 4 0 0 0 0 0 4 2 5 0 0 0 4 0 0 0 0 0
0 39 5 0 0 4 4 0 0 0 4 0 4 2 5 4 0 0 0 0 0 4 2 5 0 0 4 4 2 5 0 0 0 0 4 0 0 0 0 4 0
0 12 5 2 5 5 4 4 0 0 0 0 0 0
0 6 0 0 0 0 0 4
0 96 5 5 5 5 5 0 0 4 0 0 4 0 0 0 4 0 0 0 0 0 0 4 0 0 4 2 5 5 0 0 0 0 4 0 0 0 0 4 0 0 0 4 0 4 0 0 0 4 0 0 0 0 4 5 5 5 0 0 0 0 0 4 0 0 4 0 0 0 4 0 0 0 0 0 4 0 0 0 0 0 4 0 0 0 0 0 0 4 5 5 5 5 5 5 5 0
0 21 5 5 0 0 0 0 4 5 5 5 5 5 0 0 0 0 4 0 0 0 0
0 44 5 0 0 0 4 0 4 0 0 4 4 0 4 2 5 2 5 5 0 4 2 5 5 0 0 0 0 4 0 0 0 0 0 0 4 0 0 0 0 0 0 4 0 0
0 7 0 0 0 0 0 0 4
0 70 5 5 5 5 5 0 0 4 0 0 4 0 0 0 4 0 0 0 0 0 0 4 0 0 4 2 5 5 0 0 0 0 4 0 0 0 0 4 0 0 0 4 0 4 0 0 0 4 0 0 0 0 4 5 5 5 0 0 0 0 0 4 0 0 4 0 0 0 4 0
0 22 5 0 0 0 0 4 0 0 4 0 0 0 0 0 4 5 5 5 5 5 5 0
0 51 5 0 0 0 0 4 0 0 0 0 0 0 4 0 0 0 0 0 0 4 0 4 2 5 0 0 0 4 0 0 0 4 0 0 4 0 4 2 5 0 4 0 0 0 0 0 0 4 0 4 0
0 22 5 0 4 0 0 4 4 0 4 0 4 2 5 5 0 0 0 4 0 0 4 0
0 73 5 5 5 5 5 0 0 4 0 0 4 0 0 0 4 0 0 0 0 0 0 4 0 0 4 2 5 5 0 0 0 0 4 0 0 0 0 4 0 0 0 4 0 4 0 0 0 4 0 0 0 0 4 5 5 5 0 0 0 0 0 4 0 0 4 0 0 0 4 0 0 0 0
0 78 5 4 0 0 0 0 4 0 4 0 0 0 4 0 4 2 5 5 0 4 0 0 0 0 0 0 4 5 5 5 5 0 0 4 0 0 0 0 0 0 4 0 0 0 4 5 5 5 5 0 0 0 4 0 0 0 0 4 0 0 0 4 0 0 0 0 0 0 4 0 4 5 5 5 5 5 0 0
0 21 5 5 5 5 0 0 0 0 0 0 4 0 0 0 4 0 0 0 0 4 0
0 17 5 0 0 4 4 0 0 0 4 0 4 2 5 4 0 0 0
0 13 5 5 5 5 0 0 0 0 0 0 4 0 0
0 42 5 4 0 0 0 0 4 0 4 0 0 0 4 0 4 2 5 5 0 4 0 0 0 0 0 0 4 5 5 5 5 0 0 4 0 0 0 0 0 0 4 0
0 67 5 5 5 5 5 0 0 4 0 0 4 0 0 0 4 0 0 0 0 0 0 4 0 0 4 2 5 5 0 0 0 0 4 0 0 0 0 4 0 0 0 4 0 4 0 0 0 4 0 0 0 0 4 5 5 5 0 0 0 0 0 4 0 0 4 0 0
0 98 5 0 0 0 0 0 0 4 0 0 4 0 0 0 0 0 0 4 0 0 4 0 0 0 0 0 0 4 0 0 0 0 4 2 5 5 0 0 0 4 0 0 0 0 0 0 4 0 0 0 0 0 0 4 0 0 0 0 0 0 4 0 0 0 0 4 0 0 0 0 0 4 2 5 5 0 4 0 0 0 0 0 4 2 5 0 0 4 2 5 2 5 0 0 0 4 0 0
0 78 5 0 0 0 0 0 0 4 0 0 4 0 0 0 0 0 0 4 0 0 4 0 0 0 0 0 0 4 0 0 0 0 4 2 5 5 0 0 0 4 0 0 0 0 0 0 4 0 0 0 0 0 0 4 0 0 0 0 0 0 4 0 0 0 0 4 0 0 0 0 0 4 2 5 5 0 4 0
0 28 5 0 4 0 4 0 0 4 2 5 5 0 0 0 0 4 2 5 5 0 0 0 0 0 4 0 0 0
0 17 5 0 0 0 4 0 0 0 0 0 0 4 0 4 0 0 0
0 71 5 5 5 5 0 0 0 0 0 0 4 0 0 0 4 0 0 0 0 4 0 0 0 0 4 0 0 0 0 0 4 2 5 5 0 0 0 4 0 0 0 0 0 4 2 5 0 0 0 0 4 2 5 0 4 0 0 4 0 0 0 4 0 0 0 4 0 0 0 4 0
0 12 5 0 0 0 4 0 4 0 0 4 4 0
0 26 5 0 0 0 0 0 0 4 0 0 4 0 0 0 0 0 0 4 0 0 4 0 0 0 0 0
0 49 5 0 0 0 4 0 4 0 0 0 0 0 4 0 0 0 0 0 0 4 0 0 0 0 0 4 0 0 0 0 0 0 4 2 5 5 0 0 0 0 0 4 2 5 0 0 4 0 0
0 34 5 0 0 0 4 0 0 0 0 0 0 4 0 4 0 0 0 4 2 5 5 0 4 5 5 5 5 5 0 0 0 4 0 0
0 25 5 0 4 0 4 0 4 0 0 0 4 0 0 4 0 0 0 4 2 5 5 0 0 0 0
0 4 5 0 0 0
0 42 5 5 5 5 0 0 0 0 0 0 4 0 0 0 4 0 0 0 0 4 0 0 0 0 4 0 0 0 0 0 4 2 5 5 0 0 0 4 0 0 0 0
0 10 5 0 0 0 4 0 0 0 0 0
0 42 5 0 0 0 0 0 0 4 0 0 4 0 0 0 0 0 0 4 0 0 4 0 0 0 0 0 0 4 0 0 0 0 4 2 5 5 0 0 0 4 0 0
0 48 5 0 0 0 4 0 4 0 0 4 4 0 4 2 5 2 5 5 0 4 2 5 5 0 0 0 0 4 0 0 0 0 0 0 4 0 0 0 0 0 0 4 0 0 0 0 4 0
0 45 5 4 0 0 0 4 0 0 0 4 5 4 0 0 0 0 4 2 5 0 0 0 0 0 0 4 0 0 0 0 4 0 4 0 0 0 0 0 0 4 2 5 5 0 0
0 115 5 5 5 5 5 0 0 4 0 0 4 0 0 0 4 0 0 0 0 0 0 4 0 0 4 2 5 5 0 0 0 0 4 0 0 0 0 4 0 0 0 4 0 4 0 0 0 4 0 0 0 0 4 5 5 5 0 0 0 0 0 4 0 0 4 0 0 0 4 0 0 0 0 0 4 0 0 0 0 0 4 0 0 0 0 0 0 4 5 5 5 5 5 5 5 0 0 0 0 0 4 0 0 0 0 0 0 4 0 4 0 0 0 0 0
0 1 1
0 67 5 5 5 5 0 0 0 0 0 0 4 0 0 0 4 0 0 0 0 4 0 0 0 0 4 0 0 0 0 0 4 2 5 5 0 0 0 4 0 0 0 0 0 4 2 5 0 0 0 0 4 2 5 0 4 0 0 4 0 0 0 4 0 0 0 4 0
0 33 5 0 0 0 0 4 0 0 4 0 0 0 0 0 4 5 5 5 5 5 5 0 0 0 0 0 0 4 2 5 5 0 0
0 47 5 5 5 5 0 0 0 0 0 0 4 0 0 0 4 0 0 0 0 4 0 0 0 0 4 0 0 0 0 0 4 2 5 5 0 0 0 4 0 0 0 0 0 4 2 5 0
0 30 5 2 5 5 4 4 0 0 0 0 0 0 4 4 5 5 5 5 5 0 0 0 4 2 5 5 2 5 5 0
0 8 5 0 4 0 0 4 4 0
0 31 5 0 4 0 4 0 4 0 0 0 4 0 0 4 0 0 0 4 2 5 5 0 0 0 0 0 4 0 0 0 0
0 14 5 5 5 5 5 0 0 4 0 0 4 0 0 0
0 14 5 0 0 0 0 4 0 0 4 0 0 0 0 0
0 14 5 0 0 0 4 0 4 0 0 0 0 0 4 0
0 81 5 0 0 0 4 0 4 0 0 4 4 0 4 2 5 2 5 5 0 4 2 5 5 0 0 0 0 4 0 0 0 0 0 0 4 0 0 0 0 0 0 4 0 0 0 0 4 0 0 0 4 0 0 0 0 0 4 2 5 5 0 4 0 0 0 0 4 0 0 0 0 4 0 4 5 5 5 5 5 5 0
0 2 1 4
0 53 5 0 0 0 4 0 4 0 0 4 4 0 4 2 5 2 5 5 0 4 2 5 5 0 0 0 0 4 0 0 0 0 0 0 4 0 0 0 0 0 0 4 0 0 0 0 4 0 0 0 4 0 0
0 39 5 4 0 0 0 4 0 0 0 4 5 4 0 0 0 0 4 2 5 0 0 0 0 0 0 4 0 0 0 0 4 0 4 0 0 0 0 0 0
0 57 5 0 0 0 0 0 0 4 0 0 4 0 0 0 0 0 0 4 0 0 4 0 0 0 0 0 0 4 0 0 0 0 4 2 5 5 0 0 0 4 0 0 0 0 0 0 4 0 0 0 0 0 0 4 0 0 0
0 8 5 0 0 0 4 0 4 0
0 12 5 5 5 5 0 0 0 0 0 0 4 0
0 9 5 4 0 0 0 4 0 0 0
0 83 5 5 5 5 5 0 0 4 0 0 4 0 0 0 4 0 0 0 0 0 0 4 0 0 4 2 5 5 0 0 0 0 4 0 0 0 0 4 0 0 0 4 0 4 0 0 0 4 0 0 0 0 4 5 5 5 0 0 0 0 0 4 0 0 4 0 0 0 4 0 0 0 0 0 4 0 0 0 0 0 4 0 0
0 23 5 0 0 4 4 0 0 0 4 0 4 2 5 4 0 0 0 0 0 4 2 5 0
0 53 5 0 4 0 4 0 4 0 0 0 4 0 0 4 0 0 0 4 2 5 5 0 0 0 0 0 4 0 0 0 0 0 4 0 0 0 0 0 4 2 5 0 0 0 4 0 0 0 0 0 4 0 0
0 56 5 0 0 0 0 0 0 4 0 0 4 0 0 0 0 0 0 4 0 0 4 0 0 0 0 0 0 4 0 0 0 0 4 2 5 5 0 0 0 4 0 0 0 0 0 0 4 0 0 0 0 0 0 4 0 0
0 80 5 4 0 0 0 0 4 0 4 0 0 0 4 0 4 2 5 5 0 4 0 0 0 0 0 0 4 5 5 5 5 0 0 4 0 0 0 0 0 0 4 0 0 0 4 5 5 5 5 0 0 0 4 0 0 0 0 4 0 0 0 4 0 0 0 0 0 0 4 0 4 5 5 5 5 5 0 0 0 0
0 44 5 0 0 4 4 0 0 0 4 0 4 2 5 4 0 0 0 0 0 4 2 5 0 0 4 4 2 5 0 0 0 0 4 0 0 0 0 4 0 4 0 4 0 0
0 22 5 2 5 5 4 4 0 0 0 0 0 0 4 4 5 5 5 5 5 0 0 0
0 19 5 0 4 0 0 4 4 0 4 0 4 2 5 5 0 0 0 4 0
0 49 5 0 0 0 4 0 4 0 0 4 4 0 4 2 5 2 5 5 0 4 2 5 5 0 0 0 0 4 0 0 0 0 0 0 4 0 0 0 0 0 0 4 0 0 0 0 4 0 0
0 9 5 0 0 0 0 4 0 0 0
0 28 5 0 4 0 4 0 4 0 0 0 4 0 0 4 0 0 0 4 2 5 5 0 0 0 0 0 4 0
0 41 5 0 0 0 4 0 4 0 0 0 0 0 4 0 0 0 0 0 0 4 0 0 0 0 0 4 0 0 0 0 0 0 4 2 5 5 0 0 0 0 0
0 87 5 0 0 0 4 0 4 0 0 4 4 0 4 2 5 2 5 5 0 4 2 5 5 0 0 0 0 4 0 0 0 0 0 0 4 0 0 0 0 0 0 4 0 0 0 0 4 0 0 0 4 0 0 0 0 0 4 2 5 5 0 4 0 0 0 0 4 0 0 0 0 4 0 4 5 5 5 5 5 5 0 0 4 0 0 0 0
0 50 5 0 0 0 0 0 0 4 0 0 4 0 0 0 0 0 0 4 0 0 4 0 0 0 0 0 0 4 0 0 0 0 4 2 5 5 0 0 0 4 0 0 0 0 0 0 4 0 0 0
0 21 5 4 0 0 0 4 0 4 0 0 0 4 2 5 5 0 0 0 0 4 0
0 33 5 5 0 0 0 0 4 5 5 5 5 5 0 0 0 0 4 0 0 0 0 0 0 4 2 5 2 5 5 0 0 0 0
0 6 5 0 0 4 4 0
0 37 5 4 0 0 0 4 0 0 0 4 5 4 0 0 0 0 4 2 5 0 0 0 0 0 0 4 0 0 0 0 4 0 4 0 0 0 0
0 69 5 0 0 0 0 0 0 4 0 0 4 0 0 0 0 0 0 4 0 0 4 0 0 0 0 0 0 4 0 0 0 0 4 2 5 5 0 0 0 4 0 0 0 0 0 0 4 0 0 0 0 0 0 4 0 0 0 0 0 0 4 0 0 0 0 4 0 0 0
0 52 5 0 0 0 0 4 0 0 0 0 0 0 4 0 0 0 0 0 0 4 0 4 2 5 0 0 0 4 0 0 0 4 0 0 4 0 4 2 5 0 4 0 0 0 0 0 0 4 0 4 0 0
0 8 0 0 0 0 0 0 4 2
0 56 5 0 0 0 4 0 4 0 0 4 4 0 4 2 5 2 5 5 0 4 2 5 5 0 0 0 0 4 0 0 0 0 0 0 4 0 0 0 0 0 0 4 0 0 0 0 4 0 0 0 4 0 0 0 0 0
0 21 5 0 0 0 0 4 0 0 0 0 0 0 4 0 0 0 0 0 0 4 0
0 41 5 5 5 5 5 0 0 4 0 0 4 0 0 0 4 0 0 0 0 0 0 4 0 0 4 2 5 5 0 0 0 0 4 0 0 0 0 4 0 0 0
0 61 5 5 5 5 5 0 0 4 0 0 4 0 0 0 4 0 0 0 0 0 0 4 0 0 4 2 5 5 0 0 0 0 4 0 0 0 0 4 0 0 0 4 0 4 0 0 0 4 0 0 0 0 4 5 5 5 0 0 0 0 0
0 27 5 4 0 0 0 4 0 0 0 4 5 4 0 0 0 0 4 2 5 0 0 0 0 0 0 4 0
0 5 5 5 5 5 0
0 5 5 0 0 0 0
0 46 5 0 0 0 4 0 4 0 0 4 4 0 4 2 5 2 5 5 0 4 2 5 5 0 0 0 0 4 0 0 0 0 0 0 4 0 0 0 0 0 0 4 0 0 0 0
0 8 5 5 5 5 0 0 0 0
0 85 5 0 0 0 4 0 4 0 0 4 4 0 4 2 5 2 5 5 0 4 2 5 5 0 0 0 0 4 0 0 0 0 0 0 4 0 0 0 0 0 0 4 0 0 0 0 4 0 0 0 4 0 0 0 0 0 4 2 5 5 0 4 0 0 0 0 4 0 0 0 0 4 0 4 5 5 5 5 5 5 0 0 4 0 0
0 93 5 0 0 0 0 0 0 4 0 0 4 0 0 0 0 0 0 4 0 0 4 0 0 0 0 0 0 4 0 0 0 0 4 2 5 5 0 0 0 4 0 0 0 0 0 0 4 0 0 0 0 0 0 4 0 0 0 0 0 0 4 0 0 0 0 4 0 0 0 0 0 4 2 5 5 0 4 0 0 0 0 0 4 2 5 0 0 4 2 5 2 5 0
0 77 5 4 0 0 0 0 4 0 4 0 0 0 4 0 4 2 5 5 0 4 0 0 0 0 0 0 4 5 5 5 5 0 0 4 0 0 0 0 0 0 4 0 0 0 4 5 5 5 5 0 0 0 4 0 0 0 0 4 0 0 0 4 0 0 0 0 0 0 4 0 4 5 5 5 5 5 0
0 36 5 0 0 0 0 4 0 0 0 0 0 0 4 0 0 0 0 0 0 4 0 4 2 5 0 0 0 4 0 0 0 4 0 0 4 0
0 4 5 0 4 0
0 47 5 4 0 0 0 4 0 0 0 4 5 4 0 0 0 0 4 2 5 0 0 0 0 0 0 4 0 0 0 0 4 0 4 0 0 0 0 0 0 4 2 5 5 0 0 4 0
0 55 5 0 0 0 4 0 4 0 0 4 4 0 4 2 5 2 5 5 0 4 2 5 5 0 0 0 0 4 0 0 0 0 0 0 4 0 0 0 0 0 0 4 0 0 0 0 4 0 0 0 4 0 0 0 0
0 70 5 4 0 0 0 0 4 0 4 0 0 0 4 0 4 2 5 5 0 4 0 0 0 0 0 0 4 5 5 5 5 0 0 4 0 0 0 0 0 0 4 0 0 0 4 5 5 5 5 0 0 0 4 0 0 0 0 4 0 0 0 4 0 0 0 0 0 0 4 0
0 35 5 5 5 5 5 0 0 4 0 0 4 0 0 0 4 0 0 0 0 0 0 4 0 0 4 2 5 5 0 0 0 0 4 0 0
0 52 5 0 0 4 4 0 0 0 4 0 4 2 5 4 0 0 0 0 0 4 2 5 0 0 4 4 2 5 0 0 0 0 4 0 0 0 0 4 0 4 0 4 0 0 0 0 4 5 0 4 4 0
0 16 5 0 0 0 4 0 4 0 0 0 0 0 4 0 0 0
0 45 5 0 0 0 0 0 0 4 0 0 4 0 0 0 0 0 0 4 0 0 4 0 0 0 0 0 0 4 0 0 0 0 4 2 5 5 0 0 0 4 0 0 0 0 0
0 86 5 4 0 0 0 0 4 0 4 0 0 0 4 0 4 2 5 5 0 4 0 0 0 0 0 0 4 5 5 5 5 0 0 4 0 0 0 0 0 0 4 0 0 0 4 5 5 5 5 0 0 0 4 0 0 0 0 4 0 0 0 4 0 0 0 0 0 0 4 0 4 5 5 5 5 5 0 0 0 0 0 0 4 4 4 0
0 49 5 5 5 5 5 0 0 4 0 0 4 0 0 0 4 0 0 0 0 0 0 4 0 0 4 2 5 5 0 0 0 0 4 0 0 0 0 4 0 0 0 4 0 4 0 0 0 4 0
0 17 5 0 0 0 0 4 0 0 0 0 0 0 4 0 0 0 0
0 13 5 0 0 0 4 0 0 0 0 0 0 4 0
0 65 5 0 4 0 4 0 4 0 0 0 4 0 0 4 0 0 0 4 2 5 5 0 0 0 0 0 4 0 0 0 0 0 4 0 0 0 0 0 4 2 5 0 0 0 4 0 0 0 0 0 4 0 0 0 0 0 4 2 5 0 0 0 0 0 0
0 31 5 0 0 4 4 0 0 0 4 0 4 2 5 4 0 0 0 0 0 4 2 5 0 0 4 4 2 5 0 0 0
0 16 5 5 0 0 0 0 4 5 5 5 5 5 0 0 0 0
0 38 5 0 4 0 4 0 0 4 2 5 5 0 0 0 0 4 2 5 5 0 0 0 0 0 4 0 0 0 4 0 0 0 0 4 0 0 0 0
0 30 5 4 0 0 0 4 0 4 0 0 0 4 2 5 5 0 0 0 0 4 0 0 0 0 0 0 4 0 0 0
0 35 5 0 4 0 4 0 0 4 2 5 5 0 0 0 0 4 2 5 5 0 0 0 0 0 4 0 0 0 4 0 0 0 0 4 0
0 82 5 4 0 0 0 0 4 0 4 0 0 0 4 0 4 2 5 5 0 4 0 0 0 0 0 0 4 5 5 5 5 0 0 4 0 0 0 0 0 0 4 0 0 0 4 5 5 5 5 0 0 0 4 0 0 0 0 4 0 0 0 4 0 0 0 0 0 0 4 0 4 5 5 5 5 5 0 0 0 0 0 0
0 17 5 5 5 5 5 0 0 4 0 0 4 0 0 0 4 0 0
0 6 5 4 0 0 4 0
0 32 5 0 0 4 4 0 0 0 4 0 4 2 5 4 0 0 0 0 0 4 2 5 0 0 4 4 2 5 0 0 0 0
0 21 5 0 4 0 4 0 0 4 2 5 5 0 0 0 0 4 2 5 5 0 0
0 26 5 0 0 0 0 4 0 0 4 0 0 0 0 0 4 5 5 5 5 5 5 0 0 0 0 0
0 14 5 0 0 0 0 0 0 4 0 0 4 0 0 0
0 45 5 0 0 0 4 0 4 0 0 4 4 0 4 2 5 2 5 5 0 4 2 5 5 0 0 0 0 4 0 0 0 0 0 0 4 0 0 0 0 0 0 4 0 0 0
0 33 5 4 0 0 0 0 4 0 4 0 0 0 4 0 4 2 5 5 0 4 0 0 0 0 0 0 4 5 5 5 5 0 0
0 29 5 0 0 0 4 0 4 0 0 0 0 0 4 0 0 0 0 0 0 4 0 0 0 0 0 4 0 0 0
0 35 5 5 0 0 0 0 4 5 5 5 5 5 0 0 0 0 4 0 0 0 0 0 0 4 2 5 2 5 5 0 0 0 0 0 0
0 12 5 0 0 0 0 4 0 0 0 0 0 0
0 7 4 1 1 1 1 1 1
0 32 5 0 0 0 0 4 0 0 4 0 0 0 0 0 4 5 5 5 5 5 5 0 0 0 0 0 0 4 2 5 5 0
0 24 5 4 0 0 0 4 0 4 0 0 0 4 2 5 5 0 0 0 0 4 0 0 0 0
0 25 5 4 0 0 0 0 4 0 4 0 0 0 4 0 4 2 5 5 0 4 0 0 0 0 0
0 40 5 0 0 0 4 0 0 0 0 0 0 4 0 4 0 0 0 4 2 5 5 0 4 5 5 5 5 5 0 0 0 4 0 0 0 4 0 0 0 0
0 7 5 0 4 0 4 0 0
0 64 5 4 0 0 0 0 4 0 4 0 0 0 4 0 4 2 5 5 0 4 0 0 0 0 0 0 4 5 5 5 5 0 0 4 0 0 0 0 0 0 4 0 0 0 4 5 5 5 5 0 0 0 4 0 0 0 0 4 0 0 0 4 0 0
0 109 5 5 5 5 5 0 0 4 0 0 4 0 0 0 4 0 0 0 0 0 0 4 0 0 4 2 5 5 0 0 0 0 4 0 0 0 0 4 0 0 0 4 0 4 0 0 0 4 0 0 0 0 4 5 5 5 0 0 0 0 0 4 0 0 4 0 0 0 4 0 0 0 0 0 4 0 0 0 0 0 4 0 0 0 0 0 0 4 5 5 5 5 5 5 5 0 0 0 0 0 4 0 0 0 0 0 0 4 0
0 9 4 1 1 1 1 1 1 1 1
0 9 5 5 5 5 5 0 0 4 0
0 107 5 5 5 5 5 0 0 4 0 0 4 0 0 0 4 0 0 0 0 0 0 4 0 0 4 2 5 5 0 0 0 0 4 0 0 0 0 4 0 0 0 4 0 4 0 0 0 4 0 0 0 0 4 5 5 5 0 0 0 0 0 4 0 0 4 0 0 0 4 0 0 0 0 0 4 0 0 0 0 0 4 0 0 0 0 0 0 4 5 5 5 5 5 5 5 0 0 0 0 0 4 0 0 0 0 0 0
0 19 5 0 0 0 4 0 4 0 0 0 0 0 4 0 0 0 0 0 0
0 8 0 0 0 0 0 0 0 4
0 47 5 0 0 0 4 0 0 0 0 0 0 4 0 4 0 0 0 4 2 5 5 0 4 5 5 5 5 5 0 0 0 4 0 0 0 4 0 0 0 0 0 0 4 2 5 5 0
0 36 5 0 0 4 4 0 0 0 4 0 4 2 5 4 0 0 0 0 0 4 2 5 0 0 4 4 2 5 0 0 0 0 4 0 0 0
0 60 5 5 5 5 0 0 0 0 0 0 4 0 0 0 4 0 0 0 0 4 0 0 0 0 4 0 0 0 0 0 4 2 5 5 0 0 0 4 0 0 0 0 0 4 2 5 0 0 0 0 4 2 5 0 4 0 0 4 0 0
0 59 5 5 5 5 0 0 0 0 0 0 4 0 0 0 4 0 0 0 0 4 0 0 0 0 4 0 0 0 0 0 4 2 5 5 0 0 0 4 0 0 0 0 0 4 2 5 0 0 0 0 4 2 5 0 4 0 0 4 0
0 19 5 5 5 5 0 0 0 0 0 0 4 0 0 0 4 0 0 0 0
0 56 5 5 5 5 0 0 0 0 0 0 4 0 0 0 4 0 0 0 0 4 0 0 0 0 4 0 0 0 0 0 4 2 5 5 0 0 0 4 0 0 0 0 0 4 2 5 0 0 0 0 4 2 5 0 4 0
0 42 5 0 0 0 0 4 0 0 0 0 0 0 4 0 0 0 0 0 0 4 0 4 2 5 0 0 0 4 0 0 0 4 0 0 4 0 4 2 5 0 4 0
0 67 5 0 0 0 0 0 0 4 0 0 4 0 0 0 0 0 0 4 0 0 4 0 0 0 0 0 0 4 0 0 0 0 4 2 5 5 0 0 0 4 0 0 0 0 0 0 4 0 0 0 0 0 0 4 0 0 0 0 0 0 4 0 0 0 0 4 0
0 6 5 0 0 0 4 0
0 39 5 5 5 5 0 0 0 0 0 0 4 0 0 0 4 0 0 0 0 4 0 0 0 0 4 0 0 0 0 0 4 2 5 5 0 0 0 4 0
0 105 5 5 5 5 5 0 0 4 0 0 4 0 0 0 4 0 0 0 0 0 0 4 0 0 4 2 5 5 0 0 0 0 4 0 0 0 0 4 0 0 0 4 0 4 0 0 0 4 0 0 0 0 4 5 5 5 0 0 0 0 0 4 0 0 4 0 0 0 4 0 0 0 0 0 4 0 0 0 0 0 4 0 0 0 0 0 0 4 5 5 5 5 5 5 5 0 0 0 0 0 4 0 0 0 0
0 48 5 0 0 0 4 0 4 0 0 0 0 0 4 0 0 0 0 0 0 4 0 0 0 0 0 4 0 0 0 0 0 0 4 2 5 5 0 0 0 0 0 4 2 5 0 0 4 0
0 19 5 5 0 0 0 0 4 5 5 5 5 5 0 0 0 0 4 0 0
0 36 5 4 0 0 0 4 0 0 0 4 5 4 0 0 0 0 4 2 5 0 0 0 0 0 0 4 0 0 0 0 4 0 4 0 0 0
0 32 5 0 0 0 0 0 0 4 0 0 4 0 0 0 0 0 0 4 0 0 4 0 0 0 0 0 0 4 0 0 0 0
0 25 5 0 0 0 4 0 4 0 0 4 4 0 4 2 5 2 5 5 0 4 2 5 5 0 0
0 68 5 5 5 5 5 0 0 4 0 0 4 0 0 0 4 0 0 0 0 0 0 4 0 0 4 2 5 5 0 0 0 0 4 0 0 0 0 4 0 0 0 4 0 4 0 0 0 4 0 0 0 0 4 5 5 5 0 0 0 0 0 4 0 0 4 0 0 0
0 49 5 5 5 5 0 0 0 0 0 0 4 0 0 0 4 0 0 0 0 4 0 0 0 0 4 0 0 0 0 0 4 2 5 5 0 0 0 4 0 0 0 0 0 4 2 5 0 0 0
0 51 5 0 0 0 4 0 0 0 0 0 0 4 0 4 0 0 0 4 2 5 5 0 4 5 5 5 5 5 0 0 0 4 0 0 0 4 0 0 0 0 0 0 4 2 5 5 0 0 0 0 0
0 9 5 0 0 0 0 0 0 4 0
0 4 5 4 0 0
0 53 5 4 0 0 0 4 0 0 0 4 5 4 0 0 0 0 4 2 5 0 0 0 0 0 0 4 0 0 0 0 4 0 4 0 0 0 0 0 0 4 2 5 5 0 0 4 0 0 0 4 0 0 0
0 16 5 4 0 0 0 4 0 4 0 0 0 4 2 5 5 0
0 20 5 0 4 0 4 0 0 4 2 5 5 0 0 0 0 4 2 5 5 0
0 9 5 4 0 0 4 0 0 0 0
0 6 5 4 0 0 0 0
0 16 5 5 5 5 0 0 0 0 0 0 4 0 0 0 4 0
0 3 4 1 1
0 12 5 0 0 0 0 0 0 4 0 0 4 0
0 6 5 0 0 0 0 0
0 50 5 0 0 0 4 0 0 0 0 0 0 4 0 4 0 0 0 4 2 5 5 0 4 5 5 5 5 5 0 0 0 4 0 0 0 4 0 0 0 0 0 0 4 2 5 5 0 0 0 0
0 20 5 5 0 0 0 0 4 5 5 5 5 5 0 0 0 0 4 0 0 0
0 17 5 0 0 0 0 0 0 4 0 0 4 0 0 0 0 0 0
0 47 5 0 0 0 0 4 0 0 0 0 0 0 4 0 0 0 0 0 0 4 0 4 2 5 0 0 0 4 0 0 0 4 0 0 4 0 4 2 5 0 4 0 0 0 0 0 0
0 34 5 0 0 0 0 4 0 0 0 0 0 0 4 0 0 0 0 0 0 4 0 4 2 5 0 0 0 4 0 0 0 4 0 0
0 53 5 0 0 4 4 0 0 0 4 0 4 2 5 4 0 0 0 0 0 4 2 5 0 0 4 4 2 5 0 0 0 0 4 0 0 0 0 4 0 4 0 4 0 0 0 0 4 5 0 4 4 0 0
0 90 5 4 0 0 0 0 4 0 4 0 0 0 4 0 4 2 5 5 0 4 0 0 0 0 0 0 4 5 5 5 5 0 0 4 0 0 0 0 0 0 4 0 0 0 4 5 5 5 5 0 0 0 4 0 0 0 0 4 0 0 0 4 0 0 0 0 0 0 4 0 4 5 5 5 5 5 0 0 0 0 0 0 4 4 4 0 0 0 0 0
0 9 5 4 0 0 0 4 0 4 0
0 30 5 0 0 4 4 0 0 0 4 0 4 2 5 4 0 0 0 0 0 4 2 5 0 0 4 4 2 5 0 0
0 42 5 0 4 0 4 0 4 0 0 0 4 0 0 4 0 0 0 4 2 5 5 0 0 0 0 0 4 0 0 0 0 0 4 0 0 0 0 0 4 2 5 0
0 38 5 0 0 0 4 0 4 0 0 0 0 0 4 0 0 0 0 0 0 4 0 0 0 0 0 4 0 0 0 0 0 0 4 2 5 5 0 0
0 54 5 0 4 0 4 0 4 0 0 0 4 0 0 4 0 0 0 4 2 5 5 0 0 0 0 0 4 0 0 0 0 0 4 0 0 0 0 0 4 2 5 0 0 0 4 0 0 0 0 0 4 0 0 0
0 43 5 0 0 0 0 0 0 4 0 0 4 0 0 0 0 0 0 4 0 0 4 0 0 0 0 0 0 4 0 0 0 0 4 2 5 5 0 0 0 4 0 0 0
0 29 5 0 0 0 4 0 4 0 0 4 4 0 4 2 5 2 5 5 0 4 2 5 5 0 0 0 0 4 0
0 17 5 4 0 0 0 4 0 4 0 0 0 4 2 5 5 0 0
0 13 4 1 1 1 1 1 1 1 1 1 1 1 1
0 13 1 1 1 1 1 1 1 1 1 1 1 1 1
0 7 1 1 1 1 1 1 1
0 23 5 4 0 0 0 4 0 0 0 4 5 4 0 0 0 0 4 2 5 0 0 0 0
0 35 5 4 0 0 0 4 0 0 0 4 5 4 0 0 0 0 4 2 5 0 0 0 0 0 0 4 0 0 0 0 4 0 4 0 0
0 3 0 4 2
0 7 5 4 0 0 0 4 0
0 28 5 4 0 0 0 4 0 4 0 0 0 4 2 5 5 0 0 0 0 4 0 0 0 0 0 0 4 0
0 60 5 5 5 5 5 0 0 4 0 0 4 0 0 0 4 0 0 0 0 0 0 4 0 0 4 2 5 5 0 0 0 0 4 0 0 0 0 4 0 0 0 4 0 4 0 0 0 4 0 0 0 0 4 5 5 5 0 0 0 0
0 60 5 4 0 0 0 0 4 0 4 0 0 0 4 0 4 2 5 5 0 4 0 0 0 0 0 0 4 5 5 5 5 0 0 4 0 0 0 0 0 0 4 0 0 0 4 5 5 5 5 0 0 0 4 0 0 0 0 4 0 0
0 26 5 0 4 0 0 4 4 0 4 0 4 2 5 5 0 0 0 4 0 0 4 0 0 4 0 0
0 13 5 0 4 0 4 0 4 0 0 0 4 0 0
0 52 5 0 0 0 4 0 4 0 0 4 4 0 4 2 5 2 5 5 0 4 2 5 5 0 0 0 0 4 0 0 0 0 0 0 4 0 0 0 0 0 0 4 0 0 0 0 4 0 0 0 4 0
0 22 5 5 0 0 0 0 4 5 5 5 5 5 0 0 0 0 4 0 0 0 0 0
0 27 5 0 0 0 0 0 0 4 0 0 4 0 0 0 0 0 0 4 0 0 4 0 0 0 0 0 0
0 35 5 0 0 4 4 0 0 0 4 0 4 2 5 4 0 0 0 0 0 4 2 5 0 0 4 4 2 5 0 0 0 0 4 0 0
0 9 5 0 4 0 4 0 4 0 0
0 29 5 0 0 4 4 0 0 0 4 0 4 2 5 4 0 0 0 0 0 4 2 5 0 0 4 4 2 5 0
0 10 5 0 4 0 0 4 4 0 4 0
0 77 5 5 5 5 5 0 0 4 0 0 4 0 0 0 4 0 0 0 0 0 0 4 0 0 4 2 5 5 0 0 0 0 4 0 0 0 0 4 0 0 0 4 0 4 0 0 0 4 0 0 0 0 4 5 5 5 0 0 0 0 0 4 0 0 4 0 0 0 4 0 0 0 0 0 4 0 0
0 63 5 4 0 0 0 0 4 0 4 0 0 0 4 0 4 2 5 5 0 4 0 0 0 0 0 0 4 5 5 5 5 0 0 4 0 0 0 0 0 0 4 0 0 0 4 5 5 5 5 0 0 0 4 0 0 0 0 4 0 0 0 4 0
0 33 5 4 0 0 0 4 0 4 0 0 0 4 2 5 5 0 0 0 0 4 0 0 0 0 0 0 4 0 0 0 0 0 0
0 54 5 0 0 0 4 0 0 0 0 0 0 4 0 4 0 0 0 4 2 5 5 0 4 5 5 5 5 5 0 0 0 4 0 0 0 4 0 0 0 0 0 0 4 2 5 5 0 0 0 0 0 0 4 0
0 70 5 0 4 0 4 0 4 0 0 0 4 0 0 4 0 0 0 4 2 5 5 0 0 0 0 0 4 0 0 0 0 0 4 0 0 0 0 0 4 2 5 0 0 0 4 0 0 0 0 0 4 0 0 0 0 0 4 2 5 0 0 0 0 0 0 4 0 0 4 0
0 111 5 5 5 5 5 0 0 4 0 0 4 0 0 0 4 0 0 0 0 0 0 4 0 0 4 2 5 5 0 0 0 0 4 0 0 0 0 4 0 0 0 4 0 4 0 0 0 4 0 0 0 0 4 5 5 5 0 0 0 0 0 4 0 0 4 0 0 0 4 0 0 0 0 0 4 0 0 0 0 0 4 0 0 0 0 0 0 4 5 5 5 5 5 5 5 0 0 0 0 0 4 0 0 0 0 0 0 4 0 4 0
0 5 0 0 0 4 2
0 13 5 4 0 0 0 4 0 0 0 4 5 4 0
0 80 5 5 5 5 5 0 0 4 0 0 4 0 0 0 4 0 0 0 0 0 0 4 0 0 4 2 5 5 0 0 0 0 4 0 0 0 0 4 0 0 0 4 0 4 0 0 0 4 0 0 0 0 4 5 5 5 0 0 0 0 0 4 0 0 4 0 0 0 4 0 0 0 0 0 4 0 0 0 0 0
0 20 5 0 0 0 0 0 0 4 0 0 4 0 0 0 0 0 0 4 0 0
0 34 5 0 4 0 4 0 4 0 0 0 4 0 0 4 0 0 0 4 2 5 5 0 0 0 0 0 4 0 0 0 0 0 4 0
0 40 5 0 0 0 0 4 0 0 0 0 0 0 4 0 0 0 0 0 0 4 0 4 2 5 0 0 0 4 0 0 0 4 0 0 4 0 4 2 5 0
0 13 5 0 4 0 4 0 0 4 2 5 5 0 0
0 62 5 0 0 0 0 0 0 4 0 0 4 0 0 0 0 0 0 4 0 0 4 0 0 0 0 0 0 4 0 0 0 0 4 2 5 5 0 0 0 4 0 0 0 0 0 0 4 0 0 0 0 0 0 4 0 0 0 0 0 0 4 0
0 9 5 0 0 0 4 0 4 0 0
0 5 0 0 0 0 0
0 106 5 5 5 5 5 0 0 4 0 0 4 0 0 0 4 0 0 0 0 0 0 4 0 0 4 2 5 5 0 0 0 0 4 0 0 0 0 4 0 0 0 4 0 4 0 0 0 4 0 0 0 0 4 5 5 5 0 0 0 0 0 4 0 0 4 0 0 0 4 0 0 0 0 0 4 0 0 0 0 0 4 0 0 0 0 0 0 4 5 5 5 5 5 5 5 0 0 0 0 0 4 0 0 0 0 0
0 37 5 0 4 0 4 0 0 4 2 5 5 0 0 0 0 4 2 5 5 0 0 0 0 0 4 0 0 0 4 0 0 0 0 4 0 0 0
0 14 5 5 0 0 0 0 4 5 5 5 5 5 0 0
0 26 5 0 0 0 0 4 0 0 0 0 0 0 4 0 0 0 0 0 0 4 0 4 2 5 0 0
0 26 5 5 5 5 0 0 0 0 0 0 4 0 0 0 4 0 0 0 0 4 0 0 0 0 4 0
0 59 5 4 0 0 0 0 4 0 4 0 0 0 4 0 4 2 5 5 0 4 0 0 0 0 0 0 4 5 5 5 5 0 0 4 0 0 0 0 0 0 4 0 0 0 4 5 5 5 5 0 0 0 4 0 0 0 0 4 0
0 24 5 5 5 5 0 0 0 0 0 0 4 0 0 0 4 0 0 0 0 4 0 0 0 0
0 33 5 0 4 0 4 0 0 4 2 5 5 0 0 0 0 4 2 5 5 0 0 0 0 0 4 0 0 0 4 0 0 0 0
0 89 5 0 4 0 4 0 4 0 0 0 4 0 0 4 0 0 0 4 2 5 5 0 0 0 0 0 4 0 0 0 0 0 4 0 0 0 0 0 4 2 5 0 0 0 4 0 0 0 0 0 4 0 0 0 0 0 4 2 5 0 0 0 0 0 0 4 0 0 4 0 0 0 0 4 2 5 5 0 0 4 0 0 4 4 0 0 0 4 0
0 51 5 5 5 5 5 0 0 4 0 0 4 0 0 0 4 0 0 0 0 0 0 4 0 0 4 2 5 5 0 0 0 0 4 0 0 0 0 4 0 0 0 4 0 4 0 0 0 4 0 0 0
0 40 5 4 0 0 0 0 4 0 4 0 0 0 4 0 4 2 5 5 0 4 0 0 0 0 0 0 4 5 5 5 5 0 0 4 0 0 0 0 0 0
0 23 5 4 0 0 0 4 0 4 0 0 0 4 2 5 5 0 0 0 0 4 0 0 0
0 36 5 5 5 5 0 0 0 0 0 0 4 0 0 0 4 0 0 0 0 4 0 0 0 0 4 0 0 0 0 0 4 2 5 5 0 0
0 96 5 4 0 0 0 0 4 0 4 0 0 0 4 0 4 2 5 5 0 4 0 0 0 0 0 0 4 5 5 5 5 0 0 4 0 0 0 0 0 0 4 0 0 0 4 5 5 5 5 0 0 0 4 0 0 0 0 4 0 0 0 4 0 0 0 0 0 0 4 0 4 5 5 5 5 5 0 0 0 0 0 0 4 4 4 0 0 0 0 0 4 0 0 0 0 0
0 16 5 0 4 0 4 0 4 0 0 0 4 0 0 4 0 0
0 37 5 0 0 0 4 0 4 0 0 0 0 0 4 0 0 0 0 0 0 4 0 0 0 0 0 4 0 0 0 0 0 0 4 2 5 5 0
0 35 5 4 0 0 0 0 4 0 4 0 0 0 4 0 4 2 5 5 0 4 0 0 0 0 0 0 4 5 5 5 5 0 0 4 0
0 30 5 0 0 0 4 0 4 0 0 4 4 0 4 2 5 2 5 5 0 4 2 5 5 0 0 0 0 4 0 0
0 30 5 0 0 0 0 4 0 0 0 0 0 0 4 0 0 0 0 0 0 4 0 4 2 5 0 0 0 4 0 0
0 95 5 0 0 0 0 0 0 4 0 0 4 0 0 0 0 0 0 4 0 0 4 0 0 0 0 0 0 4 0 0 0 0 4 2 5 5 0 0 0 4 0 0 0 0 0 0 4 0 0 0 0 0 0 4 0 0 0 0 0 0 4 0 0 0 0 4 0 0 0 0 0 4 2 5 5 0 4 0 0 0 0 0 4 2 5 0 0 4 2 5 2 5 0 0 0
0 14 5 5 5 5 0 0 0 0 0 0 4 0 0 0
0 16 5 0 0 4 4 0 0 0 4 0 4 2 5 4 0 0
0 51 5 0 0 0 4 0 4 0 0 0 0 0 4 0 0 0 0 0 0 4 0 0 0 0 0 4 0 0 0 0 0 0 4 2 5 5 0 0 0 0 0 4 2 5 0 0 4 0 0 0 0
0 11 5 4 0 0 0 0 4 0 4 0 0
0 38 5 0 0 0 0 0 0 4 0 0 4 0 0 0 0 0 0 4 0 0 4 0 0 0 0 0 0 4 0 0 0 0 4 2 5 5 0 0
0 7 0 0 0 0 0 4 2
0 31 5 0 0 0 4 0 0 0 0 0 0 4 0 4 0 0 0 4 2 5 5 0 4 5 5 5 5 5 0 0 0
0 52 5 0 0 0 4 0 4 0 0 0 0 0 4 0 0 0 0 0 0 4 0 0 0 0 0 4 0 0 0 0 0 0 4 2 5 5 0 0 0 0 0 4 2 5 0 0 4 0 0 0 0 0
0 58 5 0 0 0 0 0 0 4 0 0 4 0 0 0 0 0 0 4 0 0 4 0 0 0 0 0 0 4 0 0 0 0 4 2 5 5 0 0 0 4 0 0 0 0 0 0 4 0 0 0 0 0 0 4 0 0 0 0
0 85 5 5 5 5 5 0 0 4 0 0 4 0 0 0 4 0 0 0 0 0 0 4 0 0 4 2 5 5 0 0 0 0 4 0 0 0 0 4 0 0 0 4 0 4 0 0 0 4 0 0 0 0 4 5 5 5 0 0 0 0 0 4 0 0 4 0 0 0 4 0 0 0 0 0 4 0 0 0 0 0 4 0 0 0 0
0 70 5 0 0 0 0 0 0 4 0 0 4 0 0 0 0 0 0 4 0 0 4 0 0 0 0 0 0 4 0 0 0 0 4 2 5 5 0 0 0 4 0 0 0 0 0 0 4 0 0 0 0 0 0 4 0 0 0 0 0 0 4 0 0 0 0 4 0 0 0 0
0 29 5 0 0 0 0 4 0 0 0 0 0 0 4 0 0 0 0 0 0 4 0 4 2 5 0 0 0 4 0
0 32 5 4 0 0 0 0 4 0 4 0 0 0 4 0 4 2 5 5 0 4 0 0 0 0 0 0 4 5 5 5 5 0
0 22 5 0 0 0 0 0 0 4 0 0 4 0 0 0 0 0 0 4 0 0 4 0
0 3 0 0 0
0 1 0
0 46 5 0 0 4 4 0 0 0 4 0 4 2 5 4 0 0 0 0 0 4 2 5 0 0 4 4 2 5 0 0 0 0 4 0 0 0 0 4 0 4 0 4 0 0 0 0
0 46 5 0 4 0 4 0 4 0 0 0 4 0 0 4 0 0 0 4 2 5 5 0 0 0 0 0 4 0 0 0 0 0 4 0 0 0 0 0 4 2 5 0 0 0 4 0
0 31 5 0 0 0 4 0 4 0 0 0 0 0 4 0 0 0 0 0 0 4 0 0 0 0 0 4 0 0 0 0 0
0 52 5 0 4 0 4 0 4 0 0 0 4 0 0 4 0 0 0 4 2 5 5 0 0 0 0 0 4 0 0 0 0 0 4 0 0 0 0 0 4 2 5 0 0 0 4 0 0 0 0 0 4 0
0 34 5 4 0 0 0 4 0 0 0 4 5 4 0 0 0 0 4 2 5 0 0 0 0 0 0 4 0 0 0 0 4 0 4 0
0 10 5 0 0 0 0 4 0 0 0 0
0 76 5 5 5 5 5 0 0 4 0 0 4 0 0 0 4 0 0 0 0 0 0 4 0 0 4 2 5 5 0 0 0 0 4 0 0 0 0 4 0 0 0 4 0 4 0 0 0 4 0 0 0 0 4 5 5 5 0 0 0 0 0 4 0 0 4 0 0 0 4 0 0 0 0 0 4 0
0 64 5 0 0 0 0 0 0 4 0 0 4 0 0 0 0 0 0 4 0 0 4 0 0 0 0 0 0 4 0 0 0 0 4 2 5 5 0 0 0 4 0 0 0 0 0 0 4 0 0 0 0 0 0 4 0 0 0 0 0 0 4 0 0 0
0 23 5 0 4 0 4 0 0 4 2 5 5 0 0 0 0 4 2 5 5 0 0 0 0
0 15 5 4 0 0 0 4 0 0 0 4 5 4 0 0 0
0 45 5 0 0 0 4 0 4 0 0 0 0 0 4 0 0 0 0 0 0 4 0 0 0 0 0 4 0 0 0 0 0 0 4 2 5 5 0 0 0 0 0 4 2 5 0
0 18 5 0 0 4 4 0 0 0 4 0 4 2 5 4 0 0 0 0
0 11 5 0 0 0 0 4 0 0 4 0 0
0 44 5 4 0 0 0 4 0 0 0 4 5 4 0 0 0 0 4 2 5 0 0 0 0 0 0 4 0 0 0 0 4 0 4 0 0 0 0 0 0 4 2 5 5 0
0 57 5 0 0 0 0 4 0 0 0 0 0 0 4 0 0 0 0 0 0 4 0 4 2 5 0 0 0 4 0 0 0 4 0 0 4 0 4 2 5 0 4 0 0 0 0 0 0 4 0 4 0 0 4 2 5 5 0
0 37 5 0 4 0 4 0 4 0 0 0 4 0 0 4 0 0 0 4 2 5 5 0 0 0 0 0 4 0 0 0 0 0 4 0 0 0 0
0 12 5 0 4 0 4 0 4 0 0 0 4 0
0 7 5 0 0 0 4 0 0
0 39 5 0 0 0 4 0 4 0 0 0 0 0 4 0 0 0 0 0 0 4 0 0 0 0 0 4 0 0 0 0 0 0 4 2 5 5 0 0 0
0 65 5 4 0 0 0 0 4 0 4 0 0 0 4 0 4 2 5 5 0 4 0 0 0 0 0 0 4 5 5 5 5 0 0 4 0 0 0 0 0 0 4 0 0 0 4 5 5 5 5 0 0 0 4 0 0 0 0 4 0 0 0 4 0 0 0
0 45 5 0 0 4 4 0 0 0 4 0 4 2 5 4 0 0 0 0 0 4 2 5 0 0 4 4 2 5 0 0 0 0 4 0 0 0 0 4 0 4 0 4 0 0 0
0 23 5 0 0 0 4 0 4 0 0 0 0 0 4 0 0 0 0 0 0 4 0 0 0
0 53 5 0 0 0 0 0 0 4 0 0 4 0 0 0 0 0 0 4 0 0 4 0 0 0 0 0 0 4 0 0 0 0 4 2 5 5 0 0 0 4 0 0 0 0 0 0 4 0 0 0 0 0 0
0 41 5 5 5 5 0 0 0 0 0 0 4 0 0 0 4 0 0 0 0 4 0 0 0 0 4 0 0 0 0 0 4 2 5 5 0 0 0 4 0 0 0
0 39 5 4 0 0 0 0 4 0 4 0 0 0 4 0 4 2 5 5 0 4 0 0 0 0 0 0 4 5 5 5 5 0 0 4 0 0 0 0 0
0 101 5 0 0 0 0 0 0 4 0 0 4 0 0 0 0 0 0 4 0 0 4 0 0 0 0 0 0 4 0 0 0 0 4 2 5 5 0 0 0 4 0 0 0 0 0 0 4 0 0 0 0 0 0 4 0 0 0 0 0 0 4 0 0 0 0 4 0 0 0 0 0 4 2 5 5 0 4 0 0 0 0 0 4 2 5 0 0 4 2 5 2 5 0 0 0 4 0 0 4 4 0
0 37 5 0 0 0 4 0 0 0 0 0 0 4 0 4 0 0 0 4 2 5 5 0 4 5 5 5 5 5 0 0 0 4 0 0 0 4 0
0 52 5 4 0 0 0 4 0 0 0 4 5 4 0 0 0 0 4 2 5 0 0 0 0 0 0 4 0 0 0 0 4 0 4 0 0 0 0 0 0 4 2 5 5 0 0 4 0 0 0 4 0 0
0 94 5 4 0 0 0 0 4 0 4 0 0 0 4 0 4 2 5 5 0 4 0 0 0 0 0 0 4 5 5 5 5 0 0 4 0 0 0 0 0 0 4 0 0 0 4 5 5 5 5 0 0 0 4 0 0 0 0 4 0 0 0 4 0 0 0 0 0 0 4 0 4 5 5 5 5 5 0 0 0 0 0 0 4 4 4 0 0 0 0 0 4 0 0 0
0 23 5 5 5 5 0 0 0 0 0 0 4 0 0 0 4 0 0 0 0 4 0 0 0
0 30 5 5 0 0 0 0 4 5 5 5 5 5 0 0 0 0 4 0 0 0 0 0 0 4 2 5 2 5 5 0
0 82 5 0 4 0 4 0 4 0 0 0 4 0 0 4 0 0 0 4 2 5 5 0 0 0 0 0 4 0 0 0 0 0 4 0 0 0 0 0 4 2 5 0 0 0 4 0 0 0 0 0 4 0 0 0 0 0 4 2 5 0 0 0 0 0 0 4 0 0 4 0 0 0 0 4 2 5 5 0 0 4 0 0
0 100 5 5 5 5 5 0 0 4 0 0 4 0 0 0 4 0 0 0 0 0 0 4 0 0 4 2 5 5 0 0 0 0 4 0 0 0 0 4 0 0 0 4 0 4 0 0 0 4 0 0 0 0 4 5 5 5 0 0 0 0 0 4 0 0 4 0 0 0 4 0 0 0 0 0 4 0 0 0 0 0 4 0 0 0 0 0 0 4 5 5 5 5 5 5 5 0 0 0 0 0
0 64 5 0 4 0 4 0 4 0 0 0 4 0 0 4 0 0 0 4 2 5 5 0 0 0 0 0 4 0 0 0 0 0 4 0 0 0 0 0 4 2 5 0 0 0 4 0 0 0 0 0 4 0 0 0 0 0 4 2 5 0 0 0 0 0
0 14 5 4 0 0 0 0 4 0 4 0 0 0 4 0
0 50 5 4 0 0 0 0 4 0 4 0 0 0 4 0 4 2 5 5 0 4 0 0 0 0 0 0 4 5 5 5 5 0 0 4 0 0 0 0 0 0 4 0 0 0 4 5 5 5 5 0
0 20 5 5 5 5 5 0 0 4 0 0 4 0 0 0 4 0 0 0 0 0
0 81 5 0 4 0 4 0 4 0 0 0 4 0 0 4 0 0 0 4 2 5 5 0 0 0 0 0 4 0 0 0 0 0 4 0 0 0 0 0 4 2 5 0 0 0 4 0 0 0 0 0 4 0 0 0 0 0 4 2 5 0 0 0 0 0 0 4 0 0 4 0 0 0 0 4 2 5 5 0 0 4 0
0 34 5 5 5 5 5 0 0 4 0 0 4 0 0 0 4 0 0 0 0 0 0 4 0 0 4 2 5 5 0 0 0 0 4 0
0 55 5 0 4 0 4 0 4 0 0 0 4 0 0 4 0 0 0 4 2 5 5 0 0 0 0 0 4 0 0 0 0 0 4 0 0 0 0 0 4 2 5 0 0 0 4 0 0 0 0 0 4 0 0 0 0
0 15 5 0 4 0 4 0 0 4 2 5 5 0 0 0 0
0 6 0 0 0 0 0 0
0 69 5 0 0 0 4 0 4 0 0 4 4 0 4 2 5 2 5 5 0 4 2 5 5 0 0 0 0 4 0 0 0 0 0 0 4 0 0 0 0 0 0 4 0 0 0 0 4 0 0 0 4 0 0 0 0 0 4 2 5 5 0 4 0 0 0 0 4 0 0
0 27 5 5 5 5 0 0 0 0 0 0 4 0 0 0 4 0 0 0 0 4 0 0 0 0 4 0 0
0 18 5 4 0 0 0 4 0 4 0 0 0 4 2 5 5 0 0 0
0 31 5 4 0 0 0 4 0 4 0 0 0 4 2 5 5 0 0 0 0 4 0 0 0 0 0 0 4 0 0 0 0
0 4 0 0 4 2
0 72 5 5 5 5 5 0 0 4 0 0 4 0 0 0 4 0 0 0 0 0 0 4 0 0 4 2 5 5 0 0 0 0 4 0 0 0 0 4 0 0 0 4 0 4 0 0 0 4 0 0 0 0 4 5 5 5 0 0 0 0 0 4 0 0 4 0 0 0 4 0 0 0
0 41 5 0 0 0 4 0 0 0 0 0 0 4 0 4 0 0 0 4 2 5 5 0 4 5 5 5 5 5 0 0 0 4 0 0 0 4 0 0 0 0 0
0 28 5 5 5 5 0 0 0 0 0 0 4 0 0 0 4 0 0 0 0 4 0 0 0 0 4 0 0 0
0 5 5 0 4 0 0
0 54 5 5 5 5 0 0 0 0 0 0 4 0 0 0 4 0 0 0 0 4 0 0 0 0 4 0 0 0 0 0 4 2 5 5 0 0 0 4 0 0 0 0 0 4 2 5 0 0 0 0 4 2 5 0
0 3 1 1 1
0 8 5 0 0 4 4 0 0 0
0 49 5 0 0 4 4 0 0 0 4 0 4 2 5 4 0 0 0 0 0 4 2 5 0 0 4 4 2 5 0 0 0 0 4 0 0 0 0 4 0 4 0 4 0 0 0 0 4 5 0
0 46 5 0 0 0 4 0 4 0 0 0 0 0 4 0 0 0 0 0 0 4 0 0 0 0 0 4 0 0 0 0 0 0 4 2 5 5 0 0 0 0 0 4 2 5 0 0
0 8 5 0 4 0 4 0 4 0
0 24 5 0 4 0 4 0 4 0 0 0 4 0 0 4 0 0 0 4 2 5 5 0 0 0
0 25 5 0 4 0 0 4 4 0 4 0 4 2 5 5 0 0 0 4 0 0 4 0 0 4 0
0 40 5 5 5 5 0 0 0 0 0 0 4 0 0 0 4 0 0 0 0 4 0 0 0 0 4 0 0 0 0 0 4 2 5 5 0 0 0 4 0 0
0 103 5 5 5 5 5 0 0 4 0 0 4 0 0 0 4 0 0 0 0 0 0 4 0 0 4 2 5 5 0 0 0 0 4 0 0 0 0 4 0 0 0 4 0 4 0 0 0 4 0 0 0 0 4 5 5 5 0 0 0 0 0 4 0 0 4 0 0 0 4 0 0 0 0 0 4 0 0 0 0 0 4 0 0 0 0 0 0 4 5 5 5 5 5 5 5 0 0 0 0 0 4 0 0
0 21 5 5 5 5 5 0 0 4 0 0 4 0 0 0 4 0 0 0 0 0 0
0 2 0 4
0 35 5 0 0 0 4 0 0 0 0 0 0 4 0 4 0 0 0 4 2 5 5 0 4 5 5 5 5 5 0 0 0 4 0 0 0
0 9 5 5 5 5 0 0 0 0 0
0 7 5 4 0 0 4 0 0
0 73 5 0 4 0 4 0 4 0 0 0 4 0 0 4 0 0 0 4 2 5 5 0 0 0 0 0 4 0 0 0 0 0 4 0 0 0 0 0 4 2 5 0 0 0 4 0 0 0 0 0 4 0 0 0 0 0 4 2 5 0 0 0 0 0 0 4 0 0 4 0 0 0 0
0 4 1 1 1 4
0 19 5 0 0 4 4 0 0 0 4 0 4 2 5 4 0 0 0 0 0
0 15 5 0 0 0 4 0 4 0 0 0 0 0 4 0 0
0 40 5 5 5 5 5 0 0 4 0 0 4 0 0 0 4 0 0 0 0 0 0 4 0 0 4 2 5 5 0 0 0 0 4 0 0 0 0 4 0 0
0 10 5 4 0 0 0 4 0 4 0 0
0 29 5 0 0 0 0 0 0 4 0 0 4 0 0 0 0 0 0 4 0 0 4 0 0 0 0 0 0 4 0
0 48 5 5 5 5 0 0 0 0 0 0 4 0 0 0 4 0 0 0 0 4 0 0 0 0 4 0 0 0 0 0 4 2 5 5 0 0 0 4 0 0 0 0 0 4 2 5 0 0
0 64 5 5 5 5 5 0 0 4 0 0 4 0 0 0 4 0 0 0 0 0 0 4 0 0 4 2 5 5 0 0 0 0 4 0 0 0 0 4 0 0 0 4 0 4 0 0 0 4 0 0 0 0 4 5 5 5 0 0 0 0 0 4 0 0
0 24 5 5 5 5 5 0 0 4 0 0 4 0 0 0 4 0 0 0 0 0 0 4 0 0
0 57 5 4 0 0 0 0 4 0 4 0 0 0 4 0 4 2 5 5 0 4 0 0 0 0 0 0 4 5 5 5 5 0 0 4 0 0 0 0 0 0 4 0 0 0 4 5 5 5 5 0 0 0 4 0 0 0 0
0 14 4 1 1 1 1 1 1 1 1 1 1 1 1 4
0 4 0 0 0 4
0 61 5 0 0 0 4 0 4 0 0 4 4 0 4 2 5 2 5 5 0 4 2 5 5 0 0 0 0 4 0 0 0 0 0 0 4 0 0 0 0 0 0 4 0 0 0 0 4 0 0 0 4 0 0 0 0 0 4 2 5 5 0
0 18 5 5 5 5 0 0 0 0 0 0 4 0 0 0 4 0 0 0
0 87 5 5 5 5 5 0 0 4 0 0 4 0 0 0 4 0 0 0 0 0 0 4 0 0 4 2 5 5 0 0 0 0 4 0 0 0 0 4 0 0 0 4 0 4 0 0 0 4 0 0 0 0 4 5 5 5 0 0 0 0 0 4 0 0 4 0 0 0 4 0 0 0 0 0 4 0 0 0 0 0 4 0 0 0 0 0 0
0 102 5 0 0 0 0 0 0 4 0 0 4 0 0 0 0 0 0 4 0 0 4 0 0 0 0 0 0 4 0 0 0 0 4 2 5 5 0 0 0 4 0 0 0 0 0 0 4 0 0 0 0 0 0 4 0 0 0 0 0 0 4 0 0 0 0 4 0 0 0 0 0 4 2 5 5 0 4 0 0 0 0 0 4 2 5 0 0 4 2 5 2 5 0 0 0 4 0 0 4 4 0 0
0 5 1 1 1 1 1
0 50 5 0 0 0 4 0 4 0 0 4 4 0 4 2 5 2 5 5 0 4 2 5 5 0 0 0 0 4 0 0 0 0 0 0 4 0 0 0 0 0 0 4 0 0 0 0 4 0 0 0
0 25 5 0 0 0 0 4 0 0 0 0 0 0 4 0 0 0 0 0 0 4 0 4 2 5 0
0 33 5 0 0 0 4 0 4 0 0 4 4 0 4 2 5 2 5 5 0 4 2 5 5 0 0 0 0 4 0 0 0 0 0
0 63 5 0 0 0 0 0 0 4 0 0 4 0 0 0 0 0 0 4 0 0 4 0 0 0 0 0 0 4 0 0 0 0 4 2 5 5 0 0 0 4 0 0 0 0 0 0 4 0 0 0 0 0 0 4 0 0 0 0 0 0 4 0 0
0 15 5 0 4 0 4 0 4 0 0 0 4 0 0 4 0
0 30 5 0 0 0 4 0 4 0 0 0 0 0 4 0 0 0 0 0 0 4 0 0 0 0 0 4 0 0 0 0
0 80 5 0 0 0 0 0 0 4 0 0 4 0 0 0 0 0 0 4 0 0 4 0 0 0 0 0 0 4 0 0 0 0 4 2 5 5 0 0 0 4 0 0 0 0 0 0 4 0 0 0 0 0 0 4 0 0 0 0 0 0 4 0 0 0 0 4 0 0 0 0 0 4 2 5 5 0 4 0 0 0
0 68 5 0 0 0 4 0 4 0 0 4 4 0 4 2 5 2 5 5 0 4 2 5 5 0 0 0 0 4 0 0 0 0 0 0 4 0 0 0 0 0 0 4 0 0 0 0 4 0 0 0 4 0 0 0 0 0 4 2 5 5 0 4 0 0 0 0 4 0
0 47 5 0 4 0 4 0 0 4 2 5 5 0 0 0 0 4 2 5 5 0 0 0 0 0 4 0 0 0 4 0 0 0 0 4 0 0 0 0 4 0 0 0 4 2 5 0 0
0 17 5 0 0 0 4 0 4 0 0 0 0 0 4 0 0 0 0
0 10 5 0 0 0 0 0 0 4 0 0
0 88 5 0 0 0 4 0 4 0 0 4 4 0 4 2 5 2 5 5 0 4 2 5 5 0 0 0 0 4 0 0 0 0 0 0 4 0 0 0 0 0 0 4 0 0 0 0 4 0 0 0 4 0 0 0 0 0 4 2 5 5 0 4 0 0 0 0 4 0 0 0 0 4 0 4 5 5 5 5 5 5 0 0 4 0 0 0 0 0
0 3 5 4 0
0 44 5 4 0 0 0 0 4 0 4 0 0 0 4 0 4 2 5 5 0 4 0 0 0 0 0 0 4 5 5 5 5 0 0 4 0 0 0 0 0 0 4 0 0 0
0 12 5 5 5 5 5 0 0 4 0 0 4 0
0 29 5 0 4 0 0 4 4 0 4 0 4 2 5 5 0 0 0 4 0 0 4 0 0 4 0 0 0 0 0
0 21 5 4 0 0 0 4 0 0 0 4 5 4 0 0 0 0 4 2 5 0 0
0 1 4
0 48 5 0 4 0 4 0 4 0 0 0 4 0 0 4 0 0 0 4 2 5 5 0 0 0 0 0 4 0 0 0 0 0 4 0 0 0 0 0 4 2 5 0 0 0 4 0 0 0
0 32 5 0 4 0 4 0 4 0 0 0 4 0 0 4 0 0 0 4 2 5 5 0 0 0 0 0 4 0 0 0 0 0
0 66 5 4 0 0 0 0 4 0 4 0 0 0 4 0 4 2 5 5 0 4 0 0 0 0 0 0 4 5 5 5 5 0 0 4 0 0 0 0 0 0 4 0 0 0 4 5 5 5 5 0 0 0 4 0 0 0 0 4 0 0 0 4 0 0 0 0
0 32 5 0 0 0 4 0 4 0 0 4 4 0 4 2 5 2 5 5 0 4 2 5 5 0 0 0 0 4 0 0 0 0
0 68 5 4 0 0 0 0 4 0 4 0 0 0 4 0 4 2 5 5 0 4 0 0 0 0 0 0 4 5 5 5 5 0 0 4 0 0 0 0 0 0 4 0 0 0 4 5 5 5 5 0 0 0 4 0 0 0 0 4 0 0 0 4 0 0 0 0 0 0
0 97 5 5 5 5 5 0 0 4 0 0 4 0 0 0 4 0 0 0 0 0 0 4 0 0 4 2 5 5 0 0 0 0 4 0 0 0 0 4 0 0 0 4 0 4 0 0 0 4 0 0 0 0 4 5 5 5 0 0 0 0 0 4 0 0 4 0 0 0 4 0 0 0 0 0 4 0 0 0 0 0 4 0 0 0 0 0 0 4 5 5 5 5 5 5 5 0 0
0 43 5 0 4 0 4 0 4 0 0 0 4 0 0 4 0 0 0 4 2 5 5 0 0 0 0 0 4 0 0 0 0 0 4 0 0 0 0 0 4 2 5 0 0
0 19 5 5 5 5 5 0 0 4 0 0 4 0 0 0 4 0 0 0 0
0 22 5 4 0 0 0 0 4 0 4 0 0 0 4 0 4 2 5 5 0 4 0 0
0 52 5 5 5 5 5 0 0 4 0 0 4 0 0 0 4 0 0 0 0 0 0 4 0 0 4 2 5 5 0 0 0 0 4 0 0 0 0 4 0 0 0 4 0 4 0 0 0 4 0 0 0 0
0 35 5 5 5 5 0 0 0 0 0 0 4 0 0 0 4 0 0 0 0 4 0 0 0 0 4 0 0 0 0 0 4 2 5 5 0
0 76 5 0 0 0 0 0 0 4 0 0 4 0 0 0 0 0 0 4 0 0 4 0 0 0 0 0 0 4 0 0 0 0 4 2 5 5 0 0 0 4 0 0 0 0 0 0 4 0 0 0 0 0 0 4 0 0 0 0 0 0 4 0 0 0 0 4 0 0 0 0 0 4 2 5 5 0
0 42 5 0 4 0 4 0 0 4 2 5 5 0 0 0 0 4 2 5 5 0 0 0 0 0 4 0 0 0 4 0 0 0 0 4 0 0 0 0 4 0 0 0
0 23 5 5 0 0 0 0 4 5 5 5 5 5 0 0 0 0 4 0 0 0 0 0 0
0 92 5 4 0 0 0 0 4 0 4 0 0 0 4 0 4 2 5 5 0 4 0 0 0 0 0 0 4 5 5 5 5 0 0 4 0 0 0 0 0 0 4 0 0 0 4 5 5 5 5 0 0 0 4 0 0 0 0 4 0 0 0 4 0 0 0 0 0 0 4 0 4 5 5 5 5 5 0 0 0 0 0 0 4 4 4 0 0 0 0 0 4 0
0 89 5 4 0 0 0 0 4 0 4 0 0 0 4 0 4 2 5 5 0 4 0 0 0 0 0 0 4 5 5 5 5 0 0 4 0 0 0 0 0 0 4 0 0 0 4 5 5 5 5 0 0 0 4 0 0 0 0 4 0 0 0 4 0 0 0 0 0 0 4 0 4 5 5 5 5 5 0 0 0 0 0 0 4 4 4 0 0 0 0
0 54 5 0 0 0 4 0 4 0 0 4 4 0 4 2 5 2 5 5 0 4 2 5 5 0 0 0 0 4 0 0 0 0 0 0 4 0 0 0 0 0 0 4 0 0 0 0 4 0 0 0 4 0 0 0
0 8 5 4 0 0 0 0 4 0
0 38 5 0 0 0 4 0 0 0 0 0 0 4 0 4 0 0 0 4 2 5 5 0 4 5 5 5 5 5 0 0 0 4 0 0 0 4 0 0
0 23 5 0 0 0 0 0 0 4 0 0 4 0 0 0 0 0 0 4 0 0 4 0 0
0 10 5 0 0 4 4 0 0 0 4 0
0 4 5 5 0 0
0 62 5 0 4 0 4 0 4 0 0 0 4 0 0 4 0 0 0 4 2 5 5 0 0 0 0 0 4 0 0 0 0 0 4 0 0 0 0 0 4 2 5 0 0 0 4 0 0 0 0 0 4 0 0 0 0 0 4 2 5 0 0 0
0 37 5 0 0 0 0 4 0 0 4 0 0 0 0 0 4 5 5 5 5 5 5 0 0 0 0 0 0 4 2 5 5 0 0 0 0 4 0
0 17 5 0 4 0 4 0 4 0 0 0 4 0 0 4 0 0 0
0 39 5 5 5 5 5 0 0 4 0 0 4 0 0 0 4 0 0 0 0 0 0 4 0 0 4 2 5 5 0 0 0 0 4 0 0 0 0 4 0
0 11 5 0 0 0 0 4 0 0 0 0 0
0 34 5 0 0 0 0 4 0 0 4 0 0 0 0 0 4 5 5 5 5 5 5 0 0 0 0 0 0 4 2 5 5 0 0 0
0 27 5 0 0 0 4 0 4 0 0 0 0 0 4 0 0 0 0 0 0 4 0 0 0 0 0 4 0
0 16 5 5 5 5 5 0 0 4 0 0 4 0 0 0 4 0
0 67 5 4 0 0 0 0 4 0 4 0 0 0 4 0 4 2 5 5 0 4 0 0 0 0 0 0 4 5 5 5 5 0 0 4 0 0 0 0 0 0 4 0 0 0 4 5 5 5 5 0 0 0 4 0 0 0 0 4 0 0 0 4 0 0 0 0 0
0 7 5 0 0 0 0 0 0
0 26 5 0 4 0 4 0 4 0 0 0 4 0 0 4 0 0 0 4 2 5 5 0 0 0 0 0
0 99 5 5 5 5 5 0 0 4 0 0 4 0 0 0 4 0 0 0 0 0 0 4 0 0 4 2 5 5 0 0 0 0 4 0 0 0 0 4 0 0 0 4 0 4 0 0 0 4 0 0 0 0 4 5 5 5 0 0 0 0 0 4 0 0 4 0 0 0 4 0 0 0 0 0 4 0 0 0 0 0 4 0 0 0 0 0 0 4 5 5 5 5 5 5 5 0 0 0 0
0 50 5 5 5 5 0 0 0 0 0 0 4 0 0 0 4 0 0 0 0 4 0 0 0 0 4 0 0 0 0 0 4 2 5 5 0 0 0 4 0 0 0 0 0 4 2 5 0 0 0 0
0 59 5 0 0 4 4 0 0 0 4 0 4 2 5 4 0 0 0 0 0 4 2 5 0 0 4 4 2 5 0 0 0 0 4 0 0 0 0 4 0 4 0 4 0 0 0 0 4 5 0 4 4 0 0 0 4 2 5 5 0
0 86 5 5 5 5 5 0 0 4 0 0 4 0 0 0 4 0 0 0 0 0 0 4 0 0 4 2 5 5 0 0 0 0 4 0 0 0 0 4 0 0 0 4 0 4 0 0 0 4 0 0 0 0 4 5 5 5 0 0 0 0 0 4 0 0 4 0 0 0 4 0 0 0 0 0 4 0 0 0 0 0 4 0 0 0 0 0
0 47 5 5 5 5 5 0 0 4 0 0 4 0 0 0 4 0 0 0 0 0 0 4 0 0 4 2 5 5 0 0 0 0 4 0 0 0 0 4 0 0 0 4 0 4 0 0 0
0 68 5 5 5 5 0 0 0 0 0 0 4 0 0 0 4 0 0 0 0 4 0 0 0 0 4 0 0 0 0 0 4 2 5 5 0 0 0 4 0 0 0 0 0 4 2 5 0 0 0 0 4 2 5 0 4 0 0 4 0 0 0 4 0 0 0 4 0 0
0 29 5 5 5 5 5 0 0 4 0 0 4 0 0 0 4 0 0 0 0 0 0 4 0 0 4 2 5 5 0
0 41 5 0 0 4 4 0 0 0 4 0 4 2 5 4 0 0 0 0 0 4 2 5 0 0 4 4 2 5 0 0 0 0 4 0 0 0 0 4 0 4 0
0 27 5 0 0 0 0 4 0 0 4 0 0 0 0 0 4 5 5 5 5 5 5 0 0 0 0 0 0
0 44 5 0 0 0 0 0 0 4 0 0 4 0 0 0 0 0 0 4 0 0 4 0 0 0 0 0 0 4 0 0 0 0 4 2 5 5 0 0 0 4 0 0 0 0
0 32 5 5 0 0 0 0 4 5 5 5 5 5 0 0 0 0 4 0 0 0 0 0 0 4 2 5 2 5 5 0 0 0
0 71 5 5 5 5 5 0 0 4 0 0 4 0 0 0 4 0 0 0 0 0 0 4 0 0 4 2 5 5 0 0 0 0 4 0 0 0 0 4 0 0 0 4 0 4 0 0 0 4 0 0 0 0 4 5 5 5 0 0 0 0 0 4 0 0 4 0 0 0 4 0 0
0 43 5 5 5 5 0 0 0 0 0 0 4 0 0 0 4 0 0 0 0 4 0 0 0 0 4 0 0 0 0 0 4 2 5 5 0 0 0 4 0 0 0 0 0
0 71 5 0 4 0 4 0 4 0 0 0 4 0 0 4 0 0 0 4 2 5 5 0 0 0 0 0 4 0 0 0 0 0 4 0 0 0 0 0 4 2 5 0 0 0 4 0 0 0 0 0 4 0 0 0 0 0 4 2 5 0 0 0 0 0 0 4 0 0 4 0 0
0 46 5 0 0 0 0 0 0 4 0 0 4 0 0 0 0 0 0 4 0 0 4 0 0 0 0 0 0 4 0 0 0 0 4 2 5 5 0 0 0 4 0 0 0 0 0 0
0 5 0 0 0 0 4
0 11 5 2 5 5 4 4 0 0 0 0 0
0 28 5 4 0 0 0 4 0 0 0 4 5 4 0 0 0 0 4 2 5 0 0 0 0 0 0 4 0 0
0 88 5 4 0 0 0 0 4 0 4 0 0 0 4 0 4 2 5 5 0 4 0 0 0 0 0 0 4 5 5 5 5 0 0 4 0 0 0 0 0 0 4 0 0 0 4 5 5 5 5 0 0 0 4 0 0 0 0 4 0 0 0 4 0 0 0 0 0 0 4 0 4 5 5 5 5 5 0 0 0 0 0 0 4 4 4 0 0 0
0 32 5 5 5 5 5 0 0 4 0 0 4 0 0 0 4 0 0 0 0 0 0 4 0 0 4 2 5 5 0 0 0 0
0 50 5 0 0 0 4 0 4 0 0 0 0 0 4 0 0 0 0 0 0 4 0 0 0 0 0 4 0 0 0 0 0 0 4 2 5 5 0 0 0 0 0 4 2 5 0 0 4 0 0 0
0 11 5 0 0 0 4 0 0 0 0 0 0
0 81 5 4 0 0 0 0 4 0 4 0 0 0 4 0 4 2 5 5 0 4 0 0 0 0 0 0 4 5 5 5 5 0 0 4 0 0 0 0 0 0 4 0 0 0 4 5 5 5 5 0 0 0 4 0 0 0 0 4 0 0 0 4 0 0 0 0 0 0 4 0 4 5 5 5 5 5 0 0 0 0 0
0 40 5 0 0 0 4 0 4 0 0 4 4 0 4 2 5 2 5 5 0 4 2 5 5 0 0 0 0 4 0 0 0 0 0 0 4 0 0 0 0 0
0 71 5 0 0 0 4 0 4 0 0 4 4 0 4 2 5 2 5 5 0 4 2 5 5 0 0 0 0 4 0 0 0 0 0 0 4 0 0 0 0 0 0 4 0 0 0 0 4 0 0 0 4 0 0 0 0 0 4 2 5 5 0 4 0 0 0 0 4 0 0 0 0
0 30 5 5 5 5 0 0 0 0 0 0 4 0 0 0 4 0 0 0 0 4 0 0 0 0 4 0 0 0 0 0
0 85 5 0 4 0 4 0 4 0 0 0 4 0 0 4 0 0 0 4 2 5 5 0 0 0 0 0 4 0 0 0 0 0 4 0 0 0 0 0 4 2 5 0 0 0 4 0 0 0 0 0 4 0 0 0 0 0 4 2 5 0 0 0 0 0 0 4 0 0 4 0 0 0 0 4 2 5 5 0 0 4 0 0 4 4 0
0 25 5 0 0 0 4 0 4 0 0 0 0 0 4 0 0 0 0 0 0 4 0 0 0 0 0
0 24 5 0 0 0 0 0 0 4 0 0 4 0 0 0 0 0 0 4 0 0 4 0 0 0
0 22 5 0 0 0 4 0 0 0 0 0 0 4 0 4 0 0 0 4 2 5 5 0
0 37 5 0 0 0 0 0 0 4 0 0 4 0 0 0 0 0 0 4 0 0 4 0 0 0 0 0 0 4 0 0 0 0 4 2 5 5 0
0 22 5 4 0 0 0 4 0 4 0 0 0 4 2 5 5 0 0 0 0 4 0 0
0 36 5 0 4 0 4 0 4 0 0 0 4 0 0 4 0 0 0 4 2 5 5 0 0 0 0 0 4 0 0 0 0 0 4 0 0 0
0 19 5 4 0 0 0 4 0 4 0 0 0 4 2 5 5 0 0 0 0
0 31 5 2 5 5 4 4 0 0 0 0 0 0 4 4 5 5 5 5 5 0 0 0 4 2 5 5 2 5 5 0 0
0 84 5 5 5 5 5 0 0 4 0 0 4 0 0 0 4 0 0 0 0 0 0 4 0 0 4 2 5 5 0 0 0 0 4 0 0 0 0 4 0 0 0 4 0 4 0 0 0 4 0 0 0 0 4 5 5 5 0 0 0 0 0 4 0 0 4 0 0 0 4 0 0 0 0 0 4 0 0 0 0 0 4 0 0 0
0 24 5 0 4 0 4 0 0 4 2 5 5 0 0 0 0 4 2 5 5 0 0 0 0 0
0 36 5 4 0 0 0 0 4 0 4 0 0 0 4 0 4 2 5 5 0 4 0 0 0 0 0 0 4 5 5 5 5 0 0 4 0 0
0 16 5 0 0 0 4 0 0 0 0 0 0 4 0 4 0 0
0 38 5 0 0 0 0 4 0 0 4 0 0 0 0 0 4 5 5 5 5 5 5 0 0 0 0 0 0 4 2 5 5 0 0 0 0 4 0 0
0 30 5 0 0 0 4 0 0 0 0 0 0 4 0 4 0 0 0 4 2 5 5 0 4 5 5 5 5 5 0 0
0 27 5 0 0 0 4 0 4 0 0 4 4 0 4 2 5 2 5 5 0 4 2 5 5 0 0 0 0
0 11 5 4 0 0 0 4 0 4 0 0 0
0 7 5 5 5 5 5 0 0
0 45 5 0 0 0 0 4 0 0 0 0 0 0 4 0 0 0 0 0 0 4 0 4 2 5 0 0 0 4 0 0 0 4 0 0 4 0 4 2 5 0 4 0 0 0 0
0 29 5 0 0 0 4 0 0 0 0 0 0 4 0 4 0 0 0 4 2 5 5 0 4 5 5 5 5 5 0
0 59 5 0 0 0 0 0 0 4 0 0 4 0 0 0 0 0 0 4 0 0 4 0 0 0 0 0 0 4 0 0 0 0 4 2 5 5 0 0 0 4 0 0 0 0 0 0 4 0 0 0 0 0 0 4 0 0 0 0 0
0 82 5 0 0 0 0 0 0 4 0 0 4 0 0 0 0 0 0 4 0 0 4 0 0 0 0 0 0 4 0 0 0 0 4 2 5 5 0 0 0 4 0 0 0 0 0 0 4 0 0 0 0 0 0 4 0 0 0 0 0 0 4 0 0 0 0 4 0 0 0 0 0 4 2 5 5 0 4 0 0 0 0 0
0 10 5 0 0 0 4 0 4 0 0 0
0 5 5 4 0 0 0
0 36 5 0 4 0 4 0 0 4 2 5 5 0 0 0 0 4 2 5 5 0 0 0 0 0 4 0 0 0 4 0 0 0 0 4 0 0
0 17 5 5 5 5 0 0 0 0 0 0 4 0 0 0 4 0 0
0 84 5 0 0 0 4 0 4 0 0 4 4 0 4 2 5 2 5 5 0 4 2 5 5 0 0 0 0 4 0 0 0 0 0 0 4 0 0 0 0 0 0 4 0 0 0 0 4 0 0 0 4 0 0 0 0 0 4 2 5 5 0 4 0 0 0 0 4 0 0 0 0 4 0 4 5 5 5 5 5 5 0 0 4 0
0 26 5 4 0 0 0 0 4 0 4 0 0 0 4 0 4 2 5 5 0 4 0 0 0 0 0 0
0 68 5 0 0 0 0 0 0 4 0 0 4 0 0 0 0 0 0 4 0 0 4 0 0 0 0 0 0 4 0 0 0 0 4 2 5 5 0 0 0 4 0 0 0 0 0 0 4 0 0 0 0 0 0 4 0 0 0 0 0 0 4 0 0 0 0 4 0 0
0 18 5 5 0 0 0 0 4 5 5 5 5 5 0 0 0 0 4 0
0 48 5 4 0 0 0 4 0 0 0 4 5 4 0 0 0 0 4 2 5 0 0 0 0 0 0 4 0 0 0 0 4 0 4 0 0 0 0 0 0 4 2 5 5 0 0 4 0 0
0 8 5 0 0 0 4 0 0 0
0 8 5 2 5 5 4 4 0 0
0 79 5 5 5 5 5 0 0 4 0 0 4 0 0 0 4 0 0 0 0 0 0 4 0 0 4 2 5 5 0 0 0 0 4 0 0 0 0 4 0 0 0 4 0 4 0 0 0 4 0 0 0 0 4 5 5 5 0 0 0 0 0 4 0 0 4 0 0 0 4 0 0 0 0 0 4 0 0 0 0
0 87 5 4 0 0 0 0 4 0 4 0 0 0 4 0 4 2 5 5 0 4 0 0 0 0 0 0 4 5 5 5 5 0 0 4 0 0 0 0 0 0 4 0 0 0 4 5 5 5 5 0 0 0 4 0 0 0 0 4 0 0 0 4 0 0 0 0 0 0 4 0 4 5 5 5 5 5 0 0 0 0 0 0 4 4 4 0 0
0 31 5 5 0 0 0 0 4 5 5 5 5 5 0 0 0 0 4 0 0 0 0 0 0 4 2 5 2 5 5 0 0
0 10 5 5 5 5 0 0 0 0 0 0
0 14 5 0 0 0 0 4 0 0 0 0 0 0 4 0
0 26 5 0 4 0 4 0 0 4 2 5 5 0 0 0 0 4 2 5 5 0 0 0 0 0 4 0
0 6 5 5 5 5 0 0
0 3 5 5 0
0 61 5 0 4 0 4 0 4 0 0 0 4 0 0 4 0 0 0 4 2 5 5 0 0 0 0 0 4 0 0 0 0 0 4 0 0 0 0 0 4 2 5 0 0 0 4 0 0 0 0 0 4 0 0 0 0 0 4 2 5 0 0
0 87 5 0 0 0 0 0 0 4 0 0 4 0 0 0 0 0 0 4 0 0 4 0 0 0 0 0 0 4 0 0 0 0 4 2 5 5 0 0 0 4 0 0 0 0 0 0 4 0 0 0 0 0 0 4 0 0 0 0 0 0 4 0 0 0 0 4 0 0 0 0 0 4 2 5 5 0 4 0 0 0 0 0 4 2 5 0 0
0 37 5 5 5 5 5 0 0 4 0 0 4 0 0 0 4 0 0 0 0 0 0 4 0 0 4 2 5 5 0 0 0 0 4 0 0 0 0
0 60 5 0 0 0 0 0 0 4 0 0 4 0 0 0 0 0 0 4 0 0 4 0 0 0 0 0 0 4 0 0 0 0 4 2 5 5 0 0 0 4 0 0 0 0 0 0 4 0 0 0 0 0 0 4 0 0 0 0 0 0
0 116 5 5 5 5 5 0 0 4 0 0 4 0 0 0 4 0 0 0 0 0 0 4 0 0 4 2 5 5 0 0 0 0 4 0 0 0 0 4 0 0 0 4 0 4 0 0 0 4 0 0 0 0 4 5 5 5 0 0 0 0 0 4 0 0 4 0 0 0 4 0 0 0 0 0 4 0 0 0 0 0 4 0 0 0 0 0 0 4 5 5 5 5 5 5 5 0 0 0 0 0 4 0 0 0 0 0 0 4 0 4 0 0 0 0 0 0
0 34 5 0 0 4 4 0 0 0 4 0 4 2 5 4 0 0 0 0 0 4 2 5 0 0 4 4 2 5 0 0 0 0 4 0
0 97 5 0 0 0 0 0 0 4 0 0 4 0 0 0 0 0 0 4 0 0 4 0 0 0 0 0 0 4 0 0 0 0 4 2 5 5 0 0 0 4 0 0 0 0 0 0 4 0 0 0 0 0 0 4 0 0 0 0 0 0 4 0 0 0 0 4 0 0 0 0 0 4 2 5 5 0 4 0 0 0 0 0 4 2 5 0 0 4 2 5 2 5 0 0 0 4 0
0 19 5 4 0 0 0 0 4 0 4 0 0 0 4 0 4 2 5 5 0
0 25 5 4 0 0 0 4 0 4 0 0 0 4 2 5 5 0 0 0 0 4 0 0 0 0 0
0 19 5 0 0 0 0 0 0 4 0 0 4 0 0 0 0 0 0 4 0
0 113 5 5 5 5 5 0 0 4 0 0 4 0 0 0 4 0 0 0 0 0 0 4 0 0 4 2 5 5 0 0 0 0 4 0 0 0 0 4 0 0 0 4 0 4 0 0 0 4 0 0 0 0 4 5 5 5 0 0 0 0 0 4 0 0 4 0 0 0 4 0 0 0 0 0 4 0 0 0 0 0 4 0 0 0 0 0 0 4 5 5 5 5 5 5 5 0 0 0 0 0 4 0 0 0 0 0 0 4 0 4 0 0 0
0 70 5 0 0 0 4 0 4 0 0 4 4 0 4 2 5 2 5 5 0 4 2 5 5 0 0 0 0 4 0 0 0 0 0 0 4 0 0 0 0 0 0 4 0 0 0 0 4 0 0 0 4 0 0 0 0 0 4 2 5 5 0 4 0 0 0 0 4 0 0 0
0 31 5 5 5 5 5 0 0 4 0 0 4 0 0 0 4 0 0 0 0 0 0 4 0 0 4 2 5 5 0 0 0
0 21 5 4 0 0 0 0 4 0 4 0 0 0 4 0 4 2 5 5 0 4 0
0 19 5 0 0 0 0 4 0 0 0 0 0 0 4 0 0 0 0 0 0
0 22 5 5 5 5 0 0 0 0 0 0 4 0 0 0 4 0 0 0 0 4 0 0
0 7 5 2 5 5 4 4 0
0 16 5 0 4 0 0 4 4 0 4 0 4 2 5 5 0 0
0 37 5 0 0 0 4 0 4 0 0 4 4 0 4 2 5 2 5 5 0 4 2 5 5 0 0 0 0 4 0 0 0 0 0 0 4 0 0
0 73 5 0 0 0 4 0 4 0 0 4 4 0 4 2 5 2 5 5 0 4 2 5 5 0 0 0 0 4 0 0 0 0 0 0 4 0 0 0 0 0 0 4 0 0 0 0 4 0 0 0 4 0 0 0 0 0 4 2 5 5 0 4 0 0 0 0 4 0 0 0 0 4 0
0 59 5 5 5 5 5 0 0 4 0 0 4 0 0 0 4 0 0 0 0 0 0 4 0 0 4 2 5 5 0 0 0 0 4 0 0 0 0 4 0 0 0 4 0 4 0 0 0 4 0 0 0 0 4 5 5 5 0 0 0
0 54 5 0 0 4 4 0 0 0 4 0 4 2 5 4 0 0 0 0 0 4 2 5 0 0 4 4 2 5 0 0 0 0 4 0 0 0 0 4 0 4 0 4 0 0 0 0 4 5 0 4 4 0 0 0
0 22 5 4 0 0 0 4 0 0 0 4 5 4 0 0 0 0 4 2 5 0 0 0
0 26 5 4 0 0 0 4 0 4 0 0 0 4 2 5 5 0 0 0 0 4 0 0 0 0 0 0
0 14 5 0 4 0 4 0 0 4 2 5 5 0 0 0
0 46 5 5 5 5 5 0 0 4 0 0 4 0 0 0 4 0 0 0 0 0 0 4 0 0 4 2 5 5 0 0 0 0 4 0 0 0 0 4 0 0 0 4 0 4 0 0
0 14 1 1 1 1 1 1 1 1 1 1 1 1 1 4
0 55 5 0 0 0 4 0 0 0 0 0 0 4 0 4 0 0 0 4 2 5 5 0 4 5 5 5 5 5 0 0 0 4 0 0 0 4 0 0 0 0 0 0 4 2 5 5 0 0 0 0 0 0 4 0 0
0 27 5 0 0 0 0 4 0 0 0 0 0 0 4 0 0 0 0 0 0 4 0 4 2 5 0 0 0
0 32 5 4 0 0 0 4 0 0 0 4 5 4 0 0 0 0 4 2 5 0 0 0 0 0 0 4 0 0 0 0 4 0
0 52 5 4 0 0 0 0 4 0 4 0 0 0 4 0 4 2 5 5 0 4 0 0 0 0 0 0 4 5 5 5 5 0 0 4 0 0 0 0 0 0 4 0 0 0 4 5 5 5 5 0 0 0
0 43 5 5 5 5 5 0 0 4 0 0 4 0 0 0 4 0 0 0 0 0 0 4 0 0 4 2 5 5 0 0 0 0 4 0 0 0 0 4 0 0 0 4 0
0 49 5 4 0 0 0 4 0 0 0 4 5 4 0 0 0 0 4 2 5 0 0 0 0 0 0 4 0 0 0 0 4 0 4 0 0 0 0 0 0 4 2 5 5 0 0 4 0 0 0
0 8 5 4 0 0 4 0 0 0
0 24 5 0 0 0 4 0 4 0 0 4 4 0 4 2 5 2 5 5 0 4 2 5 5 0
0 22 5 0 4 0 4 0 0 4 2 5 5 0 0 0 0 4 2 5 5 0 0 0
0 44 5 0 0 0 0 4 0 0 0 0 0 0 4 0 0 0 0 0 0 4 0 4 2 5 0 0 0 4 0 0 0 4 0 0 4 0 4 2 5 0 4 0 0 0
0 54 5 4 0 0 0 4 0 0 0 4 5 4 0 0 0 0 4 2 5 0 0 0 0 0 0 4 0 0 0 0 4 0 4 0 0 0 0 0 0 4 2 5 5 0 0 4 0 0 0 4 0 0 0 0
0 12 5 4 0 0 0 0 4 0 4 0 0 0
0 38 5 4 0 0 0 4 0 0 0 4 5 4 0 0 0 0 4 2 5 0 0 0 0 0 0 4 0 0 0 0 4 0 4 0 0 0 0 0
0 12 1 1 1 1 1 1 1 1 1 1 1 4
0 49 5 0 0 0 0 0 0 4 0 0 4 0 0 0 0 0 0 4 0 0 4 0 0 0 0 0 0 4 0 0 0 0 4 2 5 5 0 0 0 4 0 0 0 0 0 0 4 0 0
0 24 5 0 0 4 4 0 0 0 4 0 4 2 5 4 0 0 0 0 0 4 2 5 0 0
0 31 5 0 0 0 0 0 0 4 0 0 4 0 0 0 0 0 0 4 0 0 4 0 0 0 0 0 0 4 0 0 0
0 15 5 0 0 0 4 0 0 0 0 0 0 4 0 4 0
0 9 0 0 0 0 0 0 0 4 2
0 51 5 4 0 0 0 4 0 0 0 4 5 4 0 0 0 0 4 2 5 0 0 0 0 0 0 4 0 0 0 0 4 0 4 0 0 0 0 0 0 4 2 5 5 0 0 4 0 0 0 4 0
0 33 5 0 0 0 0 4 0 0 0 0 0 0 4 0 0 0 0 0 0 4 0 4 2 5 0 0 0 4 0 0 0 4 0
0 27 5 0 4 0 0 4 4 0 4 0 4 2 5 5 0 0 0 4 0 0 4 0 0 4 0 0 0
0 6 1 1 1 1 1 4
0 79 5 4 0 0 0 0 4 0 4 0 0 0 4 0 4 2 5 5 0 4 0 0 0 0 0 0 4 5 5 5 5 0 0 4 0 0 0 0 0 0 4 0 0 0 4 5 5 5 5 0 0 0 4 0 0 0 0 4 0 0 0 4 0 0 0 0 0 0 4 0 4 5 5 5 5 5 0 0 0
0 66 5 0 0 0 4 0 4 0 0 4 4 0 4 2 5 2 5 5 0 4 2 5 5 0 0 0 0 4 0 0 0 0 0 0 4 0 0 0 0 0 0 4 0 0 0 0 4 0 0 0 4 0 0 0 0 0 4 2 5 5 0 4 0 0 0 0
0 63 5 5 5 5 5 0 0 4 0 0 4 0 0 0 4 0 0 0 0 0 0 4 0 0 4 2 5 5 0 0 0 0 4 0 0 0 0 4 0 0 0 4 0 4 0 0 0 4 0 0 0 0 4 5 5 5 0 0 0 0 0 4 0
