954 6
1 0 
1 72 2 0 0 5 3 0 3 0 4 2 3 1 0 3 5 2 0 0 5 3 0 3 0 4 2 3 1 0 3 0 2 0 0 5 3 0 3 0 4 2 3 1 0 3 5 2 0 0 5 3 0 3 0 4 2 3 1 0 3 0 0 5 3 0 3 0 4 2 3 1 0 3
1 85 2 0 0 5 3 0 3 0 4 2 3 1 0 3 0 0 5 3 0 3 0 4 2 3 1 0 3 2 0 0 5 3 0 3 0 4 2 3 1 0 3 0 0 2 0 0 5 3 0 3 0 4 2 3 1 0 3 0 0 5 3 0 3 0 4 2 3 1 0 3 2 0 0 5 3 0 3 0 4 2 3 1 0 3 5
1 31 2 0 0 5 3 0 3 0 4 2 3 1 0 3 2 2 0 0 5 3 0 3 0 4 2 3 1 0 3 0 0
1 51 2 0 0 5 3 0 3 0 4 2 3 1 0 3 0 0 2 0 0 5 3 0 3 0 4 2 3 1 0 3 0 0 0 0 2 0 0 5 3 0 3 0 4 2 3 1 0 3 0 0 0
1 42 2 0 0 5 3 0 3 0 4 2 3 1 0 3 0 0 5 3 0 3 0 4 2 3 1 0 3 2 0 0 5 3 0 3 0 4 2 3 1 0 3 2
1 32 2 0 0 5 3 0 3 0 4 2 3 1 0 3 0 0 2 0 0 5 3 0 3 0 4 2 3 1 0 3 0 0
1 58 2 0 0 5 3 0 3 0 4 2 3 1 0 3 0 0 0 2 0 0 5 3 0 3 0 4 2 3 1 0 3 0 0 5 3 0 3 0 4 2 3 1 0 3 2 0 0 5 3 0 3 0 4 2 3 1 0 3
1 1 2
1 71 2 0 0 5 3 0 3 0 4 2 3 1 0 3 2 0 0 5 3 0 3 0 4 2 3 1 0 3 0 0 5 3 0 3 0 4 2 3 1 0 3 2 0 0 5 3 0 3 0 4 2 3 1 0 3 5 2 0 0 5 3 0 3 0 4 2 3 1 0 3 5
1 46 2 0 0 5 3 0 3 0 4 2 3 1 0 3 0 0 2 0 0 5 3 0 3 0 4 2 3 1 0 3 0 2 0 0 5 3 0 3 0 4 2 3 1 0 3 2
1 47 2 0 0 5 3 0 3 0 4 2 3 1 0 3 5 2 0 0 5 3 0 3 0 4 2 3 1 0 3 0 0 0 2 0 0 5 3 0 3 0 4 2 3 1 0 3 5
1 69 2 0 0 5 3 0 3 0 4 2 3 1 0 3 2 2 0 0 5 3 0 3 0 4 2 3 1 0 3 0 0 5 3 0 3 0 4 2 3 1 0 3 2 0 0 5 3 0 3 0 4 2 3 1 0 3 0 0 5 3 0 3 0 4 2 3 1 0 3
1 43 2 0 0 5 3 0 3 0 4 2 3 1 0 3 2 0 0 5 3 0 3 0 4 2 3 1 0 3 2 0 0 5 3 0 3 0 4 2 3 1 0 3 0
1 85 2 0 0 5 3 0 3 0 4 2 3 1 0 3 0 2 0 0 5 3 0 3 0 4 2 3 1 0 3 0 0 5 3 0 3 0 4 2 3 1 0 3 2 0 0 5 3 0 3 0 4 2 3 1 0 3 0 0 2 0 0 5 3 0 3 0 4 2 3 1 0 3 0 0 5 3 0 3 0 4 2 3 1 0 3
1 6 2 4 2 4 2 4
1 16 2 0 0 5 3 0 3 0 4 2 3 1 0 3 0 0
1 46 2 0 0 5 3 0 3 0 4 2 3 1 0 3 2 2 0 0 5 3 0 3 0 4 2 3 1 0 3 0 0 2 0 0 5 3 0 3 0 4 2 3 1 0 3 5
1 5 2 0 2 0 2
1 3 0 2 2
1 27 2 0 0 5 3 0 3 0 4 2 3 1 0 3 0 0 5 3 0 3 0 4 2 3 1 0 3
1 57 2 0 0 5 3 0 3 0 4 2 3 1 0 3 2 2 0 0 5 3 0 3 0 4 2 3 1 0 3 0 2 0 0 5 3 0 3 0 4 2 3 1 0 3 0 0 5 3 0 3 0 4 2 3 1 0 3
1 14 2 0 0 5 3 0 3 0 4 2 3 1 0 3
1 83 2 0 0 5 3 0 3 0 4 2 3 1 0 3 0 0 5 3 0 3 0 4 2 3 1 0 3 2 0 0 5 3 0 3 0 4 2 3 1 0 3 2 0 0 5 3 0 3 0 4 2 3 1 0 3 0 0 5 3 0 3 0 4 2 3 1 0 3 2 0 0 5 3 0 3 0 4 2 3 1 0 3 5
1 84 2 0 0 5 3 0 3 0 4 2 3 1 0 3 0 0 5 3 0 3 0 4 2 3 1 0 3 2 0 0 5 3 0 3 0 4 2 3 1 0 3 0 2 0 0 5 3 0 3 0 4 2 3 1 0 3 0 0 5 3 0 3 0 4 2 3 1 0 3 2 0 0 5 3 0 3 0 4 2 3 1 0 3 2
1 2 0 2
1 47 2 0 0 5 3 0 3 0 4 2 3 1 0 3 2 0 0 5 3 0 3 0 4 2 3 1 0 3 0 0 0 0 2 0 0 5 3 0 3 0 4 2 3 1 0 3 2
1 57 2 0 0 5 3 0 3 0 4 2 3 1 0 3 0 2 0 0 5 3 0 3 0 4 2 3 1 0 3 0 2 0 0 5 3 0 3 0 4 2 3 1 0 3 0 0 5 3 0 3 0 4 2 3 1 0 3
1 30 2 0 0 5 3 0 3 0 4 2 3 1 0 3 0 2 0 0 5 3 0 3 0 4 2 3 1 0 3 0
1 42 2 0 0 5 3 0 3 0 4 2 3 1 0 3 2 2 0 0 5 3 0 3 0 4 2 3 1 0 3 0 0 5 3 0 3 0 4 2 3 1 0 3
1 62 2 0 0 5 3 0 3 0 4 2 3 1 0 3 2 0 0 5 3 0 3 0 4 2 3 1 0 3 0 0 0 0 2 0 0 5 3 0 3 0 4 2 3 1 0 3 0 2 0 0 5 3 0 3 0 4 2 3 1 0 3 5
1 4 2 2 0 2
1 4 2 0 0 2
1 64 2 0 0 5 3 0 3 0 4 2 3 1 0 3 2 2 0 0 5 3 0 3 0 4 2 3 1 0 3 0 2 0 0 5 3 0 3 0 4 2 3 1 0 3 0 0 0 0 2 0 0 5 3 0 3 0 4 2 3 1 0 3 0 0
1 60 2 0 0 5 3 0 3 0 4 2 3 1 0 3 5 2 0 0 5 3 0 3 0 4 2 3 1 0 3 0 0 0 0 2 0 0 5 3 0 3 0 4 2 3 1 0 3 0 0 5 3 0 3 0 4 2 3 1 0 3
1 48 2 0 0 5 3 0 3 0 4 2 3 1 0 3 5 2 0 0 5 3 0 3 0 4 2 3 1 0 3 5 2 0 0 5 3 0 3 0 4 2 3 1 0 3 0 0 0 0
1 81 2 0 0 5 3 0 3 0 4 2 3 1 0 3 0 0 5 3 0 3 0 4 2 3 1 0 3 2 0 0 5 3 0 3 0 4 2 3 1 0 3 0 0 5 3 0 3 0 4 2 3 1 0 3 2 0 0 5 3 0 3 0 4 2 3 1 0 3 0 0 5 3 0 3 0 4 2 3 1 0 3
1 32 2 0 0 5 3 0 3 0 4 2 3 1 0 3 0 2 0 0 5 3 0 3 0 4 2 3 1 0 3 0 0 0
1 55 2 0 0 5 3 0 3 0 4 2 3 1 0 3 2 0 0 5 3 0 3 0 4 2 3 1 0 3 2 0 0 5 3 0 3 0 4 2 3 1 0 3 0 0 5 3 0 3 0 4 2 3 1 0 3
1 45 2 0 0 5 3 0 3 0 4 2 3 1 0 3 2 0 0 5 3 0 3 0 4 2 3 1 0 3 2 0 0 5 3 0 3 0 4 2 3 1 0 3 0 0 0
1 2 2 3
1 73 2 0 0 5 3 0 3 0 4 2 3 1 0 3 0 0 5 3 0 3 0 4 2 3 1 0 3 2 0 0 5 3 0 3 0 4 2 3 1 0 3 2 2 0 0 5 3 0 3 0 4 2 3 1 0 3 0 0 2 0 0 5 3 0 3 0 4 2 3 1 0 3 0
1 5 0 0 2 0 2
1 15 2 0 0 5 3 0 3 0 4 2 3 1 0 3 5
1 61 2 0 0 5 3 0 3 0 4 2 3 1 0 3 0 2 0 0 5 3 0 3 0 4 2 3 1 0 3 5 2 0 0 5 3 0 3 0 4 2 3 1 0 3 0 0 2 0 0 5 3 0 3 0 4 2 3 1 0 3 5
1 42 2 0 0 5 3 0 3 0 4 2 3 1 0 3 0 0 5 3 0 3 0 4 2 3 1 0 3 2 0 0 5 3 0 3 0 4 2 3 1 0 3 5
1 57 2 0 0 5 3 0 3 0 4 2 3 1 0 3 0 0 2 0 0 5 3 0 3 0 4 2 3 1 0 3 0 0 5 3 0 3 0 4 2 3 1 0 3 2 0 0 5 3 0 3 0 4 2 3 1 0 3
1 44 2 0 0 5 3 0 3 0 4 2 3 1 0 3 0 0 5 3 0 3 0 4 2 3 1 0 3 2 0 0 5 3 0 3 0 4 2 3 1 0 3 0 0 0
1 8 2 4 2 4 2 4 2 4
1 87 2 0 0 5 3 0 3 0 4 2 3 1 0 3 0 0 5 3 0 3 0 4 2 3 1 0 3 2 0 0 5 3 0 3 0 4 2 3 1 0 3 2 2 0 0 5 3 0 3 0 4 2 3 1 0 3 0 0 5 3 0 3 0 4 2 3 1 0 3 2 0 0 5 3 0 3 0 4 2 3 1 0 3 0 0 0 0
1 4 2 4 2 4
1 2 2 4
1 3 0 0 2
0 25 2 0 0 5 3 0 3 0 4 2 3 1 0 3 0 0 2 0 0 5 3 0 3 0 4
0 65 2 0 0 5 3 0 3 0 4 2 3 1 0 3 0 0 5 3 0 3 0 4 2 3 1 0 3 2 0 0 5 3 0 3 0 4 2 3 1 0 3 0 0 2 0 0 5 3 0 3 0 4 2 3 1 0 3 0 0 5 3 0 3 0 4
0 80 2 0 0 5 3 0 3 0 4 2 3 1 0 3 0 0 0 0 2 0 0 5 3 0 3 0 4 2 3 1 0 3 5 2 0 0 5 3 0 3 0 4 2 3 1 0 3 0 0 5 3 0 3 0 4 2 3 1 0 3 2 0 0 5 3 0 3 0 4 2 3 1 0 3 0 0 5 3 0 3
0 39 2 0 0 5 3 0 3 0 4 2 3 1 0 3 0 0 2 0 0 5 3 0 3 0 4 2 3 1 0 3 0 0 5 3 0 3 0 4 2
0 67 2 0 0 5 3 0 3 0 4 2 3 1 0 3 2 2 0 0 5 3 0 3 0 4 2 3 1 0 3 0 0 5 3 0 3 0 4 2 3 1 0 3 2 0 0 5 3 0 3 0 4 2 3 1 0 3 0 0 0 2 0 0 5 3 0 3 0
0 40 2 0 0 5 3 0 3 0 4 2 3 1 0 3 2 2 0 0 5 3 0 3 0 4 2 3 1 0 3 0 2 0 0 5 3 0 3 0 4 2
0 28 2 0 0 5 3 0 3 0 4 2 3 1 0 3 0 0 5 3 0 3 0 4 2 3 1 0 3 2
0 92 2 0 0 5 3 0 3 0 4 2 3 1 0 3 0 0 5 3 0 3 0 4 2 3 1 0 3 2 0 0 5 3 0 3 0 4 2 3 1 0 3 0 0 0 0 2 0 0 5 3 0 3 0 4 2 3 1 0 3 0 0 5 3 0 3 0 4 2 3 1 0 3 2 0 0 5 3 0 3 0 4 2 3 1 0 3 0 0 5 3 0 3
0 33 2 0 0 5 3 0 3 0 4 2 3 1 0 3 0 0 2 0 0 5 3 0 3 0 4 2 3 1 0 3 0 0 5
0 58 2 0 0 5 3 0 3 0 4 2 3 1 0 3 0 0 5 3 0 3 0 4 2 3 1 0 3 2 0 0 5 3 0 3 0 4 2 3 1 0 3 0 0 0 0 2 0 0 5 3 0 3 0 4 2 3 1 0
0 37 2 0 0 5 3 0 3 0 4 2 3 1 0 3 0 0 2 0 0 5 3 0 3 0 4 2 3 1 0 3 0 0 2 0 0 5 3
0 41 2 0 0 5 3 0 3 0 4 2 3 1 0 3 0 2 0 0 5 3 0 3 0 4 2 3 1 0 3 2 2 0 0 5 3 0 3 0 4 2 3
0 40 2 0 0 5 3 0 3 0 4 2 3 1 0 3 0 2 0 0 5 3 0 3 0 4 2 3 1 0 3 2 2 0 0 5 3 0 3 0 4 2
0 56 2 0 0 5 3 0 3 0 4 2 3 1 0 3 0 0 0 0 2 0 0 5 3 0 3 0 4 2 3 1 0 3 5 2 0 0 5 3 0 3 0 4 2 3 1 0 3 0 0 5 3 0 3 0 4 2
0 53 2 0 0 5 3 0 3 0 4 2 3 1 0 3 0 0 0 0 2 0 0 5 3 0 3 0 4 2 3 1 0 3 0 2 0 0 5 3 0 3 0 4 2 3 1 0 3 0 0 2 0 0 5
0 70 2 0 0 5 3 0 3 0 4 2 3 1 0 3 0 0 2 0 0 5 3 0 3 0 4 2 3 1 0 3 2 2 0 0 5 3 0 3 0 4 2 3 1 0 3 2 0 0 5 3 0 3 0 4 2 3 1 0 3 0 0 5 3 0 3 0 4 2 3 1
0 62 2 0 0 5 3 0 3 0 4 2 3 1 0 3 0 0 0 0 2 0 0 5 3 0 3 0 4 2 3 1 0 3 0 2 0 0 5 3 0 3 0 4 2 3 1 0 3 0 0 2 0 0 5 3 0 3 0 4 2 3 1 0
0 43 2 0 0 5 3 0 3 0 4 2 3 1 0 3 0 0 0 2 0 0 5 3 0 3 0 4 2 3 1 0 3 0 0 0 0 2 0 0 5 3 0 3 0
0 55 2 0 0 5 3 0 3 0 4 2 3 1 0 3 0 0 2 0 0 5 3 0 3 0 4 2 3 1 0 3 2 2 0 0 5 3 0 3 0 4 2 3 1 0 3 2 0 0 5 3 0 3 0 4 2
0 19 2 0 0 5 3 0 3 0 4 2 3 1 0 3 0 0 0 2 0
0 85 2 0 0 5 3 0 3 0 4 2 3 1 0 3 0 0 0 0 2 0 0 5 3 0 3 0 4 2 3 1 0 3 5 2 0 0 5 3 0 3 0 4 2 3 1 0 3 0 0 5 3 0 3 0 4 2 3 1 0 3 2 0 0 5 3 0 3 0 4 2 3 1 0 3 0 0 5 3 0 3 0 4 2 3 1
0 45 2 0 0 5 3 0 3 0 4 2 3 1 0 3 0 0 5 3 0 3 0 4 2 3 1 0 3 2 0 0 5 3 0 3 0 4 2 3 1 0 3 0 0 2 0
0 37 2 0 0 5 3 0 3 0 4 2 3 1 0 3 0 0 0 2 0 0 5 3 0 3 0 4 2 3 1 0 3 0 0 2 0 0 5
0 61 2 0 0 5 3 0 3 0 4 2 3 1 0 3 0 0 2 0 0 5 3 0 3 0 4 2 3 1 0 3 2 2 0 0 5 3 0 3 0 4 2 3 1 0 3 0 0 0 2 0 0 5 3 0 3 0 4 2 3 1 0
0 56 2 0 0 5 3 0 3 0 4 2 3 1 0 3 5 2 0 0 5 3 0 3 0 4 2 3 1 0 3 5 2 0 0 5 3 0 3 0 4 2 3 1 0 3 0 0 5 3 0 3 0 4 2 3 1 0
0 18 2 0 0 5 3 0 3 0 4 2 3 1 0 3 0 0 0 2
0 46 2 0 0 5 3 0 3 0 4 2 3 1 0 3 2 2 0 0 5 3 0 3 0 4 2 3 1 0 3 0 0 5 3 0 3 0 4 2 3 1 0 3 2 0 0 5
0 54 2 0 0 5 3 0 3 0 4 2 3 1 0 3 0 0 5 3 0 3 0 4 2 3 1 0 3 2 0 0 5 3 0 3 0 4 2 3 1 0 3 0 0 0 0 2 0 0 5 3 0 3 0 4
0 70 2 0 0 5 3 0 3 0 4 2 3 1 0 3 0 0 0 0 2 0 0 5 3 0 3 0 4 2 3 1 0 3 0 0 5 3 0 3 0 4 2 3 1 0 3 2 0 0 5 3 0 3 0 4 2 3 1 0 3 0 0 5 3 0 3 0 4 2 3 1
0 52 2 0 0 5 3 0 3 0 4 2 3 1 0 3 0 2 0 0 5 3 0 3 0 4 2 3 1 0 3 0 0 5 3 0 3 0 4 2 3 1 0 3 2 0 0 5 3 0 3 0 4 2
0 34 2 0 0 5 3 0 3 0 4 2 3 1 0 3 2 0 0 5 3 0 3 0 4 2 3 1 0 3 0 0 0 0 2 0
0 53 2 0 0 5 3 0 3 0 4 2 3 1 0 3 0 0 0 0 2 0 0 5 3 0 3 0 4 2 3 1 0 3 5 2 0 0 5 3 0 3 0 4 2 3 1 0 3 0 0 5 3 0 3
0 43 2 0 0 5 3 0 3 0 4 2 3 1 0 3 0 2 0 0 5 3 0 3 0 4 2 3 1 0 3 2 2 0 0 5 3 0 3 0 4 2 3 1 0
0 54 2 0 0 5 3 0 3 0 4 2 3 1 0 3 0 0 2 0 0 5 3 0 3 0 4 2 3 1 0 3 0 0 5 3 0 3 0 4 2 3 1 0 3 2 0 0 5 3 0 3 0 4 2 3
0 86 2 0 0 5 3 0 3 0 4 2 3 1 0 3 0 0 5 3 0 3 0 4 2 3 1 0 3 2 0 0 5 3 0 3 0 4 2 3 1 0 3 0 0 0 0 2 0 0 5 3 0 3 0 4 2 3 1 0 3 2 2 0 0 5 3 0 3 0 4 2 3 1 0 3 0 0 5 3 0 3 0 4 2 3 1 0
0 41 2 0 0 5 3 0 3 0 4 2 3 1 0 3 0 0 2 0 0 5 3 0 3 0 4 2 3 1 0 3 0 0 5 3 0 3 0 4 2 3 1
0 36 2 0 0 5 3 0 3 0 4 2 3 1 0 3 0 0 0 0 2 0 0 5 3 0 3 0 4 2 3 1 0 3 5 2 0 0
0 78 2 0 0 5 3 0 3 0 4 2 3 1 0 3 0 0 5 3 0 3 0 4 2 3 1 0 3 2 0 0 5 3 0 3 0 4 2 3 1 0 3 0 0 0 0 2 0 0 5 3 0 3 0 4 2 3 1 0 3 2 2 0 0 5 3 0 3 0 4 2 3 1 0 3 0 0 5 3
0 55 2 0 0 5 3 0 3 0 4 2 3 1 0 3 0 0 0 2 0 0 5 3 0 3 0 4 2 3 1 0 3 0 2 0 0 5 3 0 3 0 4 2 3 1 0 3 0 0 5 3 0 3 0 4 2
0 84 2 0 0 5 3 0 3 0 4 2 3 1 0 3 0 0 5 3 0 3 0 4 2 3 1 0 3 2 0 0 5 3 0 3 0 4 2 3 1 0 3 0 0 0 0 2 0 0 5 3 0 3 0 4 2 3 1 0 3 0 0 5 3 0 3 0 4 2 3 1 0 3 2 0 0 5 3 0 3 0 4 2 3 1
0 94 2 0 0 5 3 0 3 0 4 2 3 1 0 3 0 0 5 3 0 3 0 4 2 3 1 0 3 2 0 0 5 3 0 3 0 4 2 3 1 0 3 0 0 2 0 0 5 3 0 3 0 4 2 3 1 0 3 0 0 5 3 0 3 0 4 2 3 1 0 3 2 0 0 5 3 0 3 0 4 2 3 1 0 3 0 0 5 3 0 3 0 4 2 3
0 32 2 0 0 5 3 0 3 0 4 2 3 1 0 3 0 2 0 0 5 3 0 3 0 4 2 3 1 0 3 2 0 0
0 22 2 0 0 5 3 0 3 0 4 2 3 1 0 3 0 0 5 3 0 3 0 4
0 66 2 0 0 5 3 0 3 0 4 2 3 1 0 3 0 0 2 0 0 5 3 0 3 0 4 2 3 1 0 3 2 2 0 0 5 3 0 3 0 4 2 3 1 0 3 2 0 0 5 3 0 3 0 4 2 3 1 0 3 0 0 5 3 0 3 0
0 26 2 0 0 5 3 0 3 0 4 2 3 1 0 3 2 0 0 5 3 0 3 0 4 2 3 1
0 60 2 0 0 5 3 0 3 0 4 2 3 1 0 3 0 0 0 2 0 0 5 3 0 3 0 4 2 3 1 0 3 0 0 2 0 0 5 3 0 3 0 4 2 3 1 0 3 0 2 0 0 5 3 0 3 0 4 2 3 1
0 37 2 0 0 5 3 0 3 0 4 2 3 1 0 3 5 2 0 0 5 3 0 3 0 4 2 3 1 0 3 2 2 0 0 5 3 0 3
0 32 2 0 0 5 3 0 3 0 4 2 3 1 0 3 2 2 0 0 5 3 0 3 0 4 2 3 1 0 3 0 0 5
0 23 2 0 0 5 3 0 3 0 4 2 3 1 0 3 2 0 0 5 3 0 3 0 4
0 62 2 0 0 5 3 0 3 0 4 2 3 1 0 3 0 2 0 0 5 3 0 3 0 4 2 3 1 0 3 0 0 5 3 0 3 0 4 2 3 1 0 3 2 0 0 5 3 0 3 0 4 2 3 1 0 3 0 0 0 2 0 0
0 48 2 0 0 5 3 0 3 0 4 2 3 1 0 3 2 2 0 0 5 3 0 3 0 4 2 3 1 0 3 0 0 0 2 0 0 5 3 0 3 0 4 2 3 1 0 3 2 0
0 58 2 0 0 5 3 0 3 0 4 2 3 1 0 3 0 0 5 3 0 3 0 4 2 3 1 0 3 2 0 0 5 3 0 3 0 4 2 3 1 0 3 0 0 5 3 0 3 0 4 2 3 1 0 3 2 0 0 5
0 53 2 0 0 5 3 0 3 0 4 2 3 1 0 3 0 0 5 3 0 3 0 4 2 3 1 0 3 2 0 0 5 3 0 3 0 4 2 3 1 0 3 0 0 2 0 0 5 3 0 3 0 4 2
0 76 2 0 0 5 3 0 3 0 4 2 3 1 0 3 0 0 5 3 0 3 0 4 2 3 1 0 3 2 0 0 5 3 0 3 0 4 2 3 1 0 3 0 0 0 0 2 0 0 5 3 0 3 0 4 2 3 1 0 3 0 0 5 3 0 3 0 4 2 3 1 0 3 2 0 0 5
0 48 2 0 0 5 3 0 3 0 4 2 3 1 0 3 0 0 0 0 2 0 0 5 3 0 3 0 4 2 3 1 0 3 0 0 5 3 0 3 0 4 2 3 1 0 3 2 0 0
0 64 2 0 0 5 3 0 3 0 4 2 3 1 0 3 0 0 5 3 0 3 0 4 2 3 1 0 3 2 0 0 5 3 0 3 0 4 2 3 1 0 3 0 0 5 3 0 3 0 4 2 3 1 0 3 2 0 0 5 3 0 3 0 4 2
0 52 2 0 0 5 3 0 3 0 4 2 3 1 0 3 0 0 0 2 0 0 5 3 0 3 0 4 2 3 1 0 3 0 0 2 0 0 5 3 0 3 0 4 2 3 1 0 3 0 2 0 0 5
0 25 2 0 0 5 3 0 3 0 4 2 3 1 0 3 0 0 0 0 2 0 0 5 3 0 3
0 39 2 0 0 5 3 0 3 0 4 2 3 1 0 3 2 2 0 0 5 3 0 3 0 4 2 3 1 0 3 0 0 2 0 0 5 3 0 3 0
0 66 2 0 0 5 3 0 3 0 4 2 3 1 0 3 0 0 5 3 0 3 0 4 2 3 1 0 3 2 0 0 5 3 0 3 0 4 2 3 1 0 3 0 0 2 0 0 5 3 0 3 0 4 2 3 1 0 3 0 0 5 3 0 3 0 4 2
0 20 2 0 0 5 3 0 3 0 4 2 3 1 0 3 2 0 0 5 3 0
0 53 2 0 0 5 3 0 3 0 4 2 3 1 0 3 0 0 0 0 2 0 0 5 3 0 3 0 4 2 3 1 0 3 0 0 5 3 0 3 0 4 2 3 1 0 3 2 0 0 5 3 0 3 0
0 54 2 0 0 5 3 0 3 0 4 2 3 1 0 3 2 2 0 0 5 3 0 3 0 4 2 3 1 0 3 0 0 2 0 0 5 3 0 3 0 4 2 3 1 0 3 0 0 5 3 0 3 0 4 2
0 58 2 0 0 5 3 0 3 0 4 2 3 1 0 3 0 0 0 2 0 0 5 3 0 3 0 4 2 3 1 0 3 0 2 0 0 5 3 0 3 0 4 2 3 1 0 3 0 0 5 3 0 3 0 4 2 3 1 0
0 69 2 0 0 5 3 0 3 0 4 2 3 1 0 3 0 0 5 3 0 3 0 4 2 3 1 0 3 2 0 0 5 3 0 3 0 4 2 3 1 0 3 0 0 0 0 2 0 0 5 3 0 3 0 4 2 3 1 0 3 0 0 5 3 0 3 0 4 2 3
0 46 2 0 0 5 3 0 3 0 4 2 3 1 0 3 0 0 0 2 0 0 5 3 0 3 0 4 2 3 1 0 3 0 0 0 0 2 0 0 5 3 0 3 0 4 2 3
0 23 2 0 0 5 3 0 3 0 4 2 3 1 0 3 2 2 0 0 5 3 0 3 0
0 37 2 0 0 5 3 0 3 0 4 2 3 1 0 3 2 0 0 5 3 0 3 0 4 2 3 1 0 3 0 0 0 0 2 0 0 5 3
0 35 2 0 0 5 3 0 3 0 4 2 3 1 0 3 2 2 0 0 5 3 0 3 0 4 2 3 1 0 3 0 0 5 3 0 3
0 16 2 0 0 5 3 0 3 0 4 2 3 1 0 3 2 0
0 63 2 0 0 5 3 0 3 0 4 2 3 1 0 3 0 0 5 3 0 3 0 4 2 3 1 0 3 2 0 0 5 3 0 3 0 4 2 3 1 0 3 0 0 0 0 2 0 0 5 3 0 3 0 4 2 3 1 0 3 0 0 5 3
0 68 2 0 0 5 3 0 3 0 4 2 3 1 0 3 0 0 5 3 0 3 0 4 2 3 1 0 3 2 0 0 5 3 0 3 0 4 2 3 1 0 3 0 0 0 0 2 0 0 5 3 0 3 0 4 2 3 1 0 3 0 0 5 3 0 3 0 4 2
0 30 2 0 0 5 3 0 3 0 4 2 3 1 0 3 0 0 5 3 0 3 0 4 2 3 1 0 3 2 0 0
0 47 2 0 0 5 3 0 3 0 4 2 3 1 0 3 5 2 0 0 5 3 0 3 0 4 2 3 1 0 3 5 2 0 0 5 3 0 3 0 4 2 3 1 0 3 5 2 0
0 52 2 0 0 5 3 0 3 0 4 2 3 1 0 3 0 0 5 3 0 3 0 4 2 3 1 0 3 2 0 0 5 3 0 3 0 4 2 3 1 0 3 0 0 0 0 2 0 0 5 3 0 3
0 26 2 0 0 5 3 0 3 0 4 2 3 1 0 3 0 0 0 2 0 0 5 3 0 3 0 4
0 72 2 0 0 5 3 0 3 0 4 2 3 1 0 3 0 0 5 3 0 3 0 4 2 3 1 0 3 2 0 0 5 3 0 3 0 4 2 3 1 0 3 0 0 0 0 2 0 0 5 3 0 3 0 4 2 3 1 0 3 2 2 0 0 5 3 0 3 0 4 2 3 1
0 71 2 0 0 5 3 0 3 0 4 2 3 1 0 3 0 0 2 0 0 5 3 0 3 0 4 2 3 1 0 3 0 0 5 3 0 3 0 4 2 3 1 0 3 2 0 0 5 3 0 3 0 4 2 3 1 0 3 0 2 0 0 5 3 0 3 0 4 2 3 1 0
0 53 2 0 0 5 3 0 3 0 4 2 3 1 0 3 5 2 0 0 5 3 0 3 0 4 2 3 1 0 3 0 0 5 3 0 3 0 4 2 3 1 0 3 2 0 0 5 3 0 3 0 4 2 3
0 39 2 0 0 5 3 0 3 0 4 2 3 1 0 3 0 0 0 2 0 0 5 3 0 3 0 4 2 3 1 0 3 0 2 0 0 5 3 0 3
0 37 2 0 0 5 3 0 3 0 4 2 3 1 0 3 0 0 2 0 0 5 3 0 3 0 4 2 3 1 0 3 0 0 5 3 0 3 0
0 49 2 0 0 5 3 0 3 0 4 2 3 1 0 3 2 2 0 0 5 3 0 3 0 4 2 3 1 0 3 0 0 2 0 0 5 3 0 3 0 4 2 3 1 0 3 0 0 5 3
0 39 2 0 0 5 3 0 3 0 4 2 3 1 0 3 2 2 0 0 5 3 0 3 0 4 2 3 1 0 3 0 2 0 0 5 3 0 3 0 4
0 40 2 0 0 5 3 0 3 0 4 2 3 1 0 3 5 2 0 0 5 3 0 3 0 4 2 3 1 0 3 2 2 0 0 5 3 0 3 0 4 2
0 72 2 0 0 5 3 0 3 0 4 2 3 1 0 3 0 0 0 0 2 0 0 5 3 0 3 0 4 2 3 1 0 3 5 2 0 0 5 3 0 3 0 4 2 3 1 0 3 0 0 5 3 0 3 0 4 2 3 1 0 3 2 0 0 5 3 0 3 0 4 2 3 1
0 84 2 0 0 5 3 0 3 0 4 2 3 1 0 3 0 0 0 0 2 0 0 5 3 0 3 0 4 2 3 1 0 3 5 2 0 0 5 3 0 3 0 4 2 3 1 0 3 0 0 5 3 0 3 0 4 2 3 1 0 3 2 0 0 5 3 0 3 0 4 2 3 1 0 3 0 0 5 3 0 3 0 4 2 3
0 43 2 0 0 5 3 0 3 0 4 2 3 1 0 3 5 2 0 0 5 3 0 3 0 4 2 3 1 0 3 2 2 0 0 5 3 0 3 0 4 2 3 1 0
0 74 2 0 0 5 3 0 3 0 4 2 3 1 0 3 0 0 5 3 0 3 0 4 2 3 1 0 3 2 0 0 5 3 0 3 0 4 2 3 1 0 3 0 0 5 3 0 3 0 4 2 3 1 0 3 2 0 0 5 3 0 3 0 4 2 3 1 0 3 0 0 0 0 2 0
0 69 2 0 0 5 3 0 3 0 4 2 3 1 0 3 0 2 0 0 5 3 0 3 0 4 2 3 1 0 3 0 0 5 3 0 3 0 4 2 3 1 0 3 2 0 0 5 3 0 3 0 4 2 3 1 0 3 0 0 0 2 0 0 5 3 0 3 0 4 2
0 3 0 0 0
0 36 2 0 0 5 3 0 3 0 4 2 3 1 0 3 2 2 0 0 5 3 0 3 0 4 2 3 1 0 3 0 0 2 0 0 5 3
0 50 2 0 0 5 3 0 3 0 4 2 3 1 0 3 5 2 0 0 5 3 0 3 0 4 2 3 1 0 3 0 0 5 3 0 3 0 4 2 3 1 0 3 2 0 0 5 3 0 3 0
0 44 2 0 0 5 3 0 3 0 4 2 3 1 0 3 2 2 0 0 5 3 0 3 0 4 2 3 1 0 3 0 0 5 3 0 3 0 4 2 3 1 0 3 2 0
0 60 2 0 0 5 3 0 3 0 4 2 3 1 0 3 2 2 0 0 5 3 0 3 0 4 2 3 1 0 3 0 0 2 0 0 5 3 0 3 0 4 2 3 1 0 3 0 0 5 3 0 3 0 4 2 3 1 0 3 2 0
0 97 2 0 0 5 3 0 3 0 4 2 3 1 0 3 0 0 5 3 0 3 0 4 2 3 1 0 3 2 0 0 5 3 0 3 0 4 2 3 1 0 3 0 0 0 0 2 0 0 5 3 0 3 0 4 2 3 1 0 3 0 0 5 3 0 3 0 4 2 3 1 0 3 2 0 0 5 3 0 3 0 4 2 3 1 0 3 0 0 5 3 0 3 0 4 2 3 1
0 96 2 0 0 5 3 0 3 0 4 2 3 1 0 3 0 0 5 3 0 3 0 4 2 3 1 0 3 2 0 0 5 3 0 3 0 4 2 3 1 0 3 0 0 2 0 0 5 3 0 3 0 4 2 3 1 0 3 0 0 5 3 0 3 0 4 2 3 1 0 3 2 0 0 5 3 0 3 0 4 2 3 1 0 3 0 0 5 3 0 3 0 4 2 3 1 0
0 63 2 0 0 5 3 0 3 0 4 2 3 1 0 3 0 0 5 3 0 3 0 4 2 3 1 0 3 2 0 0 5 3 0 3 0 4 2 3 1 0 3 0 0 2 0 0 5 3 0 3 0 4 2 3 1 0 3 0 0 5 3 0 3
0 36 2 0 0 5 3 0 3 0 4 2 3 1 0 3 0 0 0 2 0 0 5 3 0 3 0 4 2 3 1 0 3 0 0 0 0 2
0 43 2 0 0 5 3 0 3 0 4 2 3 1 0 3 0 0 2 0 0 5 3 0 3 0 4 2 3 1 0 3 2 2 0 0 5 3 0 3 0 4 2 3 1
0 64 2 0 0 5 3 0 3 0 4 2 3 1 0 3 0 0 2 0 0 5 3 0 3 0 4 2 3 1 0 3 0 0 5 3 0 3 0 4 2 3 1 0 3 2 0 0 5 3 0 3 0 4 2 3 1 0 3 0 2 0 0 5 3 0
0 26 2 0 0 5 3 0 3 0 4 2 3 1 0 3 0 0 0 0 2 0 0 5 3 0 3 0
0 51 2 0 0 5 3 0 3 0 4 2 3 1 0 3 0 0 2 0 0 5 3 0 3 0 4 2 3 1 0 3 2 2 0 0 5 3 0 3 0 4 2 3 1 0 3 2 0 0 5 3 0
0 74 2 0 0 5 3 0 3 0 4 2 3 1 0 3 0 0 5 3 0 3 0 4 2 3 1 0 3 2 0 0 5 3 0 3 0 4 2 3 1 0 3 0 0 0 0 2 0 0 5 3 0 3 0 4 2 3 1 0 3 0 0 5 3 0 3 0 4 2 3 1 0 3 2 0
0 53 2 0 0 5 3 0 3 0 4 2 3 1 0 3 0 0 0 2 0 0 5 3 0 3 0 4 2 3 1 0 3 0 2 0 0 5 3 0 3 0 4 2 3 1 0 3 0 0 5 3 0 3 0
0 59 2 0 0 5 3 0 3 0 4 2 3 1 0 3 0 0 2 0 0 5 3 0 3 0 4 2 3 1 0 3 2 2 0 0 5 3 0 3 0 4 2 3 1 0 3 0 0 0 2 0 0 5 3 0 3 0 4 2 3
0 84 2 0 0 5 3 0 3 0 4 2 3 1 0 3 0 0 5 3 0 3 0 4 2 3 1 0 3 2 0 0 5 3 0 3 0 4 2 3 1 0 3 0 0 0 0 2 0 0 5 3 0 3 0 4 2 3 1 0 3 2 2 0 0 5 3 0 3 0 4 2 3 1 0 3 0 0 5 3 0 3 0 4 2 3
0 52 2 0 0 5 3 0 3 0 4 2 3 1 0 3 2 2 0 0 5 3 0 3 0 4 2 3 1 0 3 0 2 0 0 5 3 0 3 0 4 2 3 1 0 3 0 2 0 0 5 3 0 3
0 56 2 0 0 5 3 0 3 0 4 2 3 1 0 3 2 2 0 0 5 3 0 3 0 4 2 3 1 0 3 0 2 0 0 5 3 0 3 0 4 2 3 1 0 3 0 2 0 0 5 3 0 3 0 4 2 3
0 36 2 0 0 5 3 0 3 0 4 2 3 1 0 3 5 2 0 0 5 3 0 3 0 4 2 3 1 0 3 5 2 0 0 5 3 0
0 37 2 0 0 5 3 0 3 0 4 2 3 1 0 3 5 2 0 0 5 3 0 3 0 4 2 3 1 0 3 0 0 5 3 0 3 0 4
0 44 2 0 0 5 3 0 3 0 4 2 3 1 0 3 2 2 0 0 5 3 0 3 0 4 2 3 1 0 3 0 0 0 2 0 0 5 3 0 3 0 4 2 3 1
0 67 2 0 0 5 3 0 3 0 4 2 3 1 0 3 2 2 0 0 5 3 0 3 0 4 2 3 1 0 3 0 2 0 0 5 3 0 3 0 4 2 3 1 0 3 0 2 0 0 5 3 0 3 0 4 2 3 1 0 3 0 0 5 3 0 3 0 4
0 38 2 0 0 5 3 0 3 0 4 2 3 1 0 3 2 2 0 0 5 3 0 3 0 4 2 3 1 0 3 0 0 0 2 0 0 5 3 0
0 53 2 0 0 5 3 0 3 0 4 2 3 1 0 3 2 2 0 0 5 3 0 3 0 4 2 3 1 0 3 0 2 0 0 5 3 0 3 0 4 2 3 1 0 3 0 2 0 0 5 3 0 3 0
0 50 2 0 0 5 3 0 3 0 4 2 3 1 0 3 2 0 0 5 3 0 3 0 4 2 3 1 0 3 0 0 0 0 2 0 0 5 3 0 3 0 4 2 3 1 0 3 0 2 0 0
0 81 2 0 0 5 3 0 3 0 4 2 3 1 0 3 0 2 0 0 5 3 0 3 0 4 2 3 1 0 3 0 0 5 3 0 3 0 4 2 3 1 0 3 2 0 0 5 3 0 3 0 4 2 3 1 0 3 0 0 0 2 0 0 5 3 0 3 0 4 2 3 1 0 3 0 0 5 3 0 3 0 4
0 49 2 0 0 5 3 0 3 0 4 2 3 1 0 3 2 2 0 0 5 3 0 3 0 4 2 3 1 0 3 0 0 0 2 0 0 5 3 0 3 0 4 2 3 1 0 3 2 0 0
0 43 2 0 0 5 3 0 3 0 4 2 3 1 0 3 2 2 0 0 5 3 0 3 0 4 2 3 1 0 3 0 0 5 3 0 3 0 4 2 3 1 0 3 2
0 37 2 0 0 5 3 0 3 0 4 2 3 1 0 3 0 0 5 3 0 3 0 4 2 3 1 0 3 2 0 0 5 3 0 3 0 4 2
0 49 2 0 0 5 3 0 3 0 4 2 3 1 0 3 5 2 0 0 5 3 0 3 0 4 2 3 1 0 3 5 2 0 0 5 3 0 3 0 4 2 3 1 0 3 5 2 0 0 5
0 17 2 0 0 5 3 0 3 0 4 2 3 1 0 3 2 2 0
0 36 2 0 0 5 3 0 3 0 4 2 3 1 0 3 2 2 0 0 5 3 0 3 0 4 2 3 1 0 3 0 0 0 2 0 0 5
0 43 2 0 0 5 3 0 3 0 4 2 3 1 0 3 0 0 0 2 0 0 5 3 0 3 0 4 2 3 1 0 3 0 0 2 0 0 5 3 0 3 0 4 2
0 83 2 0 0 5 3 0 3 0 4 2 3 1 0 3 0 0 0 0 2 0 0 5 3 0 3 0 4 2 3 1 0 3 5 2 0 0 5 3 0 3 0 4 2 3 1 0 3 0 0 5 3 0 3 0 4 2 3 1 0 3 2 0 0 5 3 0 3 0 4 2 3 1 0 3 0 0 5 3 0 3 0 4 2
0 34 2 0 0 5 3 0 3 0 4 2 3 1 0 3 5 2 0 0 5 3 0 3 0 4 2 3 1 0 3 2 2 0 0 5
0 64 2 0 0 5 3 0 3 0 4 2 3 1 0 3 0 0 0 0 2 0 0 5 3 0 3 0 4 2 3 1 0 3 5 2 0 0 5 3 0 3 0 4 2 3 1 0 3 0 0 5 3 0 3 0 4 2 3 1 0 3 2 0 0 5
0 67 2 0 0 5 3 0 3 0 4 2 3 1 0 3 0 0 0 0 2 0 0 5 3 0 3 0 4 2 3 1 0 3 5 2 0 0 5 3 0 3 0 4 2 3 1 0 3 0 0 5 3 0 3 0 4 2 3 1 0 3 2 0 0 5 3 0 3
0 69 2 0 0 5 3 0 3 0 4 2 3 1 0 3 0 0 2 0 0 5 3 0 3 0 4 2 3 1 0 3 2 2 0 0 5 3 0 3 0 4 2 3 1 0 3 2 0 0 5 3 0 3 0 4 2 3 1 0 3 0 0 5 3 0 3 0 4 2 3
0 58 2 0 0 5 3 0 3 0 4 2 3 1 0 3 2 2 0 0 5 3 0 3 0 4 2 3 1 0 3 0 0 0 2 0 0 5 3 0 3 0 4 2 3 1 0 3 2 0 0 5 3 0 3 0 4 2 3 1
0 44 2 0 0 5 3 0 3 0 4 2 3 1 0 3 0 0 0 0 2 0 0 5 3 0 3 0 4 2 3 1 0 3 0 0 0 2 0 0 5 3 0 3 0 4
0 31 2 0 0 5 3 0 3 0 4 2 3 1 0 3 0 2 0 0 5 3 0 3 0 4 2 3 1 0 3 2 2
0 38 2 0 0 5 3 0 3 0 4 2 3 1 0 3 5 2 0 0 5 3 0 3 0 4 2 3 1 0 3 0 0 5 3 0 3 0 4 2
0 69 2 0 0 5 3 0 3 0 4 2 3 1 0 3 0 0 5 3 0 3 0 4 2 3 1 0 3 2 0 0 5 3 0 3 0 4 2 3 1 0 3 0 0 2 0 0 5 3 0 3 0 4 2 3 1 0 3 0 0 5 3 0 3 0 4 2 3 1 0
0 20 2 0 0 5 3 0 3 0 4 2 3 1 0 3 0 0 2 0 0 5
0 28 2 0 0 5 3 0 3 0 4 2 3 1 0 3 0 0 0 0 2 0 0 5 3 0 3 0 4 2
0 71 2 0 0 5 3 0 3 0 4 2 3 1 0 3 2 2 0 0 5 3 0 3 0 4 2 3 1 0 3 0 0 2 0 0 5 3 0 3 0 4 2 3 1 0 3 0 0 5 3 0 3 0 4 2 3 1 0 3 2 0 0 5 3 0 3 0 4 2 3 1 0
0 84 2 0 0 5 3 0 3 0 4 2 3 1 0 3 0 2 0 0 5 3 0 3 0 4 2 3 1 0 3 0 0 5 3 0 3 0 4 2 3 1 0 3 2 0 0 5 3 0 3 0 4 2 3 1 0 3 0 0 0 2 0 0 5 3 0 3 0 4 2 3 1 0 3 0 0 5 3 0 3 0 4 2 3 1
0 38 2 0 0 5 3 0 3 0 4 2 3 1 0 3 0 0 2 0 0 5 3 0 3 0 4 2 3 1 0 3 2 2 0 0 5 3 0 3
0 73 2 0 0 5 3 0 3 0 4 2 3 1 0 3 0 0 0 0 2 0 0 5 3 0 3 0 4 2 3 1 0 3 5 2 0 0 5 3 0 3 0 4 2 3 1 0 3 0 0 5 3 0 3 0 4 2 3 1 0 3 2 0 0 5 3 0 3 0 4 2 3 1 0
0 28 2 0 0 5 3 0 3 0 4 2 3 1 0 3 2 2 0 0 5 3 0 3 0 4 2 3 1 0
0 35 2 0 0 5 3 0 3 0 4 2 3 1 0 3 5 2 0 0 5 3 0 3 0 4 2 3 1 0 3 0 0 5 3 0 3
0 63 2 0 0 5 3 0 3 0 4 2 3 1 0 3 0 0 2 0 0 5 3 0 3 0 4 2 3 1 0 3 0 0 5 3 0 3 0 4 2 3 1 0 3 2 0 0 5 3 0 3 0 4 2 3 1 0 3 0 2 0 0 5 3
0 53 2 0 0 5 3 0 3 0 4 2 3 1 0 3 5 2 0 0 5 3 0 3 0 4 2 3 1 0 3 5 2 0 0 5 3 0 3 0 4 2 3 1 0 3 0 0 5 3 0 3 0 4 2
0 41 2 0 0 5 3 0 3 0 4 2 3 1 0 3 2 0 0 5 3 0 3 0 4 2 3 1 0 3 0 0 0 0 2 0 0 5 3 0 3 0 4
0 17 2 0 0 5 3 0 3 0 4 2 3 1 0 3 0 0 2
0 70 2 0 0 5 3 0 3 0 4 2 3 1 0 3 0 0 2 0 0 5 3 0 3 0 4 2 3 1 0 3 0 0 5 3 0 3 0 4 2 3 1 0 3 2 0 0 5 3 0 3 0 4 2 3 1 0 3 0 2 0 0 5 3 0 3 0 4 2 3 1
0 98 2 0 0 5 3 0 3 0 4 2 3 1 0 3 0 0 5 3 0 3 0 4 2 3 1 0 3 2 0 0 5 3 0 3 0 4 2 3 1 0 3 0 0 0 0 2 0 0 5 3 0 3 0 4 2 3 1 0 3 0 0 5 3 0 3 0 4 2 3 1 0 3 2 0 0 5 3 0 3 0 4 2 3 1 0 3 0 0 5 3 0 3 0 4 2 3 1 0
0 35 2 0 0 5 3 0 3 0 4 2 3 1 0 3 0 2 0 0 5 3 0 3 0 4 2 3 1 0 3 2 0 0 5 3 0
0 37 2 0 0 5 3 0 3 0 4 2 3 1 0 3 0 0 0 0 2 0 0 5 3 0 3 0 4 2 3 1 0 3 5 2 0 0 5
0 77 2 0 0 5 3 0 3 0 4 2 3 1 0 3 0 0 5 3 0 3 0 4 2 3 1 0 3 2 0 0 5 3 0 3 0 4 2 3 1 0 3 0 0 0 0 2 0 0 5 3 0 3 0 4 2 3 1 0 3 0 0 5 3 0 3 0 4 2 3 1 0 3 2 0 0 5 3
0 73 2 0 0 5 3 0 3 0 4 2 3 1 0 3 0 0 5 3 0 3 0 4 2 3 1 0 3 2 0 0 5 3 0 3 0 4 2 3 1 0 3 0 0 0 0 2 0 0 5 3 0 3 0 4 2 3 1 0 3 0 0 5 3 0 3 0 4 2 3 1 0 3 2
0 78 2 0 0 5 3 0 3 0 4 2 3 1 0 3 0 0 5 3 0 3 0 4 2 3 1 0 3 2 0 0 5 3 0 3 0 4 2 3 1 0 3 0 0 5 3 0 3 0 4 2 3 1 0 3 2 0 0 5 3 0 3 0 4 2 3 1 0 3 0 0 0 0 2 0 0 5 3 0
0 41 2 0 0 5 3 0 3 0 4 2 3 1 0 3 2 2 0 0 5 3 0 3 0 4 2 3 1 0 3 0 0 0 2 0 0 5 3 0 3 0 4
0 50 2 0 0 5 3 0 3 0 4 2 3 1 0 3 0 2 0 0 5 3 0 3 0 4 2 3 1 0 3 0 0 5 3 0 3 0 4 2 3 1 0 3 2 0 0 5 3 0 3 0
0 70 2 0 0 5 3 0 3 0 4 2 3 1 0 3 0 0 5 3 0 3 0 4 2 3 1 0 3 2 0 0 5 3 0 3 0 4 2 3 1 0 3 0 0 0 0 2 0 0 5 3 0 3 0 4 2 3 1 0 3 0 0 5 3 0 3 0 4 2 3 1
0 38 2 0 0 5 3 0 3 0 4 2 3 1 0 3 0 0 0 2 0 0 5 3 0 3 0 4 2 3 1 0 3 0 0 2 0 0 5 3
0 36 2 0 0 5 3 0 3 0 4 2 3 1 0 3 0 2 0 0 5 3 0 3 0 4 2 3 1 0 3 0 0 5 3 0 3 0
0 19 2 0 0 5 3 0 3 0 4 2 3 1 0 3 2 0 0 5 3
0 91 2 0 0 5 3 0 3 0 4 2 3 1 0 3 0 0 5 3 0 3 0 4 2 3 1 0 3 2 0 0 5 3 0 3 0 4 2 3 1 0 3 0 0 0 0 2 0 0 5 3 0 3 0 4 2 3 1 0 3 0 0 5 3 0 3 0 4 2 3 1 0 3 2 0 0 5 3 0 3 0 4 2 3 1 0 3 0 0 5 3 0
0 78 2 0 0 5 3 0 3 0 4 2 3 1 0 3 0 0 5 3 0 3 0 4 2 3 1 0 3 2 0 0 5 3 0 3 0 4 2 3 1 0 3 0 0 2 0 0 5 3 0 3 0 4 2 3 1 0 3 0 0 5 3 0 3 0 4 2 3 1 0 3 2 0 0 5 3 0 3 0
0 52 2 0 0 5 3 0 3 0 4 2 3 1 0 3 2 2 0 0 5 3 0 3 0 4 2 3 1 0 3 0 0 2 0 0 5 3 0 3 0 4 2 3 1 0 3 0 0 5 3 0 3 0
0 68 2 0 0 5 3 0 3 0 4 2 3 1 0 3 2 2 0 0 5 3 0 3 0 4 2 3 1 0 3 0 0 5 3 0 3 0 4 2 3 1 0 3 2 0 0 5 3 0 3 0 4 2 3 1 0 3 0 0 0 2 0 0 5 3 0 3 0 4
0 53 2 0 0 5 3 0 3 0 4 2 3 1 0 3 2 0 0 5 3 0 3 0 4 2 3 1 0 3 0 0 0 0 2 0 0 5 3 0 3 0 4 2 3 1 0 3 0 2 0 0 5 3 0
0 21 2 0 0 5 3 0 3 0 4 2 3 1 0 3 0 0 0 0 2 0 0
0 59 2 0 0 5 3 0 3 0 4 2 3 1 0 3 2 2 0 0 5 3 0 3 0 4 2 3 1 0 3 0 0 0 2 0 0 5 3 0 3 0 4 2 3 1 0 3 2 0 0 5 3 0 3 0 4 2 3 1 0
0 39 2 0 0 5 3 0 3 0 4 2 3 1 0 3 0 0 5 3 0 3 0 4 2 3 1 0 3 2 0 0 5 3 0 3 0 4 2 3 1
0 44 2 0 0 5 3 0 3 0 4 2 3 1 0 3 0 2 0 0 5 3 0 3 0 4 2 3 1 0 3 0 0 5 3 0 3 0 4 2 3 1 0 3 2 0
0 70 2 0 0 5 3 0 3 0 4 2 3 1 0 3 0 0 5 3 0 3 0 4 2 3 1 0 3 2 0 0 5 3 0 3 0 4 2 3 1 0 3 0 0 0 0 2 0 0 5 3 0 3 0 4 2 3 1 0 3 2 2 0 0 5 3 0 3 0 4 2
0 40 2 0 0 5 3 0 3 0 4 2 3 1 0 3 0 0 0 0 2 0 0 5 3 0 3 0 4 2 3 1 0 3 0 2 0 0 5 3 0 3
0 54 2 0 0 5 3 0 3 0 4 2 3 1 0 3 0 0 0 0 2 0 0 5 3 0 3 0 4 2 3 1 0 3 0 0 5 3 0 3 0 4 2 3 1 0 3 2 0 0 5 3 0 3 0 4
0 81 2 0 0 5 3 0 3 0 4 2 3 1 0 3 0 0 5 3 0 3 0 4 2 3 1 0 3 2 0 0 5 3 0 3 0 4 2 3 1 0 3 0 0 0 0 2 0 0 5 3 0 3 0 4 2 3 1 0 3 0 0 5 3 0 3 0 4 2 3 1 0 3 2 0 0 5 3 0 3 0 4
0 68 2 0 0 5 3 0 3 0 4 2 3 1 0 3 0 0 2 0 0 5 3 0 3 0 4 2 3 1 0 3 0 0 5 3 0 3 0 4 2 3 1 0 3 2 0 0 5 3 0 3 0 4 2 3 1 0 3 0 2 0 0 5 3 0 3 0 4 2
0 61 2 0 0 5 3 0 3 0 4 2 3 1 0 3 0 0 0 2 0 0 5 3 0 3 0 4 2 3 1 0 3 0 0 2 0 0 5 3 0 3 0 4 2 3 1 0 3 0 2 0 0 5 3 0 3 0 4 2 3 1 0
0 47 2 0 0 5 3 0 3 0 4 2 3 1 0 3 5 2 0 0 5 3 0 3 0 4 2 3 1 0 3 0 0 5 3 0 3 0 4 2 3 1 0 3 2 0 0 5 3
0 79 2 0 0 5 3 0 3 0 4 2 3 1 0 3 0 2 0 0 5 3 0 3 0 4 2 3 1 0 3 0 0 5 3 0 3 0 4 2 3 1 0 3 2 0 0 5 3 0 3 0 4 2 3 1 0 3 0 0 0 2 0 0 5 3 0 3 0 4 2 3 1 0 3 0 0 5 3 0 3
0 50 2 0 0 5 3 0 3 0 4 2 3 1 0 3 0 0 5 3 0 3 0 4 2 3 1 0 3 2 0 0 5 3 0 3 0 4 2 3 1 0 3 0 0 2 0 0 5 3 0 3
0 38 2 0 0 5 3 0 3 0 4 2 3 1 0 3 0 0 0 0 2 0 0 5 3 0 3 0 4 2 3 1 0 3 0 0 0 2 0 0
0 61 2 0 0 5 3 0 3 0 4 2 3 1 0 3 0 0 0 0 2 0 0 5 3 0 3 0 4 2 3 1 0 3 5 2 0 0 5 3 0 3 0 4 2 3 1 0 3 0 0 5 3 0 3 0 4 2 3 1 0 3 2
0 54 2 0 0 5 3 0 3 0 4 2 3 1 0 3 2 2 0 0 5 3 0 3 0 4 2 3 1 0 3 0 2 0 0 5 3 0 3 0 4 2 3 1 0 3 0 2 0 0 5 3 0 3 0 4
0 68 2 0 0 5 3 0 3 0 4 2 3 1 0 3 0 0 0 0 2 0 0 5 3 0 3 0 4 2 3 1 0 3 0 0 5 3 0 3 0 4 2 3 1 0 3 2 0 0 5 3 0 3 0 4 2 3 1 0 3 0 0 5 3 0 3 0 4 2
0 65 2 0 0 5 3 0 3 0 4 2 3 1 0 3 0 0 5 3 0 3 0 4 2 3 1 0 3 2 0 0 5 3 0 3 0 4 2 3 1 0 3 0 0 0 0 2 0 0 5 3 0 3 0 4 2 3 1 0 3 0 0 5 3 0 3
0 63 2 0 0 5 3 0 3 0 4 2 3 1 0 3 2 2 0 0 5 3 0 3 0 4 2 3 1 0 3 0 0 5 3 0 3 0 4 2 3 1 0 3 2 0 0 5 3 0 3 0 4 2 3 1 0 3 0 0 0 2 0 0 5
0 55 2 0 0 5 3 0 3 0 4 2 3 1 0 3 0 2 0 0 5 3 0 3 0 4 2 3 1 0 3 0 0 5 3 0 3 0 4 2 3 1 0 3 2 0 0 5 3 0 3 0 4 2 3 1 0
0 55 2 0 0 5 3 0 3 0 4 2 3 1 0 3 5 2 0 0 5 3 0 3 0 4 2 3 1 0 3 0 0 5 3 0 3 0 4 2 3 1 0 3 2 0 0 5 3 0 3 0 4 2 3 1 0
0 48 2 0 0 5 3 0 3 0 4 2 3 1 0 3 2 0 0 5 3 0 3 0 4 2 3 1 0 3 0 0 0 0 2 0 0 5 3 0 3 0 4 2 3 1 0 3 0 2
0 34 2 0 0 5 3 0 3 0 4 2 3 1 0 3 0 2 0 0 5 3 0 3 0 4 2 3 1 0 3 0 0 5 3 0
0 36 2 0 0 5 3 0 3 0 4 2 3 1 0 3 2 2 0 0 5 3 0 3 0 4 2 3 1 0 3 0 0 5 3 0 3 0
0 71 2 0 0 5 3 0 3 0 4 2 3 1 0 3 0 2 0 0 5 3 0 3 0 4 2 3 1 0 3 0 0 5 3 0 3 0 4 2 3 1 0 3 2 0 0 5 3 0 3 0 4 2 3 1 0 3 0 0 0 2 0 0 5 3 0 3 0 4 2 3 1
0 18 2 0 0 5 3 0 3 0 4 2 3 1 0 3 0 0 2 0
0 36 2 0 0 5 3 0 3 0 4 2 3 1 0 3 0 0 0 0 2 0 0 5 3 0 3 0 4 2 3 1 0 3 0 0 0 2
0 57 2 0 0 5 3 0 3 0 4 2 3 1 0 3 0 0 0 0 2 0 0 5 3 0 3 0 4 2 3 1 0 3 0 0 5 3 0 3 0 4 2 3 1 0 3 2 0 0 5 3 0 3 0 4 2 3 1
0 46 2 0 0 5 3 0 3 0 4 2 3 1 0 3 0 0 5 3 0 3 0 4 2 3 1 0 3 2 0 0 5 3 0 3 0 4 2 3 1 0 3 2 2 0 0 5
0 46 2 0 0 5 3 0 3 0 4 2 3 1 0 3 0 0 5 3 0 3 0 4 2 3 1 0 3 2 0 0 5 3 0 3 0 4 2 3 1 0 3 2 0 0 5 3
0 37 2 0 0 5 3 0 3 0 4 2 3 1 0 3 0 0 0 2 0 0 5 3 0 3 0 4 2 3 1 0 3 0 2 0 0 5 3
0 57 2 0 0 5 3 0 3 0 4 2 3 1 0 3 0 0 0 2 0 0 5 3 0 3 0 4 2 3 1 0 3 0 0 2 0 0 5 3 0 3 0 4 2 3 1 0 3 0 2 0 0 5 3 0 3 0 4
0 37 2 0 0 5 3 0 3 0 4 2 3 1 0 3 0 2 0 0 5 3 0 3 0 4 2 3 1 0 3 2 0 0 5 3 0 3 0
0 78 2 0 0 5 3 0 3 0 4 2 3 1 0 3 0 2 0 0 5 3 0 3 0 4 2 3 1 0 3 0 0 5 3 0 3 0 4 2 3 1 0 3 2 0 0 5 3 0 3 0 4 2 3 1 0 3 0 0 0 2 0 0 5 3 0 3 0 4 2 3 1 0 3 0 0 5 3 0
0 71 2 0 0 5 3 0 3 0 4 2 3 1 0 3 0 0 2 0 0 5 3 0 3 0 4 2 3 1 0 3 2 2 0 0 5 3 0 3 0 4 2 3 1 0 3 2 0 0 5 3 0 3 0 4 2 3 1 0 3 0 0 5 3 0 3 0 4 2 3 1 0
0 44 2 0 0 5 3 0 3 0 4 2 3 1 0 3 0 0 2 0 0 5 3 0 3 0 4 2 3 1 0 3 0 0 2 0 0 5 3 0 3 0 4 2 3 1
0 89 2 0 0 5 3 0 3 0 4 2 3 1 0 3 0 0 5 3 0 3 0 4 2 3 1 0 3 2 0 0 5 3 0 3 0 4 2 3 1 0 3 0 0 2 0 0 5 3 0 3 0 4 2 3 1 0 3 0 0 5 3 0 3 0 4 2 3 1 0 3 2 0 0 5 3 0 3 0 4 2 3 1 0 3 0 0 5 3 0
0 46 2 0 0 5 3 0 3 0 4 2 3 1 0 3 0 0 5 3 0 3 0 4 2 3 1 0 3 2 0 0 5 3 0 3 0 4 2 3 1 0 3 0 0 0 0 2
0 79 2 0 0 5 3 0 3 0 4 2 3 1 0 3 0 0 0 0 2 0 0 5 3 0 3 0 4 2 3 1 0 3 5 2 0 0 5 3 0 3 0 4 2 3 1 0 3 0 0 5 3 0 3 0 4 2 3 1 0 3 2 0 0 5 3 0 3 0 4 2 3 1 0 3 0 0 5 3 0
0 50 2 0 0 5 3 0 3 0 4 2 3 1 0 3 0 0 5 3 0 3 0 4 2 3 1 0 3 2 0 0 5 3 0 3 0 4 2 3 1 0 3 2 0 0 5 3 0 3 0 4
0 18 2 0 0 5 3 0 3 0 4 2 3 1 0 3 2 0 0 5
0 83 2 0 0 5 3 0 3 0 4 2 3 1 0 3 0 0 5 3 0 3 0 4 2 3 1 0 3 2 0 0 5 3 0 3 0 4 2 3 1 0 3 0 0 0 0 2 0 0 5 3 0 3 0 4 2 3 1 0 3 2 2 0 0 5 3 0 3 0 4 2 3 1 0 3 0 0 5 3 0 3 0 4 2
0 44 2 0 0 5 3 0 3 0 4 2 3 1 0 3 2 2 0 0 5 3 0 3 0 4 2 3 1 0 3 0 0 2 0 0 5 3 0 3 0 4 2 3 1 0
0 52 2 0 0 5 3 0 3 0 4 2 3 1 0 3 0 0 0 0 2 0 0 5 3 0 3 0 4 2 3 1 0 3 0 0 5 3 0 3 0 4 2 3 1 0 3 2 0 0 5 3 0 3
0 39 2 0 0 5 3 0 3 0 4 2 3 1 0 3 0 2 0 0 5 3 0 3 0 4 2 3 1 0 3 2 2 0 0 5 3 0 3 0 4
0 28 2 0 0 5 3 0 3 0 4 2 3 1 0 3 0 0 0 2 0 0 5 3 0 3 0 4 2 3
0 33 2 0 0 5 3 0 3 0 4 2 3 1 0 3 2 2 0 0 5 3 0 3 0 4 2 3 1 0 3 0 2 0 0
0 4 2 0 0 0
0 10 2 0 0 5 3 0 3 0 4 2
0 7 2 4 2 4 2 4 2
0 54 2 0 0 5 3 0 3 0 4 2 3 1 0 3 0 0 5 3 0 3 0 4 2 3 1 0 3 2 0 0 5 3 0 3 0 4 2 3 1 0 3 0 0 2 0 0 5 3 0 3 0 4 2 3
0 3 2 0 0
0 57 2 0 0 5 3 0 3 0 4 2 3 1 0 3 2 2 0 0 5 3 0 3 0 4 2 3 1 0 3 0 0 2 0 0 5 3 0 3 0 4 2 3 1 0 3 0 0 5 3 0 3 0 4 2 3 1 0
0 53 2 0 0 5 3 0 3 0 4 2 3 1 0 3 2 2 0 0 5 3 0 3 0 4 2 3 1 0 3 0 0 0 2 0 0 5 3 0 3 0 4 2 3 1 0 3 2 0 0 5 3 0 3
0 66 2 0 0 5 3 0 3 0 4 2 3 1 0 3 0 0 5 3 0 3 0 4 2 3 1 0 3 2 0 0 5 3 0 3 0 4 2 3 1 0 3 0 0 0 0 2 0 0 5 3 0 3 0 4 2 3 1 0 3 0 0 5 3 0 3 0
0 54 2 0 0 5 3 0 3 0 4 2 3 1 0 3 0 0 5 3 0 3 0 4 2 3 1 0 3 2 0 0 5 3 0 3 0 4 2 3 1 0 3 2 2 0 0 5 3 0 3 0 4 2 3 1
0 55 2 0 0 5 3 0 3 0 4 2 3 1 0 3 0 0 5 3 0 3 0 4 2 3 1 0 3 2 0 0 5 3 0 3 0 4 2 3 1 0 3 2 2 0 0 5 3 0 3 0 4 2 3 1 0
0 32 2 0 0 5 3 0 3 0 4 2 3 1 0 3 0 2 0 0 5 3 0 3 0 4 2 3 1 0 3 0 0 5
0 72 2 0 0 5 3 0 3 0 4 2 3 1 0 3 0 0 5 3 0 3 0 4 2 3 1 0 3 2 0 0 5 3 0 3 0 4 2 3 1 0 3 0 0 2 0 0 5 3 0 3 0 4 2 3 1 0 3 0 0 5 3 0 3 0 4 2 3 1 0 3 2 0
0 66 2 0 0 5 3 0 3 0 4 2 3 1 0 3 0 2 0 0 5 3 0 3 0 4 2 3 1 0 3 0 0 5 3 0 3 0 4 2 3 1 0 3 2 0 0 5 3 0 3 0 4 2 3 1 0 3 0 0 0 2 0 0 5 3 0 3
0 35 2 0 0 5 3 0 3 0 4 2 3 1 0 3 2 0 0 5 3 0 3 0 4 2 3 1 0 3 0 0 0 0 2 0 0
0 32 2 0 0 5 3 0 3 0 4 2 3 1 0 3 5 2 0 0 5 3 0 3 0 4 2 3 1 0 3 5 2 0
0 34 2 0 0 5 3 0 3 0 4 2 3 1 0 3 2 2 0 0 5 3 0 3 0 4 2 3 1 0 3 0 0 2 0 0
0 82 2 0 0 5 3 0 3 0 4 2 3 1 0 3 0 0 5 3 0 3 0 4 2 3 1 0 3 2 0 0 5 3 0 3 0 4 2 3 1 0 3 0 0 2 0 0 5 3 0 3 0 4 2 3 1 0 3 0 0 5 3 0 3 0 4 2 3 1 0 3 2 0 0 5 3 0 3 0 4 2 3 1
0 19 2 0 0 5 3 0 3 0 4 2 3 1 0 3 0 0 2 0 0
0 40 2 0 0 5 3 0 3 0 4 2 3 1 0 3 2 2 0 0 5 3 0 3 0 4 2 3 1 0 3 0 0 5 3 0 3 0 4 2 3 1
0 46 2 0 0 5 3 0 3 0 4 2 3 1 0 3 0 0 0 0 2 0 0 5 3 0 3 0 4 2 3 1 0 3 0 0 0 2 0 0 5 3 0 3 0 4 2 3
0 56 2 0 0 5 3 0 3 0 4 2 3 1 0 3 0 0 0 2 0 0 5 3 0 3 0 4 2 3 1 0 3 0 2 0 0 5 3 0 3 0 4 2 3 1 0 3 0 0 5 3 0 3 0 4 2 3
0 28 2 0 0 5 3 0 3 0 4 2 3 1 0 3 0 2 0 0 5 3 0 3 0 4 2 3 1 0
0 58 2 0 0 5 3 0 3 0 4 2 3 1 0 3 2 0 0 5 3 0 3 0 4 2 3 1 0 3 0 0 0 0 2 0 0 5 3 0 3 0 4 2 3 1 0 3 0 2 0 0 5 3 0 3 0 4 2 3
0 34 2 0 0 5 3 0 3 0 4 2 3 1 0 3 0 0 0 2 0 0 5 3 0 3 0 4 2 3 1 0 3 0 0 2
0 64 2 0 0 5 3 0 3 0 4 2 3 1 0 3 2 2 0 0 5 3 0 3 0 4 2 3 1 0 3 0 0 5 3 0 3 0 4 2 3 1 0 3 2 0 0 5 3 0 3 0 4 2 3 1 0 3 0 0 0 2 0 0 5 3
0 41 2 0 0 5 3 0 3 0 4 2 3 1 0 3 5 2 0 0 5 3 0 3 0 4 2 3 1 0 3 5 2 0 0 5 3 0 3 0 4 2 3
0 55 2 0 0 5 3 0 3 0 4 2 3 1 0 3 2 2 0 0 5 3 0 3 0 4 2 3 1 0 3 0 0 5 3 0 3 0 4 2 3 1 0 3 2 0 0 5 3 0 3 0 4 2 3 1 0
0 49 2 0 0 5 3 0 3 0 4 2 3 1 0 3 0 0 0 2 0 0 5 3 0 3 0 4 2 3 1 0 3 0 0 2 0 0 5 3 0 3 0 4 2 3 1 0 3 0 2
0 67 2 0 0 5 3 0 3 0 4 2 3 1 0 3 0 2 0 0 5 3 0 3 0 4 2 3 1 0 3 0 0 5 3 0 3 0 4 2 3 1 0 3 2 0 0 5 3 0 3 0 4 2 3 1 0 3 0 0 0 2 0 0 5 3 0 3 0
0 62 2 0 0 5 3 0 3 0 4 2 3 1 0 3 0 0 2 0 0 5 3 0 3 0 4 2 3 1 0 3 2 2 0 0 5 3 0 3 0 4 2 3 1 0 3 2 0 0 5 3 0 3 0 4 2 3 1 0 3 0 0 5
0 54 2 0 0 5 3 0 3 0 4 2 3 1 0 3 0 0 5 3 0 3 0 4 2 3 1 0 3 2 0 0 5 3 0 3 0 4 2 3 1 0 3 2 0 0 5 3 0 3 0 4 2 3 1 0
0 67 2 0 0 5 3 0 3 0 4 2 3 1 0 3 0 0 5 3 0 3 0 4 2 3 1 0 3 2 0 0 5 3 0 3 0 4 2 3 1 0 3 0 0 2 0 0 5 3 0 3 0 4 2 3 1 0 3 0 0 5 3 0 3 0 4 2 3
0 53 2 0 0 5 3 0 3 0 4 2 3 1 0 3 2 2 0 0 5 3 0 3 0 4 2 3 1 0 3 0 0 0 2 0 0 5 3 0 3 0 4 2 3 1 0 3 0 0 2 0 0 5 3
0 19 2 0 0 5 3 0 3 0 4 2 3 1 0 3 2 2 0 0 5
0 77 2 0 0 5 3 0 3 0 4 2 3 1 0 3 0 2 0 0 5 3 0 3 0 4 2 3 1 0 3 0 0 5 3 0 3 0 4 2 3 1 0 3 2 0 0 5 3 0 3 0 4 2 3 1 0 3 0 0 0 2 0 0 5 3 0 3 0 4 2 3 1 0 3 0 0 5 3
0 73 2 0 0 5 3 0 3 0 4 2 3 1 0 3 0 0 5 3 0 3 0 4 2 3 1 0 3 2 0 0 5 3 0 3 0 4 2 3 1 0 3 0 0 2 0 0 5 3 0 3 0 4 2 3 1 0 3 0 0 5 3 0 3 0 4 2 3 1 0 3 2 0 0
0 20 2 0 0 5 3 0 3 0 4 2 3 1 0 3 0 0 0 0 2 0
0 69 2 0 0 5 3 0 3 0 4 2 3 1 0 3 0 0 0 0 2 0 0 5 3 0 3 0 4 2 3 1 0 3 5 2 0 0 5 3 0 3 0 4 2 3 1 0 3 0 0 5 3 0 3 0 4 2 3 1 0 3 2 0 0 5 3 0 3 0 4
0 44 2 0 0 5 3 0 3 0 4 2 3 1 0 3 5 2 0 0 5 3 0 3 0 4 2 3 1 0 3 0 0 5 3 0 3 0 4 2 3 1 0 3 2 0
0 39 2 0 0 5 3 0 3 0 4 2 3 1 0 3 0 0 2 0 0 5 3 0 3 0 4 2 3 1 0 3 0 0 2 0 0 5 3 0 3
0 52 2 0 0 5 3 0 3 0 4 2 3 1 0 3 0 0 5 3 0 3 0 4 2 3 1 0 3 2 0 0 5 3 0 3 0 4 2 3 1 0 3 0 0 5 3 0 3 0 4 2 3 1
0 44 2 0 0 5 3 0 3 0 4 2 3 1 0 3 0 0 0 0 2 0 0 5 3 0 3 0 4 2 3 1 0 3 0 0 5 3 0 3 0 4 2 3 1 0
0 38 2 0 0 5 3 0 3 0 4 2 3 1 0 3 0 0 5 3 0 3 0 4 2 3 1 0 3 2 0 0 5 3 0 3 0 4 2 3
0 60 2 0 0 5 3 0 3 0 4 2 3 1 0 3 0 0 2 0 0 5 3 0 3 0 4 2 3 1 0 3 0 0 5 3 0 3 0 4 2 3 1 0 3 2 0 0 5 3 0 3 0 4 2 3 1 0 3 0 2 0
0 40 2 0 0 5 3 0 3 0 4 2 3 1 0 3 0 0 2 0 0 5 3 0 3 0 4 2 3 1 0 3 0 0 2 0 0 5 3 0 3 0
0 35 2 0 0 5 3 0 3 0 4 2 3 1 0 3 0 2 0 0 5 3 0 3 0 4 2 3 1 0 3 0 0 5 3 0 3
0 16 2 0 0 5 3 0 3 0 4 2 3 1 0 3 5 2
0 22 2 0 0 5 3 0 3 0 4 2 3 1 0 3 2 0 0 5 3 0 3 0
0 55 2 0 0 5 3 0 3 0 4 2 3 1 0 3 5 2 0 0 5 3 0 3 0 4 2 3 1 0 3 5 2 0 0 5 3 0 3 0 4 2 3 1 0 3 5 2 0 0 5 3 0 3 0 4 2
0 45 2 0 0 5 3 0 3 0 4 2 3 1 0 3 2 2 0 0 5 3 0 3 0 4 2 3 1 0 3 0 0 0 2 0 0 5 3 0 3 0 4 2 3 1 0
0 45 2 0 0 5 3 0 3 0 4 2 3 1 0 3 0 0 2 0 0 5 3 0 3 0 4 2 3 1 0 3 0 0 5 3 0 3 0 4 2 3 1 0 3 2 0
0 79 2 0 0 5 3 0 3 0 4 2 3 1 0 3 0 0 5 3 0 3 0 4 2 3 1 0 3 2 0 0 5 3 0 3 0 4 2 3 1 0 3 0 0 0 0 2 0 0 5 3 0 3 0 4 2 3 1 0 3 0 0 5 3 0 3 0 4 2 3 1 0 3 2 0 0 5 3 0 3
0 49 2 0 0 5 3 0 3 0 4 2 3 1 0 3 0 0 2 0 0 5 3 0 3 0 4 2 3 1 0 3 0 0 5 3 0 3 0 4 2 3 1 0 3 2 0 0 5 3 0
0 47 2 0 0 5 3 0 3 0 4 2 3 1 0 3 5 2 0 0 5 3 0 3 0 4 2 3 1 0 3 5 2 0 0 5 3 0 3 0 4 2 3 1 0 3 0 0 5
0 8 2 0 0 5 3 0 3 0
0 67 2 0 0 5 3 0 3 0 4 2 3 1 0 3 0 0 5 3 0 3 0 4 2 3 1 0 3 2 0 0 5 3 0 3 0 4 2 3 1 0 3 0 0 0 0 2 0 0 5 3 0 3 0 4 2 3 1 0 3 0 0 5 3 0 3 0 4
0 81 2 0 0 5 3 0 3 0 4 2 3 1 0 3 0 0 5 3 0 3 0 4 2 3 1 0 3 2 0 0 5 3 0 3 0 4 2 3 1 0 3 0 0 0 0 2 0 0 5 3 0 3 0 4 2 3 1 0 3 2 2 0 0 5 3 0 3 0 4 2 3 1 0 3 0 0 5 3 0 3 0
0 42 2 0 0 5 3 0 3 0 4 2 3 1 0 3 5 2 0 0 5 3 0 3 0 4 2 3 1 0 3 2 2 0 0 5 3 0 3 0 4 2 3 1
0 33 2 0 0 5 3 0 3 0 4 2 3 1 0 3 0 2 0 0 5 3 0 3 0 4 2 3 1 0 3 2 2 0 0
0 16 2 0 0 5 3 0 3 0 4 2 3 1 0 3 2 2
0 5 2 0 0 5 3
0 11 2 0 0 5 3 0 3 0 4 2 3
0 39 2 0 0 5 3 0 3 0 4 2 3 1 0 3 2 2 0 0 5 3 0 3 0 4 2 3 1 0 3 0 0 0 2 0 0 5 3 0 3
0 44 2 0 0 5 3 0 3 0 4 2 3 1 0 3 0 0 0 0 2 0 0 5 3 0 3 0 4 2 3 1 0 3 0 2 0 0 5 3 0 3 0 4 2 3
0 17 2 0 0 5 3 0 3 0 4 2 3 1 0 3 0 0 5
0 46 2 0 0 5 3 0 3 0 4 2 3 1 0 3 0 0 0 0 2 0 0 5 3 0 3 0 4 2 3 1 0 3 5 2 0 0 5 3 0 3 0 4 2 3 1 0
0 52 2 0 0 5 3 0 3 0 4 2 3 1 0 3 0 0 2 0 0 5 3 0 3 0 4 2 3 1 0 3 0 0 5 3 0 3 0 4 2 3 1 0 3 2 0 0 5 3 0 3 0 4
0 62 2 0 0 5 3 0 3 0 4 2 3 1 0 3 0 0 0 0 2 0 0 5 3 0 3 0 4 2 3 1 0 3 0 0 5 3 0 3 0 4 2 3 1 0 3 2 0 0 5 3 0 3 0 4 2 3 1 0 3 0 0 5
0 85 2 0 0 5 3 0 3 0 4 2 3 1 0 3 0 2 0 0 5 3 0 3 0 4 2 3 1 0 3 0 0 5 3 0 3 0 4 2 3 1 0 3 2 0 0 5 3 0 3 0 4 2 3 1 0 3 0 0 0 2 0 0 5 3 0 3 0 4 2 3 1 0 3 0 0 5 3 0 3 0 4 2 3 1 0
0 60 2 0 0 5 3 0 3 0 4 2 3 1 0 3 0 0 0 0 2 0 0 5 3 0 3 0 4 2 3 1 0 3 0 2 0 0 5 3 0 3 0 4 2 3 1 0 3 0 0 2 0 0 5 3 0 3 0 4 2 3
0 49 2 0 0 5 3 0 3 0 4 2 3 1 0 3 0 0 5 3 0 3 0 4 2 3 1 0 3 2 0 0 5 3 0 3 0 4 2 3 1 0 3 0 0 0 0 2 0 0 5
0 40 2 0 0 5 3 0 3 0 4 2 3 1 0 3 0 0 0 0 2 0 0 5 3 0 3 0 4 2 3 1 0 3 0 0 0 2 0 0 5 3
0 61 2 0 0 5 3 0 3 0 4 2 3 1 0 3 0 0 0 0 2 0 0 5 3 0 3 0 4 2 3 1 0 3 0 2 0 0 5 3 0 3 0 4 2 3 1 0 3 0 0 2 0 0 5 3 0 3 0 4 2 3 1
0 62 2 0 0 5 3 0 3 0 4 2 3 1 0 3 0 0 5 3 0 3 0 4 2 3 1 0 3 2 0 0 5 3 0 3 0 4 2 3 1 0 3 0 0 5 3 0 3 0 4 2 3 1 0 3 2 0 0 5 3 0 3 0
0 33 2 0 0 5 3 0 3 0 4 2 3 1 0 3 2 2 0 0 5 3 0 3 0 4 2 3 1 0 3 0 0 2 0
0 3 2 4 2
0 54 2 0 0 5 3 0 3 0 4 2 3 1 0 3 2 2 0 0 5 3 0 3 0 4 2 3 1 0 3 0 0 0 2 0 0 5 3 0 3 0 4 2 3 1 0 3 2 0 0 5 3 0 3 0
0 40 2 0 0 5 3 0 3 0 4 2 3 1 0 3 0 0 0 2 0 0 5 3 0 3 0 4 2 3 1 0 3 0 2 0 0 5 3 0 3 0
0 65 2 0 0 5 3 0 3 0 4 2 3 1 0 3 2 2 0 0 5 3 0 3 0 4 2 3 1 0 3 0 0 5 3 0 3 0 4 2 3 1 0 3 2 0 0 5 3 0 3 0 4 2 3 1 0 3 0 0 0 2 0 0 5 3 0
0 64 2 0 0 5 3 0 3 0 4 2 3 1 0 3 0 0 2 0 0 5 3 0 3 0 4 2 3 1 0 3 2 2 0 0 5 3 0 3 0 4 2 3 1 0 3 2 0 0 5 3 0 3 0 4 2 3 1 0 3 0 0 5 3 0
0 32 2 0 0 5 3 0 3 0 4 2 3 1 0 3 2 2 0 0 5 3 0 3 0 4 2 3 1 0 3 0 0 2
0 45 2 0 0 5 3 0 3 0 4 2 3 1 0 3 0 0 5 3 0 3 0 4 2 3 1 0 3 2 0 0 5 3 0 3 0 4 2 3 1 0 3 2 0 0 5
0 50 2 0 0 5 3 0 3 0 4 2 3 1 0 3 0 0 0 0 2 0 0 5 3 0 3 0 4 2 3 1 0 3 0 0 5 3 0 3 0 4 2 3 1 0 3 2 0 0 5 3
0 33 2 0 0 5 3 0 3 0 4 2 3 1 0 3 2 2 0 0 5 3 0 3 0 4 2 3 1 0 3 0 0 0 2
0 31 2 0 0 5 3 0 3 0 4 2 3 1 0 3 0 0 5 3 0 3 0 4 2 3 1 0 3 2 0 0 5
0 62 2 0 0 5 3 0 3 0 4 2 3 1 0 3 2 2 0 0 5 3 0 3 0 4 2 3 1 0 3 0 0 2 0 0 5 3 0 3 0 4 2 3 1 0 3 0 0 5 3 0 3 0 4 2 3 1 0 3 2 0 0 5
0 48 2 0 0 5 3 0 3 0 4 2 3 1 0 3 0 0 2 0 0 5 3 0 3 0 4 2 3 1 0 3 2 2 0 0 5 3 0 3 0 4 2 3 1 0 3 2 0 0
0 33 2 0 0 5 3 0 3 0 4 2 3 1 0 3 2 0 0 5 3 0 3 0 4 2 3 1 0 3 0 0 0 0 2
0 65 2 0 0 5 3 0 3 0 4 2 3 1 0 3 0 0 0 0 2 0 0 5 3 0 3 0 4 2 3 1 0 3 0 0 5 3 0 3 0 4 2 3 1 0 3 2 0 0 5 3 0 3 0 4 2 3 1 0 3 0 0 5 3 0 3
0 21 2 0 0 5 3 0 3 0 4 2 3 1 0 3 5 2 0 0 5 3 0
0 52 2 0 0 5 3 0 3 0 4 2 3 1 0 3 0 0 0 0 2 0 0 5 3 0 3 0 4 2 3 1 0 3 5 2 0 0 5 3 0 3 0 4 2 3 1 0 3 0 0 5 3 0
0 23 2 0 0 5 3 0 3 0 4 2 3 1 0 3 5 2 0 0 5 3 0 3 0
0 45 2 0 0 5 3 0 3 0 4 2 3 1 0 3 0 0 0 0 2 0 0 5 3 0 3 0 4 2 3 1 0 3 0 2 0 0 5 3 0 3 0 4 2 3 1
0 54 2 0 0 5 3 0 3 0 4 2 3 1 0 3 2 2 0 0 5 3 0 3 0 4 2 3 1 0 3 0 0 0 2 0 0 5 3 0 3 0 4 2 3 1 0 3 0 0 2 0 0 5 3 0
0 65 2 0 0 5 3 0 3 0 4 2 3 1 0 3 0 0 0 0 2 0 0 5 3 0 3 0 4 2 3 1 0 3 5 2 0 0 5 3 0 3 0 4 2 3 1 0 3 0 0 5 3 0 3 0 4 2 3 1 0 3 2 0 0 5 3
0 37 2 0 0 5 3 0 3 0 4 2 3 1 0 3 2 2 0 0 5 3 0 3 0 4 2 3 1 0 3 0 0 2 0 0 5 3 0
0 41 2 0 0 5 3 0 3 0 4 2 3 1 0 3 0 0 0 0 2 0 0 5 3 0 3 0 4 2 3 1 0 3 0 0 5 3 0 3 0 4 2
0 49 2 0 0 5 3 0 3 0 4 2 3 1 0 3 2 2 0 0 5 3 0 3 0 4 2 3 1 0 3 0 2 0 0 5 3 0 3 0 4 2 3 1 0 3 0 2 0 0 5
0 52 2 0 0 5 3 0 3 0 4 2 3 1 0 3 5 2 0 0 5 3 0 3 0 4 2 3 1 0 3 5 2 0 0 5 3 0 3 0 4 2 3 1 0 3 0 0 5 3 0 3 0 4
0 20 2 0 0 5 3 0 3 0 4 2 3 1 0 3 0 2 0 0 5 3
0 42 2 0 0 5 3 0 3 0 4 2 3 1 0 3 0 0 0 0 2 0 0 5 3 0 3 0 4 2 3 1 0 3 0 0 5 3 0 3 0 4 2 3
0 91 2 0 0 5 3 0 3 0 4 2 3 1 0 3 0 0 5 3 0 3 0 4 2 3 1 0 3 2 0 0 5 3 0 3 0 4 2 3 1 0 3 0 0 2 0 0 5 3 0 3 0 4 2 3 1 0 3 0 0 5 3 0 3 0 4 2 3 1 0 3 2 0 0 5 3 0 3 0 4 2 3 1 0 3 0 0 5 3 0 3 0
0 42 2 0 0 5 3 0 3 0 4 2 3 1 0 3 0 0 0 0 2 0 0 5 3 0 3 0 4 2 3 1 0 3 0 0 0 2 0 0 5 3 0 3
0 69 2 0 0 5 3 0 3 0 4 2 3 1 0 3 0 0 2 0 0 5 3 0 3 0 4 2 3 1 0 3 0 0 5 3 0 3 0 4 2 3 1 0 3 2 0 0 5 3 0 3 0 4 2 3 1 0 3 0 2 0 0 5 3 0 3 0 4 2 3
0 3 2 2 0
0 56 2 0 0 5 3 0 3 0 4 2 3 1 0 3 0 0 2 0 0 5 3 0 3 0 4 2 3 1 0 3 0 0 5 3 0 3 0 4 2 3 1 0 3 2 0 0 5 3 0 3 0 4 2 3 1 0
0 39 2 0 0 5 3 0 3 0 4 2 3 1 0 3 5 2 0 0 5 3 0 3 0 4 2 3 1 0 3 5 2 0 0 5 3 0 3 0 4
0 58 2 0 0 5 3 0 3 0 4 2 3 1 0 3 5 2 0 0 5 3 0 3 0 4 2 3 1 0 3 5 2 0 0 5 3 0 3 0 4 2 3 1 0 3 5 2 0 0 5 3 0 3 0 4 2 3 1 0
0 41 2 0 0 5 3 0 3 0 4 2 3 1 0 3 0 0 0 2 0 0 5 3 0 3 0 4 2 3 1 0 3 0 2 0 0 5 3 0 3 0 4
0 56 2 0 0 5 3 0 3 0 4 2 3 1 0 3 0 0 0 0 2 0 0 5 3 0 3 0 4 2 3 1 0 3 0 2 0 0 5 3 0 3 0 4 2 3 1 0 3 0 0 2 0 0 5 3 0 3
0 49 2 0 0 5 3 0 3 0 4 2 3 1 0 3 0 0 2 0 0 5 3 0 3 0 4 2 3 1 0 3 2 2 0 0 5 3 0 3 0 4 2 3 1 0 3 2 0 0 5
0 34 2 0 0 5 3 0 3 0 4 2 3 1 0 3 2 2 0 0 5 3 0 3 0 4 2 3 1 0 3 0 2 0 0 5
0 42 2 0 0 5 3 0 3 0 4 2 3 1 0 3 5 2 0 0 5 3 0 3 0 4 2 3 1 0 3 5 2 0 0 5 3 0 3 0 4 2 3 1
0 41 2 0 0 5 3 0 3 0 4 2 3 1 0 3 0 0 0 2 0 0 5 3 0 3 0 4 2 3 1 0 3 0 0 2 0 0 5 3 0 3 0
0 38 2 0 0 5 3 0 3 0 4 2 3 1 0 3 5 2 0 0 5 3 0 3 0 4 2 3 1 0 3 2 2 0 0 5 3 0 3 0
0 40 2 0 0 5 3 0 3 0 4 2 3 1 0 3 2 0 0 5 3 0 3 0 4 2 3 1 0 3 0 0 0 0 2 0 0 5 3 0 3 0
0 68 2 0 0 5 3 0 3 0 4 2 3 1 0 3 0 2 0 0 5 3 0 3 0 4 2 3 1 0 3 0 0 5 3 0 3 0 4 2 3 1 0 3 2 0 0 5 3 0 3 0 4 2 3 1 0 3 0 0 0 2 0 0 5 3 0 3 0 4
0 34 2 0 0 5 3 0 3 0 4 2 3 1 0 3 5 2 0 0 5 3 0 3 0 4 2 3 1 0 3 5 2 0 0 5
0 70 2 0 0 5 3 0 3 0 4 2 3 1 0 3 2 2 0 0 5 3 0 3 0 4 2 3 1 0 3 0 0 2 0 0 5 3 0 3 0 4 2 3 1 0 3 0 0 5 3 0 3 0 4 2 3 1 0 3 2 0 0 5 3 0 3 0 4 2 3 1
0 92 2 0 0 5 3 0 3 0 4 2 3 1 0 3 0 0 5 3 0 3 0 4 2 3 1 0 3 2 0 0 5 3 0 3 0 4 2 3 1 0 3 0 0 2 0 0 5 3 0 3 0 4 2 3 1 0 3 0 0 5 3 0 3 0 4 2 3 1 0 3 2 0 0 5 3 0 3 0 4 2 3 1 0 3 0 0 5 3 0 3 0 4
0 68 2 0 0 5 3 0 3 0 4 2 3 1 0 3 0 0 5 3 0 3 0 4 2 3 1 0 3 2 0 0 5 3 0 3 0 4 2 3 1 0 3 0 0 2 0 0 5 3 0 3 0 4 2 3 1 0 3 0 0 5 3 0 3 0 4 2 3 1
0 62 2 0 0 5 3 0 3 0 4 2 3 1 0 3 0 0 0 0 2 0 0 5 3 0 3 0 4 2 3 1 0 3 5 2 0 0 5 3 0 3 0 4 2 3 1 0 3 0 0 5 3 0 3 0 4 2 3 1 0 3 2 0
0 52 2 0 0 5 3 0 3 0 4 2 3 1 0 3 0 0 0 2 0 0 5 3 0 3 0 4 2 3 1 0 3 0 2 0 0 5 3 0 3 0 4 2 3 1 0 3 0 0 5 3 0 3
0 51 2 0 0 5 3 0 3 0 4 2 3 1 0 3 5 2 0 0 5 3 0 3 0 4 2 3 1 0 3 5 2 0 0 5 3 0 3 0 4 2 3 1 0 3 0 0 5 3 0 3 0
0 82 2 0 0 5 3 0 3 0 4 2 3 1 0 3 0 2 0 0 5 3 0 3 0 4 2 3 1 0 3 0 0 5 3 0 3 0 4 2 3 1 0 3 2 0 0 5 3 0 3 0 4 2 3 1 0 3 0 0 0 2 0 0 5 3 0 3 0 4 2 3 1 0 3 0 0 5 3 0 3 0 4 2
0 51 2 0 0 5 3 0 3 0 4 2 3 1 0 3 0 0 0 0 2 0 0 5 3 0 3 0 4 2 3 1 0 3 0 0 5 3 0 3 0 4 2 3 1 0 3 2 0 0 5 3 0
0 53 2 0 0 5 3 0 3 0 4 2 3 1 0 3 0 0 2 0 0 5 3 0 3 0 4 2 3 1 0 3 0 0 5 3 0 3 0 4 2 3 1 0 3 2 0 0 5 3 0 3 0 4 2
0 51 2 0 0 5 3 0 3 0 4 2 3 1 0 3 0 0 0 0 2 0 0 5 3 0 3 0 4 2 3 1 0 3 0 2 0 0 5 3 0 3 0 4 2 3 1 0 3 0 0 2 0
0 73 2 0 0 5 3 0 3 0 4 2 3 1 0 3 0 0 5 3 0 3 0 4 2 3 1 0 3 2 0 0 5 3 0 3 0 4 2 3 1 0 3 0 0 5 3 0 3 0 4 2 3 1 0 3 2 0 0 5 3 0 3 0 4 2 3 1 0 3 0 0 0 0 2
0 45 2 0 0 5 3 0 3 0 4 2 3 1 0 3 0 0 0 0 2 0 0 5 3 0 3 0 4 2 3 1 0 3 5 2 0 0 5 3 0 3 0 4 2 3 1
0 56 2 0 0 5 3 0 3 0 4 2 3 1 0 3 0 0 5 3 0 3 0 4 2 3 1 0 3 2 0 0 5 3 0 3 0 4 2 3 1 0 3 0 0 5 3 0 3 0 4 2 3 1 0 3 2 0
0 47 2 0 0 5 3 0 3 0 4 2 3 1 0 3 0 0 0 0 2 0 0 5 3 0 3 0 4 2 3 1 0 3 0 0 0 2 0 0 5 3 0 3 0 4 2 3 1
0 65 2 0 0 5 3 0 3 0 4 2 3 1 0 3 2 2 0 0 5 3 0 3 0 4 2 3 1 0 3 0 0 2 0 0 5 3 0 3 0 4 2 3 1 0 3 0 0 5 3 0 3 0 4 2 3 1 0 3 2 0 0 5 3 0 3
0 58 2 0 0 5 3 0 3 0 4 2 3 1 0 3 0 0 0 0 2 0 0 5 3 0 3 0 4 2 3 1 0 3 0 2 0 0 5 3 0 3 0 4 2 3 1 0 3 0 0 2 0 0 5 3 0 3 0 4
0 63 2 0 0 5 3 0 3 0 4 2 3 1 0 3 2 2 0 0 5 3 0 3 0 4 2 3 1 0 3 0 0 2 0 0 5 3 0 3 0 4 2 3 1 0 3 0 0 5 3 0 3 0 4 2 3 1 0 3 2 0 0 5 3
0 47 2 0 0 5 3 0 3 0 4 2 3 1 0 3 0 0 2 0 0 5 3 0 3 0 4 2 3 1 0 3 2 2 0 0 5 3 0 3 0 4 2 3 1 0 3 2 0
0 51 2 0 0 5 3 0 3 0 4 2 3 1 0 3 0 0 2 0 0 5 3 0 3 0 4 2 3 1 0 3 0 0 5 3 0 3 0 4 2 3 1 0 3 2 0 0 5 3 0 3 0
0 55 2 0 0 5 3 0 3 0 4 2 3 1 0 3 2 2 0 0 5 3 0 3 0 4 2 3 1 0 3 0 0 0 2 0 0 5 3 0 3 0 4 2 3 1 0 3 2 0 0 5 3 0 3 0 4
0 24 2 0 0 5 3 0 3 0 4 2 3 1 0 3 0 0 0 0 2 0 0 5 3 0
0 27 2 0 0 5 3 0 3 0 4 2 3 1 0 3 0 0 2 0 0 5 3 0 3 0 4 2 3
0 96 2 0 0 5 3 0 3 0 4 2 3 1 0 3 0 0 5 3 0 3 0 4 2 3 1 0 3 2 0 0 5 3 0 3 0 4 2 3 1 0 3 0 0 0 0 2 0 0 5 3 0 3 0 4 2 3 1 0 3 0 0 5 3 0 3 0 4 2 3 1 0 3 2 0 0 5 3 0 3 0 4 2 3 1 0 3 0 0 5 3 0 3 0 4 2 3
0 52 2 0 0 5 3 0 3 0 4 2 3 1 0 3 5 2 0 0 5 3 0 3 0 4 2 3 1 0 3 5 2 0 0 5 3 0 3 0 4 2 3 1 0 3 5 2 0 0 5 3 0 3
0 1 0
0 53 2 0 0 5 3 0 3 0 4 2 3 1 0 3 0 0 5 3 0 3 0 4 2 3 1 0 3 2 0 0 5 3 0 3 0 4 2 3 1 0 3 0 0 0 0 2 0 0 5 3 0 3 0
0 57 2 0 0 5 3 0 3 0 4 2 3 1 0 3 5 2 0 0 5 3 0 3 0 4 2 3 1 0 3 5 2 0 0 5 3 0 3 0 4 2 3 1 0 3 5 2 0 0 5 3 0 3 0 4 2 3 1
0 47 2 0 0 5 3 0 3 0 4 2 3 1 0 3 0 0 5 3 0 3 0 4 2 3 1 0 3 2 0 0 5 3 0 3 0 4 2 3 1 0 3 2 2 0 0 5 3
0 95 2 0 0 5 3 0 3 0 4 2 3 1 0 3 0 0 5 3 0 3 0 4 2 3 1 0 3 2 0 0 5 3 0 3 0 4 2 3 1 0 3 0 0 2 0 0 5 3 0 3 0 4 2 3 1 0 3 0 0 5 3 0 3 0 4 2 3 1 0 3 2 0 0 5 3 0 3 0 4 2 3 1 0 3 0 0 5 3 0 3 0 4 2 3 1
0 45 2 0 0 5 3 0 3 0 4 2 3 1 0 3 0 2 0 0 5 3 0 3 0 4 2 3 1 0 3 0 0 5 3 0 3 0 4 2 3 1 0 3 2 0 0
0 63 2 0 0 5 3 0 3 0 4 2 3 1 0 3 0 0 0 0 2 0 0 5 3 0 3 0 4 2 3 1 0 3 5 2 0 0 5 3 0 3 0 4 2 3 1 0 3 0 0 5 3 0 3 0 4 2 3 1 0 3 2 0 0
0 33 2 0 0 5 3 0 3 0 4 2 3 1 0 3 0 0 2 0 0 5 3 0 3 0 4 2 3 1 0 3 0 0 2
0 56 2 0 0 5 3 0 3 0 4 2 3 1 0 3 0 0 5 3 0 3 0 4 2 3 1 0 3 2 0 0 5 3 0 3 0 4 2 3 1 0 3 0 0 0 0 2 0 0 5 3 0 3 0 4 2 3
0 44 2 0 0 5 3 0 3 0 4 2 3 1 0 3 0 0 5 3 0 3 0 4 2 3 1 0 3 2 0 0 5 3 0 3 0 4 2 3 1 0 3 2 0 0
0 34 2 0 0 5 3 0 3 0 4 2 3 1 0 3 0 0 2 0 0 5 3 0 3 0 4 2 3 1 0 3 2 2 0 0
0 37 2 0 0 5 3 0 3 0 4 2 3 1 0 3 0 0 0 0 2 0 0 5 3 0 3 0 4 2 3 1 0 3 0 2 0 0 5
0 50 2 0 0 5 3 0 3 0 4 2 3 1 0 3 5 2 0 0 5 3 0 3 0 4 2 3 1 0 3 5 2 0 0 5 3 0 3 0 4 2 3 1 0 3 5 2 0 0 5 3
0 49 2 0 0 5 3 0 3 0 4 2 3 1 0 3 0 0 0 0 2 0 0 5 3 0 3 0 4 2 3 1 0 3 0 0 5 3 0 3 0 4 2 3 1 0 3 2 0 0 5
0 40 2 0 0 5 3 0 3 0 4 2 3 1 0 3 2 2 0 0 5 3 0 3 0 4 2 3 1 0 3 0 0 2 0 0 5 3 0 3 0 4
0 37 2 0 0 5 3 0 3 0 4 2 3 1 0 3 2 2 0 0 5 3 0 3 0 4 2 3 1 0 3 0 2 0 0 5 3 0 3
0 35 2 0 0 5 3 0 3 0 4 2 3 1 0 3 2 2 0 0 5 3 0 3 0 4 2 3 1 0 3 0 0 2 0 0 5
0 9 2 0 0 5 3 0 3 0 4
0 53 2 0 0 5 3 0 3 0 4 2 3 1 0 3 0 2 0 0 5 3 0 3 0 4 2 3 1 0 3 0 0 5 3 0 3 0 4 2 3 1 0 3 2 0 0 5 3 0 3 0 4 2 3
0 12 2 0 0 5 3 0 3 0 4 2 3 1
0 32 2 0 0 5 3 0 3 0 4 2 3 1 0 3 0 2 0 0 5 3 0 3 0 4 2 3 1 0 3 2 2 0
0 63 2 0 0 5 3 0 3 0 4 2 3 1 0 3 2 2 0 0 5 3 0 3 0 4 2 3 1 0 3 0 2 0 0 5 3 0 3 0 4 2 3 1 0 3 0 2 0 0 5 3 0 3 0 4 2 3 1 0 3 0 0 5 3
0 41 2 0 0 5 3 0 3 0 4 2 3 1 0 3 2 2 0 0 5 3 0 3 0 4 2 3 1 0 3 0 0 2 0 0 5 3 0 3 0 4 2
0 40 2 0 0 5 3 0 3 0 4 2 3 1 0 3 0 0 5 3 0 3 0 4 2 3 1 0 3 2 0 0 5 3 0 3 0 4 2 3 1 0
0 49 2 0 0 5 3 0 3 0 4 2 3 1 0 3 2 0 0 5 3 0 3 0 4 2 3 1 0 3 0 0 0 0 2 0 0 5 3 0 3 0 4 2 3 1 0 3 0 2 0
0 51 2 0 0 5 3 0 3 0 4 2 3 1 0 3 2 2 0 0 5 3 0 3 0 4 2 3 1 0 3 0 0 2 0 0 5 3 0 3 0 4 2 3 1 0 3 0 0 5 3 0 3
0 71 2 0 0 5 3 0 3 0 4 2 3 1 0 3 0 0 5 3 0 3 0 4 2 3 1 0 3 2 0 0 5 3 0 3 0 4 2 3 1 0 3 0 0 2 0 0 5 3 0 3 0 4 2 3 1 0 3 0 0 5 3 0 3 0 4 2 3 1 0 3 2
0 44 2 0 0 5 3 0 3 0 4 2 3 1 0 3 0 0 5 3 0 3 0 4 2 3 1 0 3 2 0 0 5 3 0 3 0 4 2 3 1 0 3 2 2 0
0 21 2 0 0 5 3 0 3 0 4 2 3 1 0 3 0 0 5 3 0 3 0
0 49 2 0 0 5 3 0 3 0 4 2 3 1 0 3 0 0 5 3 0 3 0 4 2 3 1 0 3 2 0 0 5 3 0 3 0 4 2 3 1 0 3 2 2 0 0 5 3 0 3
0 53 2 0 0 5 3 0 3 0 4 2 3 1 0 3 2 2 0 0 5 3 0 3 0 4 2 3 1 0 3 0 0 5 3 0 3 0 4 2 3 1 0 3 2 0 0 5 3 0 3 0 4 2 3
0 68 2 0 0 5 3 0 3 0 4 2 3 1 0 3 2 2 0 0 5 3 0 3 0 4 2 3 1 0 3 0 0 2 0 0 5 3 0 3 0 4 2 3 1 0 3 0 0 5 3 0 3 0 4 2 3 1 0 3 2 0 0 5 3 0 3 0 4 2
0 80 2 0 0 5 3 0 3 0 4 2 3 1 0 3 0 0 5 3 0 3 0 4 2 3 1 0 3 2 0 0 5 3 0 3 0 4 2 3 1 0 3 0 0 0 0 2 0 0 5 3 0 3 0 4 2 3 1 0 3 2 2 0 0 5 3 0 3 0 4 2 3 1 0 3 0 0 5 3 0 3
0 75 2 0 0 5 3 0 3 0 4 2 3 1 0 3 0 0 5 3 0 3 0 4 2 3 1 0 3 2 0 0 5 3 0 3 0 4 2 3 1 0 3 0 0 2 0 0 5 3 0 3 0 4 2 3 1 0 3 0 0 5 3 0 3 0 4 2 3 1 0 3 2 0 0 5 3
0 24 2 0 0 5 3 0 3 0 4 2 3 1 0 3 0 2 0 0 5 3 0 3 0 4
0 38 2 0 0 5 3 0 3 0 4 2 3 1 0 3 0 0 0 2 0 0 5 3 0 3 0 4 2 3 1 0 3 0 0 0 0 2 0 0
0 44 2 0 0 5 3 0 3 0 4 2 3 1 0 3 0 0 0 2 0 0 5 3 0 3 0 4 2 3 1 0 3 0 0 2 0 0 5 3 0 3 0 4 2 3
0 33 2 0 0 5 3 0 3 0 4 2 3 1 0 3 5 2 0 0 5 3 0 3 0 4 2 3 1 0 3 0 0 5 3
0 45 2 0 0 5 3 0 3 0 4 2 3 1 0 3 2 0 0 5 3 0 3 0 4 2 3 1 0 3 0 0 0 0 2 0 0 5 3 0 3 0 4 2 3 1 0
0 87 2 0 0 5 3 0 3 0 4 2 3 1 0 3 0 0 5 3 0 3 0 4 2 3 1 0 3 2 0 0 5 3 0 3 0 4 2 3 1 0 3 0 0 2 0 0 5 3 0 3 0 4 2 3 1 0 3 0 0 5 3 0 3 0 4 2 3 1 0 3 2 0 0 5 3 0 3 0 4 2 3 1 0 3 0 0 5
0 42 2 0 0 5 3 0 3 0 4 2 3 1 0 3 0 0 2 0 0 5 3 0 3 0 4 2 3 1 0 3 0 0 2 0 0 5 3 0 3 0 4 2
0 64 2 0 0 5 3 0 3 0 4 2 3 1 0 3 2 2 0 0 5 3 0 3 0 4 2 3 1 0 3 0 2 0 0 5 3 0 3 0 4 2 3 1 0 3 0 2 0 0 5 3 0 3 0 4 2 3 1 0 3 0 0 5 3 0
0 51 2 0 0 5 3 0 3 0 4 2 3 1 0 3 0 0 5 3 0 3 0 4 2 3 1 0 3 2 0 0 5 3 0 3 0 4 2 3 1 0 3 0 0 0 0 2 0 0 5 3 0
0 7 2 0 0 5 3 0 3
0 57 2 0 0 5 3 0 3 0 4 2 3 1 0 3 0 0 2 0 0 5 3 0 3 0 4 2 3 1 0 3 2 2 0 0 5 3 0 3 0 4 2 3 1 0 3 2 0 0 5 3 0 3 0 4 2 3 1
0 38 2 0 0 5 3 0 3 0 4 2 3 1 0 3 0 0 0 0 2 0 0 5 3 0 3 0 4 2 3 1 0 3 0 0 5 3 0 3
0 38 2 0 0 5 3 0 3 0 4 2 3 1 0 3 2 0 0 5 3 0 3 0 4 2 3 1 0 3 0 0 0 0 2 0 0 5 3 0
0 83 2 0 0 5 3 0 3 0 4 2 3 1 0 3 0 2 0 0 5 3 0 3 0 4 2 3 1 0 3 0 0 5 3 0 3 0 4 2 3 1 0 3 2 0 0 5 3 0 3 0 4 2 3 1 0 3 0 0 0 2 0 0 5 3 0 3 0 4 2 3 1 0 3 0 0 5 3 0 3 0 4 2 3
0 24 2 0 0 5 3 0 3 0 4 2 3 1 0 3 2 2 0 0 5 3 0 3 0 4
0 70 2 0 0 5 3 0 3 0 4 2 3 1 0 3 0 2 0 0 5 3 0 3 0 4 2 3 1 0 3 0 0 5 3 0 3 0 4 2 3 1 0 3 2 0 0 5 3 0 3 0 4 2 3 1 0 3 0 0 0 2 0 0 5 3 0 3 0 4 2 3
0 39 2 0 0 5 3 0 3 0 4 2 3 1 0 3 0 0 0 0 2 0 0 5 3 0 3 0 4 2 3 1 0 3 0 0 5 3 0 3 0
0 43 2 0 0 5 3 0 3 0 4 2 3 1 0 3 5 2 0 0 5 3 0 3 0 4 2 3 1 0 3 5 2 0 0 5 3 0 3 0 4 2 3 1 0
0 46 2 0 0 5 3 0 3 0 4 2 3 1 0 3 2 2 0 0 5 3 0 3 0 4 2 3 1 0 3 0 2 0 0 5 3 0 3 0 4 2 3 1 0 3 0 2
0 16 2 0 0 5 3 0 3 0 4 2 3 1 0 3 0 2
0 58 2 0 0 5 3 0 3 0 4 2 3 1 0 3 0 0 0 0 2 0 0 5 3 0 3 0 4 2 3 1 0 3 5 2 0 0 5 3 0 3 0 4 2 3 1 0 3 0 0 5 3 0 3 0 4 2 3 1
0 50 2 0 0 5 3 0 3 0 4 2 3 1 0 3 2 2 0 0 5 3 0 3 0 4 2 3 1 0 3 0 0 0 2 0 0 5 3 0 3 0 4 2 3 1 0 3 0 0 2 0
0 76 2 0 0 5 3 0 3 0 4 2 3 1 0 3 0 2 0 0 5 3 0 3 0 4 2 3 1 0 3 0 0 5 3 0 3 0 4 2 3 1 0 3 2 0 0 5 3 0 3 0 4 2 3 1 0 3 0 0 0 2 0 0 5 3 0 3 0 4 2 3 1 0 3 0 0 5
0 35 2 0 0 5 3 0 3 0 4 2 3 1 0 3 5 2 0 0 5 3 0 3 0 4 2 3 1 0 3 5 2 0 0 5 3
0 71 2 0 0 5 3 0 3 0 4 2 3 1 0 3 0 0 0 0 2 0 0 5 3 0 3 0 4 2 3 1 0 3 0 0 5 3 0 3 0 4 2 3 1 0 3 2 0 0 5 3 0 3 0 4 2 3 1 0 3 0 0 5 3 0 3 0 4 2 3 1 0
0 56 2 0 0 5 3 0 3 0 4 2 3 1 0 3 0 0 2 0 0 5 3 0 3 0 4 2 3 1 0 3 2 2 0 0 5 3 0 3 0 4 2 3 1 0 3 0 0 0 2 0 0 5 3 0 3 0
0 54 2 0 0 5 3 0 3 0 4 2 3 1 0 3 0 0 0 2 0 0 5 3 0 3 0 4 2 3 1 0 3 0 0 2 0 0 5 3 0 3 0 4 2 3 1 0 3 0 2 0 0 5 3 0
0 32 2 0 0 5 3 0 3 0 4 2 3 1 0 3 2 2 0 0 5 3 0 3 0 4 2 3 1 0 3 0 2 0
0 33 2 0 0 5 3 0 3 0 4 2 3 1 0 3 0 0 2 0 0 5 3 0 3 0 4 2 3 1 0 3 2 2 0
0 31 2 0 0 5 3 0 3 0 4 2 3 1 0 3 0 2 0 0 5 3 0 3 0 4 2 3 1 0 3 2 0
0 63 2 0 0 5 3 0 3 0 4 2 3 1 0 3 0 0 2 0 0 5 3 0 3 0 4 2 3 1 0 3 2 2 0 0 5 3 0 3 0 4 2 3 1 0 3 2 0 0 5 3 0 3 0 4 2 3 1 0 3 0 0 5 3
0 25 2 0 0 5 3 0 3 0 4 2 3 1 0 3 5 2 0 0 5 3 0 3 0 4 2
0 77 2 0 0 5 3 0 3 0 4 2 3 1 0 3 0 0 5 3 0 3 0 4 2 3 1 0 3 2 0 0 5 3 0 3 0 4 2 3 1 0 3 0 0 2 0 0 5 3 0 3 0 4 2 3 1 0 3 0 0 5 3 0 3 0 4 2 3 1 0 3 2 0 0 5 3 0 3
0 55 2 0 0 5 3 0 3 0 4 2 3 1 0 3 2 0 0 5 3 0 3 0 4 2 3 1 0 3 0 0 0 0 2 0 0 5 3 0 3 0 4 2 3 1 0 3 0 2 0 0 5 3 0 3 0
0 38 2 0 0 5 3 0 3 0 4 2 3 1 0 3 2 2 0 0 5 3 0 3 0 4 2 3 1 0 3 0 2 0 0 5 3 0 3 0
0 66 2 0 0 5 3 0 3 0 4 2 3 1 0 3 0 0 2 0 0 5 3 0 3 0 4 2 3 1 0 3 0 0 5 3 0 3 0 4 2 3 1 0 3 2 0 0 5 3 0 3 0 4 2 3 1 0 3 0 2 0 0 5 3 0 3 0
0 36 2 0 0 5 3 0 3 0 4 2 3 1 0 3 0 0 2 0 0 5 3 0 3 0 4 2 3 1 0 3 2 2 0 0 5 3
0 38 2 0 0 5 3 0 3 0 4 2 3 1 0 3 2 2 0 0 5 3 0 3 0 4 2 3 1 0 3 0 0 5 3 0 3 0 4 2
0 55 2 0 0 5 3 0 3 0 4 2 3 1 0 3 2 2 0 0 5 3 0 3 0 4 2 3 1 0 3 0 0 2 0 0 5 3 0 3 0 4 2 3 1 0 3 0 0 5 3 0 3 0 4 2 3
0 42 2 0 0 5 3 0 3 0 4 2 3 1 0 3 0 0 0 2 0 0 5 3 0 3 0 4 2 3 1 0 3 0 0 0 0 2 0 0 5 3 0 3
0 69 2 0 0 5 3 0 3 0 4 2 3 1 0 3 2 2 0 0 5 3 0 3 0 4 2 3 1 0 3 0 2 0 0 5 3 0 3 0 4 2 3 1 0 3 0 2 0 0 5 3 0 3 0 4 2 3 1 0 3 0 0 5 3 0 3 0 4 2 3
0 36 2 0 0 5 3 0 3 0 4 2 3 1 0 3 5 2 0 0 5 3 0 3 0 4 2 3 1 0 3 0 0 5 3 0 3 0
0 39 2 0 0 5 3 0 3 0 4 2 3 1 0 3 2 0 0 5 3 0 3 0 4 2 3 1 0 3 0 0 0 0 2 0 0 5 3 0 3
0 42 2 0 0 5 3 0 3 0 4 2 3 1 0 3 2 0 0 5 3 0 3 0 4 2 3 1 0 3 0 0 0 0 2 0 0 5 3 0 3 0 4 2
0 82 2 0 0 5 3 0 3 0 4 2 3 1 0 3 0 0 5 3 0 3 0 4 2 3 1 0 3 2 0 0 5 3 0 3 0 4 2 3 1 0 3 0 0 0 0 2 0 0 5 3 0 3 0 4 2 3 1 0 3 0 0 5 3 0 3 0 4 2 3 1 0 3 2 0 0 5 3 0 3 0 4 2
0 40 2 0 0 5 3 0 3 0 4 2 3 1 0 3 2 2 0 0 5 3 0 3 0 4 2 3 1 0 3 0 0 0 2 0 0 5 3 0 3 0
0 52 2 0 0 5 3 0 3 0 4 2 3 1 0 3 5 2 0 0 5 3 0 3 0 4 2 3 1 0 3 0 0 5 3 0 3 0 4 2 3 1 0 3 2 0 0 5 3 0 3 0 4 2
0 47 2 0 0 5 3 0 3 0 4 2 3 1 0 3 0 0 0 0 2 0 0 5 3 0 3 0 4 2 3 1 0 3 0 0 5 3 0 3 0 4 2 3 1 0 3 2 0
0 36 2 0 0 5 3 0 3 0 4 2 3 1 0 3 5 2 0 0 5 3 0 3 0 4 2 3 1 0 3 2 2 0 0 5 3 0
0 33 2 0 0 5 3 0 3 0 4 2 3 1 0 3 2 2 0 0 5 3 0 3 0 4 2 3 1 0 3 0 0 5 3
0 56 2 0 0 5 3 0 3 0 4 2 3 1 0 3 0 0 0 0 2 0 0 5 3 0 3 0 4 2 3 1 0 3 0 0 5 3 0 3 0 4 2 3 1 0 3 2 0 0 5 3 0 3 0 4 2 3
0 35 2 0 0 5 3 0 3 0 4 2 3 1 0 3 0 0 5 3 0 3 0 4 2 3 1 0 3 2 0 0 5 3 0 3 0
0 54 2 0 0 5 3 0 3 0 4 2 3 1 0 3 0 0 0 0 2 0 0 5 3 0 3 0 4 2 3 1 0 3 5 2 0 0 5 3 0 3 0 4 2 3 1 0 3 0 0 5 3 0 3 0
0 51 2 0 0 5 3 0 3 0 4 2 3 1 0 3 2 2 0 0 5 3 0 3 0 4 2 3 1 0 3 0 2 0 0 5 3 0 3 0 4 2 3 1 0 3 0 2 0 0 5 3 0
0 52 2 0 0 5 3 0 3 0 4 2 3 1 0 3 2 2 0 0 5 3 0 3 0 4 2 3 1 0 3 0 0 0 2 0 0 5 3 0 3 0 4 2 3 1 0 3 0 0 2 0 0 5
0 22 2 0 0 5 3 0 3 0 4 2 3 1 0 3 0 0 0 0 2 0 0 5
0 52 2 0 0 5 3 0 3 0 4 2 3 1 0 3 0 0 2 0 0 5 3 0 3 0 4 2 3 1 0 3 2 2 0 0 5 3 0 3 0 4 2 3 1 0 3 2 0 0 5 3 0 3
0 59 2 0 0 5 3 0 3 0 4 2 3 1 0 3 2 2 0 0 5 3 0 3 0 4 2 3 1 0 3 0 0 0 2 0 0 5 3 0 3 0 4 2 3 1 0 3 0 0 2 0 0 5 3 0 3 0 4 2 3
0 67 2 0 0 5 3 0 3 0 4 2 3 1 0 3 0 0 2 0 0 5 3 0 3 0 4 2 3 1 0 3 0 0 5 3 0 3 0 4 2 3 1 0 3 2 0 0 5 3 0 3 0 4 2 3 1 0 3 0 2 0 0 5 3 0 3 0 4
0 56 2 0 0 5 3 0 3 0 4 2 3 1 0 3 2 2 0 0 5 3 0 3 0 4 2 3 1 0 3 0 0 2 0 0 5 3 0 3 0 4 2 3 1 0 3 0 0 5 3 0 3 0 4 2 3 1
0 55 2 0 0 5 3 0 3 0 4 2 3 1 0 3 0 0 0 0 2 0 0 5 3 0 3 0 4 2 3 1 0 3 0 0 5 3 0 3 0 4 2 3 1 0 3 2 0 0 5 3 0 3 0 4 2
0 44 2 0 0 5 3 0 3 0 4 2 3 1 0 3 0 0 2 0 0 5 3 0 3 0 4 2 3 1 0 3 0 0 5 3 0 3 0 4 2 3 1 0 3 2
0 31 2 0 0 5 3 0 3 0 4 2 3 1 0 3 5 2 0 0 5 3 0 3 0 4 2 3 1 0 3 2 2
0 70 2 0 0 5 3 0 3 0 4 2 3 1 0 3 0 0 0 0 2 0 0 5 3 0 3 0 4 2 3 1 0 3 5 2 0 0 5 3 0 3 0 4 2 3 1 0 3 0 0 5 3 0 3 0 4 2 3 1 0 3 2 0 0 5 3 0 3 0 4 2
0 44 2 0 0 5 3 0 3 0 4 2 3 1 0 3 0 0 5 3 0 3 0 4 2 3 1 0 3 2 0 0 5 3 0 3 0 4 2 3 1 0 3 0 0 5
0 39 2 0 0 5 3 0 3 0 4 2 3 1 0 3 0 0 2 0 0 5 3 0 3 0 4 2 3 1 0 3 2 2 0 0 5 3 0 3 0
0 47 2 0 0 5 3 0 3 0 4 2 3 1 0 3 2 2 0 0 5 3 0 3 0 4 2 3 1 0 3 0 0 5 3 0 3 0 4 2 3 1 0 3 2 0 0 5 3
0 44 2 0 0 5 3 0 3 0 4 2 3 1 0 3 0 0 5 3 0 3 0 4 2 3 1 0 3 2 0 0 5 3 0 3 0 4 2 3 1 0 3 0 0 2
0 37 2 0 0 5 3 0 3 0 4 2 3 1 0 3 5 2 0 0 5 3 0 3 0 4 2 3 1 0 3 5 2 0 0 5 3 0 3
0 47 2 0 0 5 3 0 3 0 4 2 3 1 0 3 2 2 0 0 5 3 0 3 0 4 2 3 1 0 3 0 2 0 0 5 3 0 3 0 4 2 3 1 0 3 0 2 0
0 88 2 0 0 5 3 0 3 0 4 2 3 1 0 3 0 0 5 3 0 3 0 4 2 3 1 0 3 2 0 0 5 3 0 3 0 4 2 3 1 0 3 0 0 2 0 0 5 3 0 3 0 4 2 3 1 0 3 0 0 5 3 0 3 0 4 2 3 1 0 3 2 0 0 5 3 0 3 0 4 2 3 1 0 3 0 0 5 3
0 64 2 0 0 5 3 0 3 0 4 2 3 1 0 3 0 0 5 3 0 3 0 4 2 3 1 0 3 2 0 0 5 3 0 3 0 4 2 3 1 0 3 0 0 0 0 2 0 0 5 3 0 3 0 4 2 3 1 0 3 2 2 0 0 5
0 70 2 0 0 5 3 0 3 0 4 2 3 1 0 3 2 2 0 0 5 3 0 3 0 4 2 3 1 0 3 0 2 0 0 5 3 0 3 0 4 2 3 1 0 3 0 2 0 0 5 3 0 3 0 4 2 3 1 0 3 0 0 5 3 0 3 0 4 2 3 1
0 83 2 0 0 5 3 0 3 0 4 2 3 1 0 3 0 0 5 3 0 3 0 4 2 3 1 0 3 2 0 0 5 3 0 3 0 4 2 3 1 0 3 0 0 2 0 0 5 3 0 3 0 4 2 3 1 0 3 0 0 5 3 0 3 0 4 2 3 1 0 3 2 0 0 5 3 0 3 0 4 2 3 1 0
0 57 2 0 0 5 3 0 3 0 4 2 3 1 0 3 2 0 0 5 3 0 3 0 4 2 3 1 0 3 0 0 0 0 2 0 0 5 3 0 3 0 4 2 3 1 0 3 0 2 0 0 5 3 0 3 0 4 2
0 42 2 0 0 5 3 0 3 0 4 2 3 1 0 3 0 0 2 0 0 5 3 0 3 0 4 2 3 1 0 3 0 0 5 3 0 3 0 4 2 3 1 0
0 21 2 0 0 5 3 0 3 0 4 2 3 1 0 3 2 0 0 5 3 0 3
0 53 2 0 0 5 3 0 3 0 4 2 3 1 0 3 2 2 0 0 5 3 0 3 0 4 2 3 1 0 3 0 0 2 0 0 5 3 0 3 0 4 2 3 1 0 3 0 0 5 3 0 3 0 4
0 60 2 0 0 5 3 0 3 0 4 2 3 1 0 3 0 0 5 3 0 3 0 4 2 3 1 0 3 2 0 0 5 3 0 3 0 4 2 3 1 0 3 0 0 5 3 0 3 0 4 2 3 1 0 3 2 0 0 5 3 0
0 39 2 0 0 5 3 0 3 0 4 2 3 1 0 3 0 0 0 2 0 0 5 3 0 3 0 4 2 3 1 0 3 0 0 0 0 2 0 0 5
0 34 2 0 0 5 3 0 3 0 4 2 3 1 0 3 0 0 2 0 0 5 3 0 3 0 4 2 3 1 0 3 0 0 2 0
0 55 2 0 0 5 3 0 3 0 4 2 3 1 0 3 0 0 5 3 0 3 0 4 2 3 1 0 3 2 0 0 5 3 0 3 0 4 2 3 1 0 3 0 0 5 3 0 3 0 4 2 3 1 0 3 2
0 42 2 0 0 5 3 0 3 0 4 2 3 1 0 3 2 2 0 0 5 3 0 3 0 4 2 3 1 0 3 0 0 2 0 0 5 3 0 3 0 4 2 3
0 32 2 0 0 5 3 0 3 0 4 2 3 1 0 3 5 2 0 0 5 3 0 3 0 4 2 3 1 0 3 2 2 0
0 26 2 0 0 5 3 0 3 0 4 2 3 1 0 3 5 2 0 0 5 3 0 3 0 4 2 3
0 48 2 0 0 5 3 0 3 0 4 2 3 1 0 3 2 2 0 0 5 3 0 3 0 4 2 3 1 0 3 0 0 2 0 0 5 3 0 3 0 4 2 3 1 0 3 0 0 5
0 2 2 0
0 33 2 0 0 5 3 0 3 0 4 2 3 1 0 3 5 2 0 0 5 3 0 3 0 4 2 3 1 0 3 2 2 0 0
0 48 2 0 0 5 3 0 3 0 4 2 3 1 0 3 0 2 0 0 5 3 0 3 0 4 2 3 1 0 3 0 0 5 3 0 3 0 4 2 3 1 0 3 2 0 0 5 3 0
0 57 2 0 0 5 3 0 3 0 4 2 3 1 0 3 0 0 0 0 2 0 0 5 3 0 3 0 4 2 3 1 0 3 0 2 0 0 5 3 0 3 0 4 2 3 1 0 3 0 0 2 0 0 5 3 0 3 0
0 33 2 0 0 5 3 0 3 0 4 2 3 1 0 3 0 0 0 2 0 0 5 3 0 3 0 4 2 3 1 0 3 0 2
0 52 2 0 0 5 3 0 3 0 4 2 3 1 0 3 2 0 0 5 3 0 3 0 4 2 3 1 0 3 0 0 0 0 2 0 0 5 3 0 3 0 4 2 3 1 0 3 0 2 0 0 5 3
0 45 2 0 0 5 3 0 3 0 4 2 3 1 0 3 0 0 5 3 0 3 0 4 2 3 1 0 3 2 0 0 5 3 0 3 0 4 2 3 1 0 3 2 2 0 0
0 50 2 0 0 5 3 0 3 0 4 2 3 1 0 3 0 0 5 3 0 3 0 4 2 3 1 0 3 2 0 0 5 3 0 3 0 4 2 3 1 0 3 2 2 0 0 5 3 0 3 0
0 60 2 0 0 5 3 0 3 0 4 2 3 1 0 3 2 0 0 5 3 0 3 0 4 2 3 1 0 3 0 0 0 0 2 0 0 5 3 0 3 0 4 2 3 1 0 3 0 2 0 0 5 3 0 3 0 4 2 3 1 0
0 60 2 0 0 5 3 0 3 0 4 2 3 1 0 3 2 2 0 0 5 3 0 3 0 4 2 3 1 0 3 0 0 0 2 0 0 5 3 0 3 0 4 2 3 1 0 3 0 0 2 0 0 5 3 0 3 0 4 2 3 1
0 21 2 0 0 5 3 0 3 0 4 2 3 1 0 3 0 2 0 0 5 3 0
0 35 2 0 0 5 3 0 3 0 4 2 3 1 0 3 0 0 0 2 0 0 5 3 0 3 0 4 2 3 1 0 3 0 0 2 0
0 42 2 0 0 5 3 0 3 0 4 2 3 1 0 3 2 2 0 0 5 3 0 3 0 4 2 3 1 0 3 0 2 0 0 5 3 0 3 0 4 2 3 1
0 57 2 0 0 5 3 0 3 0 4 2 3 1 0 3 0 0 0 2 0 0 5 3 0 3 0 4 2 3 1 0 3 0 2 0 0 5 3 0 3 0 4 2 3 1 0 3 0 0 5 3 0 3 0 4 2 3 1
0 51 2 0 0 5 3 0 3 0 4 2 3 1 0 3 0 0 5 3 0 3 0 4 2 3 1 0 3 2 0 0 5 3 0 3 0 4 2 3 1 0 3 0 0 5 3 0 3 0 4 2 3
0 42 2 0 0 5 3 0 3 0 4 2 3 1 0 3 0 2 0 0 5 3 0 3 0 4 2 3 1 0 3 2 0 0 5 3 0 3 0 4 2 3 1 0
0 59 2 0 0 5 3 0 3 0 4 2 3 1 0 3 0 0 0 0 2 0 0 5 3 0 3 0 4 2 3 1 0 3 0 2 0 0 5 3 0 3 0 4 2 3 1 0 3 0 0 2 0 0 5 3 0 3 0 4 2
0 41 2 0 0 5 3 0 3 0 4 2 3 1 0 3 0 0 0 0 2 0 0 5 3 0 3 0 4 2 3 1 0 3 5 2 0 0 5 3 0 3 0
0 18 2 0 0 5 3 0 3 0 4 2 3 1 0 3 0 2 0 0
0 65 2 0 0 5 3 0 3 0 4 2 3 1 0 3 0 2 0 0 5 3 0 3 0 4 2 3 1 0 3 0 0 5 3 0 3 0 4 2 3 1 0 3 2 0 0 5 3 0 3 0 4 2 3 1 0 3 0 0 0 2 0 0 5 3 0
0 78 2 0 0 5 3 0 3 0 4 2 3 1 0 3 0 0 5 3 0 3 0 4 2 3 1 0 3 2 0 0 5 3 0 3 0 4 2 3 1 0 3 0 0 0 0 2 0 0 5 3 0 3 0 4 2 3 1 0 3 0 0 5 3 0 3 0 4 2 3 1 0 3 2 0 0 5 3 0
0 37 2 0 0 5 3 0 3 0 4 2 3 1 0 3 0 0 0 0 2 0 0 5 3 0 3 0 4 2 3 1 0 3 0 0 0 2 0
0 61 2 0 0 5 3 0 3 0 4 2 3 1 0 3 0 0 5 3 0 3 0 4 2 3 1 0 3 2 0 0 5 3 0 3 0 4 2 3 1 0 3 0 0 0 0 2 0 0 5 3 0 3 0 4 2 3 1 0 3 2 2
0 38 2 0 0 5 3 0 3 0 4 2 3 1 0 3 0 2 0 0 5 3 0 3 0 4 2 3 1 0 3 0 0 5 3 0 3 0 4 2
0 61 2 0 0 5 3 0 3 0 4 2 3 1 0 3 2 2 0 0 5 3 0 3 0 4 2 3 1 0 3 0 0 0 2 0 0 5 3 0 3 0 4 2 3 1 0 3 0 0 2 0 0 5 3 0 3 0 4 2 3 1 0
0 23 2 0 0 5 3 0 3 0 4 2 3 1 0 3 0 0 2 0 0 5 3 0 3
0 86 2 0 0 5 3 0 3 0 4 2 3 1 0 3 0 0 0 0 2 0 0 5 3 0 3 0 4 2 3 1 0 3 5 2 0 0 5 3 0 3 0 4 2 3 1 0 3 0 0 5 3 0 3 0 4 2 3 1 0 3 2 0 0 5 3 0 3 0 4 2 3 1 0 3 0 0 5 3 0 3 0 4 2 3 1 0
0 6 2 0 0 5 3 0
0 40 2 0 0 5 3 0 3 0 4 2 3 1 0 3 0 0 2 0 0 5 3 0 3 0 4 2 3 1 0 3 0 0 5 3 0 3 0 4 2 3
0 32 2 0 0 5 3 0 3 0 4 2 3 1 0 3 0 0 2 0 0 5 3 0 3 0 4 2 3 1 0 3 2 2
0 42 2 0 0 5 3 0 3 0 4 2 3 1 0 3 0 0 0 2 0 0 5 3 0 3 0 4 2 3 1 0 3 0 2 0 0 5 3 0 3 0 4 2
0 36 2 0 0 5 3 0 3 0 4 2 3 1 0 3 0 0 0 0 2 0 0 5 3 0 3 0 4 2 3 1 0 3 0 2 0 0
0 50 2 0 0 5 3 0 3 0 4 2 3 1 0 3 0 0 0 2 0 0 5 3 0 3 0 4 2 3 1 0 3 0 2 0 0 5 3 0 3 0 4 2 3 1 0 3 0 0 5 3
0 51 2 0 0 5 3 0 3 0 4 2 3 1 0 3 0 0 5 3 0 3 0 4 2 3 1 0 3 2 0 0 5 3 0 3 0 4 2 3 1 0 3 2 2 0 0 5 3 0 3 0 4
0 56 2 0 0 5 3 0 3 0 4 2 3 1 0 3 2 0 0 5 3 0 3 0 4 2 3 1 0 3 0 0 0 0 2 0 0 5 3 0 3 0 4 2 3 1 0 3 0 2 0 0 5 3 0 3 0 4
0 34 2 0 0 5 3 0 3 0 4 2 3 1 0 3 0 0 0 0 2 0 0 5 3 0 3 0 4 2 3 1 0 3 0 2
0 27 2 0 0 5 3 0 3 0 4 2 3 1 0 3 5 2 0 0 5 3 0 3 0 4 2 3 1
0 32 2 0 0 5 3 0 3 0 4 2 3 1 0 3 5 2 0 0 5 3 0 3 0 4 2 3 1 0 3 0 0 5
0 33 2 0 0 5 3 0 3 0 4 2 3 1 0 3 0 2 0 0 5 3 0 3 0 4 2 3 1 0 3 2 0 0 5
0 17 2 0 0 5 3 0 3 0 4 2 3 1 0 3 5 2 0
0 94 2 0 0 5 3 0 3 0 4 2 3 1 0 3 0 0 5 3 0 3 0 4 2 3 1 0 3 2 0 0 5 3 0 3 0 4 2 3 1 0 3 0 0 0 0 2 0 0 5 3 0 3 0 4 2 3 1 0 3 0 0 5 3 0 3 0 4 2 3 1 0 3 2 0 0 5 3 0 3 0 4 2 3 1 0 3 0 0 5 3 0 3 0 4
0 41 2 0 0 5 3 0 3 0 4 2 3 1 0 3 0 2 0 0 5 3 0 3 0 4 2 3 1 0 3 0 0 5 3 0 3 0 4 2 3 1 0
0 69 2 0 0 5 3 0 3 0 4 2 3 1 0 3 0 0 5 3 0 3 0 4 2 3 1 0 3 2 0 0 5 3 0 3 0 4 2 3 1 0 3 0 0 0 0 2 0 0 5 3 0 3 0 4 2 3 1 0 3 2 2 0 0 5 3 0 3 0 4
0 58 2 0 0 5 3 0 3 0 4 2 3 1 0 3 0 0 2 0 0 5 3 0 3 0 4 2 3 1 0 3 2 2 0 0 5 3 0 3 0 4 2 3 1 0 3 2 0 0 5 3 0 3 0 4 2 3 1 0
0 60 2 0 0 5 3 0 3 0 4 2 3 1 0 3 0 0 2 0 0 5 3 0 3 0 4 2 3 1 0 3 2 2 0 0 5 3 0 3 0 4 2 3 1 0 3 0 0 0 2 0 0 5 3 0 3 0 4 2 3 1
0 57 2 0 0 5 3 0 3 0 4 2 3 1 0 3 0 0 2 0 0 5 3 0 3 0 4 2 3 1 0 3 2 2 0 0 5 3 0 3 0 4 2 3 1 0 3 0 0 0 2 0 0 5 3 0 3 0 4
0 44 2 0 0 5 3 0 3 0 4 2 3 1 0 3 0 0 0 2 0 0 5 3 0 3 0 4 2 3 1 0 3 0 2 0 0 5 3 0 3 0 4 2 3 1
0 69 2 0 0 5 3 0 3 0 4 2 3 1 0 3 2 2 0 0 5 3 0 3 0 4 2 3 1 0 3 0 0 2 0 0 5 3 0 3 0 4 2 3 1 0 3 0 0 5 3 0 3 0 4 2 3 1 0 3 2 0 0 5 3 0 3 0 4 2 3
0 66 2 0 0 5 3 0 3 0 4 2 3 1 0 3 0 0 0 0 2 0 0 5 3 0 3 0 4 2 3 1 0 3 0 0 5 3 0 3 0 4 2 3 1 0 3 2 0 0 5 3 0 3 0 4 2 3 1 0 3 0 0 5 3 0 3 0
0 62 2 0 0 5 3 0 3 0 4 2 3 1 0 3 2 2 0 0 5 3 0 3 0 4 2 3 1 0 3 0 0 5 3 0 3 0 4 2 3 1 0 3 2 0 0 5 3 0 3 0 4 2 3 1 0 3 0 0 0 2 0 0
0 35 2 0 0 5 3 0 3 0 4 2 3 1 0 3 0 0 0 2 0 0 5 3 0 3 0 4 2 3 1 0 3 0 2 0 0
0 49 2 0 0 5 3 0 3 0 4 2 3 1 0 3 5 2 0 0 5 3 0 3 0 4 2 3 1 0 3 0 0 5 3 0 3 0 4 2 3 1 0 3 2 0 0 5 3 0 3
0 55 2 0 0 5 3 0 3 0 4 2 3 1 0 3 2 2 0 0 5 3 0 3 0 4 2 3 1 0 3 0 2 0 0 5 3 0 3 0 4 2 3 1 0 3 0 2 0 0 5 3 0 3 0 4 2
0 43 2 0 0 5 3 0 3 0 4 2 3 1 0 3 0 0 0 0 2 0 0 5 3 0 3 0 4 2 3 1 0 3 5 2 0 0 5 3 0 3 0 4 2
0 4 2 0 0 5
0 71 2 0 0 5 3 0 3 0 4 2 3 1 0 3 0 0 0 0 2 0 0 5 3 0 3 0 4 2 3 1 0 3 5 2 0 0 5 3 0 3 0 4 2 3 1 0 3 0 0 5 3 0 3 0 4 2 3 1 0 3 2 0 0 5 3 0 3 0 4 2 3
0 50 2 0 0 5 3 0 3 0 4 2 3 1 0 3 2 2 0 0 5 3 0 3 0 4 2 3 1 0 3 0 0 2 0 0 5 3 0 3 0 4 2 3 1 0 3 0 0 5 3 0
0 51 2 0 0 5 3 0 3 0 4 2 3 1 0 3 2 2 0 0 5 3 0 3 0 4 2 3 1 0 3 0 0 0 2 0 0 5 3 0 3 0 4 2 3 1 0 3 0 0 2 0 0
0 54 2 0 0 5 3 0 3 0 4 2 3 1 0 3 5 2 0 0 5 3 0 3 0 4 2 3 1 0 3 5 2 0 0 5 3 0 3 0 4 2 3 1 0 3 5 2 0 0 5 3 0 3 0 4
0 40 2 0 0 5 3 0 3 0 4 2 3 1 0 3 0 0 0 0 2 0 0 5 3 0 3 0 4 2 3 1 0 3 5 2 0 0 5 3 0 3
0 84 2 0 0 5 3 0 3 0 4 2 3 1 0 3 0 0 5 3 0 3 0 4 2 3 1 0 3 2 0 0 5 3 0 3 0 4 2 3 1 0 3 0 0 5 3 0 3 0 4 2 3 1 0 3 2 0 0 5 3 0 3 0 4 2 3 1 0 3 0 0 0 0 2 0 0 5 3 0 3 0 4 2 3 1
0 51 2 0 0 5 3 0 3 0 4 2 3 1 0 3 0 0 0 0 2 0 0 5 3 0 3 0 4 2 3 1 0 3 5 2 0 0 5 3 0 3 0 4 2 3 1 0 3 0 0 5 3
0 55 2 0 0 5 3 0 3 0 4 2 3 1 0 3 0 0 0 2 0 0 5 3 0 3 0 4 2 3 1 0 3 0 0 2 0 0 5 3 0 3 0 4 2 3 1 0 3 0 2 0 0 5 3 0 3
0 55 2 0 0 5 3 0 3 0 4 2 3 1 0 3 5 2 0 0 5 3 0 3 0 4 2 3 1 0 3 5 2 0 0 5 3 0 3 0 4 2 3 1 0 3 0 0 5 3 0 3 0 4 2 3 1
0 67 2 0 0 5 3 0 3 0 4 2 3 1 0 3 0 0 2 0 0 5 3 0 3 0 4 2 3 1 0 3 2 2 0 0 5 3 0 3 0 4 2 3 1 0 3 2 0 0 5 3 0 3 0 4 2 3 1 0 3 0 0 5 3 0 3 0 4
0 93 2 0 0 5 3 0 3 0 4 2 3 1 0 3 0 0 5 3 0 3 0 4 2 3 1 0 3 2 0 0 5 3 0 3 0 4 2 3 1 0 3 0 0 2 0 0 5 3 0 3 0 4 2 3 1 0 3 0 0 5 3 0 3 0 4 2 3 1 0 3 2 0 0 5 3 0 3 0 4 2 3 1 0 3 0 0 5 3 0 3 0 4 2
0 44 2 0 0 5 3 0 3 0 4 2 3 1 0 3 2 0 0 5 3 0 3 0 4 2 3 1 0 3 0 0 0 0 2 0 0 5 3 0 3 0 4 2 3 1
0 22 2 0 0 5 3 0 3 0 4 2 3 1 0 3 0 0 2 0 0 5 3 0
0 29 2 0 0 5 3 0 3 0 4 2 3 1 0 3 0 0 0 2 0 0 5 3 0 3 0 4 2 3 1
0 41 2 0 0 5 3 0 3 0 4 2 3 1 0 3 2 2 0 0 5 3 0 3 0 4 2 3 1 0 3 0 2 0 0 5 3 0 3 0 4 2 3
0 35 2 0 0 5 3 0 3 0 4 2 3 1 0 3 0 0 0 0 2 0 0 5 3 0 3 0 4 2 3 1 0 3 5 2 0
0 56 2 0 0 5 3 0 3 0 4 2 3 1 0 3 0 0 0 2 0 0 5 3 0 3 0 4 2 3 1 0 3 0 0 2 0 0 5 3 0 3 0 4 2 3 1 0 3 0 2 0 0 5 3 0 3 0
0 17 2 0 0 5 3 0 3 0 4 2 3 1 0 3 0 2 0
0 55 2 0 0 5 3 0 3 0 4 2 3 1 0 3 0 0 0 0 2 0 0 5 3 0 3 0 4 2 3 1 0 3 0 2 0 0 5 3 0 3 0 4 2 3 1 0 3 0 0 2 0 0 5 3 0
0 34 2 0 0 5 3 0 3 0 4 2 3 1 0 3 2 2 0 0 5 3 0 3 0 4 2 3 1 0 3 0 0 0 2 0
0 83 2 0 0 5 3 0 3 0 4 2 3 1 0 3 0 0 5 3 0 3 0 4 2 3 1 0 3 2 0 0 5 3 0 3 0 4 2 3 1 0 3 0 0 0 0 2 0 0 5 3 0 3 0 4 2 3 1 0 3 0 0 5 3 0 3 0 4 2 3 1 0 3 2 0 0 5 3 0 3 0 4 2 3
0 24 2 0 0 5 3 0 3 0 4 2 3 1 0 3 2 0 0 5 3 0 3 0 4 2
0 49 2 0 0 5 3 0 3 0 4 2 3 1 0 3 5 2 0 0 5 3 0 3 0 4 2 3 1 0 3 5 2 0 0 5 3 0 3 0 4 2 3 1 0 3 0 0 5 3 0
0 34 2 0 0 5 3 0 3 0 4 2 3 1 0 3 2 2 0 0 5 3 0 3 0 4 2 3 1 0 3 0 0 5 3 0
0 20 2 0 0 5 3 0 3 0 4 2 3 1 0 3 0 0 0 2 0 0
0 78 2 0 0 5 3 0 3 0 4 2 3 1 0 3 0 0 0 0 2 0 0 5 3 0 3 0 4 2 3 1 0 3 5 2 0 0 5 3 0 3 0 4 2 3 1 0 3 0 0 5 3 0 3 0 4 2 3 1 0 3 2 0 0 5 3 0 3 0 4 2 3 1 0 3 0 0 5 3
0 54 2 0 0 5 3 0 3 0 4 2 3 1 0 3 2 2 0 0 5 3 0 3 0 4 2 3 1 0 3 0 0 5 3 0 3 0 4 2 3 1 0 3 2 0 0 5 3 0 3 0 4 2 3 1
0 55 2 0 0 5 3 0 3 0 4 2 3 1 0 3 0 0 5 3 0 3 0 4 2 3 1 0 3 2 0 0 5 3 0 3 0 4 2 3 1 0 3 0 0 2 0 0 5 3 0 3 0 4 2 3 1
0 33 2 0 0 5 3 0 3 0 4 2 3 1 0 3 5 2 0 0 5 3 0 3 0 4 2 3 1 0 3 5 2 0 0
0 45 2 0 0 5 3 0 3 0 4 2 3 1 0 3 2 2 0 0 5 3 0 3 0 4 2 3 1 0 3 0 0 5 3 0 3 0 4 2 3 1 0 3 2 0 0
0 57 2 0 0 5 3 0 3 0 4 2 3 1 0 3 0 0 5 3 0 3 0 4 2 3 1 0 3 2 0 0 5 3 0 3 0 4 2 3 1 0 3 0 0 5 3 0 3 0 4 2 3 1 0 3 2 0 0
0 41 2 0 0 5 3 0 3 0 4 2 3 1 0 3 0 0 0 2 0 0 5 3 0 3 0 4 2 3 1 0 3 0 0 0 0 2 0 0 5 3 0
0 29 2 0 0 5 3 0 3 0 4 2 3 1 0 3 0 0 5 3 0 3 0 4 2 3 1 0 3 2 0
0 39 2 0 0 5 3 0 3 0 4 2 3 1 0 3 0 0 0 0 2 0 0 5 3 0 3 0 4 2 3 1 0 3 5 2 0 0 5 3 0
0 37 2 0 0 5 3 0 3 0 4 2 3 1 0 3 2 2 0 0 5 3 0 3 0 4 2 3 1 0 3 0 0 0 2 0 0 5 3
0 27 2 0 0 5 3 0 3 0 4 2 3 1 0 3 2 0 0 5 3 0 3 0 4 2 3 1 0
0 46 2 0 0 5 3 0 3 0 4 2 3 1 0 3 0 0 0 2 0 0 5 3 0 3 0 4 2 3 1 0 3 0 0 2 0 0 5 3 0 3 0 4 2 3 1 0
0 61 2 0 0 5 3 0 3 0 4 2 3 1 0 3 2 2 0 0 5 3 0 3 0 4 2 3 1 0 3 0 0 2 0 0 5 3 0 3 0 4 2 3 1 0 3 0 0 5 3 0 3 0 4 2 3 1 0 3 2 0 0
0 90 2 0 0 5 3 0 3 0 4 2 3 1 0 3 0 0 5 3 0 3 0 4 2 3 1 0 3 2 0 0 5 3 0 3 0 4 2 3 1 0 3 0 0 0 0 2 0 0 5 3 0 3 0 4 2 3 1 0 3 0 0 5 3 0 3 0 4 2 3 1 0 3 2 0 0 5 3 0 3 0 4 2 3 1 0 3 0 0 5 3
0 67 2 0 0 5 3 0 3 0 4 2 3 1 0 3 0 0 0 0 2 0 0 5 3 0 3 0 4 2 3 1 0 3 0 0 5 3 0 3 0 4 2 3 1 0 3 2 0 0 5 3 0 3 0 4 2 3 1 0 3 0 0 5 3 0 3 0 4
0 68 2 0 0 5 3 0 3 0 4 2 3 1 0 3 0 0 0 0 2 0 0 5 3 0 3 0 4 2 3 1 0 3 5 2 0 0 5 3 0 3 0 4 2 3 1 0 3 0 0 5 3 0 3 0 4 2 3 1 0 3 2 0 0 5 3 0 3 0
0 29 2 0 0 5 3 0 3 0 4 2 3 1 0 3 0 0 0 0 2 0 0 5 3 0 3 0 4 2 3
0 38 2 0 0 5 3 0 3 0 4 2 3 1 0 3 0 0 0 2 0 0 5 3 0 3 0 4 2 3 1 0 3 0 2 0 0 5 3 0
0 34 2 0 0 5 3 0 3 0 4 2 3 1 0 3 0 0 5 3 0 3 0 4 2 3 1 0 3 2 0 0 5 3 0 3
0 36 2 0 0 5 3 0 3 0 4 2 3 1 0 3 0 0 0 2 0 0 5 3 0 3 0 4 2 3 1 0 3 0 2 0 0 5
0 60 2 0 0 5 3 0 3 0 4 2 3 1 0 3 2 2 0 0 5 3 0 3 0 4 2 3 1 0 3 0 0 5 3 0 3 0 4 2 3 1 0 3 2 0 0 5 3 0 3 0 4 2 3 1 0 3 0 0 0 2
0 35 2 0 0 5 3 0 3 0 4 2 3 1 0 3 0 0 2 0 0 5 3 0 3 0 4 2 3 1 0 3 0 0 2 0 0
0 57 2 0 0 5 3 0 3 0 4 2 3 1 0 3 0 0 0 0 2 0 0 5 3 0 3 0 4 2 3 1 0 3 5 2 0 0 5 3 0 3 0 4 2 3 1 0 3 0 0 5 3 0 3 0 4 2 3
0 48 2 0 0 5 3 0 3 0 4 2 3 1 0 3 5 2 0 0 5 3 0 3 0 4 2 3 1 0 3 5 2 0 0 5 3 0 3 0 4 2 3 1 0 3 5 2 0 0
0 52 2 0 0 5 3 0 3 0 4 2 3 1 0 3 0 0 2 0 0 5 3 0 3 0 4 2 3 1 0 3 2 2 0 0 5 3 0 3 0 4 2 3 1 0 3 0 0 0 2 0 0 5
0 80 2 0 0 5 3 0 3 0 4 2 3 1 0 3 0 0 5 3 0 3 0 4 2 3 1 0 3 2 0 0 5 3 0 3 0 4 2 3 1 0 3 0 0 0 0 2 0 0 5 3 0 3 0 4 2 3 1 0 3 0 0 5 3 0 3 0 4 2 3 1 0 3 2 0 0 5 3 0 3 0
0 50 2 0 0 5 3 0 3 0 4 2 3 1 0 3 5 2 0 0 5 3 0 3 0 4 2 3 1 0 3 5 2 0 0 5 3 0 3 0 4 2 3 1 0 3 0 0 5 3 0 3
0 35 2 0 0 5 3 0 3 0 4 2 3 1 0 3 0 2 0 0 5 3 0 3 0 4 2 3 1 0 3 2 2 0 0 5 3
0 43 2 0 0 5 3 0 3 0 4 2 3 1 0 3 2 2 0 0 5 3 0 3 0 4 2 3 1 0 3 0 0 2 0 0 5 3 0 3 0 4 2 3 1
0 39 2 0 0 5 3 0 3 0 4 2 3 1 0 3 0 0 0 2 0 0 5 3 0 3 0 4 2 3 1 0 3 0 0 2 0 0 5 3 0
0 24 2 0 0 5 3 0 3 0 4 2 3 1 0 3 0 0 2 0 0 5 3 0 3 0
0 18 2 0 0 5 3 0 3 0 4 2 3 1 0 3 0 0 5 3
0 56 2 0 0 5 3 0 3 0 4 2 3 1 0 3 0 0 2 0 0 5 3 0 3 0 4 2 3 1 0 3 2 2 0 0 5 3 0 3 0 4 2 3 1 0 3 2 0 0 5 3 0 3 0 4 2 3
0 71 2 0 0 5 3 0 3 0 4 2 3 1 0 3 2 2 0 0 5 3 0 3 0 4 2 3 1 0 3 0 2 0 0 5 3 0 3 0 4 2 3 1 0 3 0 2 0 0 5 3 0 3 0 4 2 3 1 0 3 0 0 5 3 0 3 0 4 2 3 1 0
0 77 2 0 0 5 3 0 3 0 4 2 3 1 0 3 0 0 5 3 0 3 0 4 2 3 1 0 3 2 0 0 5 3 0 3 0 4 2 3 1 0 3 0 0 0 0 2 0 0 5 3 0 3 0 4 2 3 1 0 3 2 2 0 0 5 3 0 3 0 4 2 3 1 0 3 0 0 5
0 51 2 0 0 5 3 0 3 0 4 2 3 1 0 3 0 2 0 0 5 3 0 3 0 4 2 3 1 0 3 0 0 5 3 0 3 0 4 2 3 1 0 3 2 0 0 5 3 0 3 0 4
0 75 2 0 0 5 3 0 3 0 4 2 3 1 0 3 0 0 5 3 0 3 0 4 2 3 1 0 3 2 0 0 5 3 0 3 0 4 2 3 1 0 3 0 0 5 3 0 3 0 4 2 3 1 0 3 2 0 0 5 3 0 3 0 4 2 3 1 0 3 0 0 0 0 2 0 0
0 50 2 0 0 5 3 0 3 0 4 2 3 1 0 3 0 0 0 0 2 0 0 5 3 0 3 0 4 2 3 1 0 3 5 2 0 0 5 3 0 3 0 4 2 3 1 0 3 0 0 5
0 13 2 0 0 5 3 0 3 0 4 2 3 1 0
0 41 2 0 0 5 3 0 3 0 4 2 3 1 0 3 0 0 0 0 2 0 0 5 3 0 3 0 4 2 3 1 0 3 0 0 0 2 0 0 5 3 0
0 48 2 0 0 5 3 0 3 0 4 2 3 1 0 3 5 2 0 0 5 3 0 3 0 4 2 3 1 0 3 0 0 5 3 0 3 0 4 2 3 1 0 3 2 0 0 5 3 0
0 46 2 0 0 5 3 0 3 0 4 2 3 1 0 3 0 0 0 0 2 0 0 5 3 0 3 0 4 2 3 1 0 3 0 0 5 3 0 3 0 4 2 3 1 0 3 2
0 40 2 0 0 5 3 0 3 0 4 2 3 1 0 3 0 2 0 0 5 3 0 3 0 4 2 3 1 0 3 0 0 5 3 0 3 0 4 2 3 1
0 80 2 0 0 5 3 0 3 0 4 2 3 1 0 3 0 0 5 3 0 3 0 4 2 3 1 0 3 2 0 0 5 3 0 3 0 4 2 3 1 0 3 0 0 2 0 0 5 3 0 3 0 4 2 3 1 0 3 0 0 5 3 0 3 0 4 2 3 1 0 3 2 0 0 5 3 0 3 0 4 2
0 43 2 0 0 5 3 0 3 0 4 2 3 1 0 3 0 0 5 3 0 3 0 4 2 3 1 0 3 2 0 0 5 3 0 3 0 4 2 3 1 0 3 2 0
0 54 2 0 0 5 3 0 3 0 4 2 3 1 0 3 5 2 0 0 5 3 0 3 0 4 2 3 1 0 3 5 2 0 0 5 3 0 3 0 4 2 3 1 0 3 0 0 5 3 0 3 0 4 2 3
0 54 2 0 0 5 3 0 3 0 4 2 3 1 0 3 0 2 0 0 5 3 0 3 0 4 2 3 1 0 3 0 0 5 3 0 3 0 4 2 3 1 0 3 2 0 0 5 3 0 3 0 4 2 3 1
0 37 2 0 0 5 3 0 3 0 4 2 3 1 0 3 0 0 2 0 0 5 3 0 3 0 4 2 3 1 0 3 2 2 0 0 5 3 0
0 66 2 0 0 5 3 0 3 0 4 2 3 1 0 3 2 2 0 0 5 3 0 3 0 4 2 3 1 0 3 0 0 5 3 0 3 0 4 2 3 1 0 3 2 0 0 5 3 0 3 0 4 2 3 1 0 3 0 0 0 2 0 0 5 3 0 3
0 48 2 0 0 5 3 0 3 0 4 2 3 1 0 3 0 0 5 3 0 3 0 4 2 3 1 0 3 2 0 0 5 3 0 3 0 4 2 3 1 0 3 2 0 0 5 3 0 3
0 62 2 0 0 5 3 0 3 0 4 2 3 1 0 3 0 0 5 3 0 3 0 4 2 3 1 0 3 2 0 0 5 3 0 3 0 4 2 3 1 0 3 0 0 2 0 0 5 3 0 3 0 4 2 3 1 0 3 0 0 5 3 0
0 60 2 0 0 5 3 0 3 0 4 2 3 1 0 3 0 2 0 0 5 3 0 3 0 4 2 3 1 0 3 0 0 5 3 0 3 0 4 2 3 1 0 3 2 0 0 5 3 0 3 0 4 2 3 1 0 3 0 0 0 2
0 24 2 0 0 5 3 0 3 0 4 2 3 1 0 3 5 2 0 0 5 3 0 3 0 4
0 51 2 0 0 5 3 0 3 0 4 2 3 1 0 3 0 0 5 3 0 3 0 4 2 3 1 0 3 2 0 0 5 3 0 3 0 4 2 3 1 0 3 0 0 2 0 0 5 3 0 3 0
0 39 2 0 0 5 3 0 3 0 4 2 3 1 0 3 5 2 0 0 5 3 0 3 0 4 2 3 1 0 3 2 2 0 0 5 3 0 3 0 4
0 61 2 0 0 5 3 0 3 0 4 2 3 1 0 3 0 0 5 3 0 3 0 4 2 3 1 0 3 2 0 0 5 3 0 3 0 4 2 3 1 0 3 0 0 2 0 0 5 3 0 3 0 4 2 3 1 0 3 0 0 5 3
0 48 2 0 0 5 3 0 3 0 4 2 3 1 0 3 0 0 0 0 2 0 0 5 3 0 3 0 4 2 3 1 0 3 0 0 0 2 0 0 5 3 0 3 0 4 2 3 1 0
0 53 2 0 0 5 3 0 3 0 4 2 3 1 0 3 0 0 5 3 0 3 0 4 2 3 1 0 3 2 0 0 5 3 0 3 0 4 2 3 1 0 3 2 0 0 5 3 0 3 0 4 2 3 1
0 55 2 0 0 5 3 0 3 0 4 2 3 1 0 3 2 2 0 0 5 3 0 3 0 4 2 3 1 0 3 0 0 0 2 0 0 5 3 0 3 0 4 2 3 1 0 3 0 0 2 0 0 5 3 0 3
0 18 2 0 0 5 3 0 3 0 4 2 3 1 0 3 2 2 0 0
0 43 2 0 0 5 3 0 3 0 4 2 3 1 0 3 0 0 0 0 2 0 0 5 3 0 3 0 4 2 3 1 0 3 0 0 5 3 0 3 0 4 2 3 1
0 54 2 0 0 5 3 0 3 0 4 2 3 1 0 3 5 2 0 0 5 3 0 3 0 4 2 3 1 0 3 0 0 5 3 0 3 0 4 2 3 1 0 3 2 0 0 5 3 0 3 0 4 2 3 1
0 56 2 0 0 5 3 0 3 0 4 2 3 1 0 3 0 0 5 3 0 3 0 4 2 3 1 0 3 2 0 0 5 3 0 3 0 4 2 3 1 0 3 0 0 2 0 0 5 3 0 3 0 4 2 3 1 0
0 28 2 0 0 5 3 0 3 0 4 2 3 1 0 3 0 0 2 0 0 5 3 0 3 0 4 2 3 1
0 38 2 0 0 5 3 0 3 0 4 2 3 1 0 3 0 0 2 0 0 5 3 0 3 0 4 2 3 1 0 3 0 0 5 3 0 3 0 4
0 34 2 0 0 5 3 0 3 0 4 2 3 1 0 3 5 2 0 0 5 3 0 3 0 4 2 3 1 0 3 0 0 5 3 0
0 37 2 0 0 5 3 0 3 0 4 2 3 1 0 3 2 2 0 0 5 3 0 3 0 4 2 3 1 0 3 0 0 5 3 0 3 0 4
0 45 2 0 0 5 3 0 3 0 4 2 3 1 0 3 0 0 0 2 0 0 5 3 0 3 0 4 2 3 1 0 3 0 0 2 0 0 5 3 0 3 0 4 2 3 1
0 36 2 0 0 5 3 0 3 0 4 2 3 1 0 3 2 0 0 5 3 0 3 0 4 2 3 1 0 3 0 0 0 0 2 0 0 5
0 83 2 0 0 5 3 0 3 0 4 2 3 1 0 3 0 0 5 3 0 3 0 4 2 3 1 0 3 2 0 0 5 3 0 3 0 4 2 3 1 0 3 0 0 5 3 0 3 0 4 2 3 1 0 3 2 0 0 5 3 0 3 0 4 2 3 1 0 3 0 0 0 0 2 0 0 5 3 0 3 0 4 2 3
0 50 2 0 0 5 3 0 3 0 4 2 3 1 0 3 2 2 0 0 5 3 0 3 0 4 2 3 1 0 3 0 0 0 2 0 0 5 3 0 3 0 4 2 3 1 0 3 2 0 0 5
0 63 2 0 0 5 3 0 3 0 4 2 3 1 0 3 0 0 5 3 0 3 0 4 2 3 1 0 3 2 0 0 5 3 0 3 0 4 2 3 1 0 3 0 0 0 0 2 0 0 5 3 0 3 0 4 2 3 1 0 3 2 2 0 0
0 72 2 0 0 5 3 0 3 0 4 2 3 1 0 3 0 2 0 0 5 3 0 3 0 4 2 3 1 0 3 0 0 5 3 0 3 0 4 2 3 1 0 3 2 0 0 5 3 0 3 0 4 2 3 1 0 3 0 0 0 2 0 0 5 3 0 3 0 4 2 3 1 0
0 58 2 0 0 5 3 0 3 0 4 2 3 1 0 3 2 2 0 0 5 3 0 3 0 4 2 3 1 0 3 0 0 0 2 0 0 5 3 0 3 0 4 2 3 1 0 3 0 0 2 0 0 5 3 0 3 0 4 2
0 38 2 0 0 5 3 0 3 0 4 2 3 1 0 3 0 2 0 0 5 3 0 3 0 4 2 3 1 0 3 2 0 0 5 3 0 3 0 4
0 43 2 0 0 5 3 0 3 0 4 2 3 1 0 3 0 0 0 2 0 0 5 3 0 3 0 4 2 3 1 0 3 0 2 0 0 5 3 0 3 0 4 2 3
0 48 2 0 0 5 3 0 3 0 4 2 3 1 0 3 2 2 0 0 5 3 0 3 0 4 2 3 1 0 3 0 2 0 0 5 3 0 3 0 4 2 3 1 0 3 0 2 0 0
0 51 2 0 0 5 3 0 3 0 4 2 3 1 0 3 0 0 2 0 0 5 3 0 3 0 4 2 3 1 0 3 2 2 0 0 5 3 0 3 0 4 2 3 1 0 3 0 0 0 2 0 0
0 50 2 0 0 5 3 0 3 0 4 2 3 1 0 3 0 0 2 0 0 5 3 0 3 0 4 2 3 1 0 3 2 2 0 0 5 3 0 3 0 4 2 3 1 0 3 0 0 0 2 0
0 29 2 0 0 5 3 0 3 0 4 2 3 1 0 3 0 0 2 0 0 5 3 0 3 0 4 2 3 1 0
0 44 2 0 0 5 3 0 3 0 4 2 3 1 0 3 0 0 0 0 2 0 0 5 3 0 3 0 4 2 3 1 0 3 5 2 0 0 5 3 0 3 0 4 2 3
0 34 2 0 0 5 3 0 3 0 4 2 3 1 0 3 0 0 0 2 0 0 5 3 0 3 0 4 2 3 1 0 3 0 2 0
0 52 2 0 0 5 3 0 3 0 4 2 3 1 0 3 0 0 0 0 2 0 0 5 3 0 3 0 4 2 3 1 0 3 0 2 0 0 5 3 0 3 0 4 2 3 1 0 3 0 0 2 0 0
0 48 2 0 0 5 3 0 3 0 4 2 3 1 0 3 0 0 5 3 0 3 0 4 2 3 1 0 3 2 0 0 5 3 0 3 0 4 2 3 1 0 3 0 0 2 0 0 5 3
0 61 2 0 0 5 3 0 3 0 4 2 3 1 0 3 2 2 0 0 5 3 0 3 0 4 2 3 1 0 3 0 0 5 3 0 3 0 4 2 3 1 0 3 2 0 0 5 3 0 3 0 4 2 3 1 0 3 0 0 0 2 0
0 46 2 0 0 5 3 0 3 0 4 2 3 1 0 3 0 0 0 0 2 0 0 5 3 0 3 0 4 2 3 1 0 3 0 2 0 0 5 3 0 3 0 4 2 3 1 0
0 82 2 0 0 5 3 0 3 0 4 2 3 1 0 3 0 0 5 3 0 3 0 4 2 3 1 0 3 2 0 0 5 3 0 3 0 4 2 3 1 0 3 0 0 5 3 0 3 0 4 2 3 1 0 3 2 0 0 5 3 0 3 0 4 2 3 1 0 3 0 0 0 0 2 0 0 5 3 0 3 0 4 2
0 5 2 4 2 4 2
0 45 2 0 0 5 3 0 3 0 4 2 3 1 0 3 0 0 5 3 0 3 0 4 2 3 1 0 3 2 0 0 5 3 0 3 0 4 2 3 1 0 3 0 0 5 3
0 43 2 0 0 5 3 0 3 0 4 2 3 1 0 3 0 0 0 0 2 0 0 5 3 0 3 0 4 2 3 1 0 3 0 2 0 0 5 3 0 3 0 4 2
0 90 2 0 0 5 3 0 3 0 4 2 3 1 0 3 0 0 5 3 0 3 0 4 2 3 1 0 3 2 0 0 5 3 0 3 0 4 2 3 1 0 3 0 0 2 0 0 5 3 0 3 0 4 2 3 1 0 3 0 0 5 3 0 3 0 4 2 3 1 0 3 2 0 0 5 3 0 3 0 4 2 3 1 0 3 0 0 5 3 0 3
0 50 2 0 0 5 3 0 3 0 4 2 3 1 0 3 0 0 5 3 0 3 0 4 2 3 1 0 3 2 0 0 5 3 0 3 0 4 2 3 1 0 3 0 0 5 3 0 3 0 4 2
0 72 2 0 0 5 3 0 3 0 4 2 3 1 0 3 2 2 0 0 5 3 0 3 0 4 2 3 1 0 3 0 0 5 3 0 3 0 4 2 3 1 0 3 2 0 0 5 3 0 3 0 4 2 3 1 0 3 0 0 0 2 0 0 5 3 0 3 0 4 2 3 1 0
0 48 2 0 0 5 3 0 3 0 4 2 3 1 0 3 0 0 5 3 0 3 0 4 2 3 1 0 3 2 0 0 5 3 0 3 0 4 2 3 1 0 3 0 0 5 3 0 3 0
0 38 2 0 0 5 3 0 3 0 4 2 3 1 0 3 0 2 0 0 5 3 0 3 0 4 2 3 1 0 3 2 2 0 0 5 3 0 3 0
0 21 2 0 0 5 3 0 3 0 4 2 3 1 0 3 0 0 0 2 0 0 5
0 66 2 0 0 5 3 0 3 0 4 2 3 1 0 3 0 0 5 3 0 3 0 4 2 3 1 0 3 2 0 0 5 3 0 3 0 4 2 3 1 0 3 0 0 5 3 0 3 0 4 2 3 1 0 3 2 0 0 5 3 0 3 0 4 2 3 1
0 62 2 0 0 5 3 0 3 0 4 2 3 1 0 3 0 0 5 3 0 3 0 4 2 3 1 0 3 2 0 0 5 3 0 3 0 4 2 3 1 0 3 0 0 0 0 2 0 0 5 3 0 3 0 4 2 3 1 0 3 2 2 0
0 55 2 0 0 5 3 0 3 0 4 2 3 1 0 3 0 0 2 0 0 5 3 0 3 0 4 2 3 1 0 3 0 0 5 3 0 3 0 4 2 3 1 0 3 2 0 0 5 3 0 3 0 4 2 3 1
0 80 2 0 0 5 3 0 3 0 4 2 3 1 0 3 0 0 5 3 0 3 0 4 2 3 1 0 3 2 0 0 5 3 0 3 0 4 2 3 1 0 3 0 0 5 3 0 3 0 4 2 3 1 0 3 2 0 0 5 3 0 3 0 4 2 3 1 0 3 0 0 0 0 2 0 0 5 3 0 3 0
0 48 2 0 0 5 3 0 3 0 4 2 3 1 0 3 0 0 0 2 0 0 5 3 0 3 0 4 2 3 1 0 3 0 0 0 0 2 0 0 5 3 0 3 0 4 2 3 1 0
0 17 2 0 0 5 3 0 3 0 4 2 3 1 0 3 2 0 0
0 27 2 0 0 5 3 0 3 0 4 2 3 1 0 3 0 0 0 2 0 0 5 3 0 3 0 4 2
0 37 2 0 0 5 3 0 3 0 4 2 3 1 0 3 0 2 0 0 5 3 0 3 0 4 2 3 1 0 3 2 2 0 0 5 3 0 3
0 85 2 0 0 5 3 0 3 0 4 2 3 1 0 3 0 0 5 3 0 3 0 4 2 3 1 0 3 2 0 0 5 3 0 3 0 4 2 3 1 0 3 0 0 5 3 0 3 0 4 2 3 1 0 3 2 0 0 5 3 0 3 0 4 2 3 1 0 3 0 0 0 0 2 0 0 5 3 0 3 0 4 2 3 1 0
0 63 2 0 0 5 3 0 3 0 4 2 3 1 0 3 0 0 0 0 2 0 0 5 3 0 3 0 4 2 3 1 0 3 0 0 5 3 0 3 0 4 2 3 1 0 3 2 0 0 5 3 0 3 0 4 2 3 1 0 3 0 0 5 3
0 51 2 0 0 5 3 0 3 0 4 2 3 1 0 3 2 0 0 5 3 0 3 0 4 2 3 1 0 3 0 0 0 0 2 0 0 5 3 0 3 0 4 2 3 1 0 3 0 2 0 0 5
0 19 2 0 0 5 3 0 3 0 4 2 3 1 0 3 5 2 0 0 5
0 42 2 0 0 5 3 0 3 0 4 2 3 1 0 3 0 0 0 0 2 0 0 5 3 0 3 0 4 2 3 1 0 3 0 2 0 0 5 3 0 3 0 4
0 36 2 0 0 5 3 0 3 0 4 2 3 1 0 3 0 2 0 0 5 3 0 3 0 4 2 3 1 0 3 2 2 0 0 5 3 0
0 42 2 0 0 5 3 0 3 0 4 2 3 1 0 3 0 0 0 0 2 0 0 5 3 0 3 0 4 2 3 1 0 3 5 2 0 0 5 3 0 3 0 4
0 46 2 0 0 5 3 0 3 0 4 2 3 1 0 3 5 2 0 0 5 3 0 3 0 4 2 3 1 0 3 5 2 0 0 5 3 0 3 0 4 2 3 1 0 3 5 2
0 23 2 0 0 5 3 0 3 0 4 2 3 1 0 3 0 0 0 0 2 0 0 5 3
0 61 2 0 0 5 3 0 3 0 4 2 3 1 0 3 0 2 0 0 5 3 0 3 0 4 2 3 1 0 3 0 0 5 3 0 3 0 4 2 3 1 0 3 2 0 0 5 3 0 3 0 4 2 3 1 0 3 0 0 0 2 0
0 43 2 0 0 5 3 0 3 0 4 2 3 1 0 3 0 0 5 3 0 3 0 4 2 3 1 0 3 2 0 0 5 3 0 3 0 4 2 3 1 0 3 2 2
0 49 2 0 0 5 3 0 3 0 4 2 3 1 0 3 0 0 2 0 0 5 3 0 3 0 4 2 3 1 0 3 2 2 0 0 5 3 0 3 0 4 2 3 1 0 3 0 0 0 2
0 69 2 0 0 5 3 0 3 0 4 2 3 1 0 3 2 2 0 0 5 3 0 3 0 4 2 3 1 0 3 0 0 5 3 0 3 0 4 2 3 1 0 3 2 0 0 5 3 0 3 0 4 2 3 1 0 3 0 0 0 2 0 0 5 3 0 3 0 4 2
0 51 2 0 0 5 3 0 3 0 4 2 3 1 0 3 2 2 0 0 5 3 0 3 0 4 2 3 1 0 3 0 0 5 3 0 3 0 4 2 3 1 0 3 2 0 0 5 3 0 3 0 4
0 37 2 0 0 5 3 0 3 0 4 2 3 1 0 3 0 0 0 0 2 0 0 5 3 0 3 0 4 2 3 1 0 3 0 0 5 3 0
0 79 2 0 0 5 3 0 3 0 4 2 3 1 0 3 0 0 5 3 0 3 0 4 2 3 1 0 3 2 0 0 5 3 0 3 0 4 2 3 1 0 3 0 0 5 3 0 3 0 4 2 3 1 0 3 2 0 0 5 3 0 3 0 4 2 3 1 0 3 0 0 0 0 2 0 0 5 3 0 3
0 52 2 0 0 5 3 0 3 0 4 2 3 1 0 3 0 0 5 3 0 3 0 4 2 3 1 0 3 2 0 0 5 3 0 3 0 4 2 3 1 0 3 0 0 2 0 0 5 3 0 3 0 4
0 47 2 0 0 5 3 0 3 0 4 2 3 1 0 3 0 0 2 0 0 5 3 0 3 0 4 2 3 1 0 3 0 0 5 3 0 3 0 4 2 3 1 0 3 2 0 0 5
0 23 2 0 0 5 3 0 3 0 4 2 3 1 0 3 0 0 5 3 0 3 0 4 2
0 57 2 0 0 5 3 0 3 0 4 2 3 1 0 3 2 2 0 0 5 3 0 3 0 4 2 3 1 0 3 0 2 0 0 5 3 0 3 0 4 2 3 1 0 3 0 2 0 0 5 3 0 3 0 4 2 3 1
0 36 2 0 0 5 3 0 3 0 4 2 3 1 0 3 0 0 2 0 0 5 3 0 3 0 4 2 3 1 0 3 0 0 5 3 0 3
0 41 2 0 0 5 3 0 3 0 4 2 3 1 0 3 0 2 0 0 5 3 0 3 0 4 2 3 1 0 3 2 0 0 5 3 0 3 0 4 2 3 1
0 27 2 0 0 5 3 0 3 0 4 2 3 1 0 3 2 2 0 0 5 3 0 3 0 4 2 3 1
0 37 2 0 0 5 3 0 3 0 4 2 3 1 0 3 0 2 0 0 5 3 0 3 0 4 2 3 1 0 3 0 0 5 3 0 3 0 4
0 45 2 0 0 5 3 0 3 0 4 2 3 1 0 3 5 2 0 0 5 3 0 3 0 4 2 3 1 0 3 0 0 5 3 0 3 0 4 2 3 1 0 3 2 0 0
0 42 2 0 0 5 3 0 3 0 4 2 3 1 0 3 0 0 0 2 0 0 5 3 0 3 0 4 2 3 1 0 3 0 0 2 0 0 5 3 0 3 0 4
0 54 2 0 0 5 3 0 3 0 4 2 3 1 0 3 0 0 2 0 0 5 3 0 3 0 4 2 3 1 0 3 2 2 0 0 5 3 0 3 0 4 2 3 1 0 3 2 0 0 5 3 0 3 0 4
0 40 2 0 0 5 3 0 3 0 4 2 3 1 0 3 5 2 0 0 5 3 0 3 0 4 2 3 1 0 3 5 2 0 0 5 3 0 3 0 4 2
0 41 2 0 0 5 3 0 3 0 4 2 3 1 0 3 2 2 0 0 5 3 0 3 0 4 2 3 1 0 3 0 0 5 3 0 3 0 4 2 3 1 0
0 68 2 0 0 5 3 0 3 0 4 2 3 1 0 3 2 2 0 0 5 3 0 3 0 4 2 3 1 0 3 0 2 0 0 5 3 0 3 0 4 2 3 1 0 3 0 2 0 0 5 3 0 3 0 4 2 3 1 0 3 0 0 5 3 0 3 0 4 2
0 77 2 0 0 5 3 0 3 0 4 2 3 1 0 3 0 0 5 3 0 3 0 4 2 3 1 0 3 2 0 0 5 3 0 3 0 4 2 3 1 0 3 0 0 5 3 0 3 0 4 2 3 1 0 3 2 0 0 5 3 0 3 0 4 2 3 1 0 3 0 0 0 0 2 0 0 5 3
0 52 2 0 0 5 3 0 3 0 4 2 3 1 0 3 2 2 0 0 5 3 0 3 0 4 2 3 1 0 3 0 0 0 2 0 0 5 3 0 3 0 4 2 3 1 0 3 2 0 0 5 3 0
0 22 2 0 0 5 3 0 3 0 4 2 3 1 0 3 0 2 0 0 5 3 0 3
0 27 2 0 0 5 3 0 3 0 4 2 3 1 0 3 0 2 0 0 5 3 0 3 0 4 2 3 1
0 42 2 0 0 5 3 0 3 0 4 2 3 1 0 3 2 2 0 0 5 3 0 3 0 4 2 3 1 0 3 0 0 0 2 0 0 5 3 0 3 0 4 2
0 40 2 0 0 5 3 0 3 0 4 2 3 1 0 3 0 0 0 2 0 0 5 3 0 3 0 4 2 3 1 0 3 0 0 0 0 2 0 0 5 3
0 59 2 0 0 5 3 0 3 0 4 2 3 1 0 3 0 0 5 3 0 3 0 4 2 3 1 0 3 2 0 0 5 3 0 3 0 4 2 3 1 0 3 0 0 5 3 0 3 0 4 2 3 1 0 3 2 0 0 5 3
0 65 2 0 0 5 3 0 3 0 4 2 3 1 0 3 2 2 0 0 5 3 0 3 0 4 2 3 1 0 3 0 2 0 0 5 3 0 3 0 4 2 3 1 0 3 0 2 0 0 5 3 0 3 0 4 2 3 1 0 3 0 0 5 3 0 3
0 51 2 0 0 5 3 0 3 0 4 2 3 1 0 3 0 0 5 3 0 3 0 4 2 3 1 0 3 2 0 0 5 3 0 3 0 4 2 3 1 0 3 2 0 0 5 3 0 3 0 4 2
0 56 2 0 0 5 3 0 3 0 4 2 3 1 0 3 5 2 0 0 5 3 0 3 0 4 2 3 1 0 3 5 2 0 0 5 3 0 3 0 4 2 3 1 0 3 5 2 0 0 5 3 0 3 0 4 2 3
0 25 2 0 0 5 3 0 3 0 4 2 3 1 0 3 2 2 0 0 5 3 0 3 0 4 2
0 18 2 0 0 5 3 0 3 0 4 2 3 1 0 3 5 2 0 0
0 71 2 0 0 5 3 0 3 0 4 2 3 1 0 3 2 2 0 0 5 3 0 3 0 4 2 3 1 0 3 0 0 5 3 0 3 0 4 2 3 1 0 3 2 0 0 5 3 0 3 0 4 2 3 1 0 3 0 0 0 2 0 0 5 3 0 3 0 4 2 3 1
0 53 2 0 0 5 3 0 3 0 4 2 3 1 0 3 5 2 0 0 5 3 0 3 0 4 2 3 1 0 3 5 2 0 0 5 3 0 3 0 4 2 3 1 0 3 5 2 0 0 5 3 0 3 0
0 53 2 0 0 5 3 0 3 0 4 2 3 1 0 3 0 0 0 2 0 0 5 3 0 3 0 4 2 3 1 0 3 0 0 2 0 0 5 3 0 3 0 4 2 3 1 0 3 0 2 0 0 5 3
0 65 2 0 0 5 3 0 3 0 4 2 3 1 0 3 0 0 2 0 0 5 3 0 3 0 4 2 3 1 0 3 0 0 5 3 0 3 0 4 2 3 1 0 3 2 0 0 5 3 0 3 0 4 2 3 1 0 3 0 2 0 0 5 3 0 3
0 45 2 0 0 5 3 0 3 0 4 2 3 1 0 3 0 0 2 0 0 5 3 0 3 0 4 2 3 1 0 3 0 0 2 0 0 5 3 0 3 0 4 2 3 1 0
0 79 2 0 0 5 3 0 3 0 4 2 3 1 0 3 0 0 5 3 0 3 0 4 2 3 1 0 3 2 0 0 5 3 0 3 0 4 2 3 1 0 3 0 0 2 0 0 5 3 0 3 0 4 2 3 1 0 3 0 0 5 3 0 3 0 4 2 3 1 0 3 2 0 0 5 3 0 3 0 4
0 50 2 0 0 5 3 0 3 0 4 2 3 1 0 3 2 2 0 0 5 3 0 3 0 4 2 3 1 0 3 0 2 0 0 5 3 0 3 0 4 2 3 1 0 3 0 2 0 0 5 3
0 51 2 0 0 5 3 0 3 0 4 2 3 1 0 3 5 2 0 0 5 3 0 3 0 4 2 3 1 0 3 5 2 0 0 5 3 0 3 0 4 2 3 1 0 3 5 2 0 0 5 3 0
0 47 2 0 0 5 3 0 3 0 4 2 3 1 0 3 0 2 0 0 5 3 0 3 0 4 2 3 1 0 3 0 0 5 3 0 3 0 4 2 3 1 0 3 2 0 0 5 3
0 47 2 0 0 5 3 0 3 0 4 2 3 1 0 3 0 0 5 3 0 3 0 4 2 3 1 0 3 2 0 0 5 3 0 3 0 4 2 3 1 0 3 0 0 0 0 2 0
0 38 2 0 0 5 3 0 3 0 4 2 3 1 0 3 0 0 0 0 2 0 0 5 3 0 3 0 4 2 3 1 0 3 5 2 0 0 5 3
0 40 2 0 0 5 3 0 3 0 4 2 3 1 0 3 0 0 0 0 2 0 0 5 3 0 3 0 4 2 3 1 0 3 0 0 5 3 0 3 0 4
0 60 2 0 0 5 3 0 3 0 4 2 3 1 0 3 0 0 5 3 0 3 0 4 2 3 1 0 3 2 0 0 5 3 0 3 0 4 2 3 1 0 3 0 0 2 0 0 5 3 0 3 0 4 2 3 1 0 3 0 0 5
0 64 2 0 0 5 3 0 3 0 4 2 3 1 0 3 2 2 0 0 5 3 0 3 0 4 2 3 1 0 3 0 0 2 0 0 5 3 0 3 0 4 2 3 1 0 3 0 0 5 3 0 3 0 4 2 3 1 0 3 2 0 0 5 3 0
0 59 2 0 0 5 3 0 3 0 4 2 3 1 0 3 0 0 0 2 0 0 5 3 0 3 0 4 2 3 1 0 3 0 0 2 0 0 5 3 0 3 0 4 2 3 1 0 3 0 2 0 0 5 3 0 3 0 4 2 3
0 43 2 0 0 5 3 0 3 0 4 2 3 1 0 3 2 0 0 5 3 0 3 0 4 2 3 1 0 3 0 0 0 0 2 0 0 5 3 0 3 0 4 2 3
0 19 2 0 0 5 3 0 3 0 4 2 3 1 0 3 0 2 0 0 5
0 62 2 0 0 5 3 0 3 0 4 2 3 1 0 3 0 0 2 0 0 5 3 0 3 0 4 2 3 1 0 3 0 0 5 3 0 3 0 4 2 3 1 0 3 2 0 0 5 3 0 3 0 4 2 3 1 0 3 0 2 0 0 5
0 48 2 0 0 5 3 0 3 0 4 2 3 1 0 3 0 0 5 3 0 3 0 4 2 3 1 0 3 2 0 0 5 3 0 3 0 4 2 3 1 0 3 2 2 0 0 5 3 0
0 70 2 0 0 5 3 0 3 0 4 2 3 1 0 3 2 2 0 0 5 3 0 3 0 4 2 3 1 0 3 0 0 5 3 0 3 0 4 2 3 1 0 3 2 0 0 5 3 0 3 0 4 2 3 1 0 3 0 0 0 2 0 0 5 3 0 3 0 4 2 3
0 22 2 0 0 5 3 0 3 0 4 2 3 1 0 3 0 0 0 2 0 0 5 3
0 43 2 0 0 5 3 0 3 0 4 2 3 1 0 3 2 2 0 0 5 3 0 3 0 4 2 3 1 0 3 0 0 0 2 0 0 5 3 0 3 0 4 2 3
0 58 2 0 0 5 3 0 3 0 4 2 3 1 0 3 0 0 2 0 0 5 3 0 3 0 4 2 3 1 0 3 2 2 0 0 5 3 0 3 0 4 2 3 1 0 3 0 0 0 2 0 0 5 3 0 3 0 4 2
0 25 2 0 0 5 3 0 3 0 4 2 3 1 0 3 0 0 0 2 0 0 5 3 0 3 0
0 26 2 0 0 5 3 0 3 0 4 2 3 1 0 3 2 2 0 0 5 3 0 3 0 4 2 3
0 21 2 0 0 5 3 0 3 0 4 2 3 1 0 3 2 2 0 0 5 3 0
0 49 2 0 0 5 3 0 3 0 4 2 3 1 0 3 0 0 0 2 0 0 5 3 0 3 0 4 2 3 1 0 3 0 2 0 0 5 3 0 3 0 4 2 3 1 0 3 0 0 5
0 43 2 0 0 5 3 0 3 0 4 2 3 1 0 3 0 0 0 0 2 0 0 5 3 0 3 0 4 2 3 1 0 3 0 0 0 2 0 0 5 3 0 3 0
0 42 2 0 0 5 3 0 3 0 4 2 3 1 0 3 0 2 0 0 5 3 0 3 0 4 2 3 1 0 3 2 2 0 0 5 3 0 3 0 4 2 3 1
0 66 2 0 0 5 3 0 3 0 4 2 3 1 0 3 0 0 0 0 2 0 0 5 3 0 3 0 4 2 3 1 0 3 5 2 0 0 5 3 0 3 0 4 2 3 1 0 3 0 0 5 3 0 3 0 4 2 3 1 0 3 2 0 0 5 3 0
0 59 2 0 0 5 3 0 3 0 4 2 3 1 0 3 2 2 0 0 5 3 0 3 0 4 2 3 1 0 3 0 0 2 0 0 5 3 0 3 0 4 2 3 1 0 3 0 0 5 3 0 3 0 4 2 3 1 0 3 2
0 36 2 0 0 5 3 0 3 0 4 2 3 1 0 3 0 0 0 0 2 0 0 5 3 0 3 0 4 2 3 1 0 3 0 0 5 3
0 35 2 0 0 5 3 0 3 0 4 2 3 1 0 3 0 0 0 0 2 0 0 5 3 0 3 0 4 2 3 1 0 3 0 2 0
0 41 2 0 0 5 3 0 3 0 4 2 3 1 0 3 0 0 0 0 2 0 0 5 3 0 3 0 4 2 3 1 0 3 0 2 0 0 5 3 0 3 0
0 19 2 0 0 5 3 0 3 0 4 2 3 1 0 3 0 0 5 3 0
0 40 2 0 0 5 3 0 3 0 4 2 3 1 0 3 0 2 0 0 5 3 0 3 0 4 2 3 1 0 3 2 0 0 5 3 0 3 0 4 2 3
0 54 2 0 0 5 3 0 3 0 4 2 3 1 0 3 0 0 0 0 2 0 0 5 3 0 3 0 4 2 3 1 0 3 0 2 0 0 5 3 0 3 0 4 2 3 1 0 3 0 0 2 0 0 5 3
0 26 2 0 0 5 3 0 3 0 4 2 3 1 0 3 0 0 5 3 0 3 0 4 2 3 1 0
0 27 2 0 0 5 3 0 3 0 4 2 3 1 0 3 0 0 0 0 2 0 0 5 3 0 3 0 4
0 74 2 0 0 5 3 0 3 0 4 2 3 1 0 3 0 0 5 3 0 3 0 4 2 3 1 0 3 2 0 0 5 3 0 3 0 4 2 3 1 0 3 0 0 2 0 0 5 3 0 3 0 4 2 3 1 0 3 0 0 5 3 0 3 0 4 2 3 1 0 3 2 0 0 5
0 59 2 0 0 5 3 0 3 0 4 2 3 1 0 3 0 0 2 0 0 5 3 0 3 0 4 2 3 1 0 3 0 0 5 3 0 3 0 4 2 3 1 0 3 2 0 0 5 3 0 3 0 4 2 3 1 0 3 0 2
0 58 2 0 0 5 3 0 3 0 4 2 3 1 0 3 0 0 0 2 0 0 5 3 0 3 0 4 2 3 1 0 3 0 0 2 0 0 5 3 0 3 0 4 2 3 1 0 3 0 2 0 0 5 3 0 3 0 4 2
0 75 2 0 0 5 3 0 3 0 4 2 3 1 0 3 0 0 5 3 0 3 0 4 2 3 1 0 3 2 0 0 5 3 0 3 0 4 2 3 1 0 3 0 0 0 0 2 0 0 5 3 0 3 0 4 2 3 1 0 3 0 0 5 3 0 3 0 4 2 3 1 0 3 2 0 0
0 32 2 0 0 5 3 0 3 0 4 2 3 1 0 3 0 0 5 3 0 3 0 4 2 3 1 0 3 2 0 0 5 3
0 48 2 0 0 5 3 0 3 0 4 2 3 1 0 3 0 0 2 0 0 5 3 0 3 0 4 2 3 1 0 3 0 0 5 3 0 3 0 4 2 3 1 0 3 2 0 0 5 3
0 81 2 0 0 5 3 0 3 0 4 2 3 1 0 3 0 0 5 3 0 3 0 4 2 3 1 0 3 2 0 0 5 3 0 3 0 4 2 3 1 0 3 0 0 5 3 0 3 0 4 2 3 1 0 3 2 0 0 5 3 0 3 0 4 2 3 1 0 3 0 0 0 0 2 0 0 5 3 0 3 0 4
0 45 2 0 0 5 3 0 3 0 4 2 3 1 0 3 0 0 0 2 0 0 5 3 0 3 0 4 2 3 1 0 3 0 2 0 0 5 3 0 3 0 4 2 3 1 0
0 39 2 0 0 5 3 0 3 0 4 2 3 1 0 3 0 0 0 0 2 0 0 5 3 0 3 0 4 2 3 1 0 3 0 0 0 2 0 0 5
0 51 2 0 0 5 3 0 3 0 4 2 3 1 0 3 5 2 0 0 5 3 0 3 0 4 2 3 1 0 3 0 0 5 3 0 3 0 4 2 3 1 0 3 2 0 0 5 3 0 3 0 4
0 24 2 0 0 5 3 0 3 0 4 2 3 1 0 3 0 0 5 3 0 3 0 4 2 3
0 19 2 0 0 5 3 0 3 0 4 2 3 1 0 3 0 0 0 0 2
0 31 2 0 0 5 3 0 3 0 4 2 3 1 0 3 2 2 0 0 5 3 0 3 0 4 2 3 1 0 3 0 2
0 61 2 0 0 5 3 0 3 0 4 2 3 1 0 3 0 0 2 0 0 5 3 0 3 0 4 2 3 1 0 3 0 0 5 3 0 3 0 4 2 3 1 0 3 2 0 0 5 3 0 3 0 4 2 3 1 0 3 0 2 0 0
0 46 2 0 0 5 3 0 3 0 4 2 3 1 0 3 0 2 0 0 5 3 0 3 0 4 2 3 1 0 3 0 0 5 3 0 3 0 4 2 3 1 0 3 2 0 0 5
0 63 2 0 0 5 3 0 3 0 4 2 3 1 0 3 0 0 5 3 0 3 0 4 2 3 1 0 3 2 0 0 5 3 0 3 0 4 2 3 1 0 3 0 0 5 3 0 3 0 4 2 3 1 0 3 2 0 0 5 3 0 3 0 4
0 71 2 0 0 5 3 0 3 0 4 2 3 1 0 3 0 0 5 3 0 3 0 4 2 3 1 0 3 2 0 0 5 3 0 3 0 4 2 3 1 0 3 0 0 0 0 2 0 0 5 3 0 3 0 4 2 3 1 0 3 0 0 5 3 0 3 0 4 2 3 1 0
0 47 2 0 0 5 3 0 3 0 4 2 3 1 0 3 0 0 5 3 0 3 0 4 2 3 1 0 3 2 0 0 5 3 0 3 0 4 2 3 1 0 3 2 0 0 5 3 0
0 49 2 0 0 5 3 0 3 0 4 2 3 1 0 3 0 0 5 3 0 3 0 4 2 3 1 0 3 2 0 0 5 3 0 3 0 4 2 3 1 0 3 0 0 5 3 0 3 0 4
0 26 2 0 0 5 3 0 3 0 4 2 3 1 0 3 0 2 0 0 5 3 0 3 0 4 2 3
0 30 2 0 0 5 3 0 3 0 4 2 3 1 0 3 0 0 0 2 0 0 5 3 0 3 0 4 2 3 1 0
0 85 2 0 0 5 3 0 3 0 4 2 3 1 0 3 0 0 5 3 0 3 0 4 2 3 1 0 3 2 0 0 5 3 0 3 0 4 2 3 1 0 3 0 0 0 0 2 0 0 5 3 0 3 0 4 2 3 1 0 3 0 0 5 3 0 3 0 4 2 3 1 0 3 2 0 0 5 3 0 3 0 4 2 3 1 0
0 57 2 0 0 5 3 0 3 0 4 2 3 1 0 3 2 2 0 0 5 3 0 3 0 4 2 3 1 0 3 0 0 0 2 0 0 5 3 0 3 0 4 2 3 1 0 3 0 0 2 0 0 5 3 0 3 0 4
0 69 2 0 0 5 3 0 3 0 4 2 3 1 0 3 0 0 0 0 2 0 0 5 3 0 3 0 4 2 3 1 0 3 0 0 5 3 0 3 0 4 2 3 1 0 3 2 0 0 5 3 0 3 0 4 2 3 1 0 3 0 0 5 3 0 3 0 4 2 3
0 73 2 0 0 5 3 0 3 0 4 2 3 1 0 3 0 0 5 3 0 3 0 4 2 3 1 0 3 2 0 0 5 3 0 3 0 4 2 3 1 0 3 0 0 0 0 2 0 0 5 3 0 3 0 4 2 3 1 0 3 2 2 0 0 5 3 0 3 0 4 2 3 1 0
0 23 2 0 0 5 3 0 3 0 4 2 3 1 0 3 0 2 0 0 5 3 0 3 0
0 89 2 0 0 5 3 0 3 0 4 2 3 1 0 3 0 0 5 3 0 3 0 4 2 3 1 0 3 2 0 0 5 3 0 3 0 4 2 3 1 0 3 0 0 0 0 2 0 0 5 3 0 3 0 4 2 3 1 0 3 0 0 5 3 0 3 0 4 2 3 1 0 3 2 0 0 5 3 0 3 0 4 2 3 1 0 3 0 0 5
0 93 2 0 0 5 3 0 3 0 4 2 3 1 0 3 0 0 5 3 0 3 0 4 2 3 1 0 3 2 0 0 5 3 0 3 0 4 2 3 1 0 3 0 0 0 0 2 0 0 5 3 0 3 0 4 2 3 1 0 3 0 0 5 3 0 3 0 4 2 3 1 0 3 2 0 0 5 3 0 3 0 4 2 3 1 0 3 0 0 5 3 0 3 0
0 62 2 0 0 5 3 0 3 0 4 2 3 1 0 3 0 0 5 3 0 3 0 4 2 3 1 0 3 2 0 0 5 3 0 3 0 4 2 3 1 0 3 0 0 0 0 2 0 0 5 3 0 3 0 4 2 3 1 0 3 0 0 5
0 76 2 0 0 5 3 0 3 0 4 2 3 1 0 3 0 0 5 3 0 3 0 4 2 3 1 0 3 2 0 0 5 3 0 3 0 4 2 3 1 0 3 0 0 5 3 0 3 0 4 2 3 1 0 3 2 0 0 5 3 0 3 0 4 2 3 1 0 3 0 0 0 0 2 0 0 5
0 56 2 0 0 5 3 0 3 0 4 2 3 1 0 3 2 2 0 0 5 3 0 3 0 4 2 3 1 0 3 0 0 0 2 0 0 5 3 0 3 0 4 2 3 1 0 3 2 0 0 5 3 0 3 0 4 2
0 48 2 0 0 5 3 0 3 0 4 2 3 1 0 3 0 0 5 3 0 3 0 4 2 3 1 0 3 2 0 0 5 3 0 3 0 4 2 3 1 0 3 0 0 0 0 2 0 0
0 95 2 0 0 5 3 0 3 0 4 2 3 1 0 3 0 0 5 3 0 3 0 4 2 3 1 0 3 2 0 0 5 3 0 3 0 4 2 3 1 0 3 0 0 0 0 2 0 0 5 3 0 3 0 4 2 3 1 0 3 0 0 5 3 0 3 0 4 2 3 1 0 3 2 0 0 5 3 0 3 0 4 2 3 1 0 3 0 0 5 3 0 3 0 4 2
0 34 2 0 0 5 3 0 3 0 4 2 3 1 0 3 0 2 0 0 5 3 0 3 0 4 2 3 1 0 3 2 0 0 5 3
0 35 2 0 0 5 3 0 3 0 4 2 3 1 0 3 2 2 0 0 5 3 0 3 0 4 2 3 1 0 3 0 0 0 2 0 0
0 55 2 0 0 5 3 0 3 0 4 2 3 1 0 3 0 0 2 0 0 5 3 0 3 0 4 2 3 1 0 3 2 2 0 0 5 3 0 3 0 4 2 3 1 0 3 0 0 0 2 0 0 5 3 0 3
0 85 2 0 0 5 3 0 3 0 4 2 3 1 0 3 0 0 5 3 0 3 0 4 2 3 1 0 3 2 0 0 5 3 0 3 0 4 2 3 1 0 3 0 0 0 0 2 0 0 5 3 0 3 0 4 2 3 1 0 3 2 2 0 0 5 3 0 3 0 4 2 3 1 0 3 0 0 5 3 0 3 0 4 2 3 1
0 35 2 0 0 5 3 0 3 0 4 2 3 1 0 3 0 0 0 0 2 0 0 5 3 0 3 0 4 2 3 1 0 3 0 0 5
0 65 2 0 0 5 3 0 3 0 4 2 3 1 0 3 0 0 5 3 0 3 0 4 2 3 1 0 3 2 0 0 5 3 0 3 0 4 2 3 1 0 3 0 0 0 0 2 0 0 5 3 0 3 0 4 2 3 1 0 3 2 2 0 0 5 3
0 20 2 0 0 5 3 0 3 0 4 2 3 1 0 3 5 2 0 0 5 3
0 33 2 0 0 5 3 0 3 0 4 2 3 1 0 3 0 2 0 0 5 3 0 3 0 4 2 3 1 0 3 0 0 5 3
0 59 2 0 0 5 3 0 3 0 4 2 3 1 0 3 0 0 0 0 2 0 0 5 3 0 3 0 4 2 3 1 0 3 5 2 0 0 5 3 0 3 0 4 2 3 1 0 3 0 0 5 3 0 3 0 4 2 3 1 0
0 50 2 0 0 5 3 0 3 0 4 2 3 1 0 3 0 0 5 3 0 3 0 4 2 3 1 0 3 2 0 0 5 3 0 3 0 4 2 3 1 0 3 0 0 0 0 2 0 0 5 3
0 25 2 0 0 5 3 0 3 0 4 2 3 1 0 3 2 0 0 5 3 0 3 0 4 2 3
0 30 2 0 0 5 3 0 3 0 4 2 3 1 0 3 0 0 0 0 2 0 0 5 3 0 3 0 4 2 3 1
0 64 2 0 0 5 3 0 3 0 4 2 3 1 0 3 0 2 0 0 5 3 0 3 0 4 2 3 1 0 3 0 0 5 3 0 3 0 4 2 3 1 0 3 2 0 0 5 3 0 3 0 4 2 3 1 0 3 0 0 0 2 0 0 5 3
0 22 2 0 0 5 3 0 3 0 4 2 3 1 0 3 2 2 0 0 5 3 0 3
0 25 2 0 0 5 3 0 3 0 4 2 3 1 0 3 0 2 0 0 5 3 0 3 0 4 2
0 57 2 0 0 5 3 0 3 0 4 2 3 1 0 3 0 0 5 3 0 3 0 4 2 3 1 0 3 2 0 0 5 3 0 3 0 4 2 3 1 0 3 0 0 0 0 2 0 0 5 3 0 3 0 4 2 3 1
0 58 2 0 0 5 3 0 3 0 4 2 3 1 0 3 2 2 0 0 5 3 0 3 0 4 2 3 1 0 3 0 2 0 0 5 3 0 3 0 4 2 3 1 0 3 0 2 0 0 5 3 0 3 0 4 2 3 1 0
0 43 2 0 0 5 3 0 3 0 4 2 3 1 0 3 5 2 0 0 5 3 0 3 0 4 2 3 1 0 3 0 0 5 3 0 3 0 4 2 3 1 0 3 2
0 25 2 0 0 5 3 0 3 0 4 2 3 1 0 3 0 0 5 3 0 3 0 4 2 3 1
0 81 2 0 0 5 3 0 3 0 4 2 3 1 0 3 0 0 5 3 0 3 0 4 2 3 1 0 3 2 0 0 5 3 0 3 0 4 2 3 1 0 3 0 0 2 0 0 5 3 0 3 0 4 2 3 1 0 3 0 0 5 3 0 3 0 4 2 3 1 0 3 2 0 0 5 3 0 3 0 4 2 3
0 49 2 0 0 5 3 0 3 0 4 2 3 1 0 3 0 0 5 3 0 3 0 4 2 3 1 0 3 2 0 0 5 3 0 3 0 4 2 3 1 0 3 2 0 0 5 3 0 3 0
0 52 2 0 0 5 3 0 3 0 4 2 3 1 0 3 0 0 5 3 0 3 0 4 2 3 1 0 3 2 0 0 5 3 0 3 0 4 2 3 1 0 3 2 0 0 5 3 0 3 0 4 2 3
0 51 2 0 0 5 3 0 3 0 4 2 3 1 0 3 0 0 0 2 0 0 5 3 0 3 0 4 2 3 1 0 3 0 0 2 0 0 5 3 0 3 0 4 2 3 1 0 3 0 2 0 0
0 35 2 0 0 5 3 0 3 0 4 2 3 1 0 3 2 2 0 0 5 3 0 3 0 4 2 3 1 0 3 0 2 0 0 5 3
0 46 2 0 0 5 3 0 3 0 4 2 3 1 0 3 0 0 5 3 0 3 0 4 2 3 1 0 3 2 0 0 5 3 0 3 0 4 2 3 1 0 3 0 0 5 3 0
0 42 2 0 0 5 3 0 3 0 4 2 3 1 0 3 0 0 2 0 0 5 3 0 3 0 4 2 3 1 0 3 2 2 0 0 5 3 0 3 0 4 2 3
0 37 2 0 0 5 3 0 3 0 4 2 3 1 0 3 0 0 0 2 0 0 5 3 0 3 0 4 2 3 1 0 3 0 0 0 0 2 0
0 55 2 0 0 5 3 0 3 0 4 2 3 1 0 3 0 0 0 0 2 0 0 5 3 0 3 0 4 2 3 1 0 3 5 2 0 0 5 3 0 3 0 4 2 3 1 0 3 0 0 5 3 0 3 0 4
0 36 2 0 0 5 3 0 3 0 4 2 3 1 0 3 2 2 0 0 5 3 0 3 0 4 2 3 1 0 3 0 2 0 0 5 3 0
0 46 2 0 0 5 3 0 3 0 4 2 3 1 0 3 0 0 2 0 0 5 3 0 3 0 4 2 3 1 0 3 0 0 5 3 0 3 0 4 2 3 1 0 3 2 0 0
0 49 2 0 0 5 3 0 3 0 4 2 3 1 0 3 2 2 0 0 5 3 0 3 0 4 2 3 1 0 3 0 0 5 3 0 3 0 4 2 3 1 0 3 2 0 0 5 3 0 3
0 41 2 0 0 5 3 0 3 0 4 2 3 1 0 3 0 0 2 0 0 5 3 0 3 0 4 2 3 1 0 3 0 0 2 0 0 5 3 0 3 0 4
0 49 2 0 0 5 3 0 3 0 4 2 3 1 0 3 0 2 0 0 5 3 0 3 0 4 2 3 1 0 3 0 0 5 3 0 3 0 4 2 3 1 0 3 2 0 0 5 3 0 3
0 50 2 0 0 5 3 0 3 0 4 2 3 1 0 3 0 0 0 2 0 0 5 3 0 3 0 4 2 3 1 0 3 0 0 2 0 0 5 3 0 3 0 4 2 3 1 0 3 0 2 0
0 68 2 0 0 5 3 0 3 0 4 2 3 1 0 3 0 0 2 0 0 5 3 0 3 0 4 2 3 1 0 3 2 2 0 0 5 3 0 3 0 4 2 3 1 0 3 2 0 0 5 3 0 3 0 4 2 3 1 0 3 0 0 5 3 0 3 0 4 2
0 58 2 0 0 5 3 0 3 0 4 2 3 1 0 3 0 0 0 0 2 0 0 5 3 0 3 0 4 2 3 1 0 3 0 0 5 3 0 3 0 4 2 3 1 0 3 2 0 0 5 3 0 3 0 4 2 3 1 0
0 31 2 0 0 5 3 0 3 0 4 2 3 1 0 3 0 0 0 0 2 0 0 5 3 0 3 0 4 2 3 1 0
0 35 2 0 0 5 3 0 3 0 4 2 3 1 0 3 0 0 2 0 0 5 3 0 3 0 4 2 3 1 0 3 2 2 0 0 5
0 53 2 0 0 5 3 0 3 0 4 2 3 1 0 3 0 0 5 3 0 3 0 4 2 3 1 0 3 2 0 0 5 3 0 3 0 4 2 3 1 0 3 2 2 0 0 5 3 0 3 0 4 2 3
0 20 2 0 0 5 3 0 3 0 4 2 3 1 0 3 0 0 5 3 0 3
0 61 2 0 0 5 3 0 3 0 4 2 3 1 0 3 0 0 5 3 0 3 0 4 2 3 1 0 3 2 0 0 5 3 0 3 0 4 2 3 1 0 3 0 0 5 3 0 3 0 4 2 3 1 0 3 2 0 0 5 3 0 3
0 23 2 0 0 5 3 0 3 0 4 2 3 1 0 3 0 0 0 2 0 0 5 3 0
0 41 2 0 0 5 3 0 3 0 4 2 3 1 0 3 5 2 0 0 5 3 0 3 0 4 2 3 1 0 3 2 2 0 0 5 3 0 3 0 4 2 3
0 64 2 0 0 5 3 0 3 0 4 2 3 1 0 3 0 0 5 3 0 3 0 4 2 3 1 0 3 2 0 0 5 3 0 3 0 4 2 3 1 0 3 0 0 2 0 0 5 3 0 3 0 4 2 3 1 0 3 0 0 5 3 0 3 0
0 38 2 0 0 5 3 0 3 0 4 2 3 1 0 3 2 2 0 0 5 3 0 3 0 4 2 3 1 0 3 0 0 2 0 0 5 3 0 3
0 41 2 0 0 5 3 0 3 0 4 2 3 1 0 3 0 0 2 0 0 5 3 0 3 0 4 2 3 1 0 3 2 2 0 0 5 3 0 3 0 4 2
0 39 2 0 0 5 3 0 3 0 4 2 3 1 0 3 0 0 0 0 2 0 0 5 3 0 3 0 4 2 3 1 0 3 0 2 0 0 5 3 0
0 50 2 0 0 5 3 0 3 0 4 2 3 1 0 3 0 0 2 0 0 5 3 0 3 0 4 2 3 1 0 3 0 0 5 3 0 3 0 4 2 3 1 0 3 2 0 0 5 3 0 3
0 40 2 0 0 5 3 0 3 0 4 2 3 1 0 3 5 2 0 0 5 3 0 3 0 4 2 3 1 0 3 0 0 5 3 0 3 0 4 2 3 1
0 34 2 0 0 5 3 0 3 0 4 2 3 1 0 3 0 0 2 0 0 5 3 0 3 0 4 2 3 1 0 3 0 0 5 3
0 36 2 0 0 5 3 0 3 0 4 2 3 1 0 3 0 0 5 3 0 3 0 4 2 3 1 0 3 2 0 0 5 3 0 3 0 4
0 34 2 0 0 5 3 0 3 0 4 2 3 1 0 3 0 0 0 0 2 0 0 5 3 0 3 0 4 2 3 1 0 3 5 2
0 65 2 0 0 5 3 0 3 0 4 2 3 1 0 3 0 0 2 0 0 5 3 0 3 0 4 2 3 1 0 3 2 2 0 0 5 3 0 3 0 4 2 3 1 0 3 2 0 0 5 3 0 3 0 4 2 3 1 0 3 0 0 5 3 0 3
0 44 2 0 0 5 3 0 3 0 4 2 3 1 0 3 0 0 0 2 0 0 5 3 0 3 0 4 2 3 1 0 3 0 0 0 0 2 0 0 5 3 0 3 0 4
0 65 2 0 0 5 3 0 3 0 4 2 3 1 0 3 0 0 5 3 0 3 0 4 2 3 1 0 3 2 0 0 5 3 0 3 0 4 2 3 1 0 3 0 0 5 3 0 3 0 4 2 3 1 0 3 2 0 0 5 3 0 3 0 4 2 3
0 62 2 0 0 5 3 0 3 0 4 2 3 1 0 3 2 2 0 0 5 3 0 3 0 4 2 3 1 0 3 0 2 0 0 5 3 0 3 0 4 2 3 1 0 3 0 2 0 0 5 3 0 3 0 4 2 3 1 0 3 0 0 5
0 38 2 0 0 5 3 0 3 0 4 2 3 1 0 3 0 0 0 0 2 0 0 5 3 0 3 0 4 2 3 1 0 3 0 2 0 0 5 3
0 67 2 0 0 5 3 0 3 0 4 2 3 1 0 3 2 2 0 0 5 3 0 3 0 4 2 3 1 0 3 0 0 2 0 0 5 3 0 3 0 4 2 3 1 0 3 0 0 5 3 0 3 0 4 2 3 1 0 3 2 0 0 5 3 0 3 0 4
0 39 2 0 0 5 3 0 3 0 4 2 3 1 0 3 0 2 0 0 5 3 0 3 0 4 2 3 1 0 3 2 0 0 5 3 0 3 0 4 2
0 45 2 0 0 5 3 0 3 0 4 2 3 1 0 3 0 0 0 2 0 0 5 3 0 3 0 4 2 3 1 0 3 0 0 0 0 2 0 0 5 3 0 3 0 4 2
0 31 2 0 0 5 3 0 3 0 4 2 3 1 0 3 5 2 0 0 5 3 0 3 0 4 2 3 1 0 3 5 2
0 43 2 0 0 5 3 0 3 0 4 2 3 1 0 3 2 2 0 0 5 3 0 3 0 4 2 3 1 0 3 0 2 0 0 5 3 0 3 0 4 2 3 1 0
0 53 2 0 0 5 3 0 3 0 4 2 3 1 0 3 0 0 2 0 0 5 3 0 3 0 4 2 3 1 0 3 2 2 0 0 5 3 0 3 0 4 2 3 1 0 3 2 0 0 5 3 0 3 0
0 26 2 0 0 5 3 0 3 0 4 2 3 1 0 3 0 0 2 0 0 5 3 0 3 0 4 2
0 79 2 0 0 5 3 0 3 0 4 2 3 1 0 3 0 0 5 3 0 3 0 4 2 3 1 0 3 2 0 0 5 3 0 3 0 4 2 3 1 0 3 0 0 0 0 2 0 0 5 3 0 3 0 4 2 3 1 0 3 2 2 0 0 5 3 0 3 0 4 2 3 1 0 3 0 0 5 3 0
0 45 2 0 0 5 3 0 3 0 4 2 3 1 0 3 0 0 0 0 2 0 0 5 3 0 3 0 4 2 3 1 0 3 0 0 0 2 0 0 5 3 0 3 0 4 2
0 53 2 0 0 5 3 0 3 0 4 2 3 1 0 3 0 0 5 3 0 3 0 4 2 3 1 0 3 2 0 0 5 3 0 3 0 4 2 3 1 0 3 0 0 5 3 0 3 0 4 2 3 1 0
0 54 2 0 0 5 3 0 3 0 4 2 3 1 0 3 2 0 0 5 3 0 3 0 4 2 3 1 0 3 0 0 0 0 2 0 0 5 3 0 3 0 4 2 3 1 0 3 0 2 0 0 5 3 0 3
0 28 2 0 0 5 3 0 3 0 4 2 3 1 0 3 5 2 0 0 5 3 0 3 0 4 2 3 1 0
0 46 2 0 0 5 3 0 3 0 4 2 3 1 0 3 5 2 0 0 5 3 0 3 0 4 2 3 1 0 3 0 0 5 3 0 3 0 4 2 3 1 0 3 2 0 0 5
0 47 2 0 0 5 3 0 3 0 4 2 3 1 0 3 0 0 0 2 0 0 5 3 0 3 0 4 2 3 1 0 3 0 0 0 0 2 0 0 5 3 0 3 0 4 2 3 1
0 40 2 0 0 5 3 0 3 0 4 2 3 1 0 3 0 0 0 2 0 0 5 3 0 3 0 4 2 3 1 0 3 0 0 2 0 0 5 3 0 3
0 80 2 0 0 5 3 0 3 0 4 2 3 1 0 3 0 2 0 0 5 3 0 3 0 4 2 3 1 0 3 0 0 5 3 0 3 0 4 2 3 1 0 3 2 0 0 5 3 0 3 0 4 2 3 1 0 3 0 0 0 2 0 0 5 3 0 3 0 4 2 3 1 0 3 0 0 5 3 0 3 0
0 43 2 0 0 5 3 0 3 0 4 2 3 1 0 3 0 0 2 0 0 5 3 0 3 0 4 2 3 1 0 3 0 0 2 0 0 5 3 0 3 0 4 2 3
0 56 2 0 0 5 3 0 3 0 4 2 3 1 0 3 2 2 0 0 5 3 0 3 0 4 2 3 1 0 3 0 0 0 2 0 0 5 3 0 3 0 4 2 3 1 0 3 0 0 2 0 0 5 3 0 3 0
0 47 2 0 0 5 3 0 3 0 4 2 3 1 0 3 0 0 5 3 0 3 0 4 2 3 1 0 3 2 0 0 5 3 0 3 0 4 2 3 1 0 3 0 0 2 0 0 5
0 82 2 0 0 5 3 0 3 0 4 2 3 1 0 3 0 0 5 3 0 3 0 4 2 3 1 0 3 2 0 0 5 3 0 3 0 4 2 3 1 0 3 0 0 0 0 2 0 0 5 3 0 3 0 4 2 3 1 0 3 2 2 0 0 5 3 0 3 0 4 2 3 1 0 3 0 0 5 3 0 3 0 4
0 54 2 0 0 5 3 0 3 0 4 2 3 1 0 3 0 0 2 0 0 5 3 0 3 0 4 2 3 1 0 3 2 2 0 0 5 3 0 3 0 4 2 3 1 0 3 0 0 0 2 0 0 5 3 0
0 52 2 0 0 5 3 0 3 0 4 2 3 1 0 3 2 2 0 0 5 3 0 3 0 4 2 3 1 0 3 0 0 5 3 0 3 0 4 2 3 1 0 3 2 0 0 5 3 0 3 0 4 2
0 33 2 0 0 5 3 0 3 0 4 2 3 1 0 3 0 0 5 3 0 3 0 4 2 3 1 0 3 2 0 0 5 3 0
0 71 2 0 0 5 3 0 3 0 4 2 3 1 0 3 0 0 5 3 0 3 0 4 2 3 1 0 3 2 0 0 5 3 0 3 0 4 2 3 1 0 3 0 0 0 0 2 0 0 5 3 0 3 0 4 2 3 1 0 3 2 2 0 0 5 3 0 3 0 4 2 3
0 50 2 0 0 5 3 0 3 0 4 2 3 1 0 3 0 0 0 0 2 0 0 5 3 0 3 0 4 2 3 1 0 3 0 2 0 0 5 3 0 3 0 4 2 3 1 0 3 0 0 2
0 67 2 0 0 5 3 0 3 0 4 2 3 1 0 3 0 0 5 3 0 3 0 4 2 3 1 0 3 2 0 0 5 3 0 3 0 4 2 3 1 0 3 0 0 5 3 0 3 0 4 2 3 1 0 3 2 0 0 5 3 0 3 0 4 2 3 1 0
0 51 2 0 0 5 3 0 3 0 4 2 3 1 0 3 2 2 0 0 5 3 0 3 0 4 2 3 1 0 3 0 0 0 2 0 0 5 3 0 3 0 4 2 3 1 0 3 2 0 0 5 3
0 77 2 0 0 5 3 0 3 0 4 2 3 1 0 3 0 0 0 0 2 0 0 5 3 0 3 0 4 2 3 1 0 3 5 2 0 0 5 3 0 3 0 4 2 3 1 0 3 0 0 5 3 0 3 0 4 2 3 1 0 3 2 0 0 5 3 0 3 0 4 2 3 1 0 3 0 0 5
0 59 2 0 0 5 3 0 3 0 4 2 3 1 0 3 2 0 0 5 3 0 3 0 4 2 3 1 0 3 0 0 0 0 2 0 0 5 3 0 3 0 4 2 3 1 0 3 0 2 0 0 5 3 0 3 0 4 2 3 1
0 39 2 0 0 5 3 0 3 0 4 2 3 1 0 3 0 2 0 0 5 3 0 3 0 4 2 3 1 0 3 0 0 5 3 0 3 0 4 2 3
0 48 2 0 0 5 3 0 3 0 4 2 3 1 0 3 2 2 0 0 5 3 0 3 0 4 2 3 1 0 3 0 0 5 3 0 3 0 4 2 3 1 0 3 2 0 0 5 3 0
0 39 2 0 0 5 3 0 3 0 4 2 3 1 0 3 2 2 0 0 5 3 0 3 0 4 2 3 1 0 3 0 0 5 3 0 3 0 4 2 3
0 48 2 0 0 5 3 0 3 0 4 2 3 1 0 3 5 2 0 0 5 3 0 3 0 4 2 3 1 0 3 5 2 0 0 5 3 0 3 0 4 2 3 1 0 3 0 0 5 3
0 64 2 0 0 5 3 0 3 0 4 2 3 1 0 3 0 0 0 0 2 0 0 5 3 0 3 0 4 2 3 1 0 3 0 0 5 3 0 3 0 4 2 3 1 0 3 2 0 0 5 3 0 3 0 4 2 3 1 0 3 0 0 5 3 0
0 2 0 0
0 36 2 0 0 5 3 0 3 0 4 2 3 1 0 3 0 2 0 0 5 3 0 3 0 4 2 3 1 0 3 2 0 0 5 3 0 3
0 22 2 0 0 5 3 0 3 0 4 2 3 1 0 3 5 2 0 0 5 3 0 3
0 46 2 0 0 5 3 0 3 0 4 2 3 1 0 3 0 0 5 3 0 3 0 4 2 3 1 0 3 2 0 0 5 3 0 3 0 4 2 3 1 0 3 0 0 2 0 0
0 81 2 0 0 5 3 0 3 0 4 2 3 1 0 3 0 0 0 0 2 0 0 5 3 0 3 0 4 2 3 1 0 3 5 2 0 0 5 3 0 3 0 4 2 3 1 0 3 0 0 5 3 0 3 0 4 2 3 1 0 3 2 0 0 5 3 0 3 0 4 2 3 1 0 3 0 0 5 3 0 3 0
0 36 2 0 0 5 3 0 3 0 4 2 3 1 0 3 0 0 2 0 0 5 3 0 3 0 4 2 3 1 0 3 0 0 2 0 0 5
0 41 2 0 0 5 3 0 3 0 4 2 3 1 0 3 5 2 0 0 5 3 0 3 0 4 2 3 1 0 3 0 0 5 3 0 3 0 4 2 3 1 0
0 51 2 0 0 5 3 0 3 0 4 2 3 1 0 3 0 0 0 2 0 0 5 3 0 3 0 4 2 3 1 0 3 0 2 0 0 5 3 0 3 0 4 2 3 1 0 3 0 0 5 3 0
0 43 2 0 0 5 3 0 3 0 4 2 3 1 0 3 0 2 0 0 5 3 0 3 0 4 2 3 1 0 3 0 0 5 3 0 3 0 4 2 3 1 0 3 2
0 55 2 0 0 5 3 0 3 0 4 2 3 1 0 3 0 0 5 3 0 3 0 4 2 3 1 0 3 2 0 0 5 3 0 3 0 4 2 3 1 0 3 0 0 0 0 2 0 0 5 3 0 3 0 4 2
0 76 2 0 0 5 3 0 3 0 4 2 3 1 0 3 0 0 5 3 0 3 0 4 2 3 1 0 3 2 0 0 5 3 0 3 0 4 2 3 1 0 3 0 0 2 0 0 5 3 0 3 0 4 2 3 1 0 3 0 0 5 3 0 3 0 4 2 3 1 0 3 2 0 0 5 3 0
0 82 2 0 0 5 3 0 3 0 4 2 3 1 0 3 0 0 0 0 2 0 0 5 3 0 3 0 4 2 3 1 0 3 5 2 0 0 5 3 0 3 0 4 2 3 1 0 3 0 0 5 3 0 3 0 4 2 3 1 0 3 2 0 0 5 3 0 3 0 4 2 3 1 0 3 0 0 5 3 0 3 0 4
0 68 2 0 0 5 3 0 3 0 4 2 3 1 0 3 0 0 5 3 0 3 0 4 2 3 1 0 3 2 0 0 5 3 0 3 0 4 2 3 1 0 3 0 0 0 0 2 0 0 5 3 0 3 0 4 2 3 1 0 3 2 2 0 0 5 3 0 3 0
0 34 2 0 0 5 3 0 3 0 4 2 3 1 0 3 0 2 0 0 5 3 0 3 0 4 2 3 1 0 3 2 2 0 0 5
0 24 2 0 0 5 3 0 3 0 4 2 3 1 0 3 0 0 0 2 0 0 5 3 0 3
0 47 2 0 0 5 3 0 3 0 4 2 3 1 0 3 0 0 5 3 0 3 0 4 2 3 1 0 3 2 0 0 5 3 0 3 0 4 2 3 1 0 3 0 0 5 3 0 3
0 50 2 0 0 5 3 0 3 0 4 2 3 1 0 3 2 2 0 0 5 3 0 3 0 4 2 3 1 0 3 0 0 5 3 0 3 0 4 2 3 1 0 3 2 0 0 5 3 0 3 0
0 63 2 0 0 5 3 0 3 0 4 2 3 1 0 3 0 2 0 0 5 3 0 3 0 4 2 3 1 0 3 0 0 5 3 0 3 0 4 2 3 1 0 3 2 0 0 5 3 0 3 0 4 2 3 1 0 3 0 0 0 2 0 0 5
0 35 2 0 0 5 3 0 3 0 4 2 3 1 0 3 0 0 2 0 0 5 3 0 3 0 4 2 3 1 0 3 0 0 5 3 0
0 49 2 0 0 5 3 0 3 0 4 2 3 1 0 3 2 2 0 0 5 3 0 3 0 4 2 3 1 0 3 0 0 0 2 0 0 5 3 0 3 0 4 2 3 1 0 3 0 0 2
0 40 2 0 0 5 3 0 3 0 4 2 3 1 0 3 0 0 2 0 0 5 3 0 3 0 4 2 3 1 0 3 2 2 0 0 5 3 0 3 0 4
0 67 2 0 0 5 3 0 3 0 4 2 3 1 0 3 0 0 5 3 0 3 0 4 2 3 1 0 3 2 0 0 5 3 0 3 0 4 2 3 1 0 3 0 0 0 0 2 0 0 5 3 0 3 0 4 2 3 1 0 3 2 2 0 0 5 3 0 3
0 39 2 0 0 5 3 0 3 0 4 2 3 1 0 3 5 2 0 0 5 3 0 3 0 4 2 3 1 0 3 0 0 5 3 0 3 0 4 2 3
0 20 2 0 0 5 3 0 3 0 4 2 3 1 0 3 2 2 0 0 5 3
0 38 2 0 0 5 3 0 3 0 4 2 3 1 0 3 5 2 0 0 5 3 0 3 0 4 2 3 1 0 3 5 2 0 0 5 3 0 3 0
0 54 2 0 0 5 3 0 3 0 4 2 3 1 0 3 0 0 0 2 0 0 5 3 0 3 0 4 2 3 1 0 3 0 2 0 0 5 3 0 3 0 4 2 3 1 0 3 0 0 5 3 0 3 0 4
0 49 2 0 0 5 3 0 3 0 4 2 3 1 0 3 0 0 5 3 0 3 0 4 2 3 1 0 3 2 0 0 5 3 0 3 0 4 2 3 1 0 3 0 0 2 0 0 5 3 0
0 35 2 0 0 5 3 0 3 0 4 2 3 1 0 3 5 2 0 0 5 3 0 3 0 4 2 3 1 0 3 2 2 0 0 5 3
0 66 2 0 0 5 3 0 3 0 4 2 3 1 0 3 2 2 0 0 5 3 0 3 0 4 2 3 1 0 3 0 2 0 0 5 3 0 3 0 4 2 3 1 0 3 0 2 0 0 5 3 0 3 0 4 2 3 1 0 3 0 0 5 3 0 3 0
0 21 2 0 0 5 3 0 3 0 4 2 3 1 0 3 0 0 2 0 0 5 3
0 52 2 0 0 5 3 0 3 0 4 2 3 1 0 3 0 0 5 3 0 3 0 4 2 3 1 0 3 2 0 0 5 3 0 3 0 4 2 3 1 0 3 2 2 0 0 5 3 0 3 0 4 2
0 44 2 0 0 5 3 0 3 0 4 2 3 1 0 3 0 0 2 0 0 5 3 0 3 0 4 2 3 1 0 3 2 2 0 0 5 3 0 3 0 4 2 3 1 0
0 50 2 0 0 5 3 0 3 0 4 2 3 1 0 3 0 0 2 0 0 5 3 0 3 0 4 2 3 1 0 3 2 2 0 0 5 3 0 3 0 4 2 3 1 0 3 2 0 0 5 3
0 66 2 0 0 5 3 0 3 0 4 2 3 1 0 3 2 2 0 0 5 3 0 3 0 4 2 3 1 0 3 0 0 2 0 0 5 3 0 3 0 4 2 3 1 0 3 0 0 5 3 0 3 0 4 2 3 1 0 3 2 0 0 5 3 0 3 0
0 57 2 0 0 5 3 0 3 0 4 2 3 1 0 3 2 2 0 0 5 3 0 3 0 4 2 3 1 0 3 0 0 0 2 0 0 5 3 0 3 0 4 2 3 1 0 3 2 0 0 5 3 0 3 0 4 2 3
0 66 2 0 0 5 3 0 3 0 4 2 3 1 0 3 0 0 5 3 0 3 0 4 2 3 1 0 3 2 0 0 5 3 0 3 0 4 2 3 1 0 3 0 0 0 0 2 0 0 5 3 0 3 0 4 2 3 1 0 3 2 2 0 0 5 3 0
0 64 2 0 0 5 3 0 3 0 4 2 3 1 0 3 0 0 5 3 0 3 0 4 2 3 1 0 3 2 0 0 5 3 0 3 0 4 2 3 1 0 3 0 0 0 0 2 0 0 5 3 0 3 0 4 2 3 1 0 3 0 0 5 3 0
0 38 2 0 0 5 3 0 3 0 4 2 3 1 0 3 0 0 2 0 0 5 3 0 3 0 4 2 3 1 0 3 0 0 2 0 0 5 3 0
0 36 2 0 0 5 3 0 3 0 4 2 3 1 0 3 0 0 0 2 0 0 5 3 0 3 0 4 2 3 1 0 3 0 0 2 0 0
0 53 2 0 0 5 3 0 3 0 4 2 3 1 0 3 0 0 2 0 0 5 3 0 3 0 4 2 3 1 0 3 2 2 0 0 5 3 0 3 0 4 2 3 1 0 3 0 0 0 2 0 0 5 3
