712 6
1 0 
1 15 3 3 0 5 4 5 5 1 4 5 4 2 1 1 1
1 10 3 3 3 3 3 2 5 2 3 2
1 26 4 2 2 2 1 5 3 4 5 5 1 2 2 0 1 1 5 3 4 5 5 1 2 2 0 1
1 11 3 3 3 5 2 3 2 3 2 3 2
1 1 0
1 5 3 1 1 1 1
1 57 3 4 1 5 3 4 5 5 1 2 2 0 1 1 5 3 4 5 5 1 2 2 0 1 1 5 3 4 5 5 1 2 2 0 1 1 5 3 4 5 5 1 2 2 0 1 1 5 3 4 5 5 1 2 2 0 1
1 16 3 3 3 3 3 1 5 3 4 5 5 1 2 2 0 1
1 6 3 3 3 3 3 4
1 2 3 2
1 6 3 2 5 2 5 2
1 7 3 3 3 3 3 3 2
1 5 4 2 2 2 2
1 3 3 3 4
1 8 3 3 3 3 3 1 1 1
1 17 3 3 3 3 3 3 1 5 3 4 5 5 1 2 2 0 1
1 2 5 2
1 20 3 3 3 3 3 3 3 3 3 1 5 3 4 5 5 1 2 2 0 1
1 18 3 3 3 3 3 3 3 1 5 3 4 5 5 1 2 2 0 1
1 22 3 3 3 3 3 3 3 3 3 3 3 1 5 3 4 5 5 1 2 2 0 1
1 4 3 2 5 2
1 13 3 3 3 3 3 3 3 3 3 3 3 3 4
1 2 3 4
1 12 3 1 5 3 4 5 5 1 2 2 0 1
1 20 3 3 3 3 3 3 3 0 5 4 5 5 1 4 5 4 2 1 1 1
1 5 3 3 3 3 4
1 19 3 3 3 3 3 3 0 5 4 5 5 1 4 5 4 2 1 1 1
1 14 3 3 3 1 5 3 4 5 5 1 2 2 0 1
1 19 3 3 3 3 3 3 3 3 1 5 3 4 5 5 1 2 2 0 1
1 4 3 2 3 2
1 11 3 3 3 3 3 3 3 3 3 4 2
1 14 3 0 5 4 5 5 1 4 5 4 2 1 1 1
1 1 4
1 5 3 3 3 3 3
1 16 3 3 3 0 5 4 5 5 1 4 5 4 2 1 1 1
1 13 3 3 1 5 3 4 5 5 1 2 2 0 1
1 11 3 3 3 3 3 3 2 5 2 3 2
1 7 3 3 3 3 3 5 2
1 6 3 3 1 1 1 1
1 2 1 1
1 7 3 3 3 3 3 4 2
1 9 3 3 3 3 3 3 3 5 2
1 11 3 3 3 3 3 3 3 3 1 1 1
1 3 3 3 3
1 8 3 3 3 3 1 1 1 1
1 15 3 3 3 3 1 5 3 4 5 5 1 2 2 0 1
1 19 3 3 3 3 3 3 0 2 1 5 3 4 5 5 1 2 2 0 1
1 6 3 3 3 3 3 2
1 26 3 4 2 1 5 3 4 5 5 1 2 2 0 1 1 5 3 4 5 5 1 2 2 0 1 2
1 8 3 3 3 3 3 3 3 4
1 12 3 3 3 3 3 3 5 2 3 2 5 2
1 4 5 2 3 2
1 81 3 3 3 4 1 5 3 4 5 5 1 2 2 0 1 1 5 3 4 5 5 1 2 2 0 1 1 5 3 4 5 5 1 2 2 0 1 1 5 3 4 5 5 1 2 2 0 1 1 5 3 4 5 5 1 2 2 0 1 1 5 3 4 5 5 1 2 2 0 1 1 5 3 4 5 5 1 2 2 0 1
1 13 0 5 4 5 5 1 4 5 4 2 1 1 1
1 14 3 3 3 3 3 3 3 3 3 3 3 3 3 4
1 4 3 3 3 4
1 6 3 3 3 3 5 2
1 9 3 3 3 3 3 3 3 4 2
1 49 3 3 0 2 2 1 5 3 4 5 5 1 2 2 0 1 1 5 3 4 5 5 1 2 2 0 1 1 5 3 4 5 5 1 2 2 0 1 1 5 3 4 5 5 1 2 2 0 1
1 18 3 3 3 3 3 0 5 4 5 5 1 4 5 4 2 1 1 1
1 8 5 2 5 2 3 2 5 2
1 17 3 3 3 3 0 5 4 5 5 1 4 5 4 2 1 1 1
1 4 3 3 3 1
1 7 3 3 3 3 1 1 1
1 7 3 3 3 3 3 3 4
1 2 3 3
1 11 3 3 3 3 3 3 3 3 3 3 4
1 47 3 0 1 5 3 4 5 5 1 2 2 0 1 1 5 3 4 5 5 1 2 2 0 1 1 5 3 4 5 5 1 2 2 0 1 1 5 3 4 5 5 1 2 2 0 1 2
1 21 3 3 3 3 3 3 3 3 3 3 1 5 3 4 5 5 1 2 2 0 1
0 15 3 3 3 3 3 3 3 3 3 3 3 1 5 3 4
0 5 3 3 3 1 5
0 12 3 3 3 3 4 1 5 3 4 5 5 1
0 55 4 1 5 3 4 5 5 1 2 2 0 1 1 5 3 4 5 5 1 2 2 0 1 1 5 3 4 5 5 1 2 2 0 1 1 5 3 4 5 5 1 2 2 0 1 2 1 5 3 4 5 5 1 2 2
0 12 3 3 3 3 3 0 5 4 5 5 1 4
0 19 3 3 3 3 3 3 3 3 4 2 2 1 5 3 4 5 5 1 2
0 42 0 2 1 5 3 4 5 5 1 2 2 0 1 1 5 3 4 5 5 1 2 2 0 1 2 1 5 3 4 5 5 1 2 2 0 1 1 5 3 4 5 5
0 3 3 0 5
0 59 4 1 5 3 4 5 5 1 2 2 0 1 1 5 3 4 5 5 1 2 2 0 1 1 5 3 4 5 5 1 2 2 0 1 1 5 3 4 5 5 1 2 2 0 1 2 1 5 3 4 5 5 1 2 2 0 1 1 5
0 12 3 4 1 5 3 4 5 5 1 2 2 0
0 12 3 3 3 0 5 4 5 5 1 4 5 4
0 11 3 3 3 3 3 3 1 5 3 4 5
0 4 3 1 5 3
0 15 3 3 3 3 3 3 3 3 3 3 4 1 5 3 4
0 7 3 3 3 0 5 4 5
0 15 3 3 3 3 3 3 3 1 5 3 4 5 5 1 2
0 22 3 3 3 3 3 3 3 3 3 3 3 3 1 5 3 4 5 5 1 2 2 0
0 67 3 3 3 3 4 1 5 3 4 5 5 1 2 2 0 1 1 5 3 4 5 5 1 2 2 0 1 1 5 3 4 5 5 1 2 2 0 1 1 5 3 4 5 5 1 2 2 0 1 1 5 3 4 5 5 1 2 2 0 1 1 5 3 4 5 5 1
0 23 3 3 3 3 4 1 5 3 4 5 5 1 2 2 0 1 1 5 3 4 5 5 1
0 24 3 3 3 3 3 3 3 3 4 2 2 1 5 3 4 5 5 1 2 2 0 1 1 5
0 41 3 3 3 3 3 3 3 3 3 3 4 1 5 3 4 5 5 1 2 2 0 1 1 5 3 4 5 5 1 2 2 0 1 1 5 3 4 5 5 1 2
0 15 3 3 3 3 3 3 3 3 1 5 3 4 5 5 1
0 88 3 3 3 3 4 1 5 3 4 5 5 1 2 2 0 1 1 5 3 4 5 5 1 2 2 0 1 1 5 3 4 5 5 1 2 2 0 1 1 5 3 4 5 5 1 2 2 0 1 1 5 3 4 5 5 1 2 2 0 1 1 5 3 4 5 5 1 2 2 0 1 1 5 3 4 5 5 1 2 2 0 1 1 5 3 4 5 5
0 14 3 3 0 5 4 5 5 1 4 5 4 2 1 1
0 15 3 3 3 3 3 1 5 3 4 5 5 1 2 2 0
0 18 3 3 3 3 3 3 4 2 2 1 5 3 4 5 5 1 2 2
0 86 3 3 3 3 4 1 5 3 4 5 5 1 2 2 0 1 1 5 3 4 5 5 1 2 2 0 1 1 5 3 4 5 5 1 2 2 0 1 1 5 3 4 5 5 1 2 2 0 1 1 5 3 4 5 5 1 2 2 0 1 1 5 3 4 5 5 1 2 2 0 1 1 5 3 4 5 5 1 2 2 0 1 1 5 3 4
0 82 4 1 5 3 4 5 5 1 2 2 0 1 1 5 3 4 5 5 1 2 2 0 1 1 5 3 4 5 5 1 2 2 0 1 1 5 3 4 5 5 1 2 2 0 1 2 1 5 3 4 5 5 1 2 2 0 1 1 5 3 4 5 5 1 2 2 0 1 1 5 3 4 5 5 1 2 2 0 1 1 5 3
0 3 3 1 5
0 16 3 3 3 3 3 3 3 3 3 3 3 1 5 3 4 5
0 48 3 3 3 3 3 3 3 3 3 3 4 1 5 3 4 5 5 1 2 2 0 1 1 5 3 4 5 5 1 2 2 0 1 1 5 3 4 5 5 1 2 2 0 1 1 5 3 4
0 46 3 3 3 3 4 1 5 3 4 5 5 1 2 2 0 1 1 5 3 4 5 5 1 2 2 0 1 1 5 3 4 5 5 1 2 2 0 1 1 5 3 4 5 5 1 2
0 19 3 3 3 3 3 3 3 3 3 1 5 3 4 5 5 1 2 2 0
0 55 3 3 3 3 4 1 5 3 4 5 5 1 2 2 0 1 1 5 3 4 5 5 1 2 2 0 1 1 5 3 4 5 5 1 2 2 0 1 1 5 3 4 5 5 1 2 2 0 1 1 5 3 4 5 5
0 17 0 2 1 5 3 4 5 5 1 2 2 0 1 1 5 3 4
0 29 0 2 1 5 3 4 5 5 1 2 2 0 1 1 5 3 4 5 5 1 2 2 0 1 2 1 5 3 4
0 10 3 3 1 5 3 4 5 5 1 2
0 21 0 2 1 5 3 4 5 5 1 2 2 0 1 1 5 3 4 5 5 1 2
0 50 4 1 5 3 4 5 5 1 2 2 0 1 1 5 3 4 5 5 1 2 2 0 1 1 5 3 4 5 5 1 2 2 0 1 1 5 3 4 5 5 1 2 2 0 1 2 1 5 3 4
0 29 3 3 3 3 4 1 5 3 4 5 5 1 2 2 0 1 1 5 3 4 5 5 1 2 2 0 1 1 5
0 10 3 3 3 3 3 3 0 5 4 5
0 9 3 3 3 3 4 1 5 3 4
0 7 3 3 1 5 3 4 5
0 6 3 3 3 3 0 5
0 9 3 3 0 5 4 5 5 1 4
0 8 3 4 1 5 3 4 5 5
0 5 3 3 3 0 5
0 78 4 1 5 3 4 5 5 1 2 2 0 1 1 5 3 4 5 5 1 2 2 0 1 1 5 3 4 5 5 1 2 2 0 1 1 5 3 4 5 5 1 2 2 0 1 2 1 5 3 4 5 5 1 2 2 0 1 1 5 3 4 5 5 1 2 2 0 1 1 5 3 4 5 5 1 2 2 0
0 10 3 3 3 1 5 3 4 5 5 1
0 10 3 3 3 0 5 4 5 5 1 4
0 23 3 4 1 5 3 4 5 5 1 2 2 0 1 1 5 3 4 5 5 1 2 2 0
0 81 4 1 5 3 4 5 5 1 2 2 0 1 1 5 3 4 5 5 1 2 2 0 1 1 5 3 4 5 5 1 2 2 0 1 1 5 3 4 5 5 1 2 2 0 1 2 1 5 3 4 5 5 1 2 2 0 1 1 5 3 4 5 5 1 2 2 0 1 1 5 3 4 5 5 1 2 2 0 1 1 5
0 13 3 3 3 3 3 3 3 0 5 4 5 5 1
0 12 3 3 3 3 3 3 1 5 3 4 5 5
0 29 4 1 5 3 4 5 5 1 2 2 0 1 1 5 3 4 5 5 1 2 2 0 1 1 5 3 4 5 5
0 7 3 3 3 1 5 3 4
0 56 3 4 1 5 3 4 5 5 1 2 2 0 1 1 5 3 4 5 5 1 2 2 0 1 1 5 3 4 5 5 1 2 2 0 1 1 5 3 4 5 5 1 2 2 0 1 1 5 3 4 5 5 1 2 2 0
0 3 0 5 4
0 8 3 3 3 3 3 3 1 5
0 20 3 3 3 3 4 1 5 3 4 5 5 1 2 2 0 1 1 5 3 4
0 7 0 5 4 5 5 1 4
0 12 3 3 3 1 5 3 4 5 5 1 2 2
0 10 3 3 3 3 3 3 3 0 5 4
0 44 3 4 1 5 3 4 5 5 1 2 2 0 1 1 5 3 4 5 5 1 2 2 0 1 1 5 3 4 5 5 1 2 2 0 1 1 5 3 4 5 5 1 2 2
0 36 3 4 1 5 3 4 5 5 1 2 2 0 1 1 5 3 4 5 5 1 2 2 0 1 1 5 3 4 5 5 1 2 2 0 1 1
0 20 3 3 3 3 3 3 3 3 4 2 2 1 5 3 4 5 5 1 2 2
0 42 4 1 5 3 4 5 5 1 2 2 0 1 1 5 3 4 5 5 1 2 2 0 1 1 5 3 4 5 5 1 2 2 0 1 2 1 5 3 4 5 5 1
0 92 3 3 3 3 4 1 5 3 4 5 5 1 2 2 0 1 1 5 3 4 5 5 1 2 2 0 1 1 5 3 4 5 5 1 2 2 0 1 1 5 3 4 5 5 1 2 2 0 1 1 5 3 4 5 5 1 2 2 0 1 1 5 3 4 5 5 1 2 2 0 1 1 5 3 4 5 5 1 2 2 0 1 1 5 3 4 5 5 1 2 2 0
0 19 3 3 3 3 3 3 3 3 3 3 1 5 3 4 5 5 1 2 2
0 47 3 3 3 3 3 3 3 3 4 2 2 1 5 3 4 5 5 1 2 2 0 1 1 5 3 4 5 5 1 2 2 0 1 1 5 3 4 5 5 1 2 2 0 1 1 5 3
0 4 4 1 5 3
0 9 3 3 3 1 5 3 4 5 5
0 20 0 2 1 5 3 4 5 5 1 2 2 0 1 1 5 3 4 5 5 1
0 37 3 3 3 3 3 3 3 3 3 3 4 1 5 3 4 5 5 1 2 2 0 1 1 5 3 4 5 5 1 2 2 0 1 1 5 3 4
0 11 3 3 3 3 4 1 5 3 4 5 5
0 20 3 4 1 5 3 4 5 5 1 2 2 0 1 1 5 3 4 5 5 1
0 4 3 0 5 4
0 13 3 3 3 1 5 3 4 5 5 1 2 2 0
0 11 3 3 0 5 4 5 5 1 4 5 4
0 28 3 4 1 5 3 4 5 5 1 2 2 0 1 1 5 3 4 5 5 1 2 2 0 1 1 5 3 4
0 6 3 3 3 0 5 4
0 30 4 1 5 3 4 5 5 1 2 2 0 1 1 5 3 4 5 5 1 2 2 0 1 1 5 3 4 5 5 1
0 4 3 3 1 5
0 36 4 1 5 3 4 5 5 1 2 2 0 1 1 5 3 4 5 5 1 2 2 0 1 1 5 3 4 5 5 1 2 2 0 1 1 5
0 78 3 3 3 3 4 1 5 3 4 5 5 1 2 2 0 1 1 5 3 4 5 5 1 2 2 0 1 1 5 3 4 5 5 1 2 2 0 1 1 5 3 4 5 5 1 2 2 0 1 1 5 3 4 5 5 1 2 2 0 1 1 5 3 4 5 5 1 2 2 0 1 1 5 3 4 5 5 1
0 13 3 3 3 3 3 3 3 1 5 3 4 5 5
0 51 3 3 3 3 4 1 5 3 4 5 5 1 2 2 0 1 1 5 3 4 5 5 1 2 2 0 1 1 5 3 4 5 5 1 2 2 0 1 1 5 3 4 5 5 1 2 2 0 1 1 5
0 74 4 1 5 3 4 5 5 1 2 2 0 1 1 5 3 4 5 5 1 2 2 0 1 1 5 3 4 5 5 1 2 2 0 1 1 5 3 4 5 5 1 2 2 0 1 2 1 5 3 4 5 5 1 2 2 0 1 1 5 3 4 5 5 1 2 2 0 1 1 5 3 4 5 5
0 31 3 4 1 5 3 4 5 5 1 2 2 0 1 1 5 3 4 5 5 1 2 2 0 1 1 5 3 4 5 5 1
0 14 3 3 3 3 3 0 5 4 5 5 1 4 5 4
0 50 3 3 3 3 3 3 3 3 3 3 4 1 5 3 4 5 5 1 2 2 0 1 1 5 3 4 5 5 1 2 2 0 1 1 5 3 4 5 5 1 2 2 0 1 1 5 3 4 5 5
0 7 3 1 5 3 4 5 5
0 18 4 1 5 3 4 5 5 1 2 2 0 1 1 5 3 4 5 5
0 34 3 3 3 3 3 3 3 3 4 2 2 1 5 3 4 5 5 1 2 2 0 1 1 5 3 4 5 5 1 2 2 0 1 1
0 40 3 3 3 3 3 3 3 3 4 2 2 1 5 3 4 5 5 1 2 2 0 1 1 5 3 4 5 5 1 2 2 0 1 1 5 3 4 5 5 1
0 80 4 1 5 3 4 5 5 1 2 2 0 1 1 5 3 4 5 5 1 2 2 0 1 1 5 3 4 5 5 1 2 2 0 1 1 5 3 4 5 5 1 2 2 0 1 2 1 5 3 4 5 5 1 2 2 0 1 1 5 3 4 5 5 1 2 2 0 1 1 5 3 4 5 5 1 2 2 0 1 1
0 15 3 3 3 3 3 3 3 3 4 2 2 1 5 3 4
0 70 4 1 5 3 4 5 5 1 2 2 0 1 1 5 3 4 5 5 1 2 2 0 1 1 5 3 4 5 5 1 2 2 0 1 1 5 3 4 5 5 1 2 2 0 1 2 1 5 3 4 5 5 1 2 2 0 1 1 5 3 4 5 5 1 2 2 0 1 1 5
0 38 4 1 5 3 4 5 5 1 2 2 0 1 1 5 3 4 5 5 1 2 2 0 1 1 5 3 4 5 5 1 2 2 0 1 2 1 5 3
0 49 4 1 5 3 4 5 5 1 2 2 0 1 1 5 3 4 5 5 1 2 2 0 1 1 5 3 4 5 5 1 2 2 0 1 1 5 3 4 5 5 1 2 2 0 1 2 1 5 3
0 16 3 3 3 3 3 3 0 5 4 5 5 1 4 5 4 2
0 33 3 3 3 3 4 1 5 3 4 5 5 1 2 2 0 1 1 5 3 4 5 5 1 2 2 0 1 1 5 3 4 5 5
0 12 3 3 3 3 0 5 4 5 5 1 4 5
0 19 3 3 3 3 3 3 3 0 5 4 5 5 1 4 5 4 2 1 1
0 9 3 0 2 1 5 3 4 5 5
0 14 3 3 3 3 3 3 3 3 3 3 1 5 3 4
0 11 3 3 3 3 3 3 4 2 2 1 5
0 15 3 0 2 1 5 3 4 5 5 1 2 2 0 1 1
0 14 3 3 3 3 3 3 3 3 3 3 3 3 1 5
0 16 3 3 3 3 0 5 4 5 5 1 4 5 4 2 1 1
0 83 4 1 5 3 4 5 5 1 2 2 0 1 1 5 3 4 5 5 1 2 2 0 1 1 5 3 4 5 5 1 2 2 0 1 1 5 3 4 5 5 1 2 2 0 1 2 1 5 3 4 5 5 1 2 2 0 1 1 5 3 4 5 5 1 2 2 0 1 1 5 3 4 5 5 1 2 2 0 1 1 5 3 4
0 7 3 3 3 2 5 2 5
0 16 3 3 3 3 3 3 3 3 3 3 1 5 3 4 5 5
0 24 3 3 3 3 4 1 5 3 4 5 5 1 2 2 0 1 1 5 3 4 5 5 1 2
0 8 3 3 3 3 3 0 5 4
0 8 3 3 3 3 2 5 2 5
0 13 4 1 5 3 4 5 5 1 2 2 0 1 1
0 12 0 2 1 5 3 4 5 5 1 2 2 0
0 62 3 3 3 3 4 1 5 3 4 5 5 1 2 2 0 1 1 5 3 4 5 5 1 2 2 0 1 1 5 3 4 5 5 1 2 2 0 1 1 5 3 4 5 5 1 2 2 0 1 1 5 3 4 5 5 1 2 2 0 1 1 5
0 66 4 1 5 3 4 5 5 1 2 2 0 1 1 5 3 4 5 5 1 2 2 0 1 1 5 3 4 5 5 1 2 2 0 1 2 1 5 3 4 5 5 1 2 2 0 1 1 5 3 4 5 5 1 2 2 0 1 1 5 3 4 5 5 1 2 2
0 12 3 3 3 3 3 3 3 3 4 2 2 1
0 12 3 3 1 5 3 4 5 5 1 2 2 0
0 5 3 0 2 1 5
0 11 3 3 1 5 3 4 5 5 1 2 2
0 5 3 2 3 2 3
0 10 3 3 3 3 1 5 3 4 5 5
0 35 0 2 1 5 3 4 5 5 1 2 2 0 1 1 5 3 4 5 5 1 2 2 0 1 2 1 5 3 4 5 5 1 2 2 0
0 17 4 1 5 3 4 5 5 1 2 2 0 1 1 5 3 4 5
0 8 3 0 5 4 5 5 1 4
0 25 3 3 3 3 3 3 3 3 3 3 4 1 5 3 4 5 5 1 2 2 0 1 1 5 3
0 21 4 1 5 3 4 5 5 1 2 2 0 1 1 5 3 4 5 5 1 2 2
0 41 3 3 3 3 4 1 5 3 4 5 5 1 2 2 0 1 1 5 3 4 5 5 1 2 2 0 1 1 5 3 4 5 5 1 2 2 0 1 1 5 3
0 4 0 5 4 5
0 31 3 3 3 3 4 1 5 3 4 5 5 1 2 2 0 1 1 5 3 4 5 5 1 2 2 0 1 1 5 3 4
0 11 3 3 3 3 0 5 4 5 5 1 4
0 14 3 3 3 3 0 5 4 5 5 1 4 5 4 2
0 7 3 3 3 2 5 2 3
0 12 3 3 3 3 3 3 3 3 3 1 5 3
0 13 3 3 3 0 5 4 5 5 1 4 5 4 2
0 43 4 1 5 3 4 5 5 1 2 2 0 1 1 5 3 4 5 5 1 2 2 0 1 1 5 3 4 5 5 1 2 2 0 1 2 1 5 3 4 5 5 1 2
0 39 3 3 3 3 4 1 5 3 4 5 5 1 2 2 0 1 1 5 3 4 5 5 1 2 2 0 1 1 5 3 4 5 5 1 2 2 0 1 1
0 58 3 3 3 3 4 1 5 3 4 5 5 1 2 2 0 1 1 5 3 4 5 5 1 2 2 0 1 1 5 3 4 5 5 1 2 2 0 1 1 5 3 4 5 5 1 2 2 0 1 1 5 3 4 5 5 1 2 2
0 62 4 1 5 3 4 5 5 1 2 2 0 1 1 5 3 4 5 5 1 2 2 0 1 1 5 3 4 5 5 1 2 2 0 1 2 1 5 3 4 5 5 1 2 2 0 1 1 5 3 4 5 5 1 2 2 0 1 1 5 3 4 5
0 39 4 1 5 3 4 5 5 1 2 2 0 1 1 5 3 4 5 5 1 2 2 0 1 1 5 3 4 5 5 1 2 2 0 1 2 1 5 3 4
0 3 3 2 3
0 38 3 4 1 5 3 4 5 5 1 2 2 0 1 1 5 3 4 5 5 1 2 2 0 1 1 5 3 4 5 5 1 2 2 0 1 1 5 3
0 26 3 4 1 5 3 4 5 5 1 2 2 0 1 1 5 3 4 5 5 1 2 2 0 1 1 5
0 45 3 4 1 5 3 4 5 5 1 2 2 0 1 1 5 3 4 5 5 1 2 2 0 1 1 5 3 4 5 5 1 2 2 0 1 1 5 3 4 5 5 1 2 2 0
0 10 3 3 3 3 3 3 4 2 2 1
0 37 3 3 3 3 4 1 5 3 4 5 5 1 2 2 0 1 1 5 3 4 5 5 1 2 2 0 1 1 5 3 4 5 5 1 2 2 0
0 6 3 3 3 3 4 1
0 13 3 0 5 4 5 5 1 4 5 4 2 1 1
0 89 3 3 3 3 4 1 5 3 4 5 5 1 2 2 0 1 1 5 3 4 5 5 1 2 2 0 1 1 5 3 4 5 5 1 2 2 0 1 1 5 3 4 5 5 1 2 2 0 1 1 5 3 4 5 5 1 2 2 0 1 1 5 3 4 5 5 1 2 2 0 1 1 5 3 4 5 5 1 2 2 0 1 1 5 3 4 5 5 1
0 27 0 2 1 5 3 4 5 5 1 2 2 0 1 1 5 3 4 5 5 1 2 2 0 1 2 1 5
0 6 4 1 5 3 4 5
0 52 3 3 3 3 4 1 5 3 4 5 5 1 2 2 0 1 1 5 3 4 5 5 1 2 2 0 1 1 5 3 4 5 5 1 2 2 0 1 1 5 3 4 5 5 1 2 2 0 1 1 5 3
0 19 3 3 3 3 3 3 3 3 3 3 3 1 5 3 4 5 5 1 2
0 8 0 2 2 1 5 3 4 5
0 9 3 3 3 3 3 3 0 5 4
0 9 3 3 3 3 0 5 4 5 5
0 14 3 3 3 3 3 3 1 5 3 4 5 5 1 2
0 41 0 2 1 5 3 4 5 5 1 2 2 0 1 1 5 3 4 5 5 1 2 2 0 1 2 1 5 3 4 5 5 1 2 2 0 1 1 5 3 4 5
0 9 3 3 3 3 3 1 5 3 4
0 17 3 3 3 3 3 3 3 1 5 3 4 5 5 1 2 2 0
0 33 4 1 5 3 4 5 5 1 2 2 0 1 1 5 3 4 5 5 1 2 2 0 1 1 5 3 4 5 5 1 2 2 0
0 16 3 3 3 3 3 3 3 3 3 3 4 1 5 3 4 5
0 4 3 0 2 1
0 68 3 3 3 3 4 1 5 3 4 5 5 1 2 2 0 1 1 5 3 4 5 5 1 2 2 0 1 1 5 3 4 5 5 1 2 2 0 1 1 5 3 4 5 5 1 2 2 0 1 1 5 3 4 5 5 1 2 2 0 1 1 5 3 4 5 5 1 2
0 8 3 3 3 0 5 4 5 5
0 50 4 1 5 3 4 5 5 1 2 2 0 1 1 5 3 4 5 5 1 2 2 0 1 1 5 3 4 5 5 1 2 2 0 1 2 1 5 3 4 5 5 1 2 2 0 1 1 5 3 4
0 17 3 3 3 3 3 3 3 3 4 2 2 1 5 3 4 5 5
0 66 4 1 5 3 4 5 5 1 2 2 0 1 1 5 3 4 5 5 1 2 2 0 1 1 5 3 4 5 5 1 2 2 0 1 1 5 3 4 5 5 1 2 2 0 1 2 1 5 3 4 5 5 1 2 2 0 1 1 5 3 4 5 5 1 2 2
0 6 3 0 2 1 5 3
0 15 3 3 3 3 3 3 3 3 3 3 3 3 1 5 3
0 7 3 3 3 3 5 2 5
0 14 4 1 5 3 4 5 5 1 2 2 0 1 1 5
0 9 3 3 3 3 3 3 3 0 5
0 13 3 3 3 3 3 3 3 3 3 3 4 1 5
0 49 3 4 1 5 3 4 5 5 1 2 2 0 1 1 5 3 4 5 5 1 2 2 0 1 1 5 3 4 5 5 1 2 2 0 1 1 5 3 4 5 5 1 2 2 0 1 1 5 3
0 11 3 3 3 3 3 1 5 3 4 5 5
0 29 3 0 2 1 5 3 4 5 5 1 2 2 0 1 1 5 3 4 5 5 1 2 2 0 1 1 5 3 4
0 54 3 3 3 3 3 3 3 3 3 3 4 1 5 3 4 5 5 1 2 2 0 1 1 5 3 4 5 5 1 2 2 0 1 1 5 3 4 5 5 1 2 2 0 1 1 5 3 4 5 5 1 2 2 0
0 7 5 2 3 2 3 2 3
0 87 3 3 3 3 4 1 5 3 4 5 5 1 2 2 0 1 1 5 3 4 5 5 1 2 2 0 1 1 5 3 4 5 5 1 2 2 0 1 1 5 3 4 5 5 1 2 2 0 1 1 5 3 4 5 5 1 2 2 0 1 1 5 3 4 5 5 1 2 2 0 1 1 5 3 4 5 5 1 2 2 0 1 1 5 3 4 5
0 7 3 3 3 3 3 1 5
0 11 0 2 1 5 3 4 5 5 1 2 2
0 21 3 3 3 3 3 3 3 3 3 3 3 1 5 3 4 5 5 1 2 2 0
0 26 3 3 3 3 3 3 3 3 4 2 2 1 5 3 4 5 5 1 2 2 0 1 1 5 3 4
0 18 3 3 3 3 4 1 5 3 4 5 5 1 2 2 0 1 1 5
0 40 0 2 1 5 3 4 5 5 1 2 2 0 1 1 5 3 4 5 5 1 2 2 0 1 2 1 5 3 4 5 5 1 2 2 0 1 1 5 3 4
0 31 3 0 2 1 5 3 4 5 5 1 2 2 0 1 1 5 3 4 5 5 1 2 2 0 1 1 5 3 4 5 5
0 45 3 3 3 3 3 3 3 3 4 2 2 1 5 3 4 5 5 1 2 2 0 1 1 5 3 4 5 5 1 2 2 0 1 1 5 3 4 5 5 1 2 2 0 1 1
0 25 3 3 3 3 3 3 3 3 4 2 2 1 5 3 4 5 5 1 2 2 0 1 1 5 3
0 7 3 3 3 3 1 5 3
0 28 4 1 5 3 4 5 5 1 2 2 0 1 1 5 3 4 5 5 1 2 2 0 1 1 5 3 4 5
0 24 3 3 3 3 3 3 3 3 3 3 4 1 5 3 4 5 5 1 2 2 0 1 1 5
0 12 3 0 5 4 5 5 1 4 5 4 2 1
0 22 0 2 1 5 3 4 5 5 1 2 2 0 1 1 5 3 4 5 5 1 2 2
0 83 3 3 3 3 4 1 5 3 4 5 5 1 2 2 0 1 1 5 3 4 5 5 1 2 2 0 1 1 5 3 4 5 5 1 2 2 0 1 1 5 3 4 5 5 1 2 2 0 1 1 5 3 4 5 5 1 2 2 0 1 1 5 3 4 5 5 1 2 2 0 1 1 5 3 4 5 5 1 2 2 0 1 1
0 15 3 3 3 3 3 3 3 3 3 3 1 5 3 4 5
0 6 0 2 1 5 3 4
0 40 3 3 3 3 4 1 5 3 4 5 5 1 2 2 0 1 1 5 3 4 5 5 1 2 2 0 1 1 5 3 4 5 5 1 2 2 0 1 1 5
0 77 4 1 5 3 4 5 5 1 2 2 0 1 1 5 3 4 5 5 1 2 2 0 1 1 5 3 4 5 5 1 2 2 0 1 1 5 3 4 5 5 1 2 2 0 1 2 1 5 3 4 5 5 1 2 2 0 1 1 5 3 4 5 5 1 2 2 0 1 1 5 3 4 5 5 1 2 2
0 6 3 3 3 3 2 5
0 44 4 1 5 3 4 5 5 1 2 2 0 1 1 5 3 4 5 5 1 2 2 0 1 1 5 3 4 5 5 1 2 2 0 1 2 1 5 3 4 5 5 1 2 2
0 17 3 3 3 3 3 3 0 5 4 5 5 1 4 5 4 2 1
0 13 3 3 3 3 3 3 3 3 4 2 2 1 5
0 18 3 3 3 3 3 3 3 3 4 2 2 1 5 3 4 5 5 1
0 10 0 2 1 5 3 4 5 5 1 2
0 6 0 2 2 1 5 3
0 41 3 4 1 5 3 4 5 5 1 2 2 0 1 1 5 3 4 5 5 1 2 2 0 1 1 5 3 4 5 5 1 2 2 0 1 1 5 3 4 5 5
0 14 3 3 3 3 3 3 3 3 4 2 2 1 5 3
0 91 3 3 3 3 4 1 5 3 4 5 5 1 2 2 0 1 1 5 3 4 5 5 1 2 2 0 1 1 5 3 4 5 5 1 2 2 0 1 1 5 3 4 5 5 1 2 2 0 1 1 5 3 4 5 5 1 2 2 0 1 1 5 3 4 5 5 1 2 2 0 1 1 5 3 4 5 5 1 2 2 0 1 1 5 3 4 5 5 1 2 2
0 51 4 1 5 3 4 5 5 1 2 2 0 1 1 5 3 4 5 5 1 2 2 0 1 1 5 3 4 5 5 1 2 2 0 1 2 1 5 3 4 5 5 1 2 2 0 1 1 5 3 4 5
0 48 4 1 5 3 4 5 5 1 2 2 0 1 1 5 3 4 5 5 1 2 2 0 1 1 5 3 4 5 5 1 2 2 0 1 1 5 3 4 5 5 1 2 2 0 1 2 1 5
0 34 3 3 3 3 3 3 3 3 3 3 4 1 5 3 4 5 5 1 2 2 0 1 1 5 3 4 5 5 1 2 2 0 1 1
0 5 0 2 2 1 5
0 10 3 3 3 3 3 3 3 5 2 3
0 11 3 3 3 3 1 5 3 4 5 5 1
0 41 4 1 5 3 4 5 5 1 2 2 0 1 1 5 3 4 5 5 1 2 2 0 1 1 5 3 4 5 5 1 2 2 0 1 2 1 5 3 4 5 5
0 29 3 4 1 5 3 4 5 5 1 2 2 0 1 1 5 3 4 5 5 1 2 2 0 1 1 5 3 4 5
0 45 3 3 3 3 4 1 5 3 4 5 5 1 2 2 0 1 1 5 3 4 5 5 1 2 2 0 1 1 5 3 4 5 5 1 2 2 0 1 1 5 3 4 5 5 1
0 50 3 3 3 3 4 1 5 3 4 5 5 1 2 2 0 1 1 5 3 4 5 5 1 2 2 0 1 1 5 3 4 5 5 1 2 2 0 1 1 5 3 4 5 5 1 2 2 0 1 1
0 8 3 3 3 3 2 3 2 3
0 8 3 3 3 3 3 3 0 5
0 8 3 3 1 5 3 4 5 5
0 60 4 1 5 3 4 5 5 1 2 2 0 1 1 5 3 4 5 5 1 2 2 0 1 1 5 3 4 5 5 1 2 2 0 1 1 5 3 4 5 5 1 2 2 0 1 2 1 5 3 4 5 5 1 2 2 0 1 1 5 3
0 36 3 3 3 3 3 3 3 3 3 3 4 1 5 3 4 5 5 1 2 2 0 1 1 5 3 4 5 5 1 2 2 0 1 1 5 3
0 84 4 1 5 3 4 5 5 1 2 2 0 1 1 5 3 4 5 5 1 2 2 0 1 1 5 3 4 5 5 1 2 2 0 1 1 5 3 4 5 5 1 2 2 0 1 2 1 5 3 4 5 5 1 2 2 0 1 1 5 3 4 5 5 1 2 2 0 1 1 5 3 4 5 5 1 2 2 0 1 1 5 3 4 5
0 14 3 3 3 3 3 3 0 5 4 5 5 1 4 5
0 11 3 3 3 3 3 3 3 0 5 4 5
0 39 3 4 1 5 3 4 5 5 1 2 2 0 1 1 5 3 4 5 5 1 2 2 0 1 1 5 3 4 5 5 1 2 2 0 1 1 5 3 4
0 49 3 3 3 3 3 3 3 3 4 2 2 1 5 3 4 5 5 1 2 2 0 1 1 5 3 4 5 5 1 2 2 0 1 1 5 3 4 5 5 1 2 2 0 1 1 5 3 4 5
0 41 4 1 5 3 4 5 5 1 2 2 0 1 1 5 3 4 5 5 1 2 2 0 1 1 5 3 4 5 5 1 2 2 0 1 1 5 3 4 5 5 1
0 30 3 4 1 5 3 4 5 5 1 2 2 0 1 1 5 3 4 5 5 1 2 2 0 1 1 5 3 4 5 5
0 5 3 1 5 3 4
0 13 3 3 0 5 4 5 5 1 4 5 4 2 1
0 53 3 4 1 5 3 4 5 5 1 2 2 0 1 1 5 3 4 5 5 1 2 2 0 1 1 5 3 4 5 5 1 2 2 0 1 1 5 3 4 5 5 1 2 2 0 1 1 5 3 4 5 5 1
0 10 3 3 3 3 3 3 3 1 5 3
0 8 3 3 3 3 1 5 3 4
0 19 4 1 5 3 4 5 5 1 2 2 0 1 1 5 3 4 5 5 1
0 22 4 1 5 3 4 5 5 1 2 2 0 1 1 5 3 4 5 5 1 2 2 0
0 62 4 1 5 3 4 5 5 1 2 2 0 1 1 5 3 4 5 5 1 2 2 0 1 1 5 3 4 5 5 1 2 2 0 1 1 5 3 4 5 5 1 2 2 0 1 2 1 5 3 4 5 5 1 2 2 0 1 1 5 3 4 5
0 43 4 1 5 3 4 5 5 1 2 2 0 1 1 5 3 4 5 5 1 2 2 0 1 1 5 3 4 5 5 1 2 2 0 1 1 5 3 4 5 5 1 2 2
0 3 3 4 1
0 13 3 3 3 3 3 3 3 3 1 5 3 4 5
0 53 4 1 5 3 4 5 5 1 2 2 0 1 1 5 3 4 5 5 1 2 2 0 1 1 5 3 4 5 5 1 2 2 0 1 2 1 5 3 4 5 5 1 2 2 0 1 1 5 3 4 5 5 1
0 26 3 3 3 3 4 1 5 3 4 5 5 1 2 2 0 1 1 5 3 4 5 5 1 2 2 0
0 12 3 3 3 3 3 3 3 3 3 3 4 1
0 38 3 3 3 3 3 3 3 3 3 3 4 1 5 3 4 5 5 1 2 2 0 1 1 5 3 4 5 5 1 2 2 0 1 1 5 3 4 5
0 4 0 2 1 5
0 38 4 1 5 3 4 5 5 1 2 2 0 1 1 5 3 4 5 5 1 2 2 0 1 1 5 3 4 5 5 1 2 2 0 1 1 5 3 4
0 21 3 3 3 3 3 3 3 3 4 2 2 1 5 3 4 5 5 1 2 2 0
0 18 3 3 3 3 3 3 3 0 5 4 5 5 1 4 5 4 2 1
0 48 3 3 3 3 3 3 3 3 4 2 2 1 5 3 4 5 5 1 2 2 0 1 1 5 3 4 5 5 1 2 2 0 1 1 5 3 4 5 5 1 2 2 0 1 1 5 3 4
0 33 0 2 1 5 3 4 5 5 1 2 2 0 1 1 5 3 4 5 5 1 2 2 0 1 2 1 5 3 4 5 5 1 2
0 17 3 3 3 3 3 3 3 3 3 3 3 1 5 3 4 5 5
0 5 3 3 3 2 5
0 85 3 3 3 3 4 1 5 3 4 5 5 1 2 2 0 1 1 5 3 4 5 5 1 2 2 0 1 1 5 3 4 5 5 1 2 2 0 1 1 5 3 4 5 5 1 2 2 0 1 1 5 3 4 5 5 1 2 2 0 1 1 5 3 4 5 5 1 2 2 0 1 1 5 3 4 5 5 1 2 2 0 1 1 5 3
0 42 3 3 3 3 4 1 5 3 4 5 5 1 2 2 0 1 1 5 3 4 5 5 1 2 2 0 1 1 5 3 4 5 5 1 2 2 0 1 1 5 3 4
0 42 3 3 3 3 3 3 3 3 4 2 2 1 5 3 4 5 5 1 2 2 0 1 1 5 3 4 5 5 1 2 2 0 1 1 5 3 4 5 5 1 2 2
0 88 4 1 5 3 4 5 5 1 2 2 0 1 1 5 3 4 5 5 1 2 2 0 1 1 5 3 4 5 5 1 2 2 0 1 1 5 3 4 5 5 1 2 2 0 1 2 1 5 3 4 5 5 1 2 2 0 1 1 5 3 4 5 5 1 2 2 0 1 1 5 3 4 5 5 1 2 2 0 1 1 5 3 4 5 5 1 2 2
0 11 3 3 3 0 5 4 5 5 1 4 5
0 7 3 3 3 3 0 5 4
0 31 0 2 1 5 3 4 5 5 1 2 2 0 1 1 5 3 4 5 5 1 2 2 0 1 2 1 5 3 4 5 5
0 31 3 3 3 3 3 3 3 3 3 3 4 1 5 3 4 5 5 1 2 2 0 1 1 5 3 4 5 5 1 2 2
0 87 4 1 5 3 4 5 5 1 2 2 0 1 1 5 3 4 5 5 1 2 2 0 1 1 5 3 4 5 5 1 2 2 0 1 1 5 3 4 5 5 1 2 2 0 1 2 1 5 3 4 5 5 1 2 2 0 1 1 5 3 4 5 5 1 2 2 0 1 1 5 3 4 5 5 1 2 2 0 1 1 5 3 4 5 5 1 2
0 7 4 1 5 3 4 5 5
0 5 3 3 0 5 4
0 11 3 3 3 3 3 3 3 3 3 1 5
0 52 4 1 5 3 4 5 5 1 2 2 0 1 1 5 3 4 5 5 1 2 2 0 1 1 5 3 4 5 5 1 2 2 0 1 2 1 5 3 4 5 5 1 2 2 0 1 1 5 3 4 5 5
0 26 0 2 1 5 3 4 5 5 1 2 2 0 1 1 5 3 4 5 5 1 2 2 0 1 2 1
0 9 4 1 5 3 4 5 5 1 2
0 8 0 5 4 5 5 1 4 5
0 53 3 3 3 3 3 3 3 3 3 3 4 1 5 3 4 5 5 1 2 2 0 1 1 5 3 4 5 5 1 2 2 0 1 1 5 3 4 5 5 1 2 2 0 1 1 5 3 4 5 5 1 2 2
0 11 3 3 3 1 5 3 4 5 5 1 2
0 64 4 1 5 3 4 5 5 1 2 2 0 1 1 5 3 4 5 5 1 2 2 0 1 1 5 3 4 5 5 1 2 2 0 1 2 1 5 3 4 5 5 1 2 2 0 1 1 5 3 4 5 5 1 2 2 0 1 1 5 3 4 5 5 1
0 11 3 3 3 3 3 3 3 2 3 2 3
0 47 3 3 3 3 4 1 5 3 4 5 5 1 2 2 0 1 1 5 3 4 5 5 1 2 2 0 1 1 5 3 4 5 5 1 2 2 0 1 1 5 3 4 5 5 1 2 2
0 47 4 1 5 3 4 5 5 1 2 2 0 1 1 5 3 4 5 5 1 2 2 0 1 1 5 3 4 5 5 1 2 2 0 1 1 5 3 4 5 5 1 2 2 0 1 2 1
0 65 3 3 3 3 4 1 5 3 4 5 5 1 2 2 0 1 1 5 3 4 5 5 1 2 2 0 1 1 5 3 4 5 5 1 2 2 0 1 1 5 3 4 5 5 1 2 2 0 1 1 5 3 4 5 5 1 2 2 0 1 1 5 3 4 5
0 11 0 2 2 1 5 3 4 5 5 1 2
0 18 3 3 3 3 3 3 3 3 3 1 5 3 4 5 5 1 2 2
0 13 0 2 2 1 5 3 4 5 5 1 2 2 0
0 16 0 2 1 5 3 4 5 5 1 2 2 0 1 1 5 3
0 21 3 3 3 3 3 3 3 3 3 3 3 3 1 5 3 4 5 5 1 2 2
0 16 3 3 3 3 3 3 3 3 4 2 2 1 5 3 4 5
0 77 3 3 3 3 4 1 5 3 4 5 5 1 2 2 0 1 1 5 3 4 5 5 1 2 2 0 1 1 5 3 4 5 5 1 2 2 0 1 1 5 3 4 5 5 1 2 2 0 1 1 5 3 4 5 5 1 2 2 0 1 1 5 3 4 5 5 1 2 2 0 1 1 5 3 4 5 5
0 17 3 4 1 5 3 4 5 5 1 2 2 0 1 1 5 3 4
0 13 3 3 3 3 1 5 3 4 5 5 1 2 2
0 13 3 3 3 3 3 3 3 3 3 1 5 3 4
0 9 0 5 4 5 5 1 4 5 4
0 54 3 4 1 5 3 4 5 5 1 2 2 0 1 1 5 3 4 5 5 1 2 2 0 1 1 5 3 4 5 5 1 2 2 0 1 1 5 3 4 5 5 1 2 2 0 1 1 5 3 4 5 5 1 2
0 10 3 0 5 4 5 5 1 4 5 4
0 26 4 1 5 3 4 5 5 1 2 2 0 1 1 5 3 4 5 5 1 2 2 0 1 1 5 3
0 37 3 3 3 3 3 3 3 3 4 2 2 1 5 3 4 5 5 1 2 2 0 1 1 5 3 4 5 5 1 2 2 0 1 1 5 3 4
0 79 3 3 3 3 4 1 5 3 4 5 5 1 2 2 0 1 1 5 3 4 5 5 1 2 2 0 1 1 5 3 4 5 5 1 2 2 0 1 1 5 3 4 5 5 1 2 2 0 1 1 5 3 4 5 5 1 2 2 0 1 1 5 3 4 5 5 1 2 2 0 1 1 5 3 4 5 5 1 2
0 20 4 1 5 3 4 5 5 1 2 2 0 1 1 5 3 4 5 5 1 2
0 11 3 4 1 5 3 4 5 5 1 2 2
0 58 4 1 5 3 4 5 5 1 2 2 0 1 1 5 3 4 5 5 1 2 2 0 1 1 5 3 4 5 5 1 2 2 0 1 1 5 3 4 5 5 1 2 2 0 1 2 1 5 3 4 5 5 1 2 2 0 1 1
0 13 3 3 3 3 3 3 4 2 2 1 5 3 4
0 12 3 3 3 3 3 3 3 5 2 3 2 5
0 16 3 0 2 1 5 3 4 5 5 1 2 2 0 1 1 5
0 15 3 3 3 3 3 3 4 2 2 1 5 3 4 5 5
0 15 3 3 3 3 3 3 0 5 4 5 5 1 4 5 4
0 18 3 3 3 3 3 3 3 3 3 3 1 5 3 4 5 5 1 2
0 27 3 4 1 5 3 4 5 5 1 2 2 0 1 1 5 3 4 5 5 1 2 2 0 1 1 5 3
0 13 3 3 3 3 3 3 3 3 3 3 3 1 5
0 66 3 3 3 3 4 1 5 3 4 5 5 1 2 2 0 1 1 5 3 4 5 5 1 2 2 0 1 1 5 3 4 5 5 1 2 2 0 1 1 5 3 4 5 5 1 2 2 0 1 1 5 3 4 5 5 1 2 2 0 1 1 5 3 4 5 5
0 10 3 3 3 3 3 5 2 3 2 3
0 24 4 1 5 3 4 5 5 1 2 2 0 1 1 5 3 4 5 5 1 2 2 0 1 1
0 8 3 3 3 3 3 3 3 5
0 58 4 1 5 3 4 5 5 1 2 2 0 1 1 5 3 4 5 5 1 2 2 0 1 1 5 3 4 5 5 1 2 2 0 1 2 1 5 3 4 5 5 1 2 2 0 1 1 5 3 4 5 5 1 2 2 0 1 1
0 65 4 1 5 3 4 5 5 1 2 2 0 1 1 5 3 4 5 5 1 2 2 0 1 1 5 3 4 5 5 1 2 2 0 1 1 5 3 4 5 5 1 2 2 0 1 2 1 5 3 4 5 5 1 2 2 0 1 1 5 3 4 5 5 1 2
0 7 3 3 3 3 4 1 5
0 27 3 0 2 1 5 3 4 5 5 1 2 2 0 1 1 5 3 4 5 5 1 2 2 0 1 1 5
0 42 3 4 1 5 3 4 5 5 1 2 2 0 1 1 5 3 4 5 5 1 2 2 0 1 1 5 3 4 5 5 1 2 2 0 1 1 5 3 4 5 5 1
0 15 3 3 3 3 3 3 3 0 5 4 5 5 1 4 5
0 6 3 5 2 5 2 3
0 10 3 3 3 3 3 0 5 4 5 5
0 6 0 5 4 5 5 1
0 33 3 0 2 1 5 3 4 5 5 1 2 2 0 1 1 5 3 4 5 5 1 2 2 0 1 1 5 3 4 5 5 1 2
0 43 0 2 1 5 3 4 5 5 1 2 2 0 1 1 5 3 4 5 5 1 2 2 0 1 2 1 5 3 4 5 5 1 2 2 0 1 1 5 3 4 5 5 1
0 12 3 3 3 3 3 3 3 3 1 5 3 4
0 2 0 5
0 1 5
0 21 3 3 3 3 3 3 3 3 3 3 4 1 5 3 4 5 5 1 2 2 0
0 20 3 3 3 3 3 3 3 3 3 3 1 5 3 4 5 5 1 2 2 0
0 26 3 3 3 3 3 3 3 3 3 3 4 1 5 3 4 5 5 1 2 2 0 1 1 5 3 4
0 8 3 3 0 5 4 5 5 1
0 12 3 3 3 3 3 3 0 5 4 5 5 1
0 8 3 0 2 1 5 3 4 5
0 67 4 1 5 3 4 5 5 1 2 2 0 1 1 5 3 4 5 5 1 2 2 0 1 1 5 3 4 5 5 1 2 2 0 1 1 5 3 4 5 5 1 2 2 0 1 2 1 5 3 4 5 5 1 2 2 0 1 1 5 3 4 5 5 1 2 2 0
0 11 3 3 3 3 3 0 5 4 5 5 1
0 8 4 1 5 3 4 5 5 1
0 52 3 3 3 3 3 3 3 3 4 2 2 1 5 3 4 5 5 1 2 2 0 1 1 5 3 4 5 5 1 2 2 0 1 1 5 3 4 5 5 1 2 2 0 1 1 5 3 4 5 5 1 2
0 11 3 3 3 3 3 3 3 3 1 5 3
0 31 3 3 3 3 3 3 3 3 4 2 2 1 5 3 4 5 5 1 2 2 0 1 1 5 3 4 5 5 1 2 2
0 14 3 3 3 3 3 3 3 3 3 1 5 3 4 5
0 5 3 4 1 5 3
0 56 4 1 5 3 4 5 5 1 2 2 0 1 1 5 3 4 5 5 1 2 2 0 1 1 5 3 4 5 5 1 2 2 0 1 2 1 5 3 4 5 5 1 2 2 0 1 1 5 3 4 5 5 1 2 2 0
0 13 3 3 3 3 3 0 5 4 5 5 1 4 5
0 74 3 3 3 3 4 1 5 3 4 5 5 1 2 2 0 1 1 5 3 4 5 5 1 2 2 0 1 1 5 3 4 5 5 1 2 2 0 1 1 5 3 4 5 5 1 2 2 0 1 1 5 3 4 5 5 1 2 2 0 1 1 5 3 4 5 5 1 2 2 0 1 1 5 3
0 52 3 3 3 3 3 3 3 3 3 3 4 1 5 3 4 5 5 1 2 2 0 1 1 5 3 4 5 5 1 2 2 0 1 1 5 3 4 5 5 1 2 2 0 1 1 5 3 4 5 5 1 2
0 12 3 3 3 3 3 3 3 3 3 3 1 5
0 35 3 3 3 3 3 3 3 3 3 3 4 1 5 3 4 5 5 1 2 2 0 1 1 5 3 4 5 5 1 2 2 0 1 1 5
0 9 3 3 3 2 5 2 5 2 5
0 9 3 1 5 3 4 5 5 1 2
0 9 0 2 1 5 3 4 5 5 1
0 15 0 2 1 5 3 4 5 5 1 2 2 0 1 1 5
0 15 3 3 3 3 3 3 1 5 3 4 5 5 1 2 2
0 29 3 3 3 3 3 3 3 3 3 3 4 1 5 3 4 5 5 1 2 2 0 1 1 5 3 4 5 5 1
0 18 3 4 1 5 3 4 5 5 1 2 2 0 1 1 5 3 4 5
0 59 4 1 5 3 4 5 5 1 2 2 0 1 1 5 3 4 5 5 1 2 2 0 1 1 5 3 4 5 5 1 2 2 0 1 2 1 5 3 4 5 5 1 2 2 0 1 1 5 3 4 5 5 1 2 2 0 1 1 5
0 47 3 4 1 5 3 4 5 5 1 2 2 0 1 1 5 3 4 5 5 1 2 2 0 1 1 5 3 4 5 5 1 2 2 0 1 1 5 3 4 5 5 1 2 2 0 1 1
0 17 3 3 3 3 4 1 5 3 4 5 5 1 2 2 0 1 1
0 63 4 1 5 3 4 5 5 1 2 2 0 1 1 5 3 4 5 5 1 2 2 0 1 1 5 3 4 5 5 1 2 2 0 1 2 1 5 3 4 5 5 1 2 2 0 1 1 5 3 4 5 5 1 2 2 0 1 1 5 3 4 5 5
0 10 3 1 5 3 4 5 5 1 2 2
0 51 3 4 1 5 3 4 5 5 1 2 2 0 1 1 5 3 4 5 5 1 2 2 0 1 1 5 3 4 5 5 1 2 2 0 1 1 5 3 4 5 5 1 2 2 0 1 1 5 3 4 5
0 30 3 0 2 1 5 3 4 5 5 1 2 2 0 1 1 5 3 4 5 5 1 2 2 0 1 1 5 3 4 5
0 53 3 3 3 3 3 3 3 3 4 2 2 1 5 3 4 5 5 1 2 2 0 1 1 5 3 4 5 5 1 2 2 0 1 1 5 3 4 5 5 1 2 2 0 1 1 5 3 4 5 5 1 2 2
0 36 3 3 3 3 3 3 3 3 4 2 2 1 5 3 4 5 5 1 2 2 0 1 1 5 3 4 5 5 1 2 2 0 1 1 5 3
0 42 3 3 3 3 3 3 3 3 3 3 4 1 5 3 4 5 5 1 2 2 0 1 1 5 3 4 5 5 1 2 2 0 1 1 5 3 4 5 5 1 2 2
0 8 0 2 1 5 3 4 5 5
0 17 3 3 3 3 3 3 3 3 1 5 3 4 5 5 1 2 2
0 35 4 1 5 3 4 5 5 1 2 2 0 1 1 5 3 4 5 5 1 2 2 0 1 1 5 3 4 5 5 1 2 2 0 1 1
0 30 3 3 3 3 3 3 3 3 4 2 2 1 5 3 4 5 5 1 2 2 0 1 1 5 3 4 5 5 1 2
0 53 4 1 5 3 4 5 5 1 2 2 0 1 1 5 3 4 5 5 1 2 2 0 1 1 5 3 4 5 5 1 2 2 0 1 1 5 3 4 5 5 1 2 2 0 1 2 1 5 3 4 5 5 1
0 17 3 0 2 1 5 3 4 5 5 1 2 2 0 1 1 5 3
0 21 3 0 2 1 5 3 4 5 5 1 2 2 0 1 1 5 3 4 5 5 1
0 35 3 3 3 3 3 3 3 3 4 2 2 1 5 3 4 5 5 1 2 2 0 1 1 5 3 4 5 5 1 2 2 0 1 1 5
0 25 4 1 5 3 4 5 5 1 2 2 0 1 1 5 3 4 5 5 1 2 2 0 1 1 5
0 72 4 1 5 3 4 5 5 1 2 2 0 1 1 5 3 4 5 5 1 2 2 0 1 1 5 3 4 5 5 1 2 2 0 1 1 5 3 4 5 5 1 2 2 0 1 2 1 5 3 4 5 5 1 2 2 0 1 1 5 3 4 5 5 1 2 2 0 1 1 5 3 4
0 22 3 4 1 5 3 4 5 5 1 2 2 0 1 1 5 3 4 5 5 1 2 2
0 64 3 3 3 3 4 1 5 3 4 5 5 1 2 2 0 1 1 5 3 4 5 5 1 2 2 0 1 1 5 3 4 5 5 1 2 2 0 1 1 5 3 4 5 5 1 2 2 0 1 1 5 3 4 5 5 1 2 2 0 1 1 5 3 4
0 14 3 3 3 3 3 3 3 5 2 3 2 5 2 3
0 9 0 2 2 1 5 3 4 5 5
0 47 3 3 3 3 3 3 3 3 3 3 4 1 5 3 4 5 5 1 2 2 0 1 1 5 3 4 5 5 1 2 2 0 1 1 5 3 4 5 5 1 2 2 0 1 1 5 3
0 6 3 0 5 4 5 5
0 16 3 3 3 3 3 3 3 3 1 5 3 4 5 5 1 2
0 34 3 0 2 1 5 3 4 5 5 1 2 2 0 1 1 5 3 4 5 5 1 2 2 0 1 1 5 3 4 5 5 1 2 2
0 14 3 3 3 0 5 4 5 5 1 4 5 4 2 1
0 17 3 3 3 3 3 3 4 2 2 1 5 3 4 5 5 1 2
0 55 3 4 1 5 3 4 5 5 1 2 2 0 1 1 5 3 4 5 5 1 2 2 0 1 1 5 3 4 5 5 1 2 2 0 1 1 5 3 4 5 5 1 2 2 0 1 1 5 3 4 5 5 1 2 2
0 14 0 2 1 5 3 4 5 5 1 2 2 0 1 1
0 13 3 3 3 3 3 1 5 3 4 5 5 1 2
0 12 3 3 3 3 1 5 3 4 5 5 1 2
0 23 3 3 3 3 3 3 3 3 4 2 2 1 5 3 4 5 5 1 2 2 0 1 1
0 16 3 3 3 3 3 3 1 5 3 4 5 5 1 2 2 0
0 85 4 1 5 3 4 5 5 1 2 2 0 1 1 5 3 4 5 5 1 2 2 0 1 1 5 3 4 5 5 1 2 2 0 1 1 5 3 4 5 5 1 2 2 0 1 2 1 5 3 4 5 5 1 2 2 0 1 1 5 3 4 5 5 1 2 2 0 1 1 5 3 4 5 5 1 2 2 0 1 1 5 3 4 5 5
0 12 0 5 4 5 5 1 4 5 4 2 1 1
0 63 4 1 5 3 4 5 5 1 2 2 0 1 1 5 3 4 5 5 1 2 2 0 1 1 5 3 4 5 5 1 2 2 0 1 1 5 3 4 5 5 1 2 2 0 1 2 1 5 3 4 5 5 1 2 2 0 1 1 5 3 4 5 5
0 61 4 1 5 3 4 5 5 1 2 2 0 1 1 5 3 4 5 5 1 2 2 0 1 1 5 3 4 5 5 1 2 2 0 1 2 1 5 3 4 5 5 1 2 2 0 1 1 5 3 4 5 5 1 2 2 0 1 1 5 3 4
0 2 3 5
0 56 3 3 3 3 4 1 5 3 4 5 5 1 2 2 0 1 1 5 3 4 5 5 1 2 2 0 1 1 5 3 4 5 5 1 2 2 0 1 1 5 3 4 5 5 1 2 2 0 1 1 5 3 4 5 5 1
0 12 0 2 2 1 5 3 4 5 5 1 2 2
0 13 3 3 3 3 3 3 1 5 3 4 5 5 1
0 16 3 3 3 3 3 3 3 3 3 3 3 3 1 5 3 4
0 47 4 1 5 3 4 5 5 1 2 2 0 1 1 5 3 4 5 5 1 2 2 0 1 1 5 3 4 5 5 1 2 2 0 1 2 1 5 3 4 5 5 1 2 2 0 1 1
0 31 4 1 5 3 4 5 5 1 2 2 0 1 1 5 3 4 5 5 1 2 2 0 1 1 5 3 4 5 5 1 2
0 14 3 3 3 3 3 1 5 3 4 5 5 1 2 2
0 6 3 3 1 5 3 4
0 73 3 3 3 3 4 1 5 3 4 5 5 1 2 2 0 1 1 5 3 4 5 5 1 2 2 0 1 1 5 3 4 5 5 1 2 2 0 1 1 5 3 4 5 5 1 2 2 0 1 1 5 3 4 5 5 1 2 2 0 1 1 5 3 4 5 5 1 2 2 0 1 1 5
0 55 4 1 5 3 4 5 5 1 2 2 0 1 1 5 3 4 5 5 1 2 2 0 1 1 5 3 4 5 5 1 2 2 0 1 2 1 5 3 4 5 5 1 2 2 0 1 1 5 3 4 5 5 1 2 2
0 51 3 3 3 3 3 3 3 3 3 3 4 1 5 3 4 5 5 1 2 2 0 1 1 5 3 4 5 5 1 2 2 0 1 1 5 3 4 5 5 1 2 2 0 1 1 5 3 4 5 5 1
0 19 3 3 3 3 4 1 5 3 4 5 5 1 2 2 0 1 1 5 3
0 11 0 5 4 5 5 1 4 5 4 2 1
0 50 3 3 3 3 3 3 3 3 4 2 2 1 5 3 4 5 5 1 2 2 0 1 1 5 3 4 5 5 1 2 2 0 1 1 5 3 4 5 5 1 2 2 0 1 1 5 3 4 5 5
0 12 3 3 3 3 3 3 3 0 5 4 5 5
0 38 0 2 1 5 3 4 5 5 1 2 2 0 1 1 5 3 4 5 5 1 2 2 0 1 2 1 5 3 4 5 5 1 2 2 0 1 1 5
0 49 3 3 3 3 3 3 3 3 3 3 4 1 5 3 4 5 5 1 2 2 0 1 1 5 3 4 5 5 1 2 2 0 1 1 5 3 4 5 5 1 2 2 0 1 1 5 3 4 5
0 44 3 3 3 3 4 1 5 3 4 5 5 1 2 2 0 1 1 5 3 4 5 5 1 2 2 0 1 1 5 3 4 5 5 1 2 2 0 1 1 5 3 4 5 5
0 5 4 1 5 3 4
0 26 3 0 2 1 5 3 4 5 5 1 2 2 0 1 1 5 3 4 5 5 1 2 2 0 1 1
0 17 3 3 3 3 3 3 3 3 3 1 5 3 4 5 5 1 2
0 32 4 1 5 3 4 5 5 1 2 2 0 1 1 5 3 4 5 5 1 2 2 0 1 1 5 3 4 5 5 1 2 2
0 10 3 3 3 3 0 5 4 5 5 1
0 9 3 4 1 5 3 4 5 5 1
0 19 3 4 1 5 3 4 5 5 1 2 2 0 1 1 5 3 4 5 5
0 21 3 4 1 5 3 4 5 5 1 2 2 0 1 1 5 3 4 5 5 1 2
0 7 3 3 0 5 4 5 5
0 40 4 1 5 3 4 5 5 1 2 2 0 1 1 5 3 4 5 5 1 2 2 0 1 1 5 3 4 5 5 1 2 2 0 1 2 1 5 3 4 5
0 19 3 3 3 3 3 3 3 3 3 3 4 1 5 3 4 5 5 1 2
0 18 3 3 3 3 3 3 3 3 1 5 3 4 5 5 1 2 2 0
0 23 0 2 1 5 3 4 5 5 1 2 2 0 1 1 5 3 4 5 5 1 2 2 0
0 76 3 3 3 3 4 1 5 3 4 5 5 1 2 2 0 1 1 5 3 4 5 5 1 2 2 0 1 1 5 3 4 5 5 1 2 2 0 1 1 5 3 4 5 5 1 2 2 0 1 1 5 3 4 5 5 1 2 2 0 1 1 5 3 4 5 5 1 2 2 0 1 1 5 3 4 5
0 17 3 3 3 3 3 3 3 3 3 3 1 5 3 4 5 5 1
0 81 3 3 3 3 4 1 5 3 4 5 5 1 2 2 0 1 1 5 3 4 5 5 1 2 2 0 1 1 5 3 4 5 5 1 2 2 0 1 1 5 3 4 5 5 1 2 2 0 1 1 5 3 4 5 5 1 2 2 0 1 1 5 3 4 5 5 1 2 2 0 1 1 5 3 4 5 5 1 2 2 0
0 14 3 3 3 3 3 3 3 3 3 3 3 1 5 3
0 34 0 2 1 5 3 4 5 5 1 2 2 0 1 1 5 3 4 5 5 1 2 2 0 1 2 1 5 3 4 5 5 1 2 2
0 13 3 3 3 3 3 3 0 5 4 5 5 1 4
0 7 0 2 2 1 5 3 4
0 25 3 3 3 3 4 1 5 3 4 5 5 1 2 2 0 1 1 5 3 4 5 5 1 2 2
0 75 3 3 3 3 4 1 5 3 4 5 5 1 2 2 0 1 1 5 3 4 5 5 1 2 2 0 1 1 5 3 4 5 5 1 2 2 0 1 1 5 3 4 5 5 1 2 2 0 1 1 5 3 4 5 5 1 2 2 0 1 1 5 3 4 5 5 1 2 2 0 1 1 5 3 4
0 12 3 3 3 3 3 1 5 3 4 5 5 1
0 18 3 3 3 3 3 3 0 5 4 5 5 1 4 5 4 2 1 1
0 28 3 0 2 1 5 3 4 5 5 1 2 2 0 1 1 5 3 4 5 5 1 2 2 0 1 1 5 3
0 30 3 3 3 3 3 3 3 3 3 3 4 1 5 3 4 5 5 1 2 2 0 1 1 5 3 4 5 5 1 2
0 23 3 3 3 3 3 3 3 3 3 3 4 1 5 3 4 5 5 1 2 2 0 1 1
0 18 3 3 3 3 3 3 3 3 3 3 3 1 5 3 4 5 5 1
0 32 3 0 2 1 5 3 4 5 5 1 2 2 0 1 1 5 3 4 5 5 1 2 2 0 1 1 5 3 4 5 5 1
0 39 3 3 3 3 3 3 3 3 4 2 2 1 5 3 4 5 5 1 2 2 0 1 1 5 3 4 5 5 1 2 2 0 1 1 5 3 4 5 5
0 5 3 3 1 5 3
0 5 0 5 4 5 5
0 10 3 3 3 3 3 3 1 5 3 4
0 12 3 0 2 1 5 3 4 5 5 1 2 2
0 17 3 3 3 3 3 3 3 0 5 4 5 5 1 4 5 4 2
0 13 3 3 3 3 3 3 3 3 3 3 1 5 3
0 21 3 3 3 3 4 1 5 3 4 5 5 1 2 2 0 1 1 5 3 4 5
0 14 3 3 3 3 3 3 3 0 5 4 5 5 1 4
0 59 3 3 3 3 4 1 5 3 4 5 5 1 2 2 0 1 1 5 3 4 5 5 1 2 2 0 1 1 5 3 4 5 5 1 2 2 0 1 1 5 3 4 5 5 1 2 2 0 1 1 5 3 4 5 5 1 2 2 0
0 9 3 3 3 0 5 4 5 5 1
0 54 4 1 5 3 4 5 5 1 2 2 0 1 1 5 3 4 5 5 1 2 2 0 1 1 5 3 4 5 5 1 2 2 0 1 2 1 5 3 4 5 5 1 2 2 0 1 1 5 3 4 5 5 1 2
0 11 4 1 5 3 4 5 5 1 2 2 0
0 9 3 0 5 4 5 5 1 4 5
0 24 3 0 2 1 5 3 4 5 5 1 2 2 0 1 1 5 3 4 5 5 1 2 2 0
0 72 3 3 3 3 4 1 5 3 4 5 5 1 2 2 0 1 1 5 3 4 5 5 1 2 2 0 1 1 5 3 4 5 5 1 2 2 0 1 1 5 3 4 5 5 1 2 2 0 1 1 5 3 4 5 5 1 2 2 0 1 1 5 3 4 5 5 1 2 2 0 1 1
0 9 3 3 3 3 3 0 5 4 5
0 12 3 3 3 3 3 3 4 2 2 1 5 3
0 90 3 3 3 3 4 1 5 3 4 5 5 1 2 2 0 1 1 5 3 4 5 5 1 2 2 0 1 1 5 3 4 5 5 1 2 2 0 1 1 5 3 4 5 5 1 2 2 0 1 1 5 3 4 5 5 1 2 2 0 1 1 5 3 4 5 5 1 2 2 0 1 1 5 3 4 5 5 1 2 2 0 1 1 5 3 4 5 5 1 2
0 37 0 2 1 5 3 4 5 5 1 2 2 0 1 1 5 3 4 5 5 1 2 2 0 1 2 1 5 3 4 5 5 1 2 2 0 1 1
0 37 3 4 1 5 3 4 5 5 1 2 2 0 1 1 5 3 4 5 5 1 2 2 0 1 1 5 3 4 5 5 1 2 2 0 1 1 5
0 8 3 3 3 3 3 1 5 3
0 11 3 3 3 3 3 3 3 1 5 3 4
0 6 3 3 3 3 2 3
0 39 4 1 5 3 4 5 5 1 2 2 0 1 1 5 3 4 5 5 1 2 2 0 1 1 5 3 4 5 5 1 2 2 0 1 1 5 3 4 5
0 7 3 3 3 3 3 2 3
0 5 5 2 3 2 3
0 30 3 3 3 3 4 1 5 3 4 5 5 1 2 2 0 1 1 5 3 4 5 5 1 2 2 0 1 1 5 3
0 15 4 1 5 3 4 5 5 1 2 2 0 1 1 5 3
0 49 4 1 5 3 4 5 5 1 2 2 0 1 1 5 3 4 5 5 1 2 2 0 1 1 5 3 4 5 5 1 2 2 0 1 2 1 5 3 4 5 5 1 2 2 0 1 1 5 3
0 10 3 4 1 5 3 4 5 5 1 2
0 35 3 3 3 3 4 1 5 3 4 5 5 1 2 2 0 1 1 5 3 4 5 5 1 2 2 0 1 1 5 3 4 5 5 1 2
0 38 3 3 3 3 3 3 3 3 4 2 2 1 5 3 4 5 5 1 2 2 0 1 1 5 3 4 5 5 1 2 2 0 1 1 5 3 4 5
0 10 3 3 3 3 3 3 3 3 1 5
0 13 3 0 2 1 5 3 4 5 5 1 2 2 0
0 5 0 2 1 5 3
0 28 3 3 3 3 3 3 3 3 4 2 2 1 5 3 4 5 5 1 2 2 0 1 1 5 3 4 5 5
0 37 4 1 5 3 4 5 5 1 2 2 0 1 1 5 3 4 5 5 1 2 2 0 1 1 5 3 4 5 5 1 2 2 0 1 1 5 3
0 67 4 1 5 3 4 5 5 1 2 2 0 1 1 5 3 4 5 5 1 2 2 0 1 1 5 3 4 5 5 1 2 2 0 1 2 1 5 3 4 5 5 1 2 2 0 1 1 5 3 4 5 5 1 2 2 0 1 1 5 3 4 5 5 1 2 2 0
0 34 3 4 1 5 3 4 5 5 1 2 2 0 1 1 5 3 4 5 5 1 2 2 0 1 1 5 3 4 5 5 1 2 2 0
0 5 3 0 5 4 5
0 19 3 3 3 3 3 3 3 3 3 3 3 3 1 5 3 4 5 5 1
0 9 3 3 3 3 3 3 3 2 3
0 18 3 3 3 3 3 3 3 3 3 3 4 1 5 3 4 5 5 1
0 51 3 3 3 3 3 3 3 3 4 2 2 1 5 3 4 5 5 1 2 2 0 1 1 5 3 4 5 5 1 2 2 0 1 1 5 3 4 5 5 1 2 2 0 1 1 5 3 4 5 5 1
0 6 3 3 0 5 4 5
0 48 4 1 5 3 4 5 5 1 2 2 0 1 1 5 3 4 5 5 1 2 2 0 1 1 5 3 4 5 5 1 2 2 0 1 2 1 5 3 4 5 5 1 2 2 0 1 1 5
0 45 0 2 1 5 3 4 5 5 1 2 2 0 1 1 5 3 4 5 5 1 2 2 0 1 2 1 5 3 4 5 5 1 2 2 0 1 1 5 3 4 5 5 1 2 2
0 16 3 3 3 3 3 3 3 0 5 4 5 5 1 4 5 4
0 40 4 1 5 3 4 5 5 1 2 2 0 1 1 5 3 4 5 5 1 2 2 0 1 1 5 3 4 5 5 1 2 2 0 1 1 5 3 4 5 5
0 46 0 2 1 5 3 4 5 5 1 2 2 0 1 1 5 3 4 5 5 1 2 2 0 1 2 1 5 3 4 5 5 1 2 2 0 1 1 5 3 4 5 5 1 2 2 0
0 14 3 4 1 5 3 4 5 5 1 2 2 0 1 1
0 16 3 3 3 3 3 3 4 2 2 1 5 3 4 5 5 1
0 17 3 3 3 3 3 3 3 3 3 3 4 1 5 3 4 5 5
0 57 3 3 3 3 4 1 5 3 4 5 5 1 2 2 0 1 1 5 3 4 5 5 1 2 2 0 1 1 5 3 4 5 5 1 2 2 0 1 1 5 3 4 5 5 1 2 2 0 1 1 5 3 4 5 5 1 2
0 13 3 3 3 3 3 3 3 2 3 2 3 2 3
0 10 3 3 3 3 4 1 5 3 4 5
0 70 3 3 3 3 4 1 5 3 4 5 5 1 2 2 0 1 1 5 3 4 5 5 1 2 2 0 1 1 5 3 4 5 5 1 2 2 0 1 1 5 3 4 5 5 1 2 2 0 1 1 5 3 4 5 5 1 2 2 0 1 1 5 3 4 5 5 1 2 2 0
0 86 4 1 5 3 4 5 5 1 2 2 0 1 1 5 3 4 5 5 1 2 2 0 1 1 5 3 4 5 5 1 2 2 0 1 1 5 3 4 5 5 1 2 2 0 1 2 1 5 3 4 5 5 1 2 2 0 1 1 5 3 4 5 5 1 2 2 0 1 1 5 3 4 5 5 1 2 2 0 1 1 5 3 4 5 5 1
0 37 4 1 5 3 4 5 5 1 2 2 0 1 1 5 3 4 5 5 1 2 2 0 1 1 5 3 4 5 5 1 2 2 0 1 2 1 5
0 48 3 4 1 5 3 4 5 5 1 2 2 0 1 1 5 3 4 5 5 1 2 2 0 1 1 5 3 4 5 5 1 2 2 0 1 1 5 3 4 5 5 1 2 2 0 1 1 5
0 17 3 3 3 3 3 3 3 3 3 3 3 3 1 5 3 4 5
0 3 5 2 3
0 16 3 4 1 5 3 4 5 5 1 2 2 0 1 1 5 3
0 40 3 4 1 5 3 4 5 5 1 2 2 0 1 1 5 3 4 5 5 1 2 2 0 1 1 5 3 4 5 5 1 2 2 0 1 1 5 3 4 5
0 34 3 3 3 3 4 1 5 3 4 5 5 1 2 2 0 1 1 5 3 4 5 5 1 2 2 0 1 1 5 3 4 5 5 1
0 8 3 3 3 3 3 5 2 3
0 6 3 3 3 3 3 5
0 19 0 2 1 5 3 4 5 5 1 2 2 0 1 1 5 3 4 5 5
0 20 3 3 3 3 3 3 3 3 3 3 3 3 1 5 3 4 5 5 1 2
0 46 3 3 3 3 3 3 3 3 4 2 2 1 5 3 4 5 5 1 2 2 0 1 1 5 3 4 5 5 1 2 2 0 1 1 5 3 4 5 5 1 2 2 0 1 1 5
0 54 3 3 3 3 4 1 5 3 4 5 5 1 2 2 0 1 1 5 3 4 5 5 1 2 2 0 1 1 5 3 4 5 5 1 2 2 0 1 1 5 3 4 5 5 1 2 2 0 1 1 5 3 4 5
0 40 3 3 3 3 3 3 3 3 3 3 4 1 5 3 4 5 5 1 2 2 0 1 1 5 3 4 5 5 1 2 2 0 1 1 5 3 4 5 5 1
0 32 3 3 3 3 3 3 3 3 3 3 4 1 5 3 4 5 5 1 2 2 0 1 1 5 3 4 5 5 1 2 2 0
0 43 3 3 3 3 3 3 3 3 3 3 4 1 5 3 4 5 5 1 2 2 0 1 1 5 3 4 5 5 1 2 2 0 1 1 5 3 4 5 5 1 2 2 0
0 46 3 3 3 3 3 3 3 3 3 3 4 1 5 3 4 5 5 1 2 2 0 1 1 5 3 4 5 5 1 2 2 0 1 1 5 3 4 5 5 1 2 2 0 1 1 5
0 39 3 3 3 3 3 3 3 3 3 3 4 1 5 3 4 5 5 1 2 2 0 1 1 5 3 4 5 5 1 2 2 0 1 1 5 3 4 5 5
0 22 3 0 2 1 5 3 4 5 5 1 2 2 0 1 1 5 3 4 5 5 1 2
0 14 3 3 3 3 3 3 4 2 2 1 5 3 4 5
0 32 0 2 1 5 3 4 5 5 1 2 2 0 1 1 5 3 4 5 5 1 2 2 0 1 2 1 5 3 4 5 5 1
0 52 3 4 1 5 3 4 5 5 1 2 2 0 1 1 5 3 4 5 5 1 2 2 0 1 1 5 3 4 5 5 1 2 2 0 1 1 5 3 4 5 5 1 2 2 0 1 1 5 3 4 5 5
0 13 3 3 3 3 0 5 4 5 5 1 4 5 4
0 4 3 3 0 5
0 54 3 3 3 3 3 3 3 3 4 2 2 1 5 3 4 5 5 1 2 2 0 1 1 5 3 4 5 5 1 2 2 0 1 1 5 3 4 5 5 1 2 2 0 1 1 5 3 4 5 5 1 2 2 0
0 15 3 3 3 0 5 4 5 5 1 4 5 4 2 1 1
0 12 3 3 3 3 3 3 2 5 2 3 2 3
0 65 4 1 5 3 4 5 5 1 2 2 0 1 1 5 3 4 5 5 1 2 2 0 1 1 5 3 4 5 5 1 2 2 0 1 2 1 5 3 4 5 5 1 2 2 0 1 1 5 3 4 5 5 1 2 2 0 1 1 5 3 4 5 5 1 2
0 36 3 3 3 3 4 1 5 3 4 5 5 1 2 2 0 1 1 5 3 4 5 5 1 2 2 0 1 1 5 3 4 5 5 1 2 2
0 10 3 3 3 3 3 1 5 3 4 5
0 76 4 1 5 3 4 5 5 1 2 2 0 1 1 5 3 4 5 5 1 2 2 0 1 1 5 3 4 5 5 1 2 2 0 1 1 5 3 4 5 5 1 2 2 0 1 2 1 5 3 4 5 5 1 2 2 0 1 1 5 3 4 5 5 1 2 2 0 1 1 5 3 4 5 5 1 2
0 11 3 1 5 3 4 5 5 1 2 2 0
0 10 0 2 2 1 5 3 4 5 5 1
0 6 3 3 3 3 1 5
0 10 4 1 5 3 4 5 5 1 2 2
0 10 3 3 0 5 4 5 5 1 4 5
0 64 4 1 5 3 4 5 5 1 2 2 0 1 1 5 3 4 5 5 1 2 2 0 1 1 5 3 4 5 5 1 2 2 0 1 1 5 3 4 5 5 1 2 2 0 1 2 1 5 3 4 5 5 1 2 2 0 1 1 5 3 4 5 5 1
0 53 3 3 3 3 4 1 5 3 4 5 5 1 2 2 0 1 1 5 3 4 5 5 1 2 2 0 1 1 5 3 4 5 5 1 2 2 0 1 1 5 3 4 5 5 1 2 2 0 1 1 5 3 4
0 42 4 1 5 3 4 5 5 1 2 2 0 1 1 5 3 4 5 5 1 2 2 0 1 1 5 3 4 5 5 1 2 2 0 1 1 5 3 4 5 5 1 2
0 20 3 3 3 3 3 3 3 3 3 3 4 1 5 3 4 5 5 1 2 2
0 14 3 3 3 3 3 3 3 1 5 3 4 5 5 1
0 13 3 3 3 3 4 1 5 3 4 5 5 1 2
0 7 0 2 1 5 3 4 5
0 51 4 1 5 3 4 5 5 1 2 2 0 1 1 5 3 4 5 5 1 2 2 0 1 1 5 3 4 5 5 1 2 2 0 1 1 5 3 4 5 5 1 2 2 0 1 2 1 5 3 4 5
0 23 3 0 2 1 5 3 4 5 5 1 2 2 0 1 1 5 3 4 5 5 1 2 2
0 80 3 3 3 3 4 1 5 3 4 5 5 1 2 2 0 1 1 5 3 4 5 5 1 2 2 0 1 1 5 3 4 5 5 1 2 2 0 1 1 5 3 4 5 5 1 2 2 0 1 1 5 3 4 5 5 1 2 2 0 1 1 5 3 4 5 5 1 2 2 0 1 1 5 3 4 5 5 1 2 2
0 8 3 3 3 3 3 3 2 5
0 5 3 3 3 3 5
0 15 3 3 3 3 4 1 5 3 4 5 5 1 2 2 0
0 8 3 3 3 3 0 5 4 5
0 5 3 3 3 2 3
0 18 0 2 1 5 3 4 5 5 1 2 2 0 1 1 5 3 4 5
0 4 0 2 2 1
0 43 3 3 3 3 4 1 5 3 4 5 5 1 2 2 0 1 1 5 3 4 5 5 1 2 2 0 1 1 5 3 4 5 5 1 2 2 0 1 1 5 3 4 5
0 32 3 4 1 5 3 4 5 5 1 2 2 0 1 1 5 3 4 5 5 1 2 2 0 1 1 5 3 4 5 5 1 2
0 9 3 3 3 2 3 2 5 2 5
0 15 3 4 1 5 3 4 5 5 1 2 2 0 1 1 5
0 56 4 1 5 3 4 5 5 1 2 2 0 1 1 5 3 4 5 5 1 2 2 0 1 1 5 3 4 5 5 1 2 2 0 1 1 5 3 4 5 5 1 2 2 0 1 2 1 5 3 4 5 5 1 2 2 0
0 16 4 1 5 3 4 5 5 1 2 2 0 1 1 5 3 4
0 16 3 3 3 3 3 0 5 4 5 5 1 4 5 4 2 1
0 61 3 3 3 3 4 1 5 3 4 5 5 1 2 2 0 1 1 5 3 4 5 5 1 2 2 0 1 1 5 3 4 5 5 1 2 2 0 1 1 5 3 4 5 5 1 2 2 0 1 1 5 3 4 5 5 1 2 2 0 1 1
0 12 3 3 3 3 3 3 3 1 5 3 4 5
0 18 3 0 2 1 5 3 4 5 5 1 2 2 0 1 1 5 3 4
0 30 0 2 1 5 3 4 5 5 1 2 2 0 1 1 5 3 4 5 5 1 2 2 0 1 2 1 5 3 4 5
0 52 4 1 5 3 4 5 5 1 2 2 0 1 1 5 3 4 5 5 1 2 2 0 1 1 5 3 4 5 5 1 2 2 0 1 1 5 3 4 5 5 1 2 2 0 1 2 1 5 3 4 5 5
0 69 4 1 5 3 4 5 5 1 2 2 0 1 1 5 3 4 5 5 1 2 2 0 1 1 5 3 4 5 5 1 2 2 0 1 1 5 3 4 5 5 1 2 2 0 1 2 1 5 3 4 5 5 1 2 2 0 1 1 5 3 4 5 5 1 2 2 0 1 1
0 7 3 3 3 2 3 2 5
0 12 3 3 0 5 4 5 5 1 4 5 4 2
0 89 4 1 5 3 4 5 5 1 2 2 0 1 1 5 3 4 5 5 1 2 2 0 1 1 5 3 4 5 5 1 2 2 0 1 1 5 3 4 5 5 1 2 2 0 1 2 1 5 3 4 5 5 1 2 2 0 1 1 5 3 4 5 5 1 2 2 0 1 1 5 3 4 5 5 1 2 2 0 1 1 5 3 4 5 5 1 2 2 0
0 10 3 3 3 3 3 3 2 5 2 3
0 16 3 3 3 3 3 3 3 1 5 3 4 5 5 1 2 2
0 14 3 3 3 3 4 1 5 3 4 5 5 1 2 2
0 7 3 0 2 1 5 3 4
0 28 3 3 3 3 4 1 5 3 4 5 5 1 2 2 0 1 1 5 3 4 5 5 1 2 2 0 1 1
0 18 3 3 3 3 3 3 3 3 3 3 3 3 1 5 3 4 5 5
0 3 4 1 5
0 50 3 4 1 5 3 4 5 5 1 2 2 0 1 1 5 3 4 5 5 1 2 2 0 1 1 5 3 4 5 5 1 2 2 0 1 1 5 3 4 5 5 1 2 2 0 1 1 5 3 4
0 45 4 1 5 3 4 5 5 1 2 2 0 1 1 5 3 4 5 5 1 2 2 0 1 1 5 3 4 5 5 1 2 2 0 1 2 1 5 3 4 5 5 1 2 2 0
0 3 0 2 1
0 7 3 3 3 3 3 0 5
0 32 3 3 3 3 3 3 3 3 4 2 2 1 5 3 4 5 5 1 2 2 0 1 1 5 3 4 5 5 1 2 2 0
0 48 3 3 3 3 4 1 5 3 4 5 5 1 2 2 0 1 1 5 3 4 5 5 1 2 2 0 1 1 5 3 4 5 5 1 2 2 0 1 1 5 3 4 5 5 1 2 2 0
0 14 3 3 3 3 3 3 3 3 3 3 4 1 5 3
0 8 3 1 5 3 4 5 5 1
0 17 3 3 3 3 3 0 5 4 5 5 1 4 5 4 2 1 1
0 20 3 3 3 3 3 3 3 3 3 3 3 1 5 3 4 5 5 1 2 2
0 9 3 3 3 3 1 5 3 4 5
0 28 3 3 3 3 3 3 3 3 3 3 4 1 5 3 4 5 5 1 2 2 0 1 1 5 3 4 5 5
0 14 3 3 3 3 1 5 3 4 5 5 1 2 2 0
0 9 3 3 1 5 3 4 5 5 1
0 63 3 3 3 3 4 1 5 3 4 5 5 1 2 2 0 1 1 5 3 4 5 5 1 2 2 0 1 1 5 3 4 5 5 1 2 2 0 1 1 5 3 4 5 5 1 2 2 0 1 1 5 3 4 5 5 1 2 2 0 1 1 5 3
0 2 4 1
0 27 4 1 5 3 4 5 5 1 2 2 0 1 1 5 3 4 5 5 1 2 2 0 1 1 5 3 4
0 43 3 3 3 3 3 3 3 3 4 2 2 1 5 3 4 5 5 1 2 2 0 1 1 5 3 4 5 5 1 2 2 0 1 1 5 3 4 5 5 1 2 2 0
0 44 4 1 5 3 4 5 5 1 2 2 0 1 1 5 3 4 5 5 1 2 2 0 1 1 5 3 4 5 5 1 2 2 0 1 1 5 3 4 5 5 1 2 2 0
0 8 3 3 3 1 5 3 4 5
0 29 3 3 3 3 3 3 3 3 4 2 2 1 5 3 4 5 5 1 2 2 0 1 1 5 3 4 5 5 1
0 28 0 2 1 5 3 4 5 5 1 2 2 0 1 1 5 3 4 5 5 1 2 2 0 1 2 1 5 3
0 10 0 5 4 5 5 1 4 5 4 2
0 39 0 2 1 5 3 4 5 5 1 2 2 0 1 1 5 3 4 5 5 1 2 2 0 1 2 1 5 3 4 5 5 1 2 2 0 1 1 5 3
0 27 3 3 3 3 3 3 3 3 4 2 2 1 5 3 4 5 5 1 2 2 0 1 1 5 3 4 5
0 19 3 0 2 1 5 3 4 5 5 1 2 2 0 1 1 5 3 4 5
0 44 0 2 1 5 3 4 5 5 1 2 2 0 1 1 5 3 4 5 5 1 2 2 0 1 2 1 5 3 4 5 5 1 2 2 0 1 1 5 3 4 5 5 1 2
0 6 3 3 3 1 5 3
0 20 3 0 2 1 5 3 4 5 5 1 2 2 0 1 1 5 3 4 5 5
0 43 3 4 1 5 3 4 5 5 1 2 2 0 1 1 5 3 4 5 5 1 2 2 0 1 1 5 3 4 5 5 1 2 2 0 1 1 5 3 4 5 5 1 2
0 4 3 4 1 5
0 19 3 3 3 3 3 3 4 2 2 1 5 3 4 5 5 1 2 2 0
0 36 4 1 5 3 4 5 5 1 2 2 0 1 1 5 3 4 5 5 1 2 2 0 1 1 5 3 4 5 5 1 2 2 0 1 2 1
0 84 3 3 3 3 4 1 5 3 4 5 5 1 2 2 0 1 1 5 3 4 5 5 1 2 2 0 1 1 5 3 4 5 5 1 2 2 0 1 1 5 3 4 5 5 1 2 2 0 1 1 5 3 4 5 5 1 2 2 0 1 1 5 3 4 5 5 1 2 2 0 1 1 5 3 4 5 5 1 2 2 0 1 1 5
0 45 3 3 3 3 3 3 3 3 3 3 4 1 5 3 4 5 5 1 2 2 0 1 1 5 3 4 5 5 1 2 2 0 1 1 5 3 4 5 5 1 2 2 0 1 1
0 10 3 0 2 1 5 3 4 5 5 1
0 6 3 1 5 3 4 5
0 32 3 3 3 3 4 1 5 3 4 5 5 1 2 2 0 1 1 5 3 4 5 5 1 2 2 0 1 1 5 3 4 5
0 54 4 1 5 3 4 5 5 1 2 2 0 1 1 5 3 4 5 5 1 2 2 0 1 1 5 3 4 5 5 1 2 2 0 1 1 5 3 4 5 5 1 2 2 0 1 2 1 5 3 4 5 5 1 2
0 71 4 1 5 3 4 5 5 1 2 2 0 1 1 5 3 4 5 5 1 2 2 0 1 1 5 3 4 5 5 1 2 2 0 1 1 5 3 4 5 5 1 2 2 0 1 2 1 5 3 4 5 5 1 2 2 0 1 1 5 3 4 5 5 1 2 2 0 1 1 5 3
0 11 3 0 5 4 5 5 1 4 5 4 2
0 8 3 3 3 3 4 1 5 3
0 75 4 1 5 3 4 5 5 1 2 2 0 1 1 5 3 4 5 5 1 2 2 0 1 1 5 3 4 5 5 1 2 2 0 1 1 5 3 4 5 5 1 2 2 0 1 2 1 5 3 4 5 5 1 2 2 0 1 1 5 3 4 5 5 1 2 2 0 1 1 5 3 4 5 5 1
0 61 4 1 5 3 4 5 5 1 2 2 0 1 1 5 3 4 5 5 1 2 2 0 1 1 5 3 4 5 5 1 2 2 0 1 1 5 3 4 5 5 1 2 2 0 1 2 1 5 3 4 5 5 1 2 2 0 1 1 5 3 4
0 4 3 5 2 5
0 7 3 0 5 4 5 5 1
0 33 3 4 1 5 3 4 5 5 1 2 2 0 1 1 5 3 4 5 5 1 2 2 0 1 1 5 3 4 5 5 1 2 2
0 11 3 0 2 1 5 3 4 5 5 1 2
0 15 3 3 3 3 3 0 5 4 5 5 1 4 5 4 2
0 35 3 0 2 1 5 3 4 5 5 1 2 2 0 1 1 5 3 4 5 5 1 2 2 0 1 1 5 3 4 5 5 1 2 2 0
0 14 3 3 3 3 3 3 3 3 1 5 3 4 5 5
0 22 3 3 3 3 4 1 5 3 4 5 5 1 2 2 0 1 1 5 3 4 5 5
0 27 3 3 3 3 3 3 3 3 3 3 4 1 5 3 4 5 5 1 2 2 0 1 1 5 3 4 5
0 6 3 4 1 5 3 4
0 16 3 3 3 3 3 3 3 3 3 1 5 3 4 5 5 1
0 69 3 3 3 3 4 1 5 3 4 5 5 1 2 2 0 1 1 5 3 4 5 5 1 2 2 0 1 1 5 3 4 5 5 1 2 2 0 1 1 5 3 4 5 5 1 2 2 0 1 1 5 3 4 5 5 1 2 2 0 1 1 5 3 4 5 5 1 2 2
0 15 3 3 3 3 0 5 4 5 5 1 4 5 4 2 1
0 60 4 1 5 3 4 5 5 1 2 2 0 1 1 5 3 4 5 5 1 2 2 0 1 1 5 3 4 5 5 1 2 2 0 1 2 1 5 3 4 5 5 1 2 2 0 1 1 5 3 4 5 5 1 2 2 0 1 1 5 3
0 25 3 4 1 5 3 4 5 5 1 2 2 0 1 1 5 3 4 5 5 1 2 2 0 1 1
0 9 3 3 3 3 3 3 1 5 3
0 11 3 3 3 3 3 3 0 5 4 5 5
0 9 3 3 3 3 3 3 3 1 5
0 73 4 1 5 3 4 5 5 1 2 2 0 1 1 5 3 4 5 5 1 2 2 0 1 1 5 3 4 5 5 1 2 2 0 1 1 5 3 4 5 5 1 2 2 0 1 2 1 5 3 4 5 5 1 2 2 0 1 1 5 3 4 5 5 1 2 2 0 1 1 5 3 4 5
0 15 3 3 3 3 3 3 3 3 3 1 5 3 4 5 5
0 7 3 4 1 5 3 4 5
0 41 3 3 3 3 3 3 3 3 4 2 2 1 5 3 4 5 5 1 2 2 0 1 1 5 3 4 5 5 1 2 2 0 1 1 5 3 4 5 5 1 2
