660 6
1 0 
1 19 4 5 5 5 5 5 5 5 5 5 5 4 5 5 1 4 4 3 1
1 28 4 5 5 5 5 4 5 5 1 4 4 3 1 5 2 2 2 2 2 2 1 2 2 2 2 2 2 0
1 50 5 2 2 2 2 1 2 2 3 4 2 5 1 4 4 3 1 4 5 5 5 5 5 5 5 5 2 3 3 3 3 3 4 3 4 3 4 3 3 4 3 1 2 0 5 1 4 4 3 1
1 42 0 1 2 2 2 1 2 2 2 2 5 2 2 2 2 1 3 1 2 2 2 2 2 1 2 2 2 2 2 2 5 2 2 2 2 1 2 2 5 2 3 0
1 13 5 2 3 1 1 2 2 2 1 5 2 2 0
1 20 5 2 2 2 5 2 2 2 2 5 2 2 2 1 2 2 2 2 1 0
1 6 1 2 2 2 2 0
1 79 3 4 0 3 3 3 3 3 4 3 4 3 2 4 3 1 5 2 2 2 2 5 2 2 2 2 2 0 5 2 2 2 2 1 2 2 5 2 2 2 2 2 2 5 2 2 2 2 2 5 2 2 2 2 2 0 2 3 3 3 4 3 4 3 4 3 4 3 4 3 3 3 3 3 3 3 4 3 1
1 27 4 5 3 5 1 4 4 3 1 0 5 2 1 5 2 2 2 5 2 2 2 1 2 2 2 2 3
1 34 4 5 5 5 5 5 5 5 5 4 5 5 1 4 4 3 1 5 2 2 0 4 5 3 5 1 4 4 3 1 1 2 2 0
1 29 4 0 3 3 3 3 3 3 3 3 3 3 3 3 3 4 3 1 3 2 3 5 1 4 4 3 1 0 0
1 11 4 5 5 4 5 5 1 4 4 3 1
1 103 4 5 5 2 5 1 4 4 3 1 5 2 2 2 2 5 0 2 5 5 5 5 5 5 5 5 2 3 3 3 3 3 4 3 4 3 4 3 3 3 3 3 3 4 3 1 2 5 5 5 5 5 5 5 5 5 5 5 5 4 5 3 3 3 3 3 4 3 4 3 4 3 4 3 3 3 3 3 4 3 1 2 4 5 3 3 3 4 3 4 3 4 3 4 3 4 3 4 3 2 4 3 1
1 1 3
1 29 2 3 5 1 4 4 3 1 2 5 5 5 5 5 5 5 5 5 5 5 5 4 5 5 1 4 4 3 1
1 58 1 2 2 2 3 1 2 2 2 2 2 2 1 2 2 2 2 3 2 2 3 3 3 3 3 3 4 3 4 3 4 3 1 1 2 5 2 2 2 2 0 2 5 5 5 5 5 5 5 5 4 5 5 1 4 4 3 1
1 11 5 2 2 2 2 1 2 2 2 2 3
1 25 0 2 5 5 5 5 4 5 3 3 4 3 4 3 4 3 4 3 4 3 2 4 3 1 0
1 8 2 2 5 1 4 4 3 1
1 14 2 4 5 5 1 4 4 3 1 1 2 2 2 0
1 52 4 5 5 5 5 5 5 5 5 5 5 2 5 1 4 4 3 1 0 4 5 3 5 1 4 4 3 1 4 5 5 5 5 5 5 5 5 4 5 3 3 3 4 3 4 3 4 3 2 4 3 1
1 53 1 2 2 2 2 3 0 0 4 5 5 5 5 5 5 5 5 4 5 3 3 3 4 3 4 3 4 3 4 3 4 3 4 3 4 3 1 2 0 5 1 4 4 3 1 2 3 5 1 4 4 3 1
0 5 3 2 5 3 3
0 4 4 4 5 3
0 11 2 5 5 5 5 5 5 5 5 4 5
0 46 1 2 2 2 5 2 2 2 5 2 1 2 3 5 2 0 5 2 2 2 2 2 2 5 2 2 2 2 5 2 2 5 2 5 2 2 2 5 2 2 2 2 2 2 3 2
0 7 0 2 5 5 5 5 5
0 5 4 3 3 3 3
0 45 0 1 2 1 2 2 5 2 2 5 2 0 4 5 3 3 3 3 3 4 3 4 3 4 3 4 3 2 4 3 1 5 2 2 1 2 2 2 2 5 2 2 2 2 2
0 4 2 4 5 3
0 71 1 2 2 2 5 1 2 2 2 2 2 5 2 2 2 2 2 3 4 5 3 5 1 4 4 3 1 2 3 3 4 3 2 4 3 1 4 5 5 5 5 5 5 5 5 5 5 4 5 5 1 4 4 3 1 2 5 3 3 3 4 3 4 3 4 3 4 3 3 3 4
0 17 2 4 5 3 3 3 3 3 3 3 3 4 3 1 2 2 3
0 12 4 3 3 3 3 3 3 4 3 4 3 4
0 7 1 2 2 5 1 2 2
0 9 2 5 5 5 5 5 5 5 5
0 18 0 2 5 5 5 5 5 5 5 5 5 5 4 5 5 1 4 4
0 35 0 1 2 1 2 2 5 2 2 5 2 0 4 5 3 3 3 3 3 4 3 4 3 4 3 4 3 2 4 3 1 5 2 2 1
0 22 2 4 5 3 3 3 3 3 3 3 3 4 3 1 2 2 3 3 3 3 3 3
0 9 5 2 1 2 2 2 2 2 1
0 8 5 2 1 2 2 2 2 2
0 19 0 1 2 1 2 2 5 2 2 5 2 0 4 5 3 3 3 3 3
0 9 5 2 5 2 1 2 2 2 2
0 36 4 3 5 1 4 4 3 1 0 4 3 3 3 3 3 4 3 4 3 4 3 3 3 3 3 3 4 3 1 2 5 5 5 5 4 5
0 38 1 2 2 2 5 1 2 2 2 2 2 5 2 2 2 2 2 3 4 5 3 5 1 4 4 3 1 2 3 3 4 3 2 4 3 1 4 5
0 30 3 2 5 3 3 3 3 3 3 4 3 4 3 4 3 4 3 4 3 4 3 3 3 3 3 4 3 1 2 3
0 19 0 2 5 5 5 5 5 5 5 5 4 5 3 3 4 3 4 3 4
0 22 4 3 3 3 3 3 3 4 3 4 3 4 3 4 3 4 3 3 3 3 4 3
0 10 0 2 5 5 5 5 5 5 5 5
0 10 3 2 5 3 3 3 3 3 3 4
0 50 1 2 2 2 5 2 2 2 5 2 1 2 3 5 2 0 5 2 2 2 2 2 2 5 2 2 2 2 5 2 2 5 2 5 2 2 2 5 2 2 2 2 2 2 3 2 5 5 5 5
0 30 4 5 5 5 5 5 5 5 5 5 5 4 5 5 1 4 4 3 1 4 5 5 5 5 5 5 5 5 5 5
0 74 1 2 2 2 5 1 2 2 2 2 2 5 2 2 2 2 2 3 4 5 3 5 1 4 4 3 1 2 3 3 4 3 2 4 3 1 4 5 5 5 5 5 5 5 5 5 5 4 5 5 1 4 4 3 1 2 5 3 3 3 4 3 4 3 4 3 4 3 3 3 4 3 1 5
0 26 2 4 5 3 3 3 3 3 3 3 3 4 3 1 2 2 3 3 3 3 3 3 4 3 4 3
0 43 0 1 2 1 2 2 5 2 2 5 2 0 4 5 3 3 3 3 3 4 3 4 3 4 3 4 3 2 4 3 1 5 2 2 1 2 2 2 2 5 2 2 2
0 12 1 2 2 2 5 1 2 2 2 2 2 5
0 23 1 2 2 2 2 2 5 2 2 2 2 3 1 2 2 2 2 2 1 2 2 2 2
0 8 2 3 3 3 3 4 3 4
0 6 2 4 5 3 3 3
0 53 1 2 2 2 5 2 2 2 5 2 1 2 3 5 2 0 5 2 2 2 2 2 2 5 2 2 2 2 5 2 2 5 2 5 2 2 2 5 2 2 2 2 2 2 3 2 5 5 5 5 5 5 2
0 34 4 5 5 5 5 5 5 5 5 4 5 5 1 4 4 3 1 2 5 3 3 3 3 3 3 3 4 3 4 3 4 3 4 3
0 17 2 3 3 3 3 4 3 4 3 4 3 2 4 3 1 1 2
0 35 1 2 2 2 5 2 2 2 5 2 1 2 3 5 2 0 5 2 2 2 2 2 2 5 2 2 2 2 5 2 2 5 2 5 2
0 4 4 5 5 5
0 27 3 2 5 3 3 3 3 3 3 4 3 4 3 4 3 4 3 4 3 4 3 3 3 3 3 4 3
0 7 0 1 2 2 2 2 1
0 43 3 2 5 3 3 3 3 3 3 4 3 4 3 4 3 4 3 4 3 4 3 3 3 3 3 4 3 1 2 3 5 1 4 4 3 1 0 2 3 5 1 4 4
0 40 0 1 2 1 2 2 5 2 2 5 2 0 4 5 3 3 3 3 3 4 3 4 3 4 3 4 3 2 4 3 1 5 2 2 1 2 2 2 2 5
0 10 2 3 3 3 3 4 3 4 3 4
0 20 4 5 5 5 5 5 5 5 5 5 5 4 5 5 1 4 4 3 1 4
0 33 3 2 5 3 3 3 3 3 3 4 3 4 3 4 3 4 3 4 3 4 3 3 3 3 3 4 3 1 2 3 5 1 4
0 39 4 5 5 5 5 5 5 5 5 5 5 4 5 3 3 3 3 4 3 4 3 4 3 4 3 4 3 2 4 3 1 4 5 3 5 1 4 4 3
0 7 1 2 2 2 5 1 2
0 8 2 5 5 5 5 5 5 5
0 19 2 3 3 3 3 4 3 4 3 4 3 2 4 3 1 1 2 2 2
0 10 1 2 2 2 2 2 5 2 2 2
0 5 4 5 5 5 5
0 10 2 4 5 3 3 3 3 3 3 3
0 18 3 2 5 3 3 3 3 3 3 4 3 4 3 4 3 4 3 4
0 26 0 1 2 2 2 2 1 2 2 2 5 2 2 2 2 5 2 2 2 2 2 1 5 2 2 2
0 67 1 2 2 2 5 1 2 2 2 2 2 5 2 2 2 2 2 3 4 5 3 5 1 4 4 3 1 2 3 3 4 3 2 4 3 1 4 5 5 5 5 5 5 5 5 5 5 4 5 5 1 4 4 3 1 2 5 3 3 3 4 3 4 3 4 3 4
0 2 4 4
0 51 0 1 2 1 2 2 5 2 2 5 2 0 4 5 3 3 3 3 3 4 3 4 3 4 3 4 3 2 4 3 1 5 2 2 1 2 2 2 2 5 2 2 2 2 2 2 5 1 2 2 2
0 18 4 5 5 5 5 5 5 5 5 5 5 4 5 5 1 4 4 3
0 7 4 3 5 1 4 4 3
0 41 0 1 2 1 2 2 5 2 2 5 2 0 4 5 3 3 3 3 3 4 3 4 3 4 3 4 3 2 4 3 1 5 2 2 1 2 2 2 2 5 2
0 51 4 5 5 5 5 5 5 5 5 5 5 4 5 3 3 3 3 4 3 4 3 4 3 4 3 4 3 2 4 3 1 4 5 3 5 1 4 4 3 1 5 2 1 2 2 2 2 2 2 5 5
0 34 1 2 2 2 5 1 2 2 2 2 2 5 2 2 2 2 2 3 4 5 3 5 1 4 4 3 1 2 3 3 4 3 2 4
0 15 5 2 5 2 1 2 2 2 2 2 2 0 5 2 2
0 13 3 2 5 3 3 3 3 3 3 4 3 4 3
0 16 5 2 1 2 2 2 2 2 1 2 2 3 2 0 5 1
0 3 3 2 5
0 29 2 4 5 3 3 3 3 3 3 3 3 4 3 1 2 2 3 3 3 3 3 3 4 3 4 3 4 3 3
0 35 4 3 5 1 4 4 3 1 0 4 3 3 3 3 3 4 3 4 3 4 3 3 3 3 3 3 4 3 1 2 5 5 5 5 4
0 76 1 2 2 2 5 1 2 2 2 2 2 5 2 2 2 2 2 3 4 5 3 5 1 4 4 3 1 2 3 3 4 3 2 4 3 1 4 5 5 5 5 5 5 5 5 5 5 4 5 5 1 4 4 3 1 2 5 3 3 3 4 3 4 3 4 3 4 3 3 3 4 3 1 5 2 2
0 15 4 5 5 5 5 5 5 5 5 5 5 4 5 3 3
0 30 4 5 5 5 5 5 5 5 5 4 5 5 1 4 4 3 1 2 5 3 3 3 3 3 3 3 4 3 4 3
0 43 2 5 5 5 5 5 5 5 5 4 5 3 4 3 4 3 4 3 4 3 4 3 4 3 1 2 5 5 5 5 2 3 4 3 4 3 2 4 3 1 4 5 5
0 13 4 3 3 3 3 3 3 4 3 4 3 4 3
0 12 4 3 5 1 4 4 3 1 0 4 3 3
0 16 1 2 2 2 5 1 2 2 2 2 2 5 2 2 2 2
0 25 0 2 5 5 5 5 5 5 5 5 4 5 3 3 4 3 4 3 4 3 4 3 3 3 3
0 44 4 5 5 5 5 5 5 5 5 5 5 4 5 3 3 3 3 4 3 4 3 4 3 4 3 4 3 2 4 3 1 4 5 3 5 1 4 4 3 1 5 2 1 2
0 7 2 3 3 3 3 4 3
0 14 0 2 5 5 5 5 5 5 5 5 4 5 3 3
0 11 0 2 5 5 5 5 5 5 5 5 5
0 23 4 3 5 1 4 4 3 1 0 4 3 3 3 3 3 4 3 4 3 4 3 3 3
0 5 2 4 5 3 3
0 44 2 5 5 5 5 5 5 5 5 4 5 3 4 3 4 3 4 3 4 3 4 3 4 3 1 2 5 5 5 5 2 3 4 3 4 3 2 4 3 1 4 5 5 5
0 14 3 2 5 3 3 3 3 3 3 4 3 4 3 4
0 18 2 3 3 3 3 4 3 4 3 4 3 2 4 3 1 1 2 2
0 21 0 2 5 5 5 5 5 5 5 5 4 5 3 3 4 3 4 3 4 3 4
0 28 1 2 2 2 5 1 2 2 2 2 2 5 2 2 2 2 2 3 4 5 3 5 1 4 4 3 1 2
0 31 1 2 2 2 5 2 2 2 5 2 1 2 3 5 2 0 5 2 2 2 2 2 2 5 2 2 2 2 5 2 2
0 7 4 3 3 3 3 3 3
0 21 3 2 5 3 3 3 3 3 3 4 3 4 3 4 3 4 3 4 3 4 3
0 1 4
0 41 4 5 5 5 5 5 5 5 5 5 5 4 5 3 3 3 3 4 3 4 3 4 3 4 3 4 3 2 4 3 1 4 5 3 5 1 4 4 3 1 5
0 65 1 2 2 2 5 1 2 2 2 2 2 5 2 2 2 2 2 3 4 5 3 5 1 4 4 3 1 2 3 3 4 3 2 4 3 1 4 5 5 5 5 5 5 5 5 5 5 4 5 5 1 4 4 3 1 2 5 3 3 3 4 3 4 3 4
0 20 2 5 5 5 5 5 5 5 5 4 5 3 4 3 4 3 4 3 4 3
0 5 2 5 3 5 1
0 41 1 2 2 2 5 1 2 2 2 2 2 5 2 2 2 2 2 3 4 5 3 5 1 4 4 3 1 2 3 3 4 3 2 4 3 1 4 5 5 5 5
0 26 3 2 5 3 3 3 3 3 3 4 3 4 3 4 3 4 3 4 3 4 3 3 3 3 3 4
0 6 0 1 2 1 2 2
0 16 4 3 3 3 3 3 3 4 3 4 3 4 3 4 3 4
0 24 1 2 2 2 2 2 5 2 2 2 2 3 1 2 2 2 2 2 1 2 2 2 2 1
0 20 1 2 2 2 2 2 5 2 2 2 2 3 1 2 2 2 2 2 1 2
0 51 1 2 2 2 5 1 2 2 2 2 2 5 2 2 2 2 2 3 4 5 3 5 1 4 4 3 1 2 3 3 4 3 2 4 3 1 4 5 5 5 5 5 5 5 5 5 5 4 5 5 1
0 22 4 5 5 5 5 5 5 5 5 5 5 4 5 3 3 3 3 4 3 4 3 4
0 42 4 5 5 5 5 5 5 5 5 5 5 4 5 3 3 3 3 4 3 4 3 4 3 4 3 4 3 2 4 3 1 4 5 3 5 1 4 4 3 1 5 2
0 6 3 2 5 3 3 3
0 4 0 1 2 1
0 11 4 3 3 3 3 3 3 4 3 4 3
0 9 1 2 2 2 2 2 5 2 2
0 18 0 1 2 1 2 2 5 2 2 5 2 0 4 5 3 3 3 3
0 22 4 5 5 5 5 5 5 5 5 5 5 4 5 5 1 4 4 3 1 4 5 5
0 8 0 2 5 5 5 5 5 5
0 16 4 5 5 5 5 5 5 5 5 5 5 4 5 5 1 4
0 10 4 3 3 3 3 3 3 4 3 4
0 16 2 5 5 5 5 5 5 5 5 4 5 3 4 3 4 3
0 57 1 2 2 2 5 2 2 2 5 2 1 2 3 5 2 0 5 2 2 2 2 2 2 5 2 2 2 2 5 2 2 5 2 5 2 2 2 5 2 2 2 2 2 2 3 2 5 5 5 5 5 5 2 5 1 4 4
0 3 5 2 1
0 17 4 3 5 1 4 4 3 1 0 4 3 3 3 3 3 4 3
0 54 2 5 5 5 5 5 5 5 5 4 5 3 4 3 4 3 4 3 4 3 4 3 4 3 1 2 5 5 5 5 2 3 4 3 4 3 2 4 3 1 4 5 5 5 5 5 5 5 5 4 5 3 3 2
0 22 0 2 5 5 5 5 5 5 5 5 4 5 3 3 4 3 4 3 4 3 4 3
0 32 1 2 2 2 5 2 2 2 5 2 1 2 3 5 2 0 5 2 2 2 2 2 2 5 2 2 2 2 5 2 2 5
0 60 1 2 2 2 5 1 2 2 2 2 2 5 2 2 2 2 2 3 4 5 3 5 1 4 4 3 1 2 3 3 4 3 2 4 3 1 4 5 5 5 5 5 5 5 5 5 5 4 5 5 1 4 4 3 1 2 5 3 3 3
0 13 2 4 5 3 3 3 3 3 3 3 3 4 3
0 4 4 3 5 1
0 34 1 2 2 2 5 2 2 2 5 2 1 2 3 5 2 0 5 2 2 2 2 2 2 5 2 2 2 2 5 2 2 5 2 5
0 21 4 5 5 5 5 5 5 5 5 4 5 5 1 4 4 3 1 2 5 3 3
0 35 1 2 2 2 2 2 5 2 2 2 2 3 1 2 2 2 2 2 1 2 2 2 2 1 2 2 2 2 2 0 0 1 2 2 2
0 5 0 2 5 5 5
0 63 1 2 2 2 5 1 2 2 2 2 2 5 2 2 2 2 2 3 4 5 3 5 1 4 4 3 1 2 3 3 4 3 2 4 3 1 4 5 5 5 5 5 5 5 5 5 5 4 5 5 1 4 4 3 1 2 5 3 3 3 4 3 4
0 22 2 3 3 3 3 4 3 4 3 4 3 2 4 3 1 1 2 2 2 5 2 2
0 30 2 4 5 3 3 3 3 3 3 3 3 4 3 1 2 2 3 3 3 3 3 3 4 3 4 3 4 3 3 3
0 13 0 2 5 5 5 5 5 5 5 5 5 5 4
0 19 4 3 3 3 3 3 3 4 3 4 3 4 3 4 3 4 3 3 3
0 32 0 1 2 1 2 2 5 2 2 5 2 0 4 5 3 3 3 3 3 4 3 4 3 4 3 4 3 2 4 3 1 5
0 20 3 2 5 3 3 3 3 3 3 4 3 4 3 4 3 4 3 4 3 4
0 40 3 2 5 3 3 3 3 3 3 4 3 4 3 4 3 4 3 4 3 4 3 3 3 3 3 4 3 1 2 3 5 1 4 4 3 1 0 2 3 5
0 25 0 1 2 2 2 2 1 2 2 2 5 2 2 2 2 5 2 2 2 2 2 1 5 2 2
0 3 4 4 5
0 7 5 2 5 2 1 2 2
0 9 0 2 5 5 5 5 5 5 5
0 11 2 4 5 3 3 3 3 3 3 3 3
0 21 4 3 5 1 4 4 3 1 0 4 3 3 3 3 3 4 3 4 3 4 3
0 80 1 2 2 2 5 1 2 2 2 2 2 5 2 2 2 2 2 3 4 5 3 5 1 4 4 3 1 2 3 3 4 3 2 4 3 1 4 5 5 5 5 5 5 5 5 5 5 4 5 5 1 4 4 3 1 2 5 3 3 3 4 3 4 3 4 3 4 3 3 3 4 3 1 5 2 2 2 2 2 2
0 47 2 5 5 5 5 5 5 5 5 4 5 3 4 3 4 3 4 3 4 3 4 3 4 3 1 2 5 5 5 5 2 3 4 3 4 3 2 4 3 1 4 5 5 5 5 5 5
0 4 0 2 5 5
0 37 4 3 5 1 4 4 3 1 0 4 3 3 3 3 3 4 3 4 3 4 3 3 3 3 3 3 4 3 1 2 5 5 5 5 4 5 5
0 14 0 1 2 1 2 2 5 2 2 5 2 0 4 5
0 14 1 2 2 2 5 1 2 2 2 2 2 5 2 2
0 11 5 2 1 2 2 2 2 2 1 2 2
0 10 0 1 2 1 2 2 5 2 2 5
0 22 1 2 2 2 5 1 2 2 2 2 2 5 2 2 2 2 2 3 4 5 3 5
0 33 4 3 5 1 4 4 3 1 0 4 3 3 3 3 3 4 3 4 3 4 3 3 3 3 3 3 4 3 1 2 5 5 5
0 30 0 1 2 1 2 2 5 2 2 5 2 0 4 5 3 3 3 3 3 4 3 4 3 4 3 4 3 2 4 3
0 35 1 2 2 2 5 1 2 2 2 2 2 5 2 2 2 2 2 3 4 5 3 5 1 4 4 3 1 2 3 3 4 3 2 4 3
0 34 3 2 5 3 3 3 3 3 3 4 3 4 3 4 3 4 3 4 3 4 3 3 3 3 3 4 3 1 2 3 5 1 4 4
0 29 4 5 5 5 5 5 5 5 5 5 5 4 5 3 3 3 3 4 3 4 3 4 3 4 3 4 3 2 4
0 52 1 2 2 2 5 2 2 2 5 2 1 2 3 5 2 0 5 2 2 2 2 2 2 5 2 2 2 2 5 2 2 5 2 5 2 2 2 5 2 2 2 2 2 2 3 2 5 5 5 5 5 5
0 5 0 1 2 2 2
0 21 2 4 5 3 3 3 3 3 3 3 3 4 3 1 2 2 3 3 3 3 3
0 9 3 2 5 3 3 3 3 3 3
0 15 5 2 1 2 2 2 2 2 1 2 2 3 2 0 5
0 32 3 2 5 3 3 3 3 3 3 4 3 4 3 4 3 4 3 4 3 4 3 3 3 3 3 4 3 1 2 3 5 1
0 1 1
0 27 4 5 5 5 5 5 5 5 5 4 5 5 1 4 4 3 1 2 5 3 3 3 3 3 3 3 4
0 18 4 5 5 5 5 5 5 5 5 4 5 5 1 4 4 3 1 2
0 3 0 1 2
0 23 4 5 5 5 5 5 5 5 5 5 5 4 5 3 3 3 3 4 3 4 3 4 3
0 31 3 2 5 3 3 3 3 3 3 4 3 4 3 4 3 4 3 4 3 4 3 3 3 3 3 4 3 1 2 3 5
0 41 4 5 5 5 5 5 5 5 5 4 5 5 1 4 4 3 1 2 5 3 3 3 3 3 3 3 4 3 4 3 4 3 4 3 4 3 4 3 2 4 3
0 17 0 1 2 1 2 2 5 2 2 5 2 0 4 5 3 3 3
0 30 1 2 2 2 5 2 2 2 5 2 1 2 3 5 2 0 5 2 2 2 2 2 2 5 2 2 2 2 5 2
0 6 0 2 5 5 5 5
0 9 0 1 2 2 2 2 1 2 2
0 10 2 5 5 5 5 5 5 5 5 4
0 24 0 2 5 5 5 5 5 5 5 5 4 5 3 3 4 3 4 3 4 3 4 3 3 3
0 15 1 2 2 2 5 2 2 2 5 2 1 2 3 5 2
0 16 0 2 5 5 5 5 5 5 5 5 5 5 4 5 5 1
0 8 4 3 3 3 3 3 3 4
0 31 1 2 2 2 5 1 2 2 2 2 2 5 2 2 2 2 2 3 4 5 3 5 1 4 4 3 1 2 3 3 4
0 29 0 1 2 2 2 2 1 2 2 2 5 2 2 2 2 5 2 2 2 2 2 1 5 2 2 2 2 2 2
0 12 2 4 5 3 3 3 3 3 3 3 3 4
0 11 5 2 5 2 1 2 2 2 2 2 2
0 40 1 2 2 2 5 2 2 2 5 2 1 2 3 5 2 0 5 2 2 2 2 2 2 5 2 2 2 2 5 2 2 5 2 5 2 2 2 5 2 2
0 7 5 2 1 2 2 2 2
0 49 4 5 5 5 5 5 5 5 5 5 5 4 5 3 3 3 3 4 3 4 3 4 3 4 3 4 3 2 4 3 1 4 5 3 5 1 4 4 3 1 5 2 1 2 2 2 2 2 2
0 34 2 4 5 3 3 3 3 3 3 3 3 4 3 1 2 2 3 3 3 3 3 3 4 3 4 3 4 3 3 3 3 3 3 3
0 36 2 4 5 3 3 3 3 3 3 3 3 4 3 1 2 2 3 3 3 3 3 3 4 3 4 3 4 3 3 3 3 3 3 3 4 3
0 19 1 2 2 2 5 2 2 2 5 2 1 2 3 5 2 0 5 2 2
0 48 1 2 2 2 5 2 2 2 5 2 1 2 3 5 2 0 5 2 2 2 2 2 2 5 2 2 2 2 5 2 2 5 2 5 2 2 2 5 2 2 2 2 2 2 3 2 5 5
0 23 1 2 2 2 5 1 2 2 2 2 2 5 2 2 2 2 2 3 4 5 3 5 1
0 15 2 4 5 3 3 3 3 3 3 3 3 4 3 1 2
0 14 5 2 5 2 1 2 2 2 2 2 2 0 5 2
0 18 4 5 5 5 5 5 5 5 5 5 5 4 5 3 3 3 3 4
0 35 4 5 5 5 5 5 5 5 5 5 5 4 5 3 3 3 3 4 3 4 3 4 3 4 3 4 3 2 4 3 1 4 5 3 5
0 22 0 1 2 2 2 2 1 2 2 2 5 2 2 2 2 5 2 2 2 2 2 1
0 22 3 2 5 3 3 3 3 3 3 4 3 4 3 4 3 4 3 4 3 4 3 3
0 24 4 5 5 5 5 5 5 5 5 4 5 5 1 4 4 3 1 2 5 3 3 3 3 3
0 28 1 2 2 2 2 2 5 2 2 2 2 3 1 2 2 2 2 2 1 2 2 2 2 1 2 2 2 2
0 33 0 1 2 1 2 2 5 2 2 5 2 0 4 5 3 3 3 3 3 4 3 4 3 4 3 4 3 2 4 3 1 5 2
0 1 2
0 39 1 2 2 2 5 2 2 2 5 2 1 2 3 5 2 0 5 2 2 2 2 2 2 5 2 2 2 2 5 2 2 5 2 5 2 2 2 5 2
0 37 0 1 2 1 2 2 5 2 2 5 2 0 4 5 3 3 3 3 3 4 3 4 3 4 3 4 3 2 4 3 1 5 2 2 1 2 2
0 18 4 3 5 1 4 4 3 1 0 4 3 3 3 3 3 4 3 4
0 26 4 5 5 5 5 5 5 5 5 5 5 4 5 5 1 4 4 3 1 4 5 5 5 5 5 5
0 34 4 3 5 1 4 4 3 1 0 4 3 3 3 3 3 4 3 4 3 4 3 3 3 3 3 3 4 3 1 2 5 5 5 5
0 7 3 2 5 3 3 3 3
0 8 0 1 2 1 2 2 5 2
0 18 4 3 3 3 3 3 3 4 3 4 3 4 3 4 3 4 3 3
0 24 0 1 2 1 2 2 5 2 2 5 2 0 4 5 3 3 3 3 3 4 3 4 3 4
0 33 4 5 5 5 5 5 5 5 5 4 5 5 1 4 4 3 1 2 5 3 3 3 3 3 3 3 4 3 4 3 4 3 4
0 26 1 2 2 2 2 2 5 2 2 2 2 3 1 2 2 2 2 2 1 2 2 2 2 1 2 2
0 42 2 5 5 5 5 5 5 5 5 4 5 3 4 3 4 3 4 3 4 3 4 3 4 3 1 2 5 5 5 5 2 3 4 3 4 3 2 4 3 1 4 5
0 44 1 2 2 2 5 2 2 2 5 2 1 2 3 5 2 0 5 2 2 2 2 2 2 5 2 2 2 2 5 2 2 5 2 5 2 2 2 5 2 2 2 2 2 2
0 39 4 3 5 1 4 4 3 1 0 4 3 3 3 3 3 4 3 4 3 4 3 3 3 3 3 3 4 3 1 2 5 5 5 5 4 5 5 1 4
0 64 1 2 2 2 5 1 2 2 2 2 2 5 2 2 2 2 2 3 4 5 3 5 1 4 4 3 1 2 3 3 4 3 2 4 3 1 4 5 5 5 5 5 5 5 5 5 5 4 5 5 1 4 4 3 1 2 5 3 3 3 4 3 4 3
0 41 2 5 5 5 5 5 5 5 5 4 5 3 4 3 4 3 4 3 4 3 4 3 4 3 1 2 5 5 5 5 2 3 4 3 4 3 2 4 3 1 4
0 25 1 2 2 2 5 1 2 2 2 2 2 5 2 2 2 2 2 3 4 5 3 5 1 4 4
0 23 0 1 2 2 2 2 1 2 2 2 5 2 2 2 2 5 2 2 2 2 2 1 5
0 13 2 3 3 3 3 4 3 4 3 4 3 2 4
0 18 0 1 2 2 2 2 1 2 2 2 5 2 2 2 2 5 2 2
0 50 4 5 5 5 5 5 5 5 5 5 5 4 5 3 3 3 3 4 3 4 3 4 3 4 3 4 3 2 4 3 1 4 5 3 5 1 4 4 3 1 5 2 1 2 2 2 2 2 2 5
0 38 0 1 2 1 2 2 5 2 2 5 2 0 4 5 3 3 3 3 3 4 3 4 3 4 3 4 3 2 4 3 1 5 2 2 1 2 2 2
0 22 0 1 2 1 2 2 5 2 2 5 2 0 4 5 3 3 3 3 3 4 3 4
0 11 1 2 2 2 2 2 5 2 2 2 2
0 8 1 2 2 2 5 2 2 2
0 61 1 2 2 2 5 1 2 2 2 2 2 5 2 2 2 2 2 3 4 5 3 5 1 4 4 3 1 2 3 3 4 3 2 4 3 1 4 5 5 5 5 5 5 5 5 5 5 4 5 5 1 4 4 3 1 2 5 3 3 3 4
0 33 4 5 5 5 5 5 5 5 5 5 5 4 5 5 1 4 4 3 1 4 5 5 5 5 5 5 5 5 5 5 5 5 4
0 9 0 1 2 1 2 2 5 2 2
0 11 4 4 5 3 3 4 3 4 3 4 3
0 6 2 5 3 5 1 4
0 53 1 2 2 2 5 1 2 2 2 2 2 5 2 2 2 2 2 3 4 5 3 5 1 4 4 3 1 2 3 3 4 3 2 4 3 1 4 5 5 5 5 5 5 5 5 5 5 4 5 5 1 4 4
0 53 2 5 5 5 5 5 5 5 5 4 5 3 4 3 4 3 4 3 4 3 4 3 4 3 1 2 5 5 5 5 2 3 4 3 4 3 2 4 3 1 4 5 5 5 5 5 5 5 5 4 5 3 3
0 31 4 3 5 1 4 4 3 1 0 4 3 3 3 3 3 4 3 4 3 4 3 3 3 3 3 3 4 3 1 2 5
0 32 4 5 5 5 5 5 5 5 5 5 5 4 5 3 3 3 3 4 3 4 3 4 3 4 3 4 3 2 4 3 1 4
0 27 0 1 2 2 2 2 1 2 2 2 5 2 2 2 2 5 2 2 2 2 2 1 5 2 2 2 2
0 25 0 1 2 1 2 2 5 2 2 5 2 0 4 5 3 3 3 3 3 4 3 4 3 4 3
0 38 4 3 5 1 4 4 3 1 0 4 3 3 3 3 3 4 3 4 3 4 3 3 3 3 3 3 4 3 1 2 5 5 5 5 4 5 5 1
0 12 0 2 5 5 5 5 5 5 5 5 5 5
0 20 4 3 5 1 4 4 3 1 0 4 3 3 3 3 3 4 3 4 3 4
0 41 4 3 5 1 4 4 3 1 0 4 3 3 3 3 3 4 3 4 3 4 3 3 3 3 3 3 4 3 1 2 5 5 5 5 4 5 5 1 4 4 3
0 14 1 2 2 2 5 2 2 2 5 2 1 2 3 5
0 27 2 4 5 3 3 3 3 3 3 3 3 4 3 1 2 2 3 3 3 3 3 3 4 3 4 3 4
0 40 4 3 5 1 4 4 3 1 0 4 3 3 3 3 3 4 3 4 3 4 3 3 3 3 3 3 4 3 1 2 5 5 5 5 4 5 5 1 4 4
0 7 2 4 5 3 3 3 3
0 77 1 2 2 2 5 1 2 2 2 2 2 5 2 2 2 2 2 3 4 5 3 5 1 4 4 3 1 2 3 3 4 3 2 4 3 1 4 5 5 5 5 5 5 5 5 5 5 4 5 5 1 4 4 3 1 2 5 3 3 3 4 3 4 3 4 3 4 3 3 3 4 3 1 5 2 2 2
0 11 1 2 2 2 5 2 2 2 5 2 1
0 28 0 1 2 2 2 2 1 2 2 2 5 2 2 2 2 5 2 2 2 2 2 1 5 2 2 2 2 2
0 50 2 5 5 5 5 5 5 5 5 4 5 3 4 3 4 3 4 3 4 3 4 3 4 3 1 2 5 5 5 5 2 3 4 3 4 3 2 4 3 1 4 5 5 5 5 5 5 5 5 4
0 20 0 1 2 2 2 2 1 2 2 2 5 2 2 2 2 5 2 2 2 2
0 62 1 2 2 2 5 1 2 2 2 2 2 5 2 2 2 2 2 3 4 5 3 5 1 4 4 3 1 2 3 3 4 3 2 4 3 1 4 5 5 5 5 5 5 5 5 5 5 4 5 5 1 4 4 3 1 2 5 3 3 3 4 3
0 19 4 3 5 1 4 4 3 1 0 4 3 3 3 3 3 4 3 4 3
0 10 0 1 2 2 2 2 1 2 2 2
0 68 1 2 2 2 5 1 2 2 2 2 2 5 2 2 2 2 2 3 4 5 3 5 1 4 4 3 1 2 3 3 4 3 2 4 3 1 4 5 5 5 5 5 5 5 5 5 5 4 5 5 1 4 4 3 1 2 5 3 3 3 4 3 4 3 4 3 4 3
0 50 0 1 2 1 2 2 5 2 2 5 2 0 4 5 3 3 3 3 3 4 3 4 3 4 3 4 3 2 4 3 1 5 2 2 1 2 2 2 2 5 2 2 2 2 2 2 5 1 2 2
0 14 2 5 5 5 5 5 5 5 5 4 5 3 4 3
0 12 4 5 5 5 5 5 5 5 5 5 5 4
0 32 4 5 5 5 5 5 5 5 5 5 5 4 5 5 1 4 4 3 1 4 5 5 5 5 5 5 5 5 5 5 5 5
0 2 2 4
0 20 4 5 5 5 5 5 5 5 5 5 5 4 5 3 3 3 3 4 3 4
0 16 0 1 2 2 2 2 1 2 2 2 5 2 2 2 2 5
0 32 4 3 5 1 4 4 3 1 0 4 3 3 3 3 3 4 3 4 3 4 3 3 3 3 3 3 4 3 1 2 5 5
0 38 2 5 5 5 5 5 5 5 5 4 5 3 4 3 4 3 4 3 4 3 4 3 4 3 1 2 5 5 5 5 2 3 4 3 4 3 2 4
0 20 4 3 3 3 3 3 3 4 3 4 3 4 3 4 3 4 3 3 3 3
0 9 4 4 5 3 3 4 3 4 3
0 3 4 3 5
0 33 1 2 2 2 2 2 5 2 2 2 2 3 1 2 2 2 2 2 1 2 2 2 2 1 2 2 2 2 2 0 0 1 2
0 10 4 4 5 3 3 4 3 4 3 4
0 30 2 5 5 5 5 5 5 5 5 4 5 3 4 3 4 3 4 3 4 3 4 3 4 3 1 2 5 5 5 5
0 14 5 2 1 2 2 2 2 2 1 2 2 3 2 0
0 17 1 2 2 2 2 2 5 2 2 2 2 3 1 2 2 2 2
0 43 1 2 2 2 5 2 2 2 5 2 1 2 3 5 2 0 5 2 2 2 2 2 2 5 2 2 2 2 5 2 2 5 2 5 2 2 2 5 2 2 2 2 2
0 14 4 5 5 5 5 5 5 5 5 4 5 5 1 4
0 15 0 1 2 2 2 2 1 2 2 2 5 2 2 2 2
0 25 3 2 5 3 3 3 3 3 3 4 3 4 3 4 3 4 3 4 3 4 3 3 3 3 3
0 2 1 2
0 49 0 1 2 1 2 2 5 2 2 5 2 0 4 5 3 3 3 3 3 4 3 4 3 4 3 4 3 2 4 3 1 5 2 2 1 2 2 2 2 5 2 2 2 2 2 2 5 1 2
0 16 1 2 2 2 2 2 5 2 2 2 2 3 1 2 2 2
0 23 2 5 5 5 5 5 5 5 5 4 5 3 4 3 4 3 4 3 4 3 4 3 4
0 15 2 5 5 5 5 5 5 5 5 4 5 3 4 3 4
0 20 4 5 5 5 5 5 5 5 5 4 5 5 1 4 4 3 1 2 5 3
0 23 0 1 2 1 2 2 5 2 2 5 2 0 4 5 3 3 3 3 3 4 3 4 3
0 14 0 2 5 5 5 5 5 5 5 5 5 5 4 5
0 29 4 5 5 5 5 5 5 5 5 5 5 4 5 5 1 4 4 3 1 4 5 5 5 5 5 5 5 5 5
0 40 1 2 2 2 5 1 2 2 2 2 2 5 2 2 2 2 2 3 4 5 3 5 1 4 4 3 1 2 3 3 4 3 2 4 3 1 4 5 5 5
0 25 4 5 5 5 5 5 5 5 5 4 5 5 1 4 4 3 1 2 5 3 3 3 3 3 3
0 6 1 2 2 2 5 2
0 10 1 2 2 2 5 1 2 2 2 2
0 25 4 3 5 1 4 4 3 1 0 4 3 3 3 3 3 4 3 4 3 4 3 3 3 3 3
0 14 0 1 2 2 2 2 1 2 2 2 5 2 2 2
0 18 2 4 5 3 3 3 3 3 3 3 3 4 3 1 2 2 3 3
0 29 2 5 5 5 5 5 5 5 5 4 5 3 4 3 4 3 4 3 4 3 4 3 4 3 1 2 5 5 5
0 27 4 3 5 1 4 4 3 1 0 4 3 3 3 3 3 4 3 4 3 4 3 3 3 3 3 3 4
0 18 1 2 2 2 5 2 2 2 5 2 1 2 3 5 2 0 5 2
0 35 3 2 5 3 3 3 3 3 3 4 3 4 3 4 3 4 3 4 3 4 3 3 3 3 3 4 3 1 2 3 5 1 4 4 3
0 23 0 2 5 5 5 5 5 5 5 5 4 5 3 3 4 3 4 3 4 3 4 3 3
0 19 1 2 2 2 2 2 5 2 2 2 2 3 1 2 2 2 2 2 1
0 13 2 5 5 5 5 5 5 5 5 4 5 3 4
0 19 3 2 5 3 3 3 3 3 3 4 3 4 3 4 3 4 3 4 3
0 75 1 2 2 2 5 1 2 2 2 2 2 5 2 2 2 2 2 3 4 5 3 5 1 4 4 3 1 2 3 3 4 3 2 4 3 1 4 5 5 5 5 5 5 5 5 5 5 4 5 5 1 4 4 3 1 2 5 3 3 3 4 3 4 3 4 3 4 3 3 3 4 3 1 5 2
0 54 1 2 2 2 5 1 2 2 2 2 2 5 2 2 2 2 2 3 4 5 3 5 1 4 4 3 1 2 3 3 4 3 2 4 3 1 4 5 5 5 5 5 5 5 5 5 5 4 5 5 1 4 4 3
0 13 0 1 2 2 2 2 1 2 2 2 5 2 2
0 32 4 5 5 5 5 5 5 5 5 4 5 5 1 4 4 3 1 2 5 3 3 3 3 3 3 3 4 3 4 3 4 3
0 43 4 5 5 5 5 5 5 5 5 5 5 4 5 3 3 3 3 4 3 4 3 4 3 4 3 4 3 2 4 3 1 4 5 3 5 1 4 4 3 1 5 2 1
0 25 2 4 5 3 3 3 3 3 3 3 3 4 3 1 2 2 3 3 3 3 3 3 4 3 4
0 6 4 4 5 3 3 4
0 5 4 3 5 1 4
0 4 2 5 3 5
0 21 0 1 2 1 2 2 5 2 2 5 2 0 4 5 3 3 3 3 3 4 3
0 6 1 2 2 2 2 2
0 2 4 3
0 13 0 2 5 5 5 5 5 5 5 5 4 5 3
0 21 1 2 2 2 2 2 5 2 2 2 2 3 1 2 2 2 2 2 1 2 2
0 6 2 3 3 3 3 4
0 24 4 3 5 1 4 4 3 1 0 4 3 3 3 3 3 4 3 4 3 4 3 3 3 3
0 36 1 2 2 2 2 2 5 2 2 2 2 3 1 2 2 2 2 2 1 2 2 2 2 1 2 2 2 2 2 0 0 1 2 2 2 2
0 13 4 4 5 3 3 4 3 4 3 4 3 4 3
0 31 2 5 5 5 5 5 5 5 5 4 5 3 4 3 4 3 4 3 4 3 4 3 4 3 1 2 5 5 5 5 2
0 6 5 2 1 2 2 2
0 5 2 5 5 5 5
0 14 1 2 2 2 2 2 5 2 2 2 2 3 1 2
0 3 0 2 5
0 15 0 2 5 5 5 5 5 5 5 5 5 5 4 5 5
0 5 5 2 5 2 1
0 30 1 2 2 2 5 1 2 2 2 2 2 5 2 2 2 2 2 3 4 5 3 5 1 4 4 3 1 2 3 3
0 14 4 5 5 5 5 5 5 5 5 5 5 4 5 3
0 21 1 2 2 2 5 1 2 2 2 2 2 5 2 2 2 2 2 3 4 5 3
0 9 4 3 3 3 3 3 3 4 3
0 32 1 2 2 2 2 2 5 2 2 2 2 3 1 2 2 2 2 2 1 2 2 2 2 1 2 2 2 2 2 0 0 1
0 16 2 4 5 3 3 3 3 3 3 3 3 4 3 1 2 2
0 7 0 1 2 1 2 2 5
0 8 3 2 5 3 3 3 3 3
0 2 2 3
0 17 1 2 2 2 5 2 2 2 5 2 1 2 3 5 2 0 5
0 28 2 5 5 5 5 5 5 5 5 4 5 3 4 3 4 3 4 3 4 3 4 3 4 3 1 2 5 5
0 15 4 3 3 3 3 3 3 4 3 4 3 4 3 4 3
0 10 5 2 1 2 2 2 2 2 1 2
0 8 5 2 5 2 1 2 2 2
0 5 1 2 2 2 2
0 27 0 1 2 1 2 2 5 2 2 5 2 0 4 5 3 3 3 3 3 4 3 4 3 4 3 4 3
0 37 1 2 2 2 5 2 2 2 5 2 1 2 3 5 2 0 5 2 2 2 2 2 2 5 2 2 2 2 5 2 2 5 2 5 2 2 2
0 56 1 2 2 2 5 1 2 2 2 2 2 5 2 2 2 2 2 3 4 5 3 5 1 4 4 3 1 2 3 3 4 3 2 4 3 1 4 5 5 5 5 5 5 5 5 5 5 4 5 5 1 4 4 3 1 2
0 29 3 2 5 3 3 3 3 3 3 4 3 4 3 4 3 4 3 4 3 4 3 3 3 3 3 4 3 1 2
0 6 2 5 5 5 5 5
0 7 2 5 3 5 1 4 4
0 28 0 2 5 5 5 5 5 5 5 5 4 5 3 3 4 3 4 3 4 3 4 3 3 3 3 3 4 3
0 56 2 5 5 5 5 5 5 5 5 4 5 3 4 3 4 3 4 3 4 3 4 3 4 3 1 2 5 5 5 5 2 3 4 3 4 3 2 4 3 1 4 5 5 5 5 5 5 5 5 4 5 3 3 2 4 3
0 37 2 5 5 5 5 5 5 5 5 4 5 3 4 3 4 3 4 3 4 3 4 3 4 3 1 2 5 5 5 5 2 3 4 3 4 3 2
0 78 1 2 2 2 5 1 2 2 2 2 2 5 2 2 2 2 2 3 4 5 3 5 1 4 4 3 1 2 3 3 4 3 2 4 3 1 4 5 5 5 5 5 5 5 5 5 5 4 5 5 1 4 4 3 1 2 5 3 3 3 4 3 4 3 4 3 4 3 3 3 4 3 1 5 2 2 2 2
0 17 0 2 5 5 5 5 5 5 5 5 5 5 4 5 5 1 4
0 27 0 2 5 5 5 5 5 5 5 5 4 5 3 3 4 3 4 3 4 3 4 3 3 3 3 3 4
0 36 2 5 5 5 5 5 5 5 5 4 5 3 4 3 4 3 4 3 4 3 4 3 4 3 1 2 5 5 5 5 2 3 4 3 4 3
0 5 2 3 3 3 3
0 5 1 2 2 2 5
0 17 0 1 2 2 2 2 1 2 2 2 5 2 2 2 2 5 2
0 42 1 2 2 2 5 2 2 2 5 2 1 2 3 5 2 0 5 2 2 2 2 2 2 5 2 2 2 2 5 2 2 5 2 5 2 2 2 5 2 2 2 2
0 3 2 4 5
0 14 4 5 5 5 5 5 5 5 5 5 5 4 5 5
0 12 2 3 3 3 3 4 3 4 3 4 3 2
0 79 1 2 2 2 5 1 2 2 2 2 2 5 2 2 2 2 2 3 4 5 3 5 1 4 4 3 1 2 3 3 4 3 2 4 3 1 4 5 5 5 5 5 5 5 5 5 5 4 5 5 1 4 4 3 1 2 5 3 3 3 4 3 4 3 4 3 4 3 3 3 4 3 1 5 2 2 2 2 2
0 6 0 1 2 2 2 2
0 3 2 5 3
0 15 4 5 5 5 5 5 5 5 5 4 5 5 1 4 4
0 8 2 4 5 3 3 3 3 3
0 57 1 2 2 2 5 1 2 2 2 2 2 5 2 2 2 2 2 3 4 5 3 5 1 4 4 3 1 2 3 3 4 3 2 4 3 1 4 5 5 5 5 5 5 5 5 5 5 4 5 5 1 4 4 3 1 2 5
0 3 4 3 3
0 33 1 2 2 2 5 2 2 2 5 2 1 2 3 5 2 0 5 2 2 2 2 2 2 5 2 2 2 2 5 2 2 5 2
0 49 1 2 2 2 5 2 2 2 5 2 1 2 3 5 2 0 5 2 2 2 2 2 2 5 2 2 2 2 5 2 2 5 2 5 2 2 2 5 2 2 2 2 2 2 3 2 5 5 5
0 14 4 3 5 1 4 4 3 1 0 4 3 3 3 3
0 7 2 5 5 5 5 5 5
0 32 2 5 5 5 5 5 5 5 5 4 5 3 4 3 4 3 4 3 4 3 4 3 4 3 1 2 5 5 5 5 2 3
0 11 4 5 5 5 5 5 5 5 5 5 5
0 2 5 2
0 35 2 5 5 5 5 5 5 5 5 4 5 3 4 3 4 3 4 3 4 3 4 3 4 3 1 2 5 5 5 5 2 3 4 3 4
0 13 1 2 2 2 5 1 2 2 2 2 2 5 2
0 21 4 5 5 5 5 5 5 5 5 5 5 4 5 5 1 4 4 3 1 4 5
0 34 0 1 2 1 2 2 5 2 2 5 2 0 4 5 3 3 3 3 3 4 3 4 3 4 3 4 3 2 4 3 1 5 2 2
0 17 4 3 3 3 3 3 3 4 3 4 3 4 3 4 3 4 3
0 11 1 2 2 2 5 1 2 2 2 2 2
0 44 0 1 2 1 2 2 5 2 2 5 2 0 4 5 3 3 3 3 3 4 3 4 3 4 3 4 3 2 4 3 1 5 2 2 1 2 2 2 2 5 2 2 2 2
0 16 5 2 5 2 1 2 2 2 2 2 2 0 5 2 2 2
0 18 0 2 5 5 5 5 5 5 5 5 4 5 3 3 4 3 4 3
0 31 4 5 5 5 5 5 5 5 5 5 5 4 5 5 1 4 4 3 1 4 5 5 5 5 5 5 5 5 5 5 5
0 11 2 3 3 3 3 4 3 4 3 4 3
0 72 1 2 2 2 5 1 2 2 2 2 2 5 2 2 2 2 2 3 4 5 3 5 1 4 4 3 1 2 3 3 4 3 2 4 3 1 4 5 5 5 5 5 5 5 5 5 5 4 5 5 1 4 4 3 1 2 5 3 3 3 4 3 4 3 4 3 4 3 3 3 4 3
0 30 4 3 5 1 4 4 3 1 0 4 3 3 3 3 3 4 3 4 3 4 3 3 3 3 3 3 4 3 1 2
0 26 4 3 5 1 4 4 3 1 0 4 3 3 3 3 3 4 3 4 3 4 3 3 3 3 3 3
0 35 4 5 5 5 5 5 5 5 5 4 5 5 1 4 4 3 1 2 5 3 3 3 3 3 3 3 4 3 4 3 4 3 4 3 4
0 66 1 2 2 2 5 1 2 2 2 2 2 5 2 2 2 2 2 3 4 5 3 5 1 4 4 3 1 2 3 3 4 3 2 4 3 1 4 5 5 5 5 5 5 5 5 5 5 4 5 5 1 4 4 3 1 2 5 3 3 3 4 3 4 3 4 3
0 46 1 2 2 2 5 1 2 2 2 2 2 5 2 2 2 2 2 3 4 5 3 5 1 4 4 3 1 2 3 3 4 3 2 4 3 1 4 5 5 5 5 5 5 5 5 5
0 15 4 3 5 1 4 4 3 1 0 4 3 3 3 3 3
0 17 5 2 5 2 1 2 2 2 2 2 2 0 5 2 2 2 2
0 9 2 3 3 3 3 4 3 4 3
0 12 4 4 5 3 3 4 3 4 3 4 3 4
0 29 0 1 2 1 2 2 5 2 2 5 2 0 4 5 3 3 3 3 3 4 3 4 3 4 3 4 3 2 4
0 4 2 5 5 5
0 44 3 2 5 3 3 3 3 3 3 4 3 4 3 4 3 4 3 4 3 4 3 3 3 3 3 4 3 1 2 3 5 1 4 4 3 1 0 2 3 5 1 4 4 3
0 18 2 5 5 5 5 5 5 5 5 4 5 3 4 3 4 3 4 3
0 45 4 5 5 5 5 5 5 5 5 5 5 4 5 3 3 3 3 4 3 4 3 4 3 4 3 4 3 2 4 3 1 4 5 3 5 1 4 4 3 1 5 2 1 2 2
0 13 5 2 1 2 2 2 2 2 1 2 2 3 2
0 10 4 3 5 1 4 4 3 1 0 4
0 7 1 2 2 2 2 2 5
0 58 1 2 2 2 5 1 2 2 2 2 2 5 2 2 2 2 2 3 4 5 3 5 1 4 4 3 1 2 3 3 4 3 2 4 3 1 4 5 5 5 5 5 5 5 5 5 5 4 5 5 1 4 4 3 1 2 5 3
0 30 4 5 5 5 5 5 5 5 5 5 5 4 5 3 3 3 3 4 3 4 3 4 3 4 3 4 3 2 4 3
0 37 4 5 5 5 5 5 5 5 5 5 5 4 5 3 3 3 3 4 3 4 3 4 3 4 3 4 3 2 4 3 1 4 5 3 5 1 4
0 5 1 2 2 5 1
0 19 5 2 1 2 2 2 2 2 1 2 2 3 2 0 5 1 4 4 3
0 7 4 4 5 3 3 4 3
0 8 0 1 2 2 2 2 1 2
0 3 5 2 5
0 36 4 5 5 5 5 5 5 5 5 5 5 4 5 3 3 3 3 4 3 4 3 4 3 4 3 4 3 2 4 3 1 4 5 3 5 1
0 22 2 5 5 5 5 5 5 5 5 4 5 3 4 3 4 3 4 3 4 3 4 3
0 13 4 3 5 1 4 4 3 1 0 4 3 3 3
0 48 4 5 5 5 5 5 5 5 5 5 5 4 5 3 3 3 3 4 3 4 3 4 3 4 3 4 3 2 4 3 1 4 5 3 5 1 4 4 3 1 5 2 1 2 2 2 2 2
0 39 2 5 5 5 5 5 5 5 5 4 5 3 4 3 4 3 4 3 4 3 4 3 4 3 1 2 5 5 5 5 2 3 4 3 4 3 2 4 3
0 3 2 3 3
0 11 0 1 2 1 2 2 5 2 2 5 2
0 10 4 5 5 5 5 5 5 5 5 4
0 2 0 2
0 69 1 2 2 2 5 1 2 2 2 2 2 5 2 2 2 2 2 3 4 5 3 5 1 4 4 3 1 2 3 3 4 3 2 4 3 1 4 5 5 5 5 5 5 5 5 5 5 4 5 5 1 4 4 3 1 2 5 3 3 3 4 3 4 3 4 3 4 3 3
0 4 1 2 2 2
0 11 0 1 2 2 2 2 1 2 2 2 5
0 28 0 1 2 1 2 2 5 2 2 5 2 0 4 5 3 3 3 3 3 4 3 4 3 4 3 4 3 2
0 33 2 5 5 5 5 5 5 5 5 4 5 3 4 3 4 3 4 3 4 3 4 3 4 3 1 2 5 5 5 5 2 3 4
0 4 0 1 2 2
0 12 2 5 5 5 5 5 5 5 5 4 5 3
0 4 5 2 5 2
0 39 3 2 5 3 3 3 3 3 3 4 3 4 3 4 3 4 3 4 3 4 3 3 3 3 3 4 3 1 2 3 5 1 4 4 3 1 0 2 3
0 26 2 5 5 5 5 5 5 5 5 4 5 3 4 3 4 3 4 3 4 3 4 3 4 3 1 2
0 25 4 5 5 5 5 5 5 5 5 5 5 4 5 5 1 4 4 3 1 4 5 5 5 5 5
0 9 2 4 5 3 3 3 3 3 3
0 15 0 1 2 1 2 2 5 2 2 5 2 0 4 5 3
0 36 0 1 2 1 2 2 5 2 2 5 2 0 4 5 3 3 3 3 3 4 3 4 3 4 3 4 3 2 4 3 1 5 2 2 1 2
0 16 0 2 5 5 5 5 5 5 5 5 4 5 3 3 4 3
0 12 1 2 2 2 5 2 2 2 5 2 1 2
0 19 2 4 5 3 3 3 3 3 3 3 3 4 3 1 2 2 3 3 3
0 4 3 2 5 3
0 9 1 2 2 2 5 1 2 2 2
0 4 2 3 3 3
0 49 1 2 2 2 5 1 2 2 2 2 2 5 2 2 2 2 2 3 4 5 3 5 1 4 4 3 1 2 3 3 4 3 2 4 3 1 4 5 5 5 5 5 5 5 5 5 5 4 5
0 46 2 5 5 5 5 5 5 5 5 4 5 3 4 3 4 3 4 3 4 3 4 3 4 3 1 2 5 5 5 5 2 3 4 3 4 3 2 4 3 1 4 5 5 5 5 5
0 33 1 2 2 2 5 1 2 2 2 2 2 5 2 2 2 2 2 3 4 5 3 5 1 4 4 3 1 2 3 3 4 3 2
0 16 3 2 5 3 3 3 3 3 3 4 3 4 3 4 3 4
0 29 1 2 2 2 5 2 2 2 5 2 1 2 3 5 2 0 5 2 2 2 2 2 2 5 2 2 2 2 5
0 38 3 2 5 3 3 3 3 3 3 4 3 4 3 4 3 4 3 4 3 4 3 3 3 3 3 4 3 1 2 3 5 1 4 4 3 1 0 2
0 25 4 5 5 5 5 5 5 5 5 5 5 4 5 3 3 3 3 4 3 4 3 4 3 4 3
0 54 1 2 2 2 5 2 2 2 5 2 1 2 3 5 2 0 5 2 2 2 2 2 2 5 2 2 2 2 5 2 2 5 2 5 2 2 2 5 2 2 2 2 2 2 3 2 5 5 5 5 5 5 2 5
0 8 1 2 2 2 5 1 2 2
0 12 3 2 5 3 3 3 3 3 3 4 3 4
0 28 1 2 2 2 5 2 2 2 5 2 1 2 3 5 2 0 5 2 2 2 2 2 2 5 2 2 2 2
0 17 0 2 5 5 5 5 5 5 5 5 4 5 3 3 4 3 4
0 11 3 2 5 3 3 3 3 3 3 4 3
0 4 4 3 3 3
0 37 1 2 2 2 5 1 2 2 2 2 2 5 2 2 2 2 2 3 4 5 3 5 1 4 4 3 1 2 3 3 4 3 2 4 3 1 4
0 29 1 2 2 2 5 1 2 2 2 2 2 5 2 2 2 2 2 3 4 5 3 5 1 4 4 3 1 2 3
0 23 4 5 5 5 5 5 5 5 5 5 5 4 5 5 1 4 4 3 1 4 5 5 5
0 25 1 2 2 2 2 2 5 2 2 2 2 3 1 2 2 2 2 2 1 2 2 2 2 1 2
0 7 1 2 2 2 5 2 2
0 28 4 5 5 5 5 5 5 5 5 5 5 4 5 5 1 4 4 3 1 4 5 5 5 5 5 5 5 5
0 24 4 5 5 5 5 5 5 5 5 5 5 4 5 5 1 4 4 3 1 4 5 5 5 5
0 48 0 1 2 1 2 2 5 2 2 5 2 0 4 5 3 3 3 3 3 4 3 4 3 4 3 4 3 2 4 3 1 5 2 2 1 2 2 2 2 5 2 2 2 2 2 2 5 1
0 24 4 5 5 5 5 5 5 5 5 5 5 4 5 3 3 3 3 4 3 4 3 4 3 4
0 34 4 5 5 5 5 5 5 5 5 5 5 4 5 3 3 3 3 4 3 4 3 4 3 4 3 4 3 2 4 3 1 4 5 3
0 23 1 2 2 2 5 2 2 2 5 2 1 2 3 5 2 0 5 2 2 2 2 2 2
0 21 2 5 5 5 5 5 5 5 5 4 5 3 4 3 4 3 4 3 4 3 4
0 16 4 5 5 5 5 5 5 5 5 5 5 4 5 3 3 3
0 22 1 2 2 2 2 2 5 2 2 2 2 3 1 2 2 2 2 2 1 2 2 2
0 70 1 2 2 2 5 1 2 2 2 2 2 5 2 2 2 2 2 3 4 5 3 5 1 4 4 3 1 2 3 3 4 3 2 4 3 1 4 5 5 5 5 5 5 5 5 5 5 4 5 5 1 4 4 3 1 2 5 3 3 3 4 3 4 3 4 3 4 3 3 3
0 20 2 4 5 3 3 3 3 3 3 3 3 4 3 1 2 2 3 3 3 3
0 42 1 2 2 2 5 1 2 2 2 2 2 5 2 2 2 2 2 3 4 5 3 5 1 4 4 3 1 2 3 3 4 3 2 4 3 1 4 5 5 5 5 5
0 13 4 5 5 5 5 5 5 5 5 4 5 5 1
0 31 2 4 5 3 3 3 3 3 3 3 3 4 3 1 2 2 3 3 3 3 3 3 4 3 4 3 4 3 3 3 3
0 18 5 2 1 2 2 2 2 2 1 2 2 3 2 0 5 1 4 4
0 38 4 5 5 5 5 5 5 5 5 5 5 4 5 5 1 4 4 3 1 4 5 5 5 5 5 5 5 5 5 5 5 5 4 5 3 3 4 3
0 15 0 2 5 5 5 5 5 5 5 5 4 5 3 3 4
0 3 5 2 2
0 45 2 5 5 5 5 5 5 5 5 4 5 3 4 3 4 3 4 3 4 3 4 3 4 3 1 2 5 5 5 5 2 3 4 3 4 3 2 4 3 1 4 5 5 5 5
0 32 1 2 2 2 5 1 2 2 2 2 2 5 2 2 2 2 2 3 4 5 3 5 1 4 4 3 1 2 3 3 4 3
0 42 3 2 5 3 3 3 3 3 3 4 3 4 3 4 3 4 3 4 3 4 3 3 3 3 3 4 3 1 2 3 5 1 4 4 3 1 0 2 3 5 1 4
0 37 4 5 5 5 5 5 5 5 5 5 5 4 5 5 1 4 4 3 1 4 5 5 5 5 5 5 5 5 5 5 5 5 4 5 3 3 4
0 40 4 5 5 5 5 5 5 5 5 5 5 4 5 5 1 4 4 3 1 4 5 5 5 5 5 5 5 5 5 5 5 5 4 5 3 3 4 3 2 4
0 24 1 2 2 2 5 1 2 2 2 2 2 5 2 2 2 2 2 3 4 5 3 5 1 4
0 47 0 1 2 1 2 2 5 2 2 5 2 0 4 5 3 3 3 3 3 4 3 4 3 4 3 4 3 2 4 3 1 5 2 2 1 2 2 2 2 5 2 2 2 2 2 2 5
0 18 1 2 2 2 2 2 5 2 2 2 2 3 1 2 2 2 2 2
0 52 2 5 5 5 5 5 5 5 5 4 5 3 4 3 4 3 4 3 4 3 4 3 4 3 1 2 5 5 5 5 2 3 4 3 4 3 2 4 3 1 4 5 5 5 5 5 5 5 5 4 5 3
0 3 4 5 5
0 24 2 5 5 5 5 5 5 5 5 4 5 3 4 3 4 3 4 3 4 3 4 3 4 3
0 26 0 2 5 5 5 5 5 5 5 5 4 5 3 3 4 3 4 3 4 3 4 3 3 3 3 3
0 42 0 1 2 1 2 2 5 2 2 5 2 0 4 5 3 3 3 3 3 4 3 4 3 4 3 4 3 2 4 3 1 5 2 2 1 2 2 2 2 5 2 2
0 50 1 2 2 2 5 1 2 2 2 2 2 5 2 2 2 2 2 3 4 5 3 5 1 4 4 3 1 2 3 3 4 3 2 4 3 1 4 5 5 5 5 5 5 5 5 5 5 4 5 5
0 48 2 5 5 5 5 5 5 5 5 4 5 3 4 3 4 3 4 3 4 3 4 3 4 3 1 2 5 5 5 5 2 3 4 3 4 3 2 4 3 1 4 5 5 5 5 5 5 5
0 39 4 5 5 5 5 5 5 5 5 4 5 5 1 4 4 3 1 2 5 3 3 3 3 3 3 3 4 3 4 3 4 3 4 3 4 3 4 3 2
0 55 2 5 5 5 5 5 5 5 5 4 5 3 4 3 4 3 4 3 4 3 4 3 4 3 1 2 5 5 5 5 2 3 4 3 4 3 2 4 3 1 4 5 5 5 5 5 5 5 5 4 5 3 3 2 4
0 1 5
0 21 4 3 3 3 3 3 3 4 3 4 3 4 3 4 3 4 3 3 3 3 4
0 41 1 2 2 2 5 2 2 2 5 2 1 2 3 5 2 0 5 2 2 2 2 2 2 5 2 2 2 2 5 2 2 5 2 5 2 2 2 5 2 2 2
0 58 1 2 2 2 5 2 2 2 5 2 1 2 3 5 2 0 5 2 2 2 2 2 2 5 2 2 2 2 5 2 2 5 2 5 2 2 2 5 2 2 2 2 2 2 3 2 5 5 5 5 5 5 2 5 1 4 4 3
0 8 2 5 3 5 1 4 4 3
0 59 1 2 2 2 5 1 2 2 2 2 2 5 2 2 2 2 2 3 4 5 3 5 1 4 4 3 1 2 3 3 4 3 2 4 3 1 4 5 5 5 5 5 5 5 5 5 5 4 5 5 1 4 4 3 1 2 5 3 3
0 19 0 2 5 5 5 5 5 5 5 5 5 5 4 5 5 1 4 4 3
0 21 1 2 2 2 5 2 2 2 5 2 1 2 3 5 2 0 5 2 2 2 2
0 13 0 1 2 1 2 2 5 2 2 5 2 0 4
0 23 2 4 5 3 3 3 3 3 3 3 3 4 3 1 2 2 3 3 3 3 3 3 4
0 13 1 2 2 2 2 2 5 2 2 2 2 3 1
0 26 1 2 2 2 5 2 2 2 5 2 1 2 3 5 2 0 5 2 2 2 2 2 2 5 2 2
0 20 1 2 2 2 5 2 2 2 5 2 1 2 3 5 2 0 5 2 2 2
0 21 0 1 2 2 2 2 1 2 2 2 5 2 2 2 2 5 2 2 2 2 2
0 6 5 2 5 2 1 2
0 7 4 5 5 5 5 5 5
0 35 4 5 5 5 5 5 5 5 5 5 5 4 5 5 1 4 4 3 1 4 5 5 5 5 5 5 5 5 5 5 5 5 4 5 3
0 37 4 5 5 5 5 5 5 5 5 4 5 5 1 4 4 3 1 2 5 3 3 3 3 3 3 3 4 3 4 3 4 3 4 3 4 3 4
0 38 4 5 5 5 5 5 5 5 5 5 5 4 5 3 3 3 3 4 3 4 3 4 3 4 3 4 3 2 4 3 1 4 5 3 5 1 4 4
0 8 4 5 5 5 5 5 5 5
0 26 0 1 2 1 2 2 5 2 2 5 2 0 4 5 3 3 3 3 3 4 3 4 3 4 3 4
0 29 1 2 2 2 2 2 5 2 2 2 2 3 1 2 2 2 2 2 1 2 2 2 2 1 2 2 2 2 2
0 16 2 3 3 3 3 4 3 4 3 4 3 2 4 3 1 1
0 9 1 2 2 2 5 2 2 2 5
0 6 4 3 5 1 4 4
0 10 4 5 5 5 5 5 5 5 5 5
0 16 4 5 5 5 5 5 5 5 5 4 5 5 1 4 4 3
0 53 0 1 2 1 2 2 5 2 2 5 2 0 4 5 3 3 3 3 3 4 3 4 3 4 3 4 3 2 4 3 1 5 2 2 1 2 2 2 2 5 2 2 2 2 2 2 5 1 2 2 2 2 2
0 36 1 2 2 2 5 2 2 2 5 2 1 2 3 5 2 0 5 2 2 2 2 2 2 5 2 2 2 2 5 2 2 5 2 5 2 2
0 22 4 3 5 1 4 4 3 1 0 4 3 3 3 3 3 4 3 4 3 4 3 3
0 15 4 5 5 5 5 5 5 5 5 5 5 4 5 5 1
0 27 1 2 2 2 5 2 2 2 5 2 1 2 3 5 2 0 5 2 2 2 2 2 2 5 2 2 2
0 32 2 4 5 3 3 3 3 3 3 3 3 4 3 1 2 2 3 3 3 3 3 3 4 3 4 3 4 3 3 3 3 3
0 23 2 3 3 3 3 4 3 4 3 4 3 2 4 3 1 1 2 2 2 5 2 2 2
0 11 4 5 5 5 5 5 5 5 5 4 5
0 11 4 3 5 1 4 4 3 1 0 4 3
0 21 2 3 3 3 3 4 3 4 3 4 3 2 4 3 1 1 2 2 2 5 2
0 19 0 1 2 2 2 2 1 2 2 2 5 2 2 2 2 5 2 2 2
0 5 5 2 1 2 2
0 51 2 5 5 5 5 5 5 5 5 4 5 3 4 3 4 3 4 3 4 3 4 3 4 3 1 2 5 5 5 5 2 3 4 3 4 3 2 4 3 1 4 5 5 5 5 5 5 5 5 4 5
0 41 3 2 5 3 3 3 3 3 3 4 3 4 3 4 3 4 3 4 3 4 3 3 3 3 3 4 3 1 2 3 5 1 4 4 3 1 0 2 3 5 1
0 6 4 3 3 3 3 3
0 16 0 1 2 1 2 2 5 2 2 5 2 0 4 5 3 3
0 40 4 5 5 5 5 5 5 5 5 4 5 5 1 4 4 3 1 2 5 3 3 3 3 3 3 3 4 3 4 3 4 3 4 3 4 3 4 3 2 4
0 38 4 5 5 5 5 5 5 5 5 4 5 5 1 4 4 3 1 2 5 3 3 3 3 3 3 3 4 3 4 3 4 3 4 3 4 3 4 3
0 20 0 2 5 5 5 5 5 5 5 5 4 5 3 3 4 3 4 3 4 3
0 54 0 1 2 1 2 2 5 2 2 5 2 0 4 5 3 3 3 3 3 4 3 4 3 4 3 4 3 2 4 3 1 5 2 2 1 2 2 2 2 5 2 2 2 2 2 2 5 1 2 2 2 2 2 2
0 56 1 2 2 2 5 2 2 2 5 2 1 2 3 5 2 0 5 2 2 2 2 2 2 5 2 2 2 2 5 2 2 5 2 5 2 2 2 5 2 2 2 2 2 2 3 2 5 5 5 5 5 5 2 5 1 4
0 19 2 5 5 5 5 5 5 5 5 4 5 3 4 3 4 3 4 3 4
0 2 0 1
0 6 4 5 5 5 5 5
0 28 2 4 5 3 3 3 3 3 3 3 3 4 3 1 2 2 3 3 3 3 3 3 4 3 4 3 4 3
0 10 1 2 2 2 5 2 2 2 5 2
0 47 1 2 2 2 5 1 2 2 2 2 2 5 2 2 2 2 2 3 4 5 3 5 1 4 4 3 1 2 3 3 4 3 2 4 3 1 4 5 5 5 5 5 5 5 5 5 5
0 51 1 2 2 2 5 2 2 2 5 2 1 2 3 5 2 0 5 2 2 2 2 2 2 5 2 2 2 2 5 2 2 5 2 5 2 2 2 5 2 2 2 2 2 2 3 2 5 5 5 5 5
0 12 0 1 2 2 2 2 1 2 2 2 5 2
0 52 4 5 5 5 5 5 5 5 5 5 5 4 5 3 3 3 3 4 3 4 3 4 3 4 3 4 3 2 4 3 1 4 5 3 5 1 4 4 3 1 5 2 1 2 2 2 2 2 2 5 5 2
0 3 1 2 2
0 20 2 3 3 3 3 4 3 4 3 4 3 2 4 3 1 1 2 2 2 5
0 2 4 5
0 10 5 2 5 2 1 2 2 2 2 2
0 34 4 5 5 5 5 5 5 5 5 5 5 4 5 5 1 4 4 3 1 4 5 5 5 5 5 5 5 5 5 5 5 5 4 5
0 15 1 2 2 2 5 1 2 2 2 2 2 5 2 2 2
0 49 2 5 5 5 5 5 5 5 5 4 5 3 4 3 4 3 4 3 4 3 4 3 4 3 1 2 5 5 5 5 2 3 4 3 4 3 2 4 3 1 4 5 5 5 5 5 5 5 5
0 47 1 2 2 2 5 2 2 2 5 2 1 2 3 5 2 0 5 2 2 2 2 2 2 5 2 2 2 2 5 2 2 5 2 5 2 2 2 5 2 2 2 2 2 2 3 2 5
0 6 1 2 2 2 5 1
0 52 1 2 2 2 5 1 2 2 2 2 2 5 2 2 2 2 2 3 4 5 3 5 1 4 4 3 1 2 3 3 4 3 2 4 3 1 4 5 5 5 5 5 5 5 5 5 5 4 5 5 1 4
0 4 5 2 1 2
0 28 4 5 5 5 5 5 5 5 5 4 5 5 1 4 4 3 1 2 5 3 3 3 3 3 3 3 4 3
0 39 0 1 2 1 2 2 5 2 2 5 2 0 4 5 3 3 3 3 3 4 3 4 3 4 3 4 3 2 4 3 1 5 2 2 1 2 2 2 2
0 41 4 5 5 5 5 5 5 5 5 5 5 4 5 5 1 4 4 3 1 4 5 5 5 5 5 5 5 5 5 5 5 5 4 5 3 3 4 3 2 4 3
0 36 4 5 5 5 5 5 5 5 5 4 5 5 1 4 4 3 1 2 5 3 3 3 3 3 3 3 4 3 4 3 4 3 4 3 4 3
0 20 0 1 2 1 2 2 5 2 2 5 2 0 4 5 3 3 3 3 3 4
0 27 2 5 5 5 5 5 5 5 5 4 5 3 4 3 4 3 4 3 4 3 4 3 4 3 1 2 5
0 55 1 2 2 2 5 2 2 2 5 2 1 2 3 5 2 0 5 2 2 2 2 2 2 5 2 2 2 2 5 2 2 5 2 5 2 2 2 5 2 2 2 2 2 2 3 2 5 5 5 5 5 5 2 5 1
0 5 0 1 2 1 2
0 46 4 5 5 5 5 5 5 5 5 5 5 4 5 3 3 3 3 4 3 4 3 4 3 4 3 4 3 2 4 3 1 4 5 3 5 1 4 4 3 1 5 2 1 2 2 2
0 14 4 3 3 3 3 3 3 4 3 4 3 4 3 4
0 16 4 3 5 1 4 4 3 1 0 4 3 3 3 3 3 4
0 33 4 5 5 5 5 5 5 5 5 5 5 4 5 3 3 3 3 4 3 4 3 4 3 4 3 4 3 2 4 3 1 4 5
0 2 2 5
0 39 1 2 2 2 5 1 2 2 2 2 2 5 2 2 2 2 2 3 4 5 3 5 1 4 4 3 1 2 3 3 4 3 2 4 3 1 4 5 5
0 36 4 5 5 5 5 5 5 5 5 5 5 4 5 5 1 4 4 3 1 4 5 5 5 5 5 5 5 5 5 5 5 5 4 5 3 3
0 17 3 2 5 3 3 3 3 3 3 4 3 4 3 4 3 4 3
0 8 1 2 2 2 2 2 5 2
0 47 4 5 5 5 5 5 5 5 5 5 5 4 5 3 3 3 3 4 3 4 3 4 3 4 3 4 3 2 4 3 1 4 5 3 5 1 4 4 3 1 5 2 1 2 2 2 2
0 11 0 2 5 5 5 5 5 5 5 5 4
0 43 1 2 2 2 5 1 2 2 2 2 2 5 2 2 2 2 2 3 4 5 3 5 1 4 4 3 1 2 3 3 4 3 2 4 3 1 4 5 5 5 5 5 5
0 19 1 2 2 2 5 1 2 2 2 2 2 5 2 2 2 2 2 3 4
0 14 2 3 3 3 3 4 3 4 3 4 3 2 4 3
0 39 4 5 5 5 5 5 5 5 5 5 5 4 5 5 1 4 4 3 1 4 5 5 5 5 5 5 5 5 5 5 5 5 4 5 3 3 4 3 2
0 5 4 4 5 3 3
0 35 2 4 5 3 3 3 3 3 3 3 3 4 3 1 2 2 3 3 3 3 3 3 4 3 4 3 4 3 3 3 3 3 3 3 4
0 15 3 2 5 3 3 3 3 3 3 4 3 4 3 4 3
0 17 1 2 2 2 5 1 2 2 2 2 2 5 2 2 2 2 2
0 34 1 2 2 2 2 2 5 2 2 2 2 3 1 2 2 2 2 2 1 2 2 2 2 1 2 2 2 2 2 0 0 1 2 2
0 12 4 5 5 5 5 5 5 5 5 4 5 5
0 48 1 2 2 2 5 1 2 2 2 2 2 5 2 2 2 2 2 3 4 5 3 5 1 4 4 3 1 2 3 3 4 3 2 4 3 1 4 5 5 5 5 5 5 5 5 5 5 4
0 26 4 5 5 5 5 5 5 5 5 5 5 4 5 3 3 3 3 4 3 4 3 4 3 4 3 4
0 20 1 2 2 2 5 1 2 2 2 2 2 5 2 2 2 2 2 3 4 5
0 22 1 2 2 2 5 2 2 2 5 2 1 2 3 5 2 0 5 2 2 2 2 2
0 34 2 5 5 5 5 5 5 5 5 4 5 3 4 3 4 3 4 3 4 3 4 3 4 3 1 2 5 5 5 5 2 3 4 3
0 17 5 2 1 2 2 2 2 2 1 2 2 3 2 0 5 1 4
0 27 4 5 5 5 5 5 5 5 5 5 5 4 5 3 3 3 3 4 3 4 3 4 3 4 3 4 3
0 46 0 1 2 1 2 2 5 2 2 5 2 0 4 5 3 3 3 3 3 4 3 4 3 4 3 4 3 2 4 3 1 5 2 2 1 2 2 2 2 5 2 2 2 2 2 2
0 19 4 5 5 5 5 5 5 5 5 4 5 5 1 4 4 3 1 2 5
0 17 4 5 5 5 5 5 5 5 5 5 5 4 5 5 1 4 4
0 3 2 5 5
0 44 1 2 2 2 5 1 2 2 2 2 2 5 2 2 2 2 2 3 4 5 3 5 1 4 4 3 1 2 3 3 4 3 2 4 3 1 4 5 5 5 5 5 5 5
0 17 4 5 5 5 5 5 5 5 5 5 5 4 5 3 3 3 3
0 38 1 2 2 2 5 2 2 2 5 2 1 2 3 5 2 0 5 2 2 2 2 2 2 5 2 2 2 2 5 2 2 5 2 5 2 2 2 5
0 27 4 5 5 5 5 5 5 5 5 5 5 4 5 5 1 4 4 3 1 4 5 5 5 5 5 5 5
0 12 0 2 5 5 5 5 5 5 5 5 4 5
0 8 4 4 5 3 3 4 3 4
0 28 4 5 5 5 5 5 5 5 5 5 5 4 5 3 3 3 3 4 3 4 3 4 3 4 3 4 3 2
0 27 1 2 2 2 2 2 5 2 2 2 2 3 1 2 2 2 2 2 1 2 2 2 2 1 2 2 2
0 25 1 2 2 2 5 2 2 2 5 2 1 2 3 5 2 0 5 2 2 2 2 2 2 5 2
0 45 1 2 2 2 5 1 2 2 2 2 2 5 2 2 2 2 2 3 4 5 3 5 1 4 4 3 1 2 3 3 4 3 2 4 3 1 4 5 5 5 5 5 5 5 5
0 33 2 4 5 3 3 3 3 3 3 3 3 4 3 1 2 2 3 3 3 3 3 3 4 3 4 3 4 3 3 3 3 3 3
0 24 1 2 2 2 5 2 2 2 5 2 1 2 3 5 2 0 5 2 2 2 2 2 2 5
0 17 2 5 5 5 5 5 5 5 5 4 5 3 4 3 4 3 4
0 9 4 5 5 5 5 5 5 5 5
0 26 4 5 5 5 5 5 5 5 5 4 5 5 1 4 4 3 1 2 5 3 3 3 3 3 3 3
0 24 3 2 5 3 3 3 3 3 3 4 3 4 3 4 3 4 3 4 3 4 3 3 3 3
0 53 4 5 5 5 5 5 5 5 5 5 5 4 5 3 3 3 3 4 3 4 3 4 3 4 3 4 3 2 4 3 1 4 5 3 5 1 4 4 3 1 5 2 1 2 2 2 2 2 2 5 5 2 2
0 29 4 5 5 5 5 5 5 5 5 4 5 5 1 4 4 3 1 2 5 3 3 3 3 3 3 3 4 3 4
0 31 4 5 5 5 5 5 5 5 5 4 5 5 1 4 4 3 1 2 5 3 3 3 3 3 3 3 4 3 4 3 4
0 52 0 1 2 1 2 2 5 2 2 5 2 0 4 5 3 3 3 3 3 4 3 4 3 4 3 4 3 2 4 3 1 5 2 2 1 2 2 2 2 5 2 2 2 2 2 2 5 1 2 2 2 2
0 28 4 3 5 1 4 4 3 1 0 4 3 3 3 3 3 4 3 4 3 4 3 3 3 3 3 3 4 3
0 19 4 5 5 5 5 5 5 5 5 5 5 4 5 3 3 3 3 4 3
0 22 4 5 5 5 5 5 5 5 5 4 5 5 1 4 4 3 1 2 5 3 3 3
0 13 5 2 5 2 1 2 2 2 2 2 2 0 5
0 23 3 2 5 3 3 3 3 3 3 4 3 4 3 4 3 4 3 4 3 4 3 3 3
0 2 3 2
0 23 4 5 5 5 5 5 5 5 5 4 5 5 1 4 4 3 1 2 5 3 3 3 3
0 15 1 2 2 2 2 2 5 2 2 2 2 3 1 2 2
0 6 1 2 2 5 1 2
0 24 2 4 5 3 3 3 3 3 3 3 3 4 3 1 2 2 3 3 3 3 3 3 4 3
0 4 1 2 2 5
0 21 4 5 5 5 5 5 5 5 5 5 5 4 5 3 3 3 3 4 3 4 3
0 24 0 1 2 2 2 2 1 2 2 2 5 2 2 2 2 5 2 2 2 2 2 1 5 2
0 26 1 2 2 2 5 1 2 2 2 2 2 5 2 2 2 2 2 3 4 5 3 5 1 4 4 3
0 13 4 5 5 5 5 5 5 5 5 5 5 4 5
