274 6
1 0 
1 5 4 2 2 3 0
1 3 4 5 3
1 9 4 4 2 2 2 2 2 3 0
1 6 4 4 3 3 2 5
1 11 4 5 3 3 2 2 2 2 2 3 0
1 9 4 2 2 2 2 2 2 2 5
1 8 4 1 2 2 2 2 2 5
1 5 4 2 2 2 5
1 9 4 4 2 2 2 2 2 2 5
1 9 4 4 5 5 5 5 1 3 0
1 8 4 5 3 3 2 2 2 5
1 12 4 2 5 5 1 5 1 5 5 1 5 5
1 8 4 2 3 3 2 2 2 5
1 3 4 1 5
1 9 4 4 5 5 1 1 5 5 5
1 10 4 2 3 3 2 2 2 2 2 5
1 8 4 4 3 3 2 2 3 0
1 9 4 1 2 2 2 2 2 3 0
1 11 4 2 1 1 5 5 1 1 5 1 5
1 8 4 2 3 3 2 2 2 4
1 3 4 5 4
1 6 4 1 2 2 3 0
1 6 4 1 2 2 2 3
1 8 4 5 1 5 5 5 5 5
1 9 4 1 3 3 2 2 2 2 5
1 4 4 1 2 3
1 7 4 2 3 3 2 2 5
1 12 4 1 1 5 4 1 5 1 5 1 3 0
1 8 4 2 2 2 2 2 3 0
1 7 4 4 1 5 5 3 0
1 9 4 4 1 5 1 5 5 5 5
1 4 1 1 1 1
1 10 4 1 1 5 5 1 5 5 3 0
1 5 4 5 3 3 3
1 8 4 1 5 1 5 5 5 5
1 10 4 4 1 5 5 5 1 5 3 0
1 10 4 5 3 3 2 2 2 2 2 3
1 10 4 2 1 5 1 5 5 1 5 4
1 11 4 4 3 3 2 2 2 2 2 2 3
1 9 4 2 1 5 1 5 1 5 3
1 3 4 2 5
1 6 4 5 3 3 2 5
1 6 4 4 3 3 3 0
1 4 4 2 5 5
1 7 4 4 2 2 2 2 5
1 8 4 1 3 3 2 2 2 5
1 10 4 1 5 1 5 1 5 1 5 5
1 2 1 1
1 10 4 1 3 3 2 2 2 2 2 5
1 5 4 4 2 2 5
1 5 4 2 2 2 3
1 9 4 5 1 5 1 5 5 5 5
1 8 4 5 3 3 2 2 2 3
1 5 4 1 2 2 5
1 6 4 2 5 5 3 0
1 4 4 1 3 0
1 9 4 5 3 3 2 2 2 2 5
1 6 4 2 3 3 2 4
1 8 4 2 2 2 2 2 2 5
1 10 4 5 3 3 2 2 2 2 2 5
1 9 4 2 2 2 2 2 2 3 0
1 6 4 1 5 1 5 5
1 8 4 1 4 5 1 5 3 0
1 6 4 5 1 5 5 5
1 6 4 4 3 3 2 3
1 9 4 2 5 5 5 5 1 1 4
1 6 4 1 3 3 2 5
1 6 4 5 5 5 3 0
1 11 4 2 2 2 2 2 2 2 2 3 0
1 5 4 1 2 2 4
1 7 4 1 4 1 5 5 5
1 13 4 2 1 5 5 1 1 5 1 5 1 3 0
1 6 4 4 5 5 5 5
1 5 4 2 3 3 4
1 6 4 2 3 3 2 5
1 6 1 1 1 1 1 1
1 9 4 4 1 5 5 5 4 5 3
1 7 4 5 3 3 2 2 5
1 8 4 5 5 5 5 1 5 5
1 8 4 1 5 1 5 5 3 0
1 5 4 4 2 3 0
1 8 4 2 2 2 2 2 2 4
1 6 4 1 3 3 2 4
1 9 4 4 3 3 2 2 2 3 0
1 1 5
1 7 4 1 3 3 2 2 5
1 10 4 1 2 2 2 2 2 2 2 4
1 4 4 4 5 5
1 8 4 2 5 5 5 5 1 4
1 6 5 4 4 4 4 4
1 1 1
1 10 4 5 1 5 5 5 5 5 5 5
1 9 4 4 3 3 2 2 2 2 5
1 5 4 5 2 3 0
1 6 4 2 2 2 2 5
1 10 4 5 4 5 5 1 5 1 5 5
1 9 4 1 5 1 5 5 5 4 5
1 13 4 5 1 5 1 5 1 5 5 1 5 5 5
1 8 4 2 1 5 5 5 3 0
1 11 4 2 3 3 2 2 2 2 2 3 0
1 5 4 5 5 1 4
1 5 4 5 1 5 5
1 7 4 5 2 2 2 2 4
1 10 4 2 5 5 5 5 1 5 5 3
1 11 4 1 3 3 2 2 2 2 2 2 5
1 4 4 2 5 4
1 5 4 2 1 5 5
1 5 4 2 5 3 0
1 7 4 1 3 3 2 2 4
1 11 4 5 3 3 2 2 2 2 2 2 5
1 2 5 4
1 3 4 4 5
1 10 4 2 5 5 1 5 1 5 5 4
1 10 4 2 2 2 2 2 2 2 3 0
1 10 4 1 2 2 2 2 2 2 2 5
1 6 4 5 2 2 3 0
1 11 4 2 4 5 1 5 5 1 5 3 0
1 6 4 5 5 5 5 5
1 9 4 4 2 2 2 2 2 2 4
1 8 4 5 3 3 2 2 3 0
1 5 4 4 3 3 5
1 5 5 4 4 4 4
1 3 4 4 4
1 5 4 2 3 3 3
1 6 4 5 2 2 2 3
1 2 2 0
1 4 5 4 4 4
1 10 4 5 2 2 2 2 2 2 2 5
1 9 4 1 4 5 1 5 5 3 0
1 7 4 5 3 3 2 3 0
1 9 4 1 2 2 2 2 2 2 5
1 7 4 5 2 2 2 3 0
1 4 4 2 1 5
1 4 4 2 3 0
1 8 4 1 5 1 5 5 5 4
1 10 4 4 2 2 2 2 2 2 2 5
1 10 4 2 3 3 2 2 2 2 2 3
1 7 4 1 5 1 1 5 4
1 3 5 4 4
1 4 4 4 2 3
1 6 4 1 5 4 5 3
1 7 5 4 4 4 4 4 4
1 8 4 5 2 2 2 2 2 5
1 3 1 1 1
1 10 4 4 5 5 5 1 5 5 3 0
1 6 4 4 2 2 2 5
1 7 4 1 2 2 2 2 5
1 5 4 4 2 2 3
1 5 1 1 1 1 1
0 6 4 5 1 5 5 1
0 4 4 4 3 3
0 5 4 2 2 2 2
0 5 4 5 1 1 1
0 9 4 5 5 4 5 1 5 1 1
0 8 4 1 1 5 1 5 5 1
0 9 4 2 1 5 4 5 5 5 1
0 6 4 1 3 3 2 2
0 5 4 5 4 4 1
0 10 4 5 1 5 5 5 1 5 5 1
0 9 4 4 5 5 5 1 1 5 1
0 5 4 1 1 5 1
0 1 4
0 6 4 5 5 4 5 1
0 11 4 2 1 5 1 5 1 5 1 5 1
0 7 4 5 1 5 5 5 1
0 7 4 2 2 2 2 2 2
0 3 4 2 2
0 6 4 2 3 3 2 2
0 8 4 4 2 2 2 2 2 2
0 5 4 2 1 5 1
0 9 4 2 2 2 2 2 2 2 2
0 10 4 4 3 3 2 2 2 2 2 2
0 9 4 5 2 2 2 2 2 2 2
0 5 4 2 5 5 1
0 10 4 1 1 5 5 1 5 5 5 1
0 4 4 1 2 2
0 6 4 1 5 1 5 1
0 3 4 4 1
0 3 4 5 1
0 5 4 4 5 5 1
0 4 4 1 5 1
0 9 4 2 1 5 1 5 1 5 1
0 7 4 4 2 2 2 2 2
0 8 4 4 3 3 2 2 2 2
0 7 4 1 1 5 1 5 1
0 8 4 2 2 2 2 2 2 2
0 6 4 5 3 3 2 2
0 5 4 1 3 3 2
0 7 4 1 5 1 5 5 1
0 8 4 1 5 1 5 1 5 1
0 6 4 1 1 5 5 1
0 8 4 2 1 5 1 5 5 1
0 4 4 2 1 1
0 3 4 5 2
0 3 4 1 1
0 1 2
0 8 4 1 2 2 2 2 2 2
0 4 4 5 2 2
0 2 4 4
0 2 4 2
0 2 4 5
0 6 4 4 5 5 5 1
0 4 4 4 5 1
0 2 4 1
0 8 4 1 4 5 5 5 5 1
0 9 4 2 3 3 2 2 2 2 2
0 4 4 5 3 3
0 8 4 2 1 1 5 1 5 1
0 4 4 5 1 1
0 5 4 4 1 5 1
0 6 4 4 2 2 2 2
0 4 4 1 3 3
0 5 4 5 5 5 1
0 7 4 4 5 5 1 5 1
0 9 4 1 3 3 2 2 2 2 2
0 8 4 2 3 3 2 2 2 2
0 9 4 4 3 3 2 2 2 2 2
0 8 4 1 3 3 2 2 2 2
0 5 4 5 2 2 2
0 4 4 2 2 2
0 9 4 4 2 2 2 2 2 2 2
0 8 4 5 3 3 2 2 2 2
0 7 4 2 1 5 5 5 1
0 4 4 5 5 1
0 9 4 5 3 3 2 2 2 2 2
0 5 4 1 5 5 1
0 7 4 4 1 5 1 5 1
0 6 4 5 2 2 2 2
0 8 4 5 5 5 1 5 4 1
0 7 4 2 1 5 1 5 1
0 6 4 2 2 2 2 2
0 4 4 4 1 1
0 8 4 4 5 5 1 5 5 1
0 4 4 5 4 1
0 8 4 5 5 4 5 1 5 1
0 4 4 2 5 1
0 5 4 4 2 2 2
0 6 4 2 1 5 5 1
0 5 4 4 3 3 2
0 10 4 5 3 3 2 2 2 2 2 2
0 7 4 2 3 3 2 2 2
0 7 4 2 1 5 5 1 1
0 5 4 2 3 3 2
0 9 4 4 5 5 1 5 1 5 1
0 10 4 2 1 5 1 5 5 1 5 1
0 7 4 2 5 5 1 5 1
0 3 4 4 2
0 6 4 1 2 2 2 2
0 4 4 4 4 1
0 8 4 5 2 2 2 2 2 2
0 8 4 5 5 5 5 5 5 1
0 7 4 4 3 3 2 2 2
0 6 4 2 5 5 5 1
0 9 4 4 5 5 1 5 5 5 1
0 6 4 4 3 3 2 2
0 6 4 5 5 1 5 1
0 6 4 2 1 1 5 1
0 3 4 2 1
0 7 4 1 5 5 1 5 1
0 4 4 2 3 3
0 7 4 1 3 3 2 2 2
0 9 4 1 2 2 2 2 2 2 2
0 10 4 1 3 3 2 2 2 2 2 2
0 3 4 1 2
0 7 4 1 2 2 2 2 2
0 4 4 4 2 2
0 9 4 1 1 5 1 5 5 5 1
0 7 4 5 2 2 2 2 2
0 6 4 4 1 5 5 1
0 5 4 1 2 2 2
0 7 4 4 5 5 5 1 1
0 7 4 5 3 3 2 2 2
0 5 4 5 3 3 2
