278 6
1 0 
1 16 0 4 2 3 2 5 4 4 5 2 4 3 5 2 2 2
1 4 5 2 2 2
1 13 2 3 2 5 4 4 5 2 4 3 1 1 5
1 6 4 3 3 3 3 3
1 18 5 2 2 2 3 1 1 2 3 2 5 4 4 5 2 4 3 1
1 4 4 2 2 2
1 15 1 2 3 2 5 4 4 5 2 4 3 1 5 1 1
1 10 2 3 2 5 4 4 5 2 4 3
1 35 2 3 2 5 4 4 5 2 4 3 1 0 3 5 0 1 1 1 1 2 3 2 5 4 4 5 2 4 3 0 3 5 0 1 1
1 41 2 3 2 5 4 4 5 2 4 3 1 2 3 2 5 4 4 5 2 4 3 2 3 2 5 4 4 5 2 4 3 1 1 4 3 3 3 3 2 2 5
1 4 0 0 1 1
1 9 5 4 3 3 3 3 3 3 3
1 22 2 3 2 5 4 4 5 2 4 3 1 2 3 2 5 4 4 5 2 4 3 1
1 15 4 1 2 3 2 5 4 4 5 2 4 3 1 1 1
1 33 0 5 1 4 1 2 3 2 5 4 4 5 2 4 3 1 2 3 2 5 4 4 5 2 4 3 1 1 4 2 2 2 2
1 7 5 2 5 2 3 3 3
1 17 4 4 2 2 2 3 2 5 4 4 5 2 4 3 1 1 1
1 16 0 1 1 1 1 5 5 1 1 1 1 4 3 3 3 2
1 10 4 2 2 3 3 4 2 2 2 2
1 22 2 3 2 5 4 4 5 2 4 3 1 4 2 0 1 1 1 1 5 2 2 2
1 14 2 3 2 5 4 4 5 2 4 3 1 1 1 1
1 16 1 1 1 1 2 3 2 5 4 4 5 2 4 3 1 1
1 7 4 3 3 3 3 3 2
1 12 0 5 5 5 1 1 1 1 4 2 2 2
1 32 4 1 2 3 2 5 4 4 5 2 4 3 1 1 1 1 5 2 3 3 3 3 2 3 2 5 4 4 5 2 4 3
1 6 4 2 3 3 3 3
1 16 5 2 2 3 2 5 4 4 5 2 4 3 1 1 1 1
1 12 4 2 2 2 5 2 2 5 2 2 2 5
1 7 4 4 2 2 2 2 4
1 12 5 2 2 2 2 5 2 3 3 3 3 3
1 15 4 5 1 2 3 2 5 4 4 5 2 4 3 1 1
1 6 4 2 2 2 2 4
1 71 2 3 2 5 4 4 5 2 4 3 2 3 2 5 4 4 5 2 4 3 2 3 2 5 4 4 5 2 4 3 2 3 2 5 4 4 5 2 4 3 1 1 1 5 1 1 2 3 2 5 4 4 5 2 4 3 1 2 3 2 5 4 4 5 2 4 3 1 5 2 3
1 1 5
1 14 1 1 1 1 1 1 5 3 3 3 3 1 1 1
1 29 2 3 2 5 4 4 5 2 4 3 2 3 2 5 4 4 5 2 4 3 1 1 1 1 4 2 2 2 2
1 17 4 1 2 3 2 5 4 4 5 2 4 3 1 1 1 1 1
0 26 0 5 3 5 1 1 1 1 2 3 2 5 4 4 5 2 4 3 1 1 1 1 2 3 2 5
0 11 1 1 1 1 2 3 2 5 4 4 5
0 14 1 1 1 1 1 1 1 1 1 1 1 1 1 2
0 17 2 3 2 5 4 4 5 2 4 3 1 2 3 2 5 4 4
0 12 1 1 1 1 2 3 2 5 4 4 5 2
0 19 4 2 3 2 5 4 4 5 2 4 3 1 2 3 2 5 4 4 5
0 37 5 2 3 3 3 2 3 2 5 4 4 5 2 4 3 2 3 2 5 4 4 5 2 4 3 1 1 1 2 3 2 5 4 4 5 2 4
0 27 0 5 3 5 1 1 1 1 2 3 2 5 4 4 5 2 4 3 1 1 1 1 2 3 2 5 4
0 12 1 2 3 2 5 4 4 5 2 4 3 2
0 14 2 3 2 5 4 4 5 2 4 3 1 2 3 2
0 24 1 1 1 1 2 3 2 5 4 4 5 2 4 3 1 1 1 1 2 3 2 5 4 4
0 26 1 2 3 2 5 4 4 5 2 4 3 2 3 2 5 4 4 5 2 4 3 1 1 1 0 3
0 10 1 1 5 2 2 1 2 3 2 5
0 28 0 5 3 5 1 1 1 1 2 3 2 5 4 4 5 2 4 3 1 1 1 1 2 3 2 5 4 4
0 24 2 3 2 5 4 4 5 2 4 3 1 1 2 3 2 5 4 4 5 2 4 3 2 3
0 10 1 2 3 2 5 4 4 5 2 4
0 12 4 4 1 2 3 2 5 4 4 5 2 4
0 17 0 1 0 3 5 5 3 5 1 1 2 3 2 5 4 4 5
0 11 0 1 0 3 5 5 3 5 1 1 2
0 2 2 3
0 17 1 1 1 1 1 1 1 1 1 1 1 1 1 2 3 2 5
0 12 3 5 1 2 3 2 5 4 4 5 2 4
0 4 2 3 2 5
0 19 1 2 3 2 5 4 4 5 2 4 3 2 3 2 5 4 4 5 2
0 15 1 1 1 1 1 1 1 1 1 1 1 1 1 2 3
0 17 1 2 3 2 5 4 4 5 2 4 3 2 3 2 5 4 4
0 34 2 3 2 5 4 4 5 2 4 3 1 4 3 3 3 3 3 3 3 3 3 3 1 1 1 2 3 2 5 4 4 5 2 4
0 30 2 3 2 5 4 4 5 2 4 3 1 4 3 3 3 3 3 3 3 3 3 3 1 1 1 2 3 2 5 4
0 15 2 3 2 5 4 4 5 2 4 3 1 1 2 3 2
0 5 2 3 2 5 4
0 26 2 3 2 5 4 4 5 2 4 3 2 3 2 5 4 4 5 2 4 3 1 1 2 3 2 5
0 39 2 3 2 5 4 4 5 2 4 3 1 2 3 2 5 4 4 5 2 4 3 2 3 2 5 4 4 5 2 4 3 2 3 2 5 4 4 5 2
0 31 5 2 3 3 3 2 3 2 5 4 4 5 2 4 3 2 3 2 5 4 4 5 2 4 3 1 1 1 2 3 2
0 19 2 3 2 5 4 4 5 2 4 3 2 3 2 5 4 4 5 2 4
0 17 2 3 2 5 4 4 5 2 4 3 1 1 2 3 2 5 4
0 22 1 2 3 2 5 4 4 5 2 4 3 1 1 1 1 2 3 2 5 4 4 5
0 24 0 5 3 5 1 1 1 1 2 3 2 5 4 4 5 2 4 3 1 1 1 1 2 3
0 26 2 3 2 5 4 4 5 2 4 3 1 1 2 3 2 5 4 4 5 2 4 3 2 3 2 5
0 31 2 3 2 5 4 4 5 2 4 3 2 3 2 5 4 4 5 2 4 3 1 1 2 3 2 5 4 4 5 2 4
0 18 2 3 2 5 4 4 5 2 4 3 1 1 2 3 2 5 4 4
0 18 0 1 0 3 5 5 3 5 1 1 2 3 2 5 4 4 5 2
0 25 2 3 2 5 4 4 5 2 4 3 1 1 2 3 2 5 4 4 5 2 4 3 2 3 2
0 34 2 3 2 5 4 4 5 2 4 3 1 2 3 2 5 4 4 5 2 4 3 2 3 2 5 4 4 5 2 4 3 2 3 2
0 20 4 2 3 2 5 4 4 5 2 4 3 1 2 3 2 5 4 4 5 2
0 3 1 1 2
0 32 2 3 2 5 4 4 5 2 4 3 1 4 3 3 3 3 3 3 3 3 3 3 1 1 1 2 3 2 5 4 4 5
0 20 1 1 1 1 2 3 2 5 4 4 5 2 4 3 1 1 1 1 2 3
0 18 4 2 3 2 5 4 4 5 2 4 3 1 2 3 2 5 4 4
0 27 2 3 2 5 4 4 5 2 4 3 1 1 2 3 2 5 4 4 5 2 4 3 2 3 2 5 4
0 19 2 3 2 5 4 4 5 2 4 3 1 2 3 2 5 4 4 5 2
0 29 2 3 2 5 4 4 5 2 4 3 1 4 3 3 3 3 3 3 3 3 3 3 1 1 1 2 3 2 5
0 30 2 3 2 5 4 4 5 2 4 3 1 2 3 2 5 4 4 5 2 4 3 2 3 2 5 4 4 5 2 4
0 14 2 3 2 5 4 4 5 2 4 3 1 1 2 3
0 20 1 2 3 2 5 4 4 5 2 4 3 2 3 2 5 4 4 5 2 4
0 5 0 0 1 2 3
0 23 1 1 1 1 2 3 2 5 4 4 5 2 4 3 1 1 1 1 2 3 2 5 4
0 13 0 1 0 3 5 5 3 5 1 1 2 3 2
0 9 0 0 1 2 3 2 5 4 4
0 16 2 3 2 5 4 4 5 2 4 3 1 2 3 2 5 4
0 19 1 2 3 2 5 4 4 5 2 4 3 1 1 1 1 2 3 2 5
0 16 2 3 2 5 4 4 5 2 4 3 1 1 2 3 2 5
0 6 4 4 1 2 3 2
0 16 0 1 0 3 5 5 3 5 1 1 2 3 2 5 4 4
0 8 1 2 3 2 5 4 4 5
0 12 0 1 0 3 5 5 3 5 1 1 2 3
0 9 0 5 3 5 1 1 1 1 2
0 8 1 1 1 1 2 3 2 5
0 19 1 1 1 1 1 1 1 1 1 1 1 1 1 2 3 2 5 4 4
0 14 5 2 1 1 1 2 3 2 5 4 4 5 2 4
0 12 2 3 2 5 4 4 5 2 4 3 1 2
0 20 2 3 2 5 4 4 5 2 4 3 1 2 3 2 5 4 4 5 2 4
0 15 1 1 5 2 2 1 2 3 2 5 4 4 5 2 4
0 29 2 3 2 5 4 4 5 2 4 3 2 3 2 5 4 4 5 2 4 3 1 1 2 3 2 5 4 4 5
0 7 1 1 2 3 2 5 4
0 14 2 3 2 5 4 4 5 2 4 3 2 3 2 5
0 3 3 5 3
0 22 1 1 1 1 2 3 2 5 4 4 5 2 4 3 1 1 1 1 2 3 2 5
0 22 2 3 2 5 4 4 5 2 4 3 1 2 3 2 5 4 4 5 2 4 3 2
0 16 2 3 2 5 4 4 5 2 4 3 2 3 2 5 4 4
0 19 0 1 0 3 5 5 3 5 1 1 2 3 2 5 4 4 5 2 4
0 13 1 1 5 2 2 1 2 3 2 5 4 4 5
0 6 0 0 1 2 3 2
0 31 0 5 3 5 1 1 1 1 2 3 2 5 4 4 5 2 4 3 1 1 1 1 2 3 2 5 4 4 5 2 4
0 25 1 2 3 2 5 4 4 5 2 4 3 2 3 2 5 4 4 5 2 4 3 1 1 1 3
0 24 2 3 2 5 4 4 5 2 4 3 2 3 2 5 4 4 5 2 4 3 1 1 2 3
0 32 5 2 3 3 3 2 3 2 5 4 4 5 2 4 3 2 3 2 5 4 4 5 2 4 3 1 1 1 2 3 2 5
0 33 2 3 2 5 4 4 5 2 4 3 1 2 3 2 5 4 4 5 2 4 3 2 3 2 5 4 4 5 2 4 3 2 3
0 20 1 1 1 1 1 1 1 1 1 1 1 1 1 2 3 2 5 4 4 5
0 8 3 5 1 2 3 2 5 4
0 25 2 3 2 5 4 4 5 2 4 3 2 3 2 5 4 4 5 2 4 3 1 1 2 3 2
0 29 5 2 3 3 3 2 3 2 5 4 4 5 2 4 3 2 3 2 5 4 4 5 2 4 3 1 1 1 2
0 27 2 3 2 5 4 4 5 2 4 3 2 3 2 5 4 4 5 2 4 3 1 1 2 3 2 5 4
0 15 4 2 3 2 5 4 4 5 2 4 3 1 2 3 2
0 19 2 3 2 5 4 4 5 2 4 3 1 1 2 3 2 5 4 4 5
0 21 1 2 3 2 5 4 4 5 2 4 3 1 1 1 1 2 3 2 5 4 4
0 8 2 3 2 5 4 4 5 2
0 9 5 2 1 1 1 2 3 2 5
0 18 1 2 3 2 5 4 4 5 2 4 3 1 1 1 1 2 3 2
0 26 2 3 2 5 4 4 5 2 4 3 1 4 3 3 3 3 3 3 3 3 3 3 1 1 1 2
0 29 2 3 2 5 4 4 5 2 4 3 1 1 2 3 2 5 4 4 5 2 4 3 2 3 2 5 4 4 5
0 12 0 0 1 2 3 2 5 4 4 5 2 4
0 23 0 5 3 5 1 1 1 1 2 3 2 5 4 4 5 2 4 3 1 1 1 1 2
0 21 4 2 3 2 5 4 4 5 2 4 3 1 2 3 2 5 4 4 5 2 4
0 4 0 0 1 2
0 12 5 2 1 1 1 2 3 2 5 4 4 5
0 21 1 1 1 1 2 3 2 5 4 4 5 2 4 3 1 1 1 1 2 3 2
0 34 5 2 3 3 3 2 3 2 5 4 4 5 2 4 3 2 3 2 5 4 4 5 2 4 3 1 1 1 2 3 2 5 4 4
0 21 1 1 1 1 1 1 1 1 1 1 1 1 1 2 3 2 5 4 4 5 2
0 13 1 2 3 2 5 4 4 5 2 4 3 2 3
0 29 0 5 3 5 1 1 1 1 2 3 2 5 4 4 5 2 4 3 1 1 1 1 2 3 2 5 4 4 5
0 11 2 3 2 5 4 4 5 2 4 3 2
0 28 2 3 2 5 4 4 5 2 4 3 2 3 2 5 4 4 5 2 4 3 1 1 2 3 2 5 4 4
0 26 1 1 1 1 2 3 2 5 4 4 5 2 4 3 1 1 1 1 2 3 2 5 4 4 5 2
0 17 0 5 3 5 1 1 1 1 2 3 2 5 4 4 5 2 4
0 13 2 3 2 5 4 4 5 2 4 3 1 1 2
0 36 2 3 2 5 4 4 5 2 4 3 1 2 3 2 5 4 4 5 2 4 3 2 3 2 5 4 4 5 2 4 3 2 3 2 5 4
0 31 2 3 2 5 4 4 5 2 4 3 1 1 2 3 2 5 4 4 5 2 4 3 2 3 2 5 4 4 5 2 4
0 5 1 2 3 2 5
0 35 2 3 2 5 4 4 5 2 4 3 1 2 3 2 5 4 4 5 2 4 3 2 3 2 5 4 4 5 2 4 3 2 3 2 5
0 10 1 1 2 3 2 5 4 4 5 2
0 12 2 3 2 5 4 4 5 2 4 3 2 3
0 27 1 1 1 1 2 3 2 5 4 4 5 2 4 3 1 1 1 1 2 3 2 5 4 4 5 2 4
0 6 1 1 1 1 2 3
0 11 5 2 1 1 1 2 3 2 5 4 4
0 28 2 3 2 5 4 4 5 2 4 3 1 1 2 3 2 5 4 4 5 2 4 3 2 3 2 5 4 4
0 4 1 2 3 2
0 7 5 2 1 1 1 2 3
0 1 2
0 14 0 5 3 5 1 1 1 1 2 3 2 5 4 4
0 21 2 3 2 5 4 4 5 2 4 3 1 1 2 3 2 5 4 4 5 2 4
0 27 2 3 2 5 4 4 5 2 4 3 1 2 3 2 5 4 4 5 2 4 3 2 3 2 5 4 4
0 26 2 3 2 5 4 4 5 2 4 3 1 2 3 2 5 4 4 5 2 4 3 2 3 2 5 4
0 10 4 4 1 2 3 2 5 4 4 5
0 7 1 2 3 2 5 4 4
0 17 1 2 3 2 5 4 4 5 2 4 3 1 1 1 1 2 3
0 14 1 2 3 2 5 4 4 5 2 4 3 2 3 2
0 19 1 1 1 1 2 3 2 5 4 4 5 2 4 3 1 1 1 1 2
0 17 4 2 3 2 5 4 4 5 2 4 3 1 2 3 2 5 4
0 30 2 3 2 5 4 4 5 2 4 3 1 1 2 3 2 5 4 4 5 2 4 3 2 3 2 5 4 4 5 2
0 13 4 2 3 2 5 4 4 5 2 4 3 1 2
0 20 1 2 3 2 5 4 4 5 2 4 3 1 1 1 1 2 3 2 5 4
0 38 2 3 2 5 4 4 5 2 4 3 1 2 3 2 5 4 4 5 2 4 3 2 3 2 5 4 4 5 2 4 3 2 3 2 5 4 4 5
0 23 1 2 3 2 5 4 4 5 2 4 3 1 1 1 1 2 3 2 5 4 4 5 2
0 14 4 2 3 2 5 4 4 5 2 4 3 1 2 3
0 9 1 2 3 2 5 4 4 5 2
0 28 2 3 2 5 4 4 5 2 4 3 1 2 3 2 5 4 4 5 2 4 3 2 3 2 5 4 4 5
0 30 0 5 3 5 1 1 1 1 2 3 2 5 4 4 5 2 4 3 1 1 1 1 2 3 2 5 4 4 5 2
0 6 5 2 1 1 1 2
0 25 1 1 1 1 2 3 2 5 4 4 5 2 4 3 1 1 1 1 2 3 2 5 4 4 5
0 25 0 5 3 5 1 1 1 1 2 3 2 5 4 4 5 2 4 3 1 1 1 1 2 3 2
0 8 5 2 1 1 1 2 3 2
0 6 2 3 2 5 4 4
0 11 1 1 5 2 2 1 2 3 2 5 4
0 15 0 5 3 5 1 1 1 1 2 3 2 5 4 4 5
0 22 1 1 1 1 1 1 1 1 1 1 1 1 1 2 3 2 5 4 4 5 2 4
0 37 2 3 2 5 4 4 5 2 4 3 1 2 3 2 5 4 4 5 2 4 3 2 3 2 5 4 4 5 2 4 3 2 3 2 5 4 4
0 6 1 2 3 2 5 4
0 11 0 5 3 5 1 1 1 1 2 3 2
0 4 3 5 1 2
0 7 3 5 1 2 3 2 5
0 16 4 2 3 2 5 4 4 5 2 4 3 1 2 3 2 5
0 24 2 3 2 5 4 4 5 2 4 3 1 2 3 2 5 4 4 5 2 4 3 2 3 2
0 30 2 3 2 5 4 4 5 2 4 3 2 3 2 5 4 4 5 2 4 3 1 1 2 3 2 5 4 4 5 2
0 23 2 3 2 5 4 4 5 2 4 3 1 1 2 3 2 5 4 4 5 2 4 3 2
0 13 5 2 1 1 1 2 3 2 5 4 4 5 2
0 5 4 4 1 2 3
0 8 0 0 1 2 3 2 5 4
0 4 4 4 1 2
0 2 1 2
0 14 0 1 0 3 5 5 3 5 1 1 2 3 2 5
0 13 2 3 2 5 4 4 5 2 4 3 1 2 3
0 13 2 3 2 5 4 4 5 2 4 3 2 3 2
0 7 1 1 5 2 2 1 2
0 9 3 5 1 2 3 2 5 4 4
0 18 1 1 1 1 1 1 1 1 1 1 1 1 1 2 3 2 5 4
0 7 0 0 1 2 3 2 5
0 3 1 2 3
0 4 1 1 2 3
0 33 2 3 2 5 4 4 5 2 4 3 1 4 3 3 3 3 3 3 3 3 3 3 1 1 1 2 3 2 5 4 4 5 2
0 29 2 3 2 5 4 4 5 2 4 3 1 2 3 2 5 4 4 5 2 4 3 2 3 2 5 4 4 5 2
0 11 3 5 1 2 3 2 5 4 4 5 2
0 20 2 3 2 5 4 4 5 2 4 3 1 1 2 3 2 5 4 4 5 2
0 8 4 4 1 2 3 2 5 4
0 12 1 1 5 2 2 1 2 3 2 5 4 4
0 17 2 3 2 5 4 4 5 2 4 3 2 3 2 5 4 4 5
0 6 1 1 2 3 2 5
0 25 2 3 2 5 4 4 5 2 4 3 1 2 3 2 5 4 4 5 2 4 3 2 3 2 5
0 27 2 3 2 5 4 4 5 2 4 3 1 4 3 3 3 3 3 3 3 3 3 3 1 1 1 2 3
0 1 3
0 9 1 1 1 1 2 3 2 5 4
0 18 1 2 3 2 5 4 4 5 2 4 3 2 3 2 5 4 4 5
0 11 4 4 1 2 3 2 5 4 4 5 2
0 23 2 3 2 5 4 4 5 2 4 3 1 2 3 2 5 4 4 5 2 4 3 2 3
0 28 2 3 2 5 4 4 5 2 4 3 1 4 3 3 3 3 3 3 3 3 3 3 1 1 1 2 3 2
0 9 1 1 5 2 2 1 2 3 2
0 18 2 3 2 5 4 4 5 2 4 3 1 2 3 2 5 4 4 5
0 14 1 1 5 2 2 1 2 3 2 5 4 4 5 2
0 16 1 2 3 2 5 4 4 5 2 4 3 1 1 1 1 2
0 13 0 5 3 5 1 1 1 1 2 3 2 5 4
0 6 3 5 3 5 0 3
0 23 2 3 2 5 4 4 5 2 4 3 2 3 2 5 4 4 5 2 4 3 1 1 2
0 10 0 5 3 5 1 1 1 1 2 3
0 15 2 3 2 5 4 4 5 2 4 3 1 2 3 2 5
0 10 0 0 1 2 3 2 5 4 4 5
0 7 1 1 1 1 2 3 2
0 33 5 2 3 3 3 2 3 2 5 4 4 5 2 4 3 2 3 2 5 4 4 5 2 4 3 1 1 1 2 3 2 5 4
0 5 1 1 2 3 2
0 15 0 1 0 3 5 5 3 5 1 1 2 3 2 5 4
0 10 5 2 1 1 1 2 3 2 5 4
0 5 1 1 1 1 2
0 5 3 5 1 2 3
0 16 1 2 3 2 5 4 4 5 2 4 3 2 3 2 5 4
0 15 1 2 3 2 5 4 4 5 2 4 3 2 3 2 5
0 35 5 2 3 3 3 2 3 2 5 4 4 5 2 4 3 2 3 2 5 4 4 5 2 4 3 1 1 1 2 3 2 5 4 4 5
0 10 1 1 1 1 2 3 2 5 4 4
0 32 2 3 2 5 4 4 5 2 4 3 1 2 3 2 5 4 4 5 2 4 3 2 3 2 5 4 4 5 2 4 3 2
0 30 5 2 3 3 3 2 3 2 5 4 4 5 2 4 3 2 3 2 5 4 4 5 2 4 3 1 1 1 2 3
0 24 1 2 3 2 5 4 4 5 2 4 3 1 1 1 1 2 3 2 5 4 4 5 2 4
0 16 0 5 3 5 1 1 1 1 2 3 2 5 4 4 5 2
0 18 2 3 2 5 4 4 5 2 4 3 2 3 2 5 4 4 5 2
0 9 1 1 2 3 2 5 4 4 5
0 40 2 3 2 5 4 4 5 2 4 3 1 2 3 2 5 4 4 5 2 4 3 2 3 2 5 4 4 5 2 4 3 2 3 2 5 4 4 5 2 4
0 6 3 5 1 2 3 2
0 36 5 2 3 3 3 2 3 2 5 4 4 5 2 4 3 2 3 2 5 4 4 5 2 4 3 1 1 1 2 3 2 5 4 4 5 2
0 11 0 0 1 2 3 2 5 4 4 5 2
0 9 2 3 2 5 4 4 5 2 4
0 7 4 4 1 2 3 2 5
0 8 1 1 2 3 2 5 4 4
0 31 2 3 2 5 4 4 5 2 4 3 1 4 3 3 3 3 3 3 3 3 3 3 1 1 1 2 3 2 5 4 4
0 8 1 1 5 2 2 1 2 3
0 15 2 3 2 5 4 4 5 2 4 3 2 3 2 5 4
0 11 1 1 2 3 2 5 4 4 5 2 4
0 13 1 1 1 1 2 3 2 5 4 4 5 2 4
0 3 2 3 2
0 12 0 5 3 5 1 1 1 1 2 3 2 5
0 10 3 5 1 2 3 2 5 4 4 5
0 4 0 1 0 3
0 16 1 1 1 1 1 1 1 1 1 1 1 1 1 2 3 2
0 9 4 4 1 2 3 2 5 4 4
0 7 2 3 2 5 4 4 5
