201 7
1 0 
1 114 2 6 2 3 4 6 6 6 2 4 0 2 4 4 0 2 0 2 5 1 5 1 5 1 2 5 6 6 6 6 6 6 6 4 3 2 0 2 0 2 0 2 4 0 4 0 4 4 0 2 0 2 0 2 0 2 4 0 2 0 2 4 0 4 4 0 2 0 2 4 0 2 0 2 0 2 4 0 2 5 1 2 5 3 4 2 5 3 4 2 5 6 2 3 4 2 5 6 6 6 6 6 6 6 6 0 1 2 0 2 4 0 0 6
1 76 5 1 5 1 5 1 5 1 2 5 3 4 2 3 4 6 6 6 6 2 6 2 6 4 5 1 5 1 2 3 4 2 6 2 5 3 4 2 5 3 4 6 6 6 4 5 1 2 5 3 4 2 3 4 2 5 6 2 3 4 6 6 6 6 6 6 2 4 0 2 0 2 0 2 0 2
1 173 5 1 5 1 2 5 3 4 2 6 2 3 4 2 6 6 6 6 6 0 1 2 4 2 4 0 4 2 0 0 4 2 0 6 2 2 0 3 2 0 2 4 2 0 2 4 0 4 2 4 0 0 2 0 2 0 2 0 2 0 2 0 2 4 0 2 0 2 0 2 4 0 0 2 0 2 0 2 0 2 0 2 0 2 0 4 0 0 0 2 0 2 0 2 0 2 0 0 0 2 0 2 0 2 0 2 4 0 0 2 0 2 0 2 0 2 0 2 5 1 5 1 5 1 6 6 6 6 6 6 6 4 0 2 0 2 0 2 4 0 4 0 2 0 2 4 0 0 2 0 2 0 2 4 0 2 0 2 0 2 0 2 0 4 0 2 4 0 2 0 2 0 2
1 41 5 1 5 1 5 1 5 1 5 1 2 5 3 4 2 6 6 6 0 2 4 0 0 2 0 2 0 2 0 2 0 2 0 2 4 0 2 0 2 0 2
1 221 5 1 5 1 5 1 5 1 5 1 5 1 6 6 6 6 4 0 2 0 2 0 2 0 2 0 2 0 2 4 0 2 0 2 0 2 4 0 0 5 1 5 1 5 1 5 1 5 1 2 5 6 6 0 3 2 4 2 4 2 0 2 6 2 2 0 3 0 4 2 0 4 0 0 2 0 2 0 2 4 0 0 0 4 0 0 2 5 1 5 1 5 1 2 5 3 4 2 3 4 6 6 6 6 6 6 6 0 3 0 0 0 0 2 4 2 4 2 4 6 5 1 5 1 5 1 2 5 3 4 2 3 4 6 6 6 4 1 0 4 2 0 2 0 2 4 2 0 6 2 4 3 4 1 4 0 2 0 2 0 2 0 2 0 2 4 0 2 5 1 5 1 5 1 5 1 2 3 4 2 5 6 6 6 6 6 4 3 2 4 2 4 2 0 0 0 2 4 6 6 4 0 2 0 2 4 0 2 0 2 0 2 0 2 0 2 4 0 2 0 2
1 123 2 3 4 6 6 2 6 0 3 2 0 0 0 2 4 0 0 2 0 2 0 6 6 4 0 2 0 2 4 0 4 4 0 0 0 2 0 2 0 2 4 0 2 0 0 0 0 2 0 2 0 2 0 2 0 2 0 2 4 0 2 0 2 0 2 4 0 2 0 2 0 2 0 2 0 2 0 2 5 1 5 1 5 1 2 5 6 2 6 2 5 3 4 2 3 4 6 6 6 6 0 4 4 0 2 0 2 0 2 0 2 0 2 4 0 2 0 2 0 2 4 0 2
1 278 5 1 5 1 2 5 3 4 2 5 3 4 2 6 2 6 2 6 2 5 3 4 6 6 6 6 2 4 3 2 4 0 3 2 4 0 2 0 2 0 2 4 0 2 5 1 5 1 5 1 5 1 5 1 2 6 2 5 3 4 2 5 6 2 6 2 3 4 2 5 3 4 6 6 6 6 6 2 6 2 0 0 0 4 0 0 2 0 2 0 2 0 2 0 2 0 2 4 4 4 0 2 0 2 0 2 0 2 0 4 4 0 0 2 0 2 0 2 5 1 5 1 5 1 5 1 2 6 2 3 4 2 3 4 2 3 4 6 6 6 4 3 0 0 2 4 0 3 2 4 2 4 0 0 2 0 2 0 2 4 4 3 0 4 0 0 4 0 2 0 2 0 2 5 1 5 1 5 1 5 1 5 1 5 1 6 6 2 0 1 5 1 5 1 5 1 5 1 5 1 5 1 2 5 3 4 2 5 3 4 6 6 6 4 3 0 4 0 0 2 4 2 0 3 2 4 0 3 2 0 4 0 0 0 2 0 2 0 2 0 2 0 2 4 4 4 4 0 0 2 0 0 0 4 4 0 2 0 2 4 0 2 0 2 0 2 0 2 4 4 0 2 0 2 0 2 0 2
1 229 5 1 5 1 5 1 5 1 2 5 6 2 3 4 6 6 6 6 2 6 0 4 4 4 0 2 0 2 0 2 0 0 0 0 2 0 2 0 2 5 1 5 1 5 1 5 1 2 3 4 2 3 4 2 3 4 6 6 6 6 2 2 0 1 2 4 2 0 2 4 2 0 0 0 4 1 0 4 2 4 2 4 2 4 2 5 1 5 1 5 1 2 5 3 4 6 6 0 3 2 4 2 4 0 4 2 0 2 4 0 0 2 6 4 0 2 0 2 0 2 4 0 2 0 2 0 2 0 2 4 0 0 4 4 0 2 0 2 0 2 0 2 0 2 4 4 0 4 4 0 2 0 2 4 5 1 5 1 2 5 3 4 2 5 3 4 2 3 4 6 6 6 6 6 4 3 2 4 2 0 2 4 2 0 4 0 2 0 2 0 2 0 2 0 2 4 0 0 0 0 2 0 2 0 2 0 2 0 0 2 0 2 0 2 0 2 0 2 0 2 4 0 2 0 2 0 2 0 2
1 101 5 1 2 6 2 5 6 2 3 4 2 3 4 6 6 6 4 4 0 2 0 2 0 2 0 2 4 0 2 0 2 0 2 0 2 4 0 2 5 1 5 1 5 1 5 1 5 1 5 1 2 5 6 2 3 4 2 3 4 2 5 6 2 5 3 4 2 6 6 6 4 0 2 0 2 4 4 0 4 0 0 0 2 0 2 4 0 2 0 2 0 2 0 2 0 2 0 2 4 4 0
0 116 6 6 6 6 4 0 2 0 2 0 2 0 2 0 2 0 2 4 0 2 0 2 0 2 4 0 2 0 2 0 2 0 2 5 1 5 1 5 1 2 5 6 2 5 6 4 1 2 0 2 4 0 0 0 0 0 0 4 1 2 0 0 0 2 4 2 0 4 0 2 4 0 2 0 2 0 2 0 2 0 2 0 2 4 0 2 4 0 2 0 2 0 2 0 2 0 2 0 2 4 0 2 5 1 5 1 5 1 5 1 2 3 4 2 5 3
0 71 5 1 5 1 5 1 2 5 3 4 2 5 6 2 3 4 6 6 6 6 6 6 6 6 6 4 0 0 2 0 2 0 2 0 2 4 0 2 4 0 2 0 2 0 2 0 2 0 2 4 4 4 0 2 0 2 0 2 0 2 0 2 0 2 5 1 5 1 5 1 5
0 83 5 1 5 1 5 1 2 3 4 2 6 6 6 6 6 2 2 6 2 0 4 0 0 2 0 2 0 2 4 0 2 0 2 4 0 2 0 2 0 2 0 2 0 2 0 2 4 0 2 0 2 0 2 0 2 0 2 0 2 5 1 2 6 2 6 2 6 2 5 3 4 2 6 6 6 6 6 6 2 4 0 2 5
0 18 5 1 5 1 5 1 5 1 5 1 6 6 6 6 2 5 1 5
0 92 5 1 5 1 5 1 2 3 4 2 6 6 6 6 6 2 2 6 2 0 4 0 0 2 0 2 0 2 4 0 2 0 2 4 0 2 0 2 0 2 0 2 0 2 0 2 4 0 2 0 2 0 2 0 2 0 2 0 2 5 1 2 6 2 6 2 6 2 5 3 4 2 6 6 6 6 6 6 2 4 0 2 5 1 2 3 4 2 5 6 2 3
0 96 5 1 5 1 5 1 2 5 3 4 2 5 6 2 3 4 6 6 6 6 6 6 6 6 6 4 0 0 2 0 2 0 2 0 2 4 0 2 4 0 2 0 2 0 2 0 2 0 2 4 4 4 0 2 0 2 0 2 0 2 0 2 0 2 5 1 5 1 5 1 5 1 5 1 6 6 6 6 6 6 4 1 2 0 0 0 0 0 2 4 0 0 2 2 0 5
0 109 5 1 5 1 2 5 3 4 2 5 3 4 2 5 3 4 2 5 6 2 5 3 4 6 6 6 6 2 4 0 2 0 2 0 2 0 2 0 2 0 2 0 2 0 2 0 2 4 0 2 0 2 0 2 0 2 0 2 0 2 5 1 5 1 5 1 5 1 5 1 5 1 2 3 4 6 6 0 1 2 4 2 4 6 6 2 6 0 2 0 2 0 2 0 2 0 2 0 2 5 1 2 3 4 2 3 4 2 5
0 220 5 1 5 1 5 1 5 1 5 1 2 5 6 2 6 2 6 2 5 6 2 6 2 3 4 6 6 6 6 6 0 0 2 0 2 0 2 0 4 0 2 0 2 0 2 0 2 4 0 2 5 1 5 1 6 6 6 4 3 0 0 2 0 6 6 4 4 0 2 0 2 0 2 5 1 5 1 5 1 5 1 2 5 3 4 2 6 2 6 2 3 4 6 6 6 6 6 6 4 3 2 0 6 6 0 3 2 4 2 0 2 4 2 0 2 0 6 0 0 4 4 0 5 1 2 3 4 2 5 3 4 2 5 6 6 6 6 6 4 0 2 0 0 0 0 0 0 2 0 2 0 2 4 4 0 2 0 2 0 2 0 2 4 0 2 0 2 0 2 0 2 0 2 4 0 2 0 2 0 2 2 5 6 6 6 6 2 6 6 6 4 0 0 4 4 0 0 2 4 0 2 0 2 0 2 0 2 0 2 0 4 0 2 0 2 0 2 5 1 5
0 13 5 1 5 1 5 1 2 6 2 5 6 2 3
0 1 5
0 110 5 1 5 1 2 5 3 4 2 5 3 4 2 5 3 4 2 5 6 2 5 3 4 6 6 6 6 2 4 0 2 0 2 0 2 0 2 0 2 0 2 0 2 0 2 0 2 4 0 2 0 2 0 2 0 2 0 2 0 2 5 1 5 1 5 1 5 1 5 1 5 1 2 3 4 6 6 0 1 2 4 2 4 6 6 2 6 0 2 0 2 0 2 0 2 0 2 0 2 5 1 2 3 4 2 3 4 2 5 3
0 102 5 1 5 1 5 1 2 5 3 4 2 5 6 2 3 4 6 6 6 6 6 6 6 6 6 4 0 0 2 0 2 0 2 0 2 4 0 2 4 0 2 0 2 0 2 0 2 0 2 4 4 4 0 2 0 2 0 2 0 2 0 2 0 2 5 1 5 1 5 1 5 1 5 1 6 6 6 6 6 6 4 1 2 0 0 0 0 0 2 4 0 0 2 2 0 5 1 5 1 5 1 5
0 123 5 1 5 1 5 1 5 1 5 1 2 5 6 2 6 2 6 2 5 6 2 6 2 3 4 6 6 6 6 6 0 0 2 0 2 0 2 0 4 0 2 0 2 0 2 0 2 4 0 2 5 1 5 1 6 6 6 4 3 0 0 2 0 6 6 4 4 0 2 0 2 0 2 5 1 5 1 5 1 5 1 2 5 3 4 2 6 2 6 2 3 4 6 6 6 6 6 6 4 3 2 0 6 6 0 3 2 4 2 0 2 4 2 0 2 0 6 0 0 4 4 0 5
0 79 5 1 5 1 5 1 5 1 5 1 6 6 6 6 2 5 1 5 1 5 1 5 1 6 0 3 0 4 2 0 2 4 2 0 2 2 4 4 0 0 0 4 0 2 0 2 0 2 0 2 0 2 0 2 4 0 2 0 2 0 0 2 0 2 0 2 0 2 0 2 0 2 5 1 5 1 5 1 5
0 15 5 1 5 1 2 5 3 4 2 5 3 4 2 5 3
0 224 5 1 5 1 5 1 5 1 5 1 2 5 6 2 6 2 6 2 5 6 2 6 2 3 4 6 6 6 6 6 0 0 2 0 2 0 2 0 4 0 2 0 2 0 2 0 2 4 0 2 5 1 5 1 6 6 6 4 3 0 0 2 0 6 6 4 4 0 2 0 2 0 2 5 1 5 1 5 1 5 1 2 5 3 4 2 6 2 6 2 3 4 6 6 6 6 6 6 4 3 2 0 6 6 0 3 2 4 2 0 2 4 2 0 2 0 6 0 0 4 4 0 5 1 2 3 4 2 5 3 4 2 5 6 6 6 6 6 4 0 2 0 0 0 0 0 0 2 0 2 0 2 4 4 0 2 0 2 0 2 0 2 4 0 2 0 2 0 2 0 2 0 2 4 0 2 0 2 0 2 2 5 6 6 6 6 2 6 6 6 4 0 0 4 4 0 0 2 4 0 2 0 2 0 2 0 2 0 2 0 4 0 2 0 2 0 2 5 1 5 1 5 1 5
0 10 5 1 5 1 2 5 3 4 2 5
0 7 5 1 5 1 5 1 5
0 222 5 1 5 1 5 1 5 1 5 1 2 5 6 2 6 2 6 2 5 6 2 6 2 3 4 6 6 6 6 6 0 0 2 0 2 0 2 0 4 0 2 0 2 0 2 0 2 4 0 2 5 1 5 1 6 6 6 4 3 0 0 2 0 6 6 4 4 0 2 0 2 0 2 5 1 5 1 5 1 5 1 2 5 3 4 2 6 2 6 2 3 4 6 6 6 6 6 6 4 3 2 0 6 6 0 3 2 4 2 0 2 4 2 0 2 0 6 0 0 4 4 0 5 1 2 3 4 2 5 3 4 2 5 6 6 6 6 6 4 0 2 0 0 0 0 0 0 2 0 2 0 2 4 4 0 2 0 2 0 2 0 2 4 0 2 0 2 0 2 0 2 0 2 4 0 2 0 2 0 2 2 5 6 6 6 6 2 6 6 6 4 0 0 4 4 0 0 2 4 0 2 0 2 0 2 0 2 0 2 0 4 0 2 0 2 0 2 5 1 5 1 5
0 89 5 1 5 1 5 1 2 3 4 2 6 6 6 6 6 2 2 6 2 0 4 0 0 2 0 2 0 2 4 0 2 0 2 4 0 2 0 2 0 2 0 2 0 2 0 2 4 0 2 0 2 0 2 0 2 0 2 0 2 5 1 2 6 2 6 2 6 2 5 3 4 2 6 6 6 6 6 6 2 4 0 2 5 1 2 3 4 2 5
0 103 5 1 5 1 5 1 2 6 2 5 6 2 3 4 6 6 6 6 6 6 4 3 2 4 0 4 0 0 0 0 2 4 2 4 6 2 4 0 2 0 2 0 2 0 2 5 1 2 5 3 4 2 5 6 2 5 3 4 2 5 3 4 2 5 3 4 2 3 4 6 6 6 4 0 0 2 4 4 4 0 0 2 0 2 0 2 0 2 0 2 0 2 0 2 0 2 0 2 5 1 5 1 5
0 84 5 1 5 1 5 1 5 1 5 1 2 5 6 2 6 2 6 2 5 6 2 6 2 3 4 6 6 6 6 6 0 0 2 0 2 0 2 0 4 0 2 0 2 0 2 0 2 4 0 2 5 1 5 1 6 6 6 4 3 0 0 2 0 6 6 4 4 0 2 0 2 0 2 5 1 5 1 5 1 5 1 2 5 3
0 106 5 1 5 1 2 5 3 4 2 5 3 4 2 5 3 4 2 5 6 2 5 3 4 6 6 6 6 2 4 0 2 0 2 0 2 0 2 0 2 0 2 0 2 0 2 0 2 4 0 2 0 2 0 2 0 2 0 2 0 2 5 1 5 1 5 1 5 1 5 1 5 1 2 3 4 6 6 0 1 2 4 2 4 6 6 2 6 0 2 0 2 0 2 0 2 0 2 0 2 5 1 2 3 4 2 3
0 86 5 1 5 1 5 1 5 1 5 1 6 6 6 6 2 5 1 5 1 5 1 5 1 6 0 3 0 4 2 0 2 4 2 0 2 2 4 4 0 0 0 4 0 2 0 2 0 2 0 2 0 2 0 2 4 0 2 0 2 0 0 2 0 2 0 2 0 2 0 2 0 2 5 1 5 1 5 1 5 1 5 1 5 1 2 5
0 58 5 1 5 1 5 1 2 6 2 6 2 3 4 2 5 6 2 6 2 5 3 4 6 6 4 0 0 4 0 0 0 2 0 2 0 2 0 4 0 2 0 2 0 2 4 0 2 4 0 2 0 2 4 0 2 5 1 5
0 70 5 1 5 1 5 1 2 6 2 6 2 3 4 2 5 6 2 6 2 5 3 4 6 6 4 0 0 4 0 0 0 2 0 2 0 2 0 4 0 2 0 2 0 2 4 0 2 4 0 2 0 2 4 0 2 5 1 5 1 5 1 2 5 6 2 5 6 2 5 3
0 45 5 1 5 1 5 1 5 1 5 1 2 5 3 4 6 6 6 6 6 2 6 4 1 2 0 0 0 2 4 2 2 4 0 2 0 2 0 2 0 2 0 2 5 1 5
0 57 5 1 5 1 5 1 5 1 5 1 2 5 3 4 6 6 6 6 6 2 6 4 1 2 0 0 0 2 4 2 2 4 0 2 0 2 0 2 0 2 0 2 5 1 5 1 5 1 5 1 5 1 5 1 2 5 3
0 21 5 1 5 1 5 1 2 6 2 6 2 3 4 2 5 6 2 6 2 5 3
0 9 5 1 5 1 5 1 2 5 3
0 162 5 1 5 1 5 1 5 1 2 3 4 2 4 3 0 1 2 0 2 4 2 0 2 0 2 4 2 0 6 0 3 0 4 2 0 2 4 6 4 5 1 5 1 5 1 5 1 5 1 6 6 6 6 6 6 0 3 0 2 0 2 0 2 0 2 0 2 0 2 4 0 4 4 0 2 0 2 0 2 0 2 0 2 0 2 0 2 0 2 0 2 0 2 0 4 0 2 0 2 0 2 0 2 0 2 0 2 0 2 4 0 2 0 2 0 2 0 2 0 2 5 1 5 1 5 1 5 1 6 6 6 6 2 2 6 0 3 6 6 6 6 6 6 4 3 2 0 2 0 1 0 4 2 4 2 0 2 4 2 5 1 5
0 71 5 1 5 1 2 5 3 4 2 5 3 4 2 5 3 4 2 5 6 2 5 3 4 6 6 6 6 2 4 0 2 0 2 0 2 0 2 0 2 0 2 0 2 0 2 0 2 4 0 2 0 2 0 2 0 2 0 2 0 2 5 1 5 1 5 1 5 1 5 1 5
0 12 5 1 5 1 5 1 2 5 3 4 2 5
0 113 5 1 5 1 5 1 2 5 3 4 2 5 6 2 3 4 6 6 6 6 6 6 6 6 6 4 0 0 2 0 2 0 2 0 2 4 0 2 4 0 2 0 2 0 2 0 2 0 2 4 4 4 0 2 0 2 0 2 0 2 0 2 0 2 5 1 5 1 5 1 5 1 5 1 6 6 6 6 6 6 4 1 2 0 0 0 0 0 2 4 0 0 2 2 0 5 1 5 1 5 1 5 1 2 5 6 2 6 2 5 6 2 5
0 233 5 1 5 1 5 1 5 1 5 1 2 5 6 2 6 2 6 2 5 6 2 6 2 3 4 6 6 6 6 6 0 0 2 0 2 0 2 0 4 0 2 0 2 0 2 0 2 4 0 2 5 1 5 1 6 6 6 4 3 0 0 2 0 6 6 4 4 0 2 0 2 0 2 5 1 5 1 5 1 5 1 2 5 3 4 2 6 2 6 2 3 4 6 6 6 6 6 6 4 3 2 0 6 6 0 3 2 4 2 0 2 4 2 0 2 0 6 0 0 4 4 0 5 1 2 3 4 2 5 3 4 2 5 6 6 6 6 6 4 0 2 0 0 0 0 0 0 2 0 2 0 2 4 4 0 2 0 2 0 2 0 2 4 0 2 0 2 0 2 0 2 0 2 4 0 2 0 2 0 2 2 5 6 6 6 6 2 6 6 6 4 0 0 4 4 0 0 2 4 0 2 0 2 0 2 0 2 0 2 0 4 0 2 0 2 0 2 5 1 5 1 5 1 5 1 5 1 2 5 6 2 5 3
0 226 5 1 5 1 5 1 5 1 5 1 2 5 6 2 6 2 6 2 5 6 2 6 2 3 4 6 6 6 6 6 0 0 2 0 2 0 2 0 4 0 2 0 2 0 2 0 2 4 0 2 5 1 5 1 6 6 6 4 3 0 0 2 0 6 6 4 4 0 2 0 2 0 2 5 1 5 1 5 1 5 1 2 5 3 4 2 6 2 6 2 3 4 6 6 6 6 6 6 4 3 2 0 6 6 0 3 2 4 2 0 2 4 2 0 2 0 6 0 0 4 4 0 5 1 2 3 4 2 5 3 4 2 5 6 6 6 6 6 4 0 2 0 0 0 0 0 0 2 0 2 0 2 4 4 0 2 0 2 0 2 0 2 4 0 2 0 2 0 2 0 2 0 2 4 0 2 0 2 0 2 2 5 6 6 6 6 2 6 6 6 4 0 0 4 4 0 0 2 4 0 2 0 2 0 2 0 2 0 2 0 4 0 2 0 2 0 2 5 1 5 1 5 1 5 1 5
0 121 5 1 5 1 5 1 5 1 2 3 4 2 4 3 0 1 2 0 2 4 2 0 2 0 2 4 2 0 6 0 3 0 4 2 0 2 4 6 4 5 1 5 1 5 1 5 1 5 1 6 6 6 6 6 6 0 3 0 2 0 2 0 2 0 2 0 2 0 2 4 0 4 4 0 2 0 2 0 2 0 2 0 2 0 2 0 2 0 2 0 2 0 2 0 4 0 2 0 2 0 2 0 2 0 2 0 2 0 2 4 0 2 0 2 0 2 0 2 0 2 5
0 117 5 1 5 1 5 1 2 5 3 4 2 5 6 2 3 4 6 6 6 6 6 6 6 6 6 4 0 0 2 0 2 0 2 0 2 4 0 2 4 0 2 0 2 0 2 0 2 0 2 4 4 4 0 2 0 2 0 2 0 2 0 2 0 2 5 1 5 1 5 1 5 1 5 1 6 6 6 6 6 6 4 1 2 0 0 0 0 0 2 4 0 0 2 2 0 5 1 5 1 5 1 5 1 2 5 6 2 6 2 5 6 2 5 3 4 2 5
0 69 5 1 5 1 5 1 2 3 4 2 6 6 6 6 6 2 2 6 2 0 4 0 0 2 0 2 0 2 4 0 2 0 2 4 0 2 0 2 0 2 0 2 0 2 0 2 4 0 2 0 2 0 2 0 2 0 2 0 2 5 1 2 6 2 6 2 6 2 5
0 69 5 1 5 1 5 1 2 5 3 4 2 5 6 2 3 4 6 6 6 6 6 6 6 6 6 4 0 0 2 0 2 0 2 0 2 4 0 2 4 0 2 0 2 0 2 0 2 0 2 4 4 4 0 2 0 2 0 2 0 2 0 2 0 2 5 1 5 1 5
0 65 5 1 5 1 5 1 2 6 2 5 6 2 3 4 6 6 6 6 6 6 4 3 2 4 0 4 0 0 0 0 2 4 2 4 6 2 4 0 2 0 2 0 2 0 2 5 1 2 5 3 4 2 5 6 2 5 3 4 2 5 3 4 2 5 3
0 5 5 1 5 1 5
0 51 5 1 5 1 5 1 5 1 5 1 2 5 6 2 6 2 6 2 5 6 2 6 2 3 4 6 6 6 6 6 0 0 2 0 2 0 2 0 4 0 2 0 2 0 2 0 2 4 0 2 5
0 160 6 6 6 6 4 0 2 0 2 0 2 0 2 0 2 0 2 4 0 2 0 2 0 2 4 0 2 0 2 0 2 0 2 5 1 5 1 5 1 2 5 6 2 5 6 4 1 2 0 2 4 0 0 0 0 0 0 4 1 2 0 0 0 2 4 2 0 4 0 2 4 0 2 0 2 0 2 0 2 0 2 0 2 4 0 2 4 0 2 0 2 0 2 0 2 0 2 0 2 4 0 2 5 1 5 1 5 1 5 1 2 3 4 2 5 3 4 2 3 4 6 2 6 2 0 0 4 0 0 0 2 0 2 0 2 0 2 0 2 0 2 5 1 5 1 5 1 5 1 5 1 5 1 2 6 2 5 6 2 5
0 76 5 1 5 1 5 1 2 6 2 6 2 3 4 2 5 6 2 6 2 5 3 4 6 6 4 0 0 4 0 0 0 2 0 2 0 2 0 4 0 2 0 2 0 2 4 0 2 4 0 2 0 2 4 0 2 5 1 5 1 5 1 2 5 6 2 5 6 2 5 3 4 2 5 6 2 5
0 57 5 1 5 1 5 1 2 6 2 5 6 2 3 4 6 6 6 6 6 6 4 3 2 4 0 4 0 0 0 0 2 4 2 4 6 2 4 0 2 0 2 0 2 0 2 5 1 2 5 3 4 2 5 6 2 5 3
0 15 5 1 5 1 5 1 2 5 3 4 2 5 6 2 3
0 125 5 1 5 1 5 1 5 1 2 3 4 2 4 3 0 1 2 0 2 4 2 0 2 0 2 4 2 0 6 0 3 0 4 2 0 2 4 6 4 5 1 5 1 5 1 5 1 5 1 6 6 6 6 6 6 0 3 0 2 0 2 0 2 0 2 0 2 0 2 4 0 4 4 0 2 0 2 0 2 0 2 0 2 0 2 0 2 0 2 0 2 0 2 0 4 0 2 0 2 0 2 0 2 0 2 0 2 0 2 4 0 2 0 2 0 2 0 2 0 2 5 1 5 1 5
0 98 5 1 5 1 5 1 2 5 3 4 2 5 6 2 3 4 6 6 6 6 6 6 6 6 6 4 0 0 2 0 2 0 2 0 2 4 0 2 4 0 2 0 2 0 2 0 2 0 2 4 4 4 0 2 0 2 0 2 0 2 0 2 0 2 5 1 5 1 5 1 5 1 5 1 6 6 6 6 6 6 4 1 2 0 0 0 0 0 2 4 0 0 2 2 0 5 1 5
0 162 5 1 5 1 5 1 2 6 2 5 6 2 3 4 6 6 6 6 6 6 4 3 2 4 0 4 0 0 0 0 2 4 2 4 6 2 4 0 2 0 2 0 2 0 2 5 1 2 5 3 4 2 5 6 2 5 3 4 2 5 3 4 2 5 3 4 2 3 4 6 6 6 4 0 0 2 4 4 4 0 0 2 0 2 0 2 0 2 0 2 0 2 0 2 0 2 0 2 5 1 5 1 5 1 5 1 5 1 5 1 2 3 4 6 6 6 6 6 6 6 4 0 2 0 2 0 2 4 0 2 0 2 0 2 0 2 0 2 0 2 4 0 2 4 0 2 0 2 0 2 4 0 4 5 1 5 1 5 1 5 1 5
0 173 5 1 5 1 5 1 5 1 2 3 4 2 4 3 0 1 2 0 2 4 2 0 2 0 2 4 2 0 6 0 3 0 4 2 0 2 4 6 4 5 1 5 1 5 1 5 1 5 1 6 6 6 6 6 6 0 3 0 2 0 2 0 2 0 2 0 2 0 2 4 0 4 4 0 2 0 2 0 2 0 2 0 2 0 2 0 2 0 2 0 2 0 2 0 4 0 2 0 2 0 2 0 2 0 2 0 2 0 2 4 0 2 0 2 0 2 0 2 0 2 5 1 5 1 5 1 5 1 6 6 6 6 2 2 6 0 3 6 6 6 6 6 6 4 3 2 0 2 0 1 0 4 2 4 2 0 2 4 2 5 1 5 1 5 1 5 1 5 1 2 6 2 3
0 102 5 1 5 1 5 1 5 1 5 1 6 6 6 6 2 5 1 5 1 5 1 5 1 6 0 3 0 4 2 0 2 4 2 0 2 2 4 4 0 0 0 4 0 2 0 2 0 2 0 2 0 2 0 2 4 0 2 0 2 0 0 2 0 2 0 2 0 2 0 2 0 2 5 1 5 1 5 1 5 1 5 1 5 1 2 5 3 4 2 3 4 2 3 4 2 3 4 2 3 4 2 5
0 6 5 1 5 1 2 5
0 150 6 6 6 6 4 0 2 0 2 0 2 0 2 0 2 0 2 4 0 2 0 2 0 2 4 0 2 0 2 0 2 0 2 5 1 5 1 5 1 2 5 6 2 5 6 4 1 2 0 2 4 0 0 0 0 0 0 4 1 2 0 0 0 2 4 2 0 4 0 2 4 0 2 0 2 0 2 0 2 0 2 0 2 4 0 2 4 0 2 0 2 0 2 0 2 0 2 0 2 4 0 2 5 1 5 1 5 1 5 1 2 3 4 2 5 3 4 2 3 4 6 2 6 2 0 0 4 0 0 0 2 0 2 0 2 0 2 0 2 0 2 5 1 5 1 5 1 5 1 5
0 67 5 1 5 1 5 1 2 5 3 4 2 5 6 2 3 4 6 6 6 6 6 6 6 6 6 4 0 0 2 0 2 0 2 0 2 4 0 2 4 0 2 0 2 0 2 0 2 0 2 4 4 4 0 2 0 2 0 2 0 2 0 2 0 2 5 1 5
0 53 5 1 5 1 5 1 5 1 5 1 2 5 3 4 6 6 6 6 6 2 6 4 1 2 0 0 0 2 4 2 2 4 0 2 0 2 0 2 0 2 0 2 5 1 5 1 5 1 5 1 5 1 5
0 7 5 1 5 1 2 5 3
0 129 5 1 5 1 5 1 5 1 5 1 2 5 6 2 6 2 6 2 5 6 2 6 2 3 4 6 6 6 6 6 0 0 2 0 2 0 2 0 4 0 2 0 2 0 2 0 2 4 0 2 5 1 5 1 6 6 6 4 3 0 0 2 0 6 6 4 4 0 2 0 2 0 2 5 1 5 1 5 1 5 1 2 5 3 4 2 6 2 6 2 3 4 6 6 6 6 6 6 4 3 2 0 6 6 0 3 2 4 2 0 2 4 2 0 2 0 6 0 0 4 4 0 5 1 2 3 4 2 5
0 83 5 1 5 1 5 1 5 1 5 1 6 6 6 6 2 5 1 5 1 5 1 5 1 6 0 3 0 4 2 0 2 4 2 0 2 2 4 4 0 0 0 4 0 2 0 2 0 2 0 2 0 2 0 2 4 0 2 0 2 0 0 2 0 2 0 2 0 2 0 2 0 2 5 1 5 1 5 1 5 1 5 1 5
0 83 5 1 5 1 5 1 5 1 5 1 2 5 6 2 6 2 6 2 5 6 2 6 2 3 4 6 6 6 6 6 0 0 2 0 2 0 2 0 4 0 2 0 2 0 2 0 2 4 0 2 5 1 5 1 6 6 6 4 3 0 0 2 0 6 6 4 4 0 2 0 2 0 2 5 1 5 1 5 1 5 1 2 5
0 34 6 6 6 6 4 0 2 0 2 0 2 0 2 0 2 0 2 4 0 2 0 2 0 2 4 0 2 0 2 0 2 0 2 5
0 77 5 1 5 1 5 1 5 1 5 1 6 6 6 6 2 5 1 5 1 5 1 5 1 6 0 3 0 4 2 0 2 4 2 0 2 2 4 4 0 0 0 4 0 2 0 2 0 2 0 2 0 2 0 2 4 0 2 0 2 0 0 2 0 2 0 2 0 2 0 2 0 2 5 1 5 1 5
0 158 5 1 5 1 5 1 2 6 2 5 6 2 3 4 6 6 6 6 6 6 4 3 2 4 0 4 0 0 0 0 2 4 2 4 6 2 4 0 2 0 2 0 2 0 2 5 1 2 5 3 4 2 5 6 2 5 3 4 2 5 3 4 2 5 3 4 2 3 4 6 6 6 4 0 0 2 4 4 4 0 0 2 0 2 0 2 0 2 0 2 0 2 0 2 0 2 0 2 5 1 5 1 5 1 5 1 5 1 5 1 2 3 4 6 6 6 6 6 6 6 4 0 2 0 2 0 2 4 0 2 0 2 0 2 0 2 0 2 0 2 4 0 2 4 0 2 0 2 0 2 4 0 4 5 1 5 1 5
0 11 5 1 5 1 2 5 3 4 2 5 3
0 66 5 1 5 1 5 1 2 6 2 6 2 3 4 2 5 6 2 6 2 5 3 4 6 6 4 0 0 4 0 0 0 2 0 2 0 2 0 4 0 2 0 2 0 2 4 0 2 4 0 2 0 2 4 0 2 5 1 5 1 5 1 2 5 6 2 5
0 123 5 1 5 1 5 1 5 1 2 3 4 2 4 3 0 1 2 0 2 4 2 0 2 0 2 4 2 0 6 0 3 0 4 2 0 2 4 6 4 5 1 5 1 5 1 5 1 5 1 6 6 6 6 6 6 0 3 0 2 0 2 0 2 0 2 0 2 0 2 4 0 4 4 0 2 0 2 0 2 0 2 0 2 0 2 0 2 0 2 0 2 0 2 0 4 0 2 0 2 0 2 0 2 0 2 0 2 0 2 4 0 2 0 2 0 2 0 2 0 2 5 1 5
0 60 5 1 5 1 5 1 2 6 2 5 6 2 3 4 6 6 6 6 6 6 4 3 2 4 0 4 0 0 0 0 2 4 2 4 6 2 4 0 2 0 2 0 2 0 2 5 1 2 5 3 4 2 5 6 2 5 3 4 2 5
0 44 5 1 5 1 5 1 5 1 2 3 4 2 4 3 0 1 2 0 2 4 2 0 2 0 2 4 2 0 6 0 3 0 4 2 0 2 4 6 4 5 1 5 1 5
0 105 5 1 5 1 5 1 2 6 2 5 6 2 3 4 6 6 6 6 6 6 4 3 2 4 0 4 0 0 0 0 2 4 2 4 6 2 4 0 2 0 2 0 2 0 2 5 1 2 5 3 4 2 5 6 2 5 3 4 2 5 3 4 2 5 3 4 2 3 4 6 6 6 4 0 0 2 4 4 4 0 0 2 0 2 0 2 0 2 0 2 0 2 0 2 0 2 0 2 5 1 5 1 5 1 5
0 6 2 5 3 4 2 5
0 103 6 6 6 6 4 0 2 0 2 0 2 0 2 0 2 0 2 4 0 2 0 2 0 2 4 0 2 0 2 0 2 0 2 5 1 5 1 5 1 2 5 6 2 5 6 4 1 2 0 2 4 0 0 0 0 0 0 4 1 2 0 0 0 2 4 2 0 4 0 2 4 0 2 0 2 0 2 0 2 0 2 0 2 4 0 2 4 0 2 0 2 0 2 0 2 0 2 0 2 4 0 2 5
0 87 5 1 5 1 5 1 5 1 5 1 6 6 6 6 2 5 1 5 1 5 1 5 1 6 0 3 0 4 2 0 2 4 2 0 2 2 4 4 0 0 0 4 0 2 0 2 0 2 0 2 0 2 0 2 4 0 2 0 2 0 0 2 0 2 0 2 0 2 0 2 0 2 5 1 5 1 5 1 5 1 5 1 5 1 2 5 3
0 115 6 6 6 6 4 0 2 0 2 0 2 0 2 0 2 0 2 4 0 2 0 2 0 2 4 0 2 0 2 0 2 0 2 5 1 5 1 5 1 2 5 6 2 5 6 4 1 2 0 2 4 0 0 0 0 0 0 4 1 2 0 0 0 2 4 2 0 4 0 2 4 0 2 0 2 0 2 0 2 0 2 0 2 4 0 2 4 0 2 0 2 0 2 0 2 0 2 0 2 4 0 2 5 1 5 1 5 1 5 1 2 3 4 2 5
0 60 5 1 5 1 5 1 2 3 4 2 6 6 6 6 6 2 2 6 2 0 4 0 0 2 0 2 0 2 4 0 2 0 2 4 0 2 0 2 0 2 0 2 0 2 0 2 4 0 2 0 2 0 2 0 2 0 2 0 2 5
0 9 5 1 5 1 5 1 5 1 5
0 89 5 1 5 1 5 1 2 6 2 6 2 3 4 2 5 6 2 6 2 5 3 4 6 6 4 0 0 4 0 0 0 2 0 2 0 2 0 4 0 2 0 2 0 2 4 0 2 4 0 2 0 2 4 0 2 5 1 5 1 5 1 2 5 6 2 5 6 2 5 3 4 2 5 6 2 5 3 4 6 4 0 4 0 0 2 0 2 2 5
0 10 5 1 5 1 5 1 2 6 2 5
0 177 5 1 5 1 5 1 5 1 2 3 4 2 4 3 0 1 2 0 2 4 2 0 2 0 2 4 2 0 6 0 3 0 4 2 0 2 4 6 4 5 1 5 1 5 1 5 1 5 1 6 6 6 6 6 6 0 3 0 2 0 2 0 2 0 2 0 2 0 2 4 0 4 4 0 2 0 2 0 2 0 2 0 2 0 2 0 2 0 2 0 2 0 2 0 4 0 2 0 2 0 2 0 2 0 2 0 2 0 2 4 0 2 0 2 0 2 0 2 0 2 5 1 5 1 5 1 5 1 6 6 6 6 2 2 6 0 3 6 6 6 6 6 6 4 3 2 0 2 0 1 0 4 2 4 2 0 2 4 2 5 1 5 1 5 1 5 1 5 1 2 6 2 3 4 2 5 3
0 154 5 1 5 1 5 1 2 6 2 5 6 2 3 4 6 6 6 6 6 6 4 3 2 4 0 4 0 0 0 0 2 4 2 4 6 2 4 0 2 0 2 0 2 0 2 5 1 2 5 3 4 2 5 6 2 5 3 4 2 5 3 4 2 5 3 4 2 3 4 6 6 6 4 0 0 2 4 4 4 0 0 2 0 2 0 2 0 2 0 2 0 2 0 2 0 2 0 2 5 1 5 1 5 1 5 1 5 1 5 1 2 3 4 6 6 6 6 6 6 6 4 0 2 0 2 0 2 4 0 2 0 2 0 2 0 2 0 2 0 2 4 0 2 4 0 2 0 2 0 2 4 0 4 5
0 68 5 1 5 1 5 1 2 6 2 5 6 2 3 4 6 6 6 6 6 6 4 3 2 4 0 4 0 0 0 0 2 4 2 4 6 2 4 0 2 0 2 0 2 0 2 5 1 2 5 3 4 2 5 6 2 5 3 4 2 5 3 4 2 5 3 4 2 3
0 61 5 1 5 1 5 1 2 6 2 5 6 2 3 4 6 6 6 6 6 6 4 3 2 4 0 4 0 0 0 0 2 4 2 4 6 2 4 0 2 0 2 0 2 0 2 5 1 2 5 3 4 2 5 6 2 5 3 4 2 5 3
0 13 5 1 5 1 5 1 5 1 5 1 2 5 3
0 86 5 1 5 1 5 1 2 3 4 2 6 6 6 6 6 2 2 6 2 0 4 0 0 2 0 2 0 2 4 0 2 0 2 4 0 2 0 2 0 2 0 2 0 2 0 2 4 0 2 0 2 0 2 0 2 0 2 0 2 5 1 2 6 2 6 2 6 2 5 3 4 2 6 6 6 6 6 6 2 4 0 2 5 1 2 3
0 229 5 1 5 1 5 1 5 1 5 1 2 5 6 2 6 2 6 2 5 6 2 6 2 3 4 6 6 6 6 6 0 0 2 0 2 0 2 0 4 0 2 0 2 0 2 0 2 4 0 2 5 1 5 1 6 6 6 4 3 0 0 2 0 6 6 4 4 0 2 0 2 0 2 5 1 5 1 5 1 5 1 2 5 3 4 2 6 2 6 2 3 4 6 6 6 6 6 6 4 3 2 0 6 6 0 3 2 4 2 0 2 4 2 0 2 0 6 0 0 4 4 0 5 1 2 3 4 2 5 3 4 2 5 6 6 6 6 6 4 0 2 0 0 0 0 0 0 2 0 2 0 2 4 4 0 2 0 2 0 2 0 2 4 0 2 0 2 0 2 0 2 0 2 4 0 2 0 2 0 2 2 5 6 6 6 6 2 6 6 6 4 0 0 4 4 0 0 2 4 0 2 0 2 0 2 0 2 0 2 0 4 0 2 0 2 0 2 5 1 5 1 5 1 5 1 5 1 2 5
0 77 5 1 5 1 5 1 2 6 2 6 2 3 4 2 5 6 2 6 2 5 3 4 6 6 4 0 0 4 0 0 0 2 0 2 0 2 0 4 0 2 0 2 0 2 4 0 2 4 0 2 0 2 4 0 2 5 1 5 1 5 1 2 5 6 2 5 6 2 5 3 4 2 5 6 2 5 3
0 51 5 1 5 1 5 1 5 1 5 1 2 5 3 4 6 6 6 6 6 2 6 4 1 2 0 0 0 2 4 2 2 4 0 2 0 2 0 2 0 2 0 2 5 1 5 1 5 1 5 1 5
0 96 5 1 5 1 5 1 5 1 5 1 6 6 6 6 2 5 1 5 1 5 1 5 1 6 0 3 0 4 2 0 2 4 2 0 2 2 4 4 0 0 0 4 0 2 0 2 0 2 0 2 0 2 0 2 4 0 2 0 2 0 0 2 0 2 0 2 0 2 0 2 0 2 5 1 5 1 5 1 5 1 5 1 5 1 2 5 3 4 2 3 4 2 3 4 2 3
0 3 2 5 3
0 148 6 6 6 6 4 0 2 0 2 0 2 0 2 0 2 0 2 4 0 2 0 2 0 2 4 0 2 0 2 0 2 0 2 5 1 5 1 5 1 2 5 6 2 5 6 4 1 2 0 2 4 0 0 0 0 0 0 4 1 2 0 0 0 2 4 2 0 4 0 2 4 0 2 0 2 0 2 0 2 0 2 0 2 4 0 2 4 0 2 0 2 0 2 0 2 0 2 0 2 4 0 2 5 1 5 1 5 1 5 1 2 3 4 2 5 3 4 2 3 4 6 2 6 2 0 0 4 0 0 0 2 0 2 0 2 0 2 0 2 0 2 5 1 5 1 5 1 5
0 22 5 1 5 1 5 1 5 1 5 1 6 6 6 6 2 5 1 5 1 5 1 5
0 73 5 1 5 1 5 1 2 6 2 6 2 3 4 2 5 6 2 6 2 5 3 4 6 6 4 0 0 4 0 0 0 2 0 2 0 2 0 4 0 2 0 2 0 2 4 0 2 4 0 2 0 2 4 0 2 5 1 5 1 5 1 2 5 6 2 5 6 2 5 3 4 2 5
0 133 5 1 5 1 5 1 5 1 5 1 2 5 6 2 6 2 6 2 5 6 2 6 2 3 4 6 6 6 6 6 0 0 2 0 2 0 2 0 4 0 2 0 2 0 2 0 2 4 0 2 5 1 5 1 6 6 6 4 3 0 0 2 0 6 6 4 4 0 2 0 2 0 2 5 1 5 1 5 1 5 1 2 5 3 4 2 6 2 6 2 3 4 6 6 6 6 6 6 4 3 2 0 6 6 0 3 2 4 2 0 2 4 2 0 2 0 6 0 0 4 4 0 5 1 2 3 4 2 5 3 4 2 5
0 75 5 1 5 1 5 1 5 1 5 1 6 6 6 6 2 5 1 5 1 5 1 5 1 6 0 3 0 4 2 0 2 4 2 0 2 2 4 4 0 0 0 4 0 2 0 2 0 2 0 2 0 2 0 2 4 0 2 0 2 0 0 2 0 2 0 2 0 2 0 2 0 2 5 1 5
0 110 5 1 5 1 5 1 2 5 3 4 2 5 6 2 3 4 6 6 6 6 6 6 6 6 6 4 0 0 2 0 2 0 2 0 2 4 0 2 4 0 2 0 2 0 2 0 2 0 2 4 4 4 0 2 0 2 0 2 0 2 0 2 0 2 5 1 5 1 5 1 5 1 5 1 6 6 6 6 6 6 4 1 2 0 0 0 0 0 2 4 0 0 2 2 0 5 1 5 1 5 1 5 1 2 5 6 2 6 2 5
0 38 6 6 6 6 4 0 2 0 2 0 2 0 2 0 2 0 2 4 0 2 0 2 0 2 4 0 2 0 2 0 2 0 2 5 1 5 1 5
0 146 6 6 6 6 4 0 2 0 2 0 2 0 2 0 2 0 2 4 0 2 0 2 0 2 4 0 2 0 2 0 2 0 2 5 1 5 1 5 1 2 5 6 2 5 6 4 1 2 0 2 4 0 0 0 0 0 0 4 1 2 0 0 0 2 4 2 0 4 0 2 4 0 2 0 2 0 2 0 2 0 2 0 2 4 0 2 4 0 2 0 2 0 2 0 2 0 2 0 2 4 0 2 5 1 5 1 5 1 5 1 2 3 4 2 5 3 4 2 3 4 6 2 6 2 0 0 4 0 0 0 2 0 2 0 2 0 2 0 2 0 2 5 1 5 1 5
0 164 5 1 5 1 5 1 5 1 2 3 4 2 4 3 0 1 2 0 2 4 2 0 2 0 2 4 2 0 6 0 3 0 4 2 0 2 4 6 4 5 1 5 1 5 1 5 1 5 1 6 6 6 6 6 6 0 3 0 2 0 2 0 2 0 2 0 2 0 2 4 0 4 4 0 2 0 2 0 2 0 2 0 2 0 2 0 2 0 2 0 2 0 2 0 4 0 2 0 2 0 2 0 2 0 2 0 2 0 2 4 0 2 0 2 0 2 0 2 0 2 5 1 5 1 5 1 5 1 6 6 6 6 2 2 6 0 3 6 6 6 6 6 6 4 3 2 0 2 0 1 0 4 2 4 2 0 2 4 2 5 1 5 1 5
0 3 5 1 5
0 65 5 1 5 1 5 1 2 5 3 4 2 5 6 2 3 4 6 6 6 6 6 6 6 6 6 4 0 0 2 0 2 0 2 0 2 4 0 2 4 0 2 0 2 0 2 0 2 0 2 4 4 4 0 2 0 2 0 2 0 2 0 2 0 2 5
0 14 5 1 5 1 2 5 3 4 2 5 3 4 2 5
0 90 5 1 5 1 5 1 5 1 5 1 6 6 6 6 2 5 1 5 1 5 1 5 1 6 0 3 0 4 2 0 2 4 2 0 2 2 4 4 0 0 0 4 0 2 0 2 0 2 0 2 0 2 0 2 4 0 2 0 2 0 0 2 0 2 0 2 0 2 0 2 0 2 5 1 5 1 5 1 5 1 5 1 5 1 2 5 3 4 2 3
0 93 5 1 5 1 5 1 5 1 5 1 6 6 6 6 2 5 1 5 1 5 1 5 1 6 0 3 0 4 2 0 2 4 2 0 2 2 4 4 0 0 0 4 0 2 0 2 0 2 0 2 0 2 0 2 4 0 2 0 2 0 0 2 0 2 0 2 0 2 0 2 0 2 5 1 5 1 5 1 5 1 5 1 5 1 2 5 3 4 2 3 4 2 3
0 218 5 1 5 1 5 1 5 1 5 1 2 5 6 2 6 2 6 2 5 6 2 6 2 3 4 6 6 6 6 6 0 0 2 0 2 0 2 0 4 0 2 0 2 0 2 0 2 4 0 2 5 1 5 1 6 6 6 4 3 0 0 2 0 6 6 4 4 0 2 0 2 0 2 5 1 5 1 5 1 5 1 2 5 3 4 2 6 2 6 2 3 4 6 6 6 6 6 6 4 3 2 0 6 6 0 3 2 4 2 0 2 4 2 0 2 0 6 0 0 4 4 0 5 1 2 3 4 2 5 3 4 2 5 6 6 6 6 6 4 0 2 0 0 0 0 0 0 2 0 2 0 2 4 4 0 2 0 2 0 2 0 2 4 0 2 0 2 0 2 0 2 0 2 4 0 2 0 2 0 2 2 5 6 6 6 6 2 6 6 6 4 0 0 4 4 0 0 2 4 0 2 0 2 0 2 0 2 0 2 0 4 0 2 0 2 0 2 5
0 109 5 1 5 1 5 1 2 6 2 6 2 3 4 2 5 6 2 6 2 5 3 4 6 6 4 0 0 4 0 0 0 2 0 2 0 2 0 4 0 2 0 2 0 2 4 0 2 4 0 2 0 2 4 0 2 5 1 5 1 5 1 2 5 6 2 5 6 2 5 3 4 2 5 6 2 5 3 4 6 4 0 4 0 0 2 0 2 2 5 6 6 6 6 4 4 4 4 0 2 0 2 0 2 0 2 0 2 2 3
0 60 5 1 5 1 5 1 5 1 5 1 2 5 3 4 6 6 6 6 6 2 6 4 1 2 0 0 0 2 4 2 2 4 0 2 0 2 0 2 0 2 0 2 5 1 5 1 5 1 5 1 5 1 5 1 2 5 3 4 2 3
0 99 5 1 5 1 5 1 2 6 2 5 6 2 3 4 6 6 6 6 6 6 4 3 2 4 0 4 0 0 0 0 2 4 2 4 6 2 4 0 2 0 2 0 2 0 2 5 1 2 5 3 4 2 5 6 2 5 3 4 2 5 3 4 2 5 3 4 2 3 4 6 6 6 4 0 0 2 4 4 4 0 0 2 0 2 0 2 0 2 0 2 0 2 0 2 0 2 0 2 5
0 107 5 1 5 1 5 1 2 6 2 5 6 2 3 4 6 6 6 6 6 6 4 3 2 4 0 4 0 0 0 0 2 4 2 4 6 2 4 0 2 0 2 0 2 0 2 5 1 2 5 3 4 2 5 6 2 5 3 4 2 5 3 4 2 5 3 4 2 3 4 6 6 6 4 0 0 2 4 4 4 0 0 2 0 2 0 2 0 2 0 2 0 2 0 2 0 2 0 2 5 1 5 1 5 1 5 1 5
0 67 5 1 5 1 2 5 3 4 2 5 3 4 2 5 3 4 2 5 6 2 5 3 4 6 6 6 6 2 4 0 2 0 2 0 2 0 2 0 2 0 2 0 2 0 2 0 2 4 0 2 0 2 0 2 0 2 0 2 0 2 5 1 5 1 5 1 5
0 8 5 1 5 1 5 1 2 5
0 47 5 1 5 1 5 1 5 1 5 1 2 5 3 4 6 6 6 6 6 2 6 4 1 2 0 0 0 2 4 2 2 4 0 2 0 2 0 2 0 2 0 2 5 1 5 1 5
0 99 5 1 5 1 5 1 5 1 5 1 6 6 6 6 2 5 1 5 1 5 1 5 1 6 0 3 0 4 2 0 2 4 2 0 2 2 4 4 0 0 0 4 0 2 0 2 0 2 0 2 0 2 0 2 4 0 2 0 2 0 0 2 0 2 0 2 0 2 0 2 0 2 5 1 5 1 5 1 5 1 5 1 5 1 2 5 3 4 2 3 4 2 3 4 2 3 4 2 3
0 56 5 1 5 1 5 1 5 1 5 1 2 5 3 4 6 6 6 6 6 2 6 4 1 2 0 0 0 2 4 2 2 4 0 2 0 2 0 2 0 2 0 2 5 1 5 1 5 1 5 1 5 1 5 1 2 5
0 2 2 5
0 24 5 1 5 1 5 1 5 1 5 1 2 5 6 2 6 2 6 2 5 6 2 6 2 3
0 21 5 1 5 1 2 5 3 4 2 5 3 4 2 5 3 4 2 5 6 2 5
0 232 5 1 5 1 5 1 5 1 5 1 2 5 6 2 6 2 6 2 5 6 2 6 2 3 4 6 6 6 6 6 0 0 2 0 2 0 2 0 4 0 2 0 2 0 2 0 2 4 0 2 5 1 5 1 6 6 6 4 3 0 0 2 0 6 6 4 4 0 2 0 2 0 2 5 1 5 1 5 1 5 1 2 5 3 4 2 6 2 6 2 3 4 6 6 6 6 6 6 4 3 2 0 6 6 0 3 2 4 2 0 2 4 2 0 2 0 6 0 0 4 4 0 5 1 2 3 4 2 5 3 4 2 5 6 6 6 6 6 4 0 2 0 0 0 0 0 0 2 0 2 0 2 4 4 0 2 0 2 0 2 0 2 4 0 2 0 2 0 2 0 2 0 2 4 0 2 0 2 0 2 2 5 6 6 6 6 2 6 6 6 4 0 0 4 4 0 0 2 4 0 2 0 2 0 2 0 2 0 2 0 4 0 2 0 2 0 2 5 1 5 1 5 1 5 1 5 1 2 5 6 2 5
0 36 6 6 6 6 4 0 2 0 2 0 2 0 2 0 2 0 2 4 0 2 0 2 0 2 4 0 2 0 2 0 2 0 2 5 1 5
0 42 5 1 5 1 5 1 5 1 2 3 4 2 4 3 0 1 2 0 2 4 2 0 2 0 2 4 2 0 6 0 3 0 4 2 0 2 4 6 4 5 1 5
0 61 5 1 5 1 2 5 3 4 2 5 3 4 2 5 3 4 2 5 6 2 5 3 4 6 6 6 6 2 4 0 2 0 2 0 2 0 2 0 2 0 2 0 2 0 2 0 2 4 0 2 0 2 0 2 0 2 0 2 0 2 5
0 76 5 1 5 1 5 1 5 1 5 1 2 5 6 2 6 2 6 2 5 6 2 6 2 3 4 6 6 6 6 6 0 0 2 0 2 0 2 0 4 0 2 0 2 0 2 0 2 4 0 2 5 1 5 1 6 6 6 4 3 0 0 2 0 6 6 4 4 0 2 0 2 0 2 5 1 5
0 74 5 1 5 1 5 1 5 1 5 1 2 5 6 2 6 2 6 2 5 6 2 6 2 3 4 6 6 6 6 6 0 0 2 0 2 0 2 0 4 0 2 0 2 0 2 0 2 4 0 2 5 1 5 1 6 6 6 4 3 0 0 2 0 6 6 4 4 0 2 0 2 0 2 5
0 80 5 1 5 1 5 1 5 1 5 1 2 5 6 2 6 2 6 2 5 6 2 6 2 3 4 6 6 6 6 6 0 0 2 0 2 0 2 0 4 0 2 0 2 0 2 0 2 4 0 2 5 1 5 1 6 6 6 4 3 0 0 2 0 6 6 4 4 0 2 0 2 0 2 5 1 5 1 5 1 5
0 142 6 6 6 6 4 0 2 0 2 0 2 0 2 0 2 0 2 4 0 2 0 2 0 2 4 0 2 0 2 0 2 0 2 5 1 5 1 5 1 2 5 6 2 5 6 4 1 2 0 2 4 0 0 0 0 0 0 4 1 2 0 0 0 2 4 2 0 4 0 2 4 0 2 0 2 0 2 0 2 0 2 0 2 4 0 2 4 0 2 0 2 0 2 0 2 0 2 0 2 4 0 2 5 1 5 1 5 1 5 1 2 3 4 2 5 3 4 2 3 4 6 2 6 2 0 0 4 0 0 0 2 0 2 0 2 0 2 0 2 0 2 5
0 20 5 1 5 1 5 1 5 1 5 1 6 6 6 6 2 5 1 5 1 5
0 70 5 1 5 1 5 1 2 3 4 2 6 6 6 6 6 2 2 6 2 0 4 0 0 2 0 2 0 2 4 0 2 0 2 4 0 2 0 2 0 2 0 2 0 2 0 2 4 0 2 0 2 0 2 0 2 0 2 0 2 5 1 2 6 2 6 2 6 2 5 3
0 18 5 1 5 1 2 5 3 4 2 5 3 4 2 5 3 4 2 5
0 81 5 1 5 1 5 1 5 1 5 1 6 6 6 6 2 5 1 5 1 5 1 5 1 6 0 3 0 4 2 0 2 4 2 0 2 2 4 4 0 0 0 4 0 2 0 2 0 2 0 2 0 2 0 2 4 0 2 0 2 0 0 2 0 2 0 2 0 2 0 2 0 2 5 1 5 1 5 1 5 1 5
0 56 5 1 5 1 5 1 2 6 2 6 2 3 4 2 5 6 2 6 2 5 3 4 6 6 4 0 0 4 0 0 0 2 0 2 0 2 0 4 0 2 0 2 0 2 4 0 2 4 0 2 0 2 4 0 2 5
0 73 5 1 5 1 5 1 2 5 3 4 2 5 6 2 3 4 6 6 6 6 6 6 6 6 6 4 0 0 2 0 2 0 2 0 2 4 0 2 4 0 2 0 2 0 2 0 2 0 2 4 4 4 0 2 0 2 0 2 0 2 0 2 0 2 5 1 5 1 5 1 5 1 5
0 49 5 1 5 1 5 1 2 6 2 5 6 2 3 4 6 6 6 6 6 6 4 3 2 4 0 4 0 0 0 0 2 4 2 4 6 2 4 0 2 0 2 0 2 0 2 5 1 2 5
0 166 5 1 5 1 5 1 5 1 2 3 4 2 4 3 0 1 2 0 2 4 2 0 2 0 2 4 2 0 6 0 3 0 4 2 0 2 4 6 4 5 1 5 1 5 1 5 1 5 1 6 6 6 6 6 6 0 3 0 2 0 2 0 2 0 2 0 2 0 2 4 0 4 4 0 2 0 2 0 2 0 2 0 2 0 2 0 2 0 2 0 2 0 2 0 4 0 2 0 2 0 2 0 2 0 2 0 2 0 2 4 0 2 0 2 0 2 0 2 0 2 5 1 5 1 5 1 5 1 6 6 6 6 2 2 6 0 3 6 6 6 6 6 6 4 3 2 0 2 0 1 0 4 2 4 2 0 2 4 2 5 1 5 1 5 1 5
0 176 5 1 5 1 5 1 5 1 2 3 4 2 4 3 0 1 2 0 2 4 2 0 2 0 2 4 2 0 6 0 3 0 4 2 0 2 4 6 4 5 1 5 1 5 1 5 1 5 1 6 6 6 6 6 6 0 3 0 2 0 2 0 2 0 2 0 2 0 2 4 0 4 4 0 2 0 2 0 2 0 2 0 2 0 2 0 2 0 2 0 2 0 2 0 4 0 2 0 2 0 2 0 2 0 2 0 2 0 2 4 0 2 0 2 0 2 0 2 0 2 5 1 5 1 5 1 5 1 6 6 6 6 2 2 6 0 3 6 6 6 6 6 6 4 3 2 0 2 0 1 0 4 2 4 2 0 2 4 2 5 1 5 1 5 1 5 1 5 1 2 6 2 3 4 2 5
0 160 5 1 5 1 5 1 2 6 2 5 6 2 3 4 6 6 6 6 6 6 4 3 2 4 0 4 0 0 0 0 2 4 2 4 6 2 4 0 2 0 2 0 2 0 2 5 1 2 5 3 4 2 5 6 2 5 3 4 2 5 3 4 2 5 3 4 2 3 4 6 6 6 4 0 0 2 4 4 4 0 0 2 0 2 0 2 0 2 0 2 0 2 0 2 0 2 0 2 5 1 5 1 5 1 5 1 5 1 5 1 2 3 4 6 6 6 6 6 6 6 4 0 2 0 2 0 2 4 0 2 0 2 0 2 0 2 0 2 0 2 4 0 2 4 0 2 0 2 0 2 4 0 4 5 1 5 1 5 1 5
0 167 5 1 5 1 5 1 2 6 2 5 6 2 3 4 6 6 6 6 6 6 4 3 2 4 0 4 0 0 0 0 2 4 2 4 6 2 4 0 2 0 2 0 2 0 2 5 1 2 5 3 4 2 5 6 2 5 3 4 2 5 3 4 2 5 3 4 2 3 4 6 6 6 4 0 0 2 4 4 4 0 0 2 0 2 0 2 0 2 0 2 0 2 0 2 0 2 0 2 5 1 5 1 5 1 5 1 5 1 5 1 2 3 4 6 6 6 6 6 6 6 4 0 2 0 2 0 2 4 0 2 0 2 0 2 0 2 0 2 0 2 4 0 2 4 0 2 0 2 0 2 4 0 4 5 1 5 1 5 1 5 1 5 1 5 1 2 5
0 78 5 1 5 1 5 1 5 1 5 1 2 5 6 2 6 2 6 2 5 6 2 6 2 3 4 6 6 6 6 6 0 0 2 0 2 0 2 0 4 0 2 0 2 0 2 0 2 4 0 2 5 1 5 1 6 6 6 4 3 0 0 2 0 6 6 4 4 0 2 0 2 0 2 5 1 5 1 5
0 22 5 1 5 1 2 5 3 4 2 5 3 4 2 5 3 4 2 5 6 2 5 3
0 105 5 1 5 1 5 1 2 5 3 4 2 5 6 2 3 4 6 6 6 6 6 6 6 6 6 4 0 0 2 0 2 0 2 0 2 4 0 2 4 0 2 0 2 0 2 0 2 0 2 4 4 4 0 2 0 2 0 2 0 2 0 2 0 2 5 1 5 1 5 1 5 1 5 1 6 6 6 6 6 6 4 1 2 0 0 0 0 0 2 4 0 0 2 2 0 5 1 5 1 5 1 5 1 2 5
0 15 5 1 5 1 5 1 2 6 2 6 2 3 4 2 5
0 130 5 1 5 1 5 1 5 1 5 1 2 5 6 2 6 2 6 2 5 6 2 6 2 3 4 6 6 6 6 6 0 0 2 0 2 0 2 0 4 0 2 0 2 0 2 0 2 4 0 2 5 1 5 1 6 6 6 4 3 0 0 2 0 6 6 4 4 0 2 0 2 0 2 5 1 5 1 5 1 5 1 2 5 3 4 2 6 2 6 2 3 4 6 6 6 6 6 6 4 3 2 0 6 6 0 3 2 4 2 0 2 4 2 0 2 0 6 0 0 4 4 0 5 1 2 3 4 2 5 3
0 63 5 1 5 1 2 5 3 4 2 5 3 4 2 5 3 4 2 5 6 2 5 3 4 6 6 6 6 2 4 0 2 0 2 0 2 0 2 0 2 0 2 0 2 0 2 0 2 4 0 2 0 2 0 2 0 2 0 2 0 2 5 1 5
0 53 5 1 5 1 5 1 2 6 2 5 6 2 3 4 6 6 6 6 6 6 4 3 2 4 0 4 0 0 0 0 2 4 2 4 6 2 4 0 2 0 2 0 2 0 2 5 1 2 5 3 4 2 5
0 46 5 1 5 1 5 1 2 6 2 5 6 2 3 4 6 6 6 6 6 6 4 3 2 4 0 4 0 0 0 0 2 4 2 4 6 2 4 0 2 0 2 0 2 0 2 5
0 152 6 6 6 6 4 0 2 0 2 0 2 0 2 0 2 0 2 4 0 2 0 2 0 2 4 0 2 0 2 0 2 0 2 5 1 5 1 5 1 2 5 6 2 5 6 4 1 2 0 2 4 0 0 0 0 0 0 4 1 2 0 0 0 2 4 2 0 4 0 2 4 0 2 0 2 0 2 0 2 0 2 0 2 4 0 2 4 0 2 0 2 0 2 0 2 0 2 0 2 4 0 2 5 1 5 1 5 1 5 1 2 3 4 2 5 3 4 2 3 4 6 2 6 2 0 0 4 0 0 0 2 0 2 0 2 0 2 0 2 0 2 5 1 5 1 5 1 5 1 5 1 5
0 64 5 1 5 1 5 1 2 6 2 5 6 2 3 4 6 6 6 6 6 6 4 3 2 4 0 4 0 0 0 0 2 4 2 4 6 2 4 0 2 0 2 0 2 0 2 5 1 2 5 3 4 2 5 6 2 5 3 4 2 5 3 4 2 5
0 114 5 1 5 1 5 1 2 5 3 4 2 5 6 2 3 4 6 6 6 6 6 6 6 6 6 4 0 0 2 0 2 0 2 0 2 4 0 2 4 0 2 0 2 0 2 0 2 0 2 4 4 4 0 2 0 2 0 2 0 2 0 2 0 2 5 1 5 1 5 1 5 1 5 1 6 6 6 6 6 6 4 1 2 0 0 0 0 0 2 4 0 0 2 2 0 5 1 5 1 5 1 5 1 2 5 6 2 6 2 5 6 2 5 3
0 74 5 1 5 1 2 5 3 4 2 5 3 4 2 5 3 4 2 5 6 2 5 3 4 6 6 6 6 2 4 0 2 0 2 0 2 0 2 0 2 0 2 0 2 0 2 0 2 4 0 2 0 2 0 2 0 2 0 2 0 2 5 1 5 1 5 1 5 1 5 1 5 1 2 3
0 12 5 1 5 1 5 1 2 6 2 6 2 3
0 107 6 6 6 6 4 0 2 0 2 0 2 0 2 0 2 0 2 4 0 2 0 2 0 2 4 0 2 0 2 0 2 0 2 5 1 5 1 5 1 2 5 6 2 5 6 4 1 2 0 2 4 0 0 0 0 0 0 4 1 2 0 0 0 2 4 2 0 4 0 2 4 0 2 0 2 0 2 0 2 0 2 0 2 4 0 2 4 0 2 0 2 0 2 0 2 0 2 0 2 4 0 2 5 1 5 1 5
0 10 5 1 5 1 5 1 5 1 2 3
0 156 5 1 5 1 5 1 2 6 2 5 6 2 3 4 6 6 6 6 6 6 4 3 2 4 0 4 0 0 0 0 2 4 2 4 6 2 4 0 2 0 2 0 2 0 2 5 1 2 5 3 4 2 5 6 2 5 3 4 2 5 3 4 2 5 3 4 2 3 4 6 6 6 4 0 0 2 4 4 4 0 0 2 0 2 0 2 0 2 0 2 0 2 0 2 0 2 0 2 5 1 5 1 5 1 5 1 5 1 5 1 2 3 4 6 6 6 6 6 6 6 4 0 2 0 2 0 2 4 0 2 0 2 0 2 0 2 0 2 0 2 4 0 2 4 0 2 0 2 0 2 4 0 4 5 1 5
0 112 5 1 5 1 5 1 2 6 2 5 6 2 3 4 6 6 6 6 6 6 4 3 2 4 0 4 0 0 0 0 2 4 2 4 6 2 4 0 2 0 2 0 2 0 2 5 1 2 5 3 4 2 5 6 2 5 3 4 2 5 3 4 2 5 3 4 2 3 4 6 6 6 4 0 0 2 4 4 4 0 0 2 0 2 0 2 0 2 0 2 0 2 0 2 0 2 0 2 5 1 5 1 5 1 5 1 5 1 5 1 2 3
0 65 5 1 5 1 2 5 3 4 2 5 3 4 2 5 3 4 2 5 6 2 5 3 4 6 6 6 6 2 4 0 2 0 2 0 2 0 2 0 2 0 2 0 2 0 2 0 2 4 0 2 0 2 0 2 0 2 0 2 0 2 5 1 5 1 5
0 144 6 6 6 6 4 0 2 0 2 0 2 0 2 0 2 0 2 4 0 2 0 2 0 2 4 0 2 0 2 0 2 0 2 5 1 5 1 5 1 2 5 6 2 5 6 4 1 2 0 2 4 0 0 0 0 0 0 4 1 2 0 0 0 2 4 2 0 4 0 2 4 0 2 0 2 0 2 0 2 0 2 0 2 4 0 2 4 0 2 0 2 0 2 0 2 0 2 0 2 4 0 2 5 1 5 1 5 1 5 1 2 3 4 2 5 3 4 2 3 4 6 2 6 2 0 0 4 0 0 0 2 0 2 0 2 0 2 0 2 0 2 5 1 5
0 8 5 1 5 1 5 1 2 3
0 127 5 1 5 1 5 1 5 1 2 3 4 2 4 3 0 1 2 0 2 4 2 0 2 0 2 4 2 0 6 0 3 0 4 2 0 2 4 6 4 5 1 5 1 5 1 5 1 5 1 6 6 6 6 6 6 0 3 0 2 0 2 0 2 0 2 0 2 0 2 4 0 4 4 0 2 0 2 0 2 0 2 0 2 0 2 0 2 0 2 0 2 0 2 0 4 0 2 0 2 0 2 0 2 0 2 0 2 0 2 4 0 2 0 2 0 2 0 2 0 2 5 1 5 1 5 1 5
0 73 5 1 5 1 5 1 5 1 5 1 6 6 6 6 2 5 1 5 1 5 1 5 1 6 0 3 0 4 2 0 2 4 2 0 2 2 4 4 0 0 0 4 0 2 0 2 0 2 0 2 0 2 0 2 4 0 2 0 2 0 0 2 0 2 0 2 0 2 0 2 0 2 5
0 103 5 1 5 1 2 5 3 4 2 5 3 4 2 5 3 4 2 5 6 2 5 3 4 6 6 6 6 2 4 0 2 0 2 0 2 0 2 0 2 0 2 0 2 0 2 0 2 4 0 2 0 2 0 2 0 2 0 2 0 2 5 1 5 1 5 1 5 1 5 1 5 1 2 3 4 6 6 0 1 2 4 2 4 6 6 2 6 0 2 0 2 0 2 0 2 0 2 0 2 5 1 2 3
0 109 5 1 5 1 5 1 2 6 2 5 6 2 3 4 6 6 6 6 6 6 4 3 2 4 0 4 0 0 0 0 2 4 2 4 6 2 4 0 2 0 2 0 2 0 2 5 1 2 5 3 4 2 5 6 2 5 3 4 2 5 3 4 2 5 3 4 2 3 4 6 6 6 4 0 0 2 4 4 4 0 0 2 0 2 0 2 0 2 0 2 0 2 0 2 0 2 0 2 5 1 5 1 5 1 5 1 5 1 5
0 43 5 1 5 1 5 1 5 1 5 1 2 5 3 4 6 6 6 6 6 2 6 4 1 2 0 0 0 2 4 2 2 4 0 2 0 2 0 2 0 2 0 2 5
0 100 5 1 5 1 5 1 2 5 3 4 2 5 6 2 3 4 6 6 6 6 6 6 6 6 6 4 0 0 2 0 2 0 2 0 2 4 0 2 4 0 2 0 2 0 2 0 2 0 2 4 4 4 0 2 0 2 0 2 0 2 0 2 0 2 5 1 5 1 5 1 5 1 5 1 6 6 6 6 6 6 4 1 2 0 0 0 0 0 2 4 0 0 2 2 0 5 1 5 1 5
0 7 2 5 3 4 2 5 3
0 16 5 1 5 1 5 1 5 1 5 1 6 6 6 6 2 5
0 69 5 1 5 1 5 1 2 6 2 6 2 3 4 2 5 6 2 6 2 5 3 4 6 6 4 0 0 4 0 0 0 2 0 2 0 2 0 4 0 2 0 2 0 2 4 0 2 4 0 2 0 2 4 0 2 5 1 5 1 5 1 2 5 6 2 5 6 2 5
0 60 5 1 5 1 5 1 2 6 2 6 2 3 4 2 5 6 2 6 2 5 3 4 6 6 4 0 0 4 0 0 0 2 0 2 0 2 0 4 0 2 0 2 0 2 4 0 2 4 0 2 0 2 4 0 2 5 1 5 1 5
0 56 5 1 5 1 5 1 2 6 2 5 6 2 3 4 6 6 6 6 6 6 4 3 2 4 0 4 0 0 0 0 2 4 2 4 6 2 4 0 2 0 2 0 2 0 2 5 1 2 5 3 4 2 5 6 2 5
0 48 5 1 5 1 5 1 5 1 2 3 4 2 4 3 0 1 2 0 2 4 2 0 2 0 2 4 2 0 6 0 3 0 4 2 0 2 4 6 4 5 1 5 1 5 1 5 1 5
0 91 5 1 5 1 5 1 5 1 5 1 2 5 6 2 6 2 6 2 5 6 2 6 2 3 4 6 6 6 6 6 0 0 2 0 2 0 2 0 4 0 2 0 2 0 2 0 2 4 0 2 5 1 5 1 6 6 6 4 3 0 0 2 0 6 6 4 4 0 2 0 2 0 2 5 1 5 1 5 1 5 1 2 5 3 4 2 6 2 6 2 3
0 157 6 6 6 6 4 0 2 0 2 0 2 0 2 0 2 0 2 4 0 2 0 2 0 2 4 0 2 0 2 0 2 0 2 5 1 5 1 5 1 2 5 6 2 5 6 4 1 2 0 2 4 0 0 0 0 0 0 4 1 2 0 0 0 2 4 2 0 4 0 2 4 0 2 0 2 0 2 0 2 0 2 0 2 4 0 2 4 0 2 0 2 0 2 0 2 0 2 0 2 4 0 2 5 1 5 1 5 1 5 1 2 3 4 2 5 3 4 2 3 4 6 2 6 2 0 0 4 0 0 0 2 0 2 0 2 0 2 0 2 0 2 5 1 5 1 5 1 5 1 5 1 5 1 2 6 2 5
0 160 5 1 5 1 5 1 5 1 2 3 4 2 4 3 0 1 2 0 2 4 2 0 2 0 2 4 2 0 6 0 3 0 4 2 0 2 4 6 4 5 1 5 1 5 1 5 1 5 1 6 6 6 6 6 6 0 3 0 2 0 2 0 2 0 2 0 2 0 2 4 0 4 4 0 2 0 2 0 2 0 2 0 2 0 2 0 2 0 2 0 2 0 2 0 4 0 2 0 2 0 2 0 2 0 2 0 2 0 2 4 0 2 0 2 0 2 0 2 0 2 5 1 5 1 5 1 5 1 6 6 6 6 2 2 6 0 3 6 6 6 6 6 6 4 3 2 0 2 0 1 0 4 2 4 2 0 2 4 2 5
0 40 5 1 5 1 5 1 5 1 2 3 4 2 4 3 0 1 2 0 2 4 2 0 2 0 2 4 2 0 6 0 3 0 4 2 0 2 4 6 4 5
0 49 5 1 5 1 5 1 5 1 5 1 2 5 3 4 6 6 6 6 6 2 6 4 1 2 0 0 0 2 4 2 2 4 0 2 0 2 0 2 0 2 0 2 5 1 5 1 5 1 5
0 69 5 1 5 1 2 5 3 4 2 5 3 4 2 5 3 4 2 5 6 2 5 3 4 6 6 6 6 2 4 0 2 0 2 0 2 0 2 0 2 0 2 0 2 0 2 0 2 4 0 2 0 2 0 2 0 2 0 2 0 2 5 1 5 1 5 1 5 1 5
0 44 6 6 6 6 4 0 2 0 2 0 2 0 2 0 2 0 2 4 0 2 0 2 0 2 4 0 2 0 2 0 2 0 2 5 1 5 1 5 1 2 5 6 2 5
0 126 5 1 5 1 5 1 5 1 5 1 2 5 6 2 6 2 6 2 5 6 2 6 2 3 4 6 6 6 6 6 0 0 2 0 2 0 2 0 4 0 2 0 2 0 2 0 2 4 0 2 5 1 5 1 6 6 6 4 3 0 0 2 0 6 6 4 4 0 2 0 2 0 2 5 1 5 1 5 1 5 1 2 5 3 4 2 6 2 6 2 3 4 6 6 6 6 6 6 4 3 2 0 6 6 0 3 2 4 2 0 2 4 2 0 2 0 6 0 0 4 4 0 5 1 2 3
0 46 5 1 5 1 5 1 5 1 2 3 4 2 4 3 0 1 2 0 2 4 2 0 2 0 2 4 2 0 6 0 3 0 4 2 0 2 4 6 4 5 1 5 1 5 1 5
0 101 5 1 5 1 5 1 2 6 2 5 6 2 3 4 6 6 6 6 6 6 4 3 2 4 0 4 0 0 0 0 2 4 2 4 6 2 4 0 2 0 2 0 2 0 2 5 1 2 5 3 4 2 5 6 2 5 3 4 2 5 3 4 2 5 3 4 2 3 4 6 6 6 4 0 0 2 4 4 4 0 0 2 0 2 0 2 0 2 0 2 0 2 0 2 0 2 0 2 5 1 5
0 164 5 1 5 1 5 1 2 6 2 5 6 2 3 4 6 6 6 6 6 6 4 3 2 4 0 4 0 0 0 0 2 4 2 4 6 2 4 0 2 0 2 0 2 0 2 5 1 2 5 3 4 2 5 6 2 5 3 4 2 5 3 4 2 5 3 4 2 3 4 6 6 6 4 0 0 2 4 4 4 0 0 2 0 2 0 2 0 2 0 2 0 2 0 2 0 2 0 2 5 1 5 1 5 1 5 1 5 1 5 1 2 3 4 6 6 6 6 6 6 6 4 0 2 0 2 0 2 4 0 2 0 2 0 2 0 2 0 2 0 2 4 0 2 4 0 2 0 2 0 2 4 0 4 5 1 5 1 5 1 5 1 5 1 5
0 20 5 1 5 1 5 1 2 6 2 6 2 3 4 2 5 6 2 6 2 5
0 100 5 1 5 1 2 5 3 4 2 5 3 4 2 5 3 4 2 5 6 2 5 3 4 6 6 6 6 2 4 0 2 0 2 0 2 0 2 0 2 0 2 0 2 0 2 0 2 4 0 2 0 2 0 2 0 2 0 2 0 2 5 1 5 1 5 1 5 1 5 1 5 1 2 3 4 6 6 0 1 2 4 2 4 6 6 2 6 0 2 0 2 0 2 0 2 0 2 0 2 5
0 12 5 1 5 1 5 1 5 1 5 1 2 5
0 63 5 1 5 1 5 1 2 6 2 6 2 3 4 2 5 6 2 6 2 5 3 4 6 6 4 0 0 4 0 0 0 2 0 2 0 2 0 4 0 2 0 2 0 2 4 0 2 4 0 2 0 2 4 0 2 5 1 5 1 5 1 2 5
0 119 6 6 6 6 4 0 2 0 2 0 2 0 2 0 2 0 2 4 0 2 0 2 0 2 4 0 2 0 2 0 2 0 2 5 1 5 1 5 1 2 5 6 2 5 6 4 1 2 0 2 4 0 0 0 0 0 0 4 1 2 0 0 0 2 4 2 0 4 0 2 4 0 2 0 2 0 2 0 2 0 2 0 2 4 0 2 4 0 2 0 2 0 2 0 2 0 2 0 2 4 0 2 5 1 5 1 5 1 5 1 2 3 4 2 5 3 4 2 3
0 112 6 6 6 6 4 0 2 0 2 0 2 0 2 0 2 0 2 4 0 2 0 2 0 2 4 0 2 0 2 0 2 0 2 5 1 5 1 5 1 2 5 6 2 5 6 4 1 2 0 2 4 0 0 0 0 0 0 4 1 2 0 0 0 2 4 2 0 4 0 2 4 0 2 0 2 0 2 0 2 0 2 0 2 4 0 2 4 0 2 0 2 0 2 0 2 0 2 0 2 4 0 2 5 1 5 1 5 1 5 1 2 3
0 182 5 1 5 1 5 1 5 1 5 1 2 5 6 2 6 2 6 2 5 6 2 6 2 3 4 6 6 6 6 6 0 0 2 0 2 0 2 0 4 0 2 0 2 0 2 0 2 4 0 2 5 1 5 1 6 6 6 4 3 0 0 2 0 6 6 4 4 0 2 0 2 0 2 5 1 5 1 5 1 5 1 2 5 3 4 2 6 2 6 2 3 4 6 6 6 6 6 6 4 3 2 0 6 6 0 3 2 4 2 0 2 4 2 0 2 0 6 0 0 4 4 0 5 1 2 3 4 2 5 3 4 2 5 6 6 6 6 6 4 0 2 0 0 0 0 0 0 2 0 2 0 2 4 4 0 2 0 2 0 2 0 2 4 0 2 0 2 0 2 0 2 0 2 4 0 2 0 2 0 2 2 5
0 109 6 6 6 6 4 0 2 0 2 0 2 0 2 0 2 0 2 4 0 2 0 2 0 2 4 0 2 0 2 0 2 0 2 5 1 5 1 5 1 2 5 6 2 5 6 4 1 2 0 2 4 0 0 0 0 0 0 4 1 2 0 0 0 2 4 2 0 4 0 2 4 0 2 0 2 0 2 0 2 0 2 0 2 4 0 2 4 0 2 0 2 0 2 0 2 0 2 0 2 4 0 2 5 1 5 1 5 1 5
0 41 6 6 6 6 4 0 2 0 2 0 2 0 2 0 2 0 2 4 0 2 0 2 0 2 4 0 2 0 2 0 2 0 2 5 1 5 1 5 1 2 5
0 105 6 6 6 6 4 0 2 0 2 0 2 0 2 0 2 0 2 4 0 2 0 2 0 2 4 0 2 0 2 0 2 0 2 5 1 5 1 5 1 2 5 6 2 5 6 4 1 2 0 2 4 0 0 0 0 0 0 4 1 2 0 0 0 2 4 2 0 4 0 2 4 0 2 0 2 0 2 0 2 0 2 0 2 4 0 2 4 0 2 0 2 0 2 0 2 0 2 0 2 4 0 2 5 1 5
0 53 5 1 5 1 5 1 5 1 5 1 2 5 6 2 6 2 6 2 5 6 2 6 2 3 4 6 6 6 6 6 0 0 2 0 2 0 2 0 4 0 2 0 2 0 2 0 2 4 0 2 5 1 5
0 19 5 1 5 1 5 1 5 1 5 1 2 5 6 2 6 2 6 2 5
0 168 5 1 5 1 5 1 5 1 2 3 4 2 4 3 0 1 2 0 2 4 2 0 2 0 2 4 2 0 6 0 3 0 4 2 0 2 4 6 4 5 1 5 1 5 1 5 1 5 1 6 6 6 6 6 6 0 3 0 2 0 2 0 2 0 2 0 2 0 2 4 0 4 4 0 2 0 2 0 2 0 2 0 2 0 2 0 2 0 2 0 2 0 2 0 4 0 2 0 2 0 2 0 2 0 2 0 2 0 2 4 0 2 0 2 0 2 0 2 0 2 5 1 5 1 5 1 5 1 6 6 6 6 2 2 6 0 3 6 6 6 6 6 6 4 3 2 0 2 0 1 0 4 2 4 2 0 2 4 2 5 1 5 1 5 1 5 1 5
0 50 5 1 5 1 5 1 2 6 2 5 6 2 3 4 6 6 6 6 6 6 4 3 2 4 0 4 0 0 0 0 2 4 2 4 6 2 4 0 2 0 2 0 2 0 2 5 1 2 5 3
