140 7
1 0 
1 40 2 2 2 2 2 2 6 6 6 6 6 6 6 0 5 4 0 5 5 5 4 3 4 6 1 4 6 6 3 4 5 4 6 6 2 4 6 6 4 6
1 20 0 2 6 0 2 6 0 2 6 0 2 6 0 2 6 0 2 6 0 2
1 86 2 2 2 2 2 6 4 3 2 4 6 3 4 3 4 0 5 4 0 5 5 5 5 5 5 5 0 0 5 5 0 0 5 5 5 5 5 5 3 0 5 4 6 6 2 2 4 3 0 3 5 4 6 3 5 4 6 6 2 6 4 3 2 4 6 1 4 6 3 4 5 4 6 3 6 4 6 6 3 4 6 3 4 1 4 6
1 69 2 6 6 0 3 6 4 6 5 4 6 6 6 6 0 5 5 5 5 5 5 4 6 6 0 5 5 5 5 5 5 5 3 0 5 5 5 5 5 5 5 0 0 5 5 5 5 5 5 5 0 0 5 5 5 5 5 5 4 0 5 5 3 0 5 5 5 5 4
1 3 2 0 3
1 20 0 5 5 5 5 5 5 4 0 5 5 5 5 5 5 5 4 0 5 4
0 102 2 2 4 3 3 4 6 0 6 2 2 2 2 2 0 6 2 4 6 6 6 2 2 2 2 2 2 6 3 4 6 3 4 3 4 3 4 0 6 6 4 6 6 6 6 3 4 1 4 3 4 6 3 4 6 6 6 4 3 0 5 5 5 5 5 4 0 5 5 5 0 0 5 5 5 5 0 0 5 0 0 5 5 5 5 0 0 5 5 0 0 5 5 5 5 5 5 3 0 5 5 5
0 18 0 5 0 0 5 4 2 2 2 6 6 6 3 4 6 5 4 6
0 94 2 2 4 3 3 4 6 0 6 2 2 2 2 2 0 6 2 4 6 6 6 2 2 2 2 2 2 6 3 4 6 3 4 3 4 3 4 0 6 6 4 6 6 6 6 3 4 1 4 3 4 6 3 4 6 6 6 4 3 0 5 5 5 5 5 4 0 5 5 5 0 0 5 5 5 5 0 0 5 0 0 5 5 5 5 0 0 5 5 0 0 5 5 5
0 113 2 2 4 3 3 4 6 0 6 2 2 2 2 2 0 6 2 4 6 6 6 2 2 2 2 2 2 6 3 4 6 3 4 3 4 3 4 0 6 6 4 6 6 6 6 3 4 1 4 3 4 6 3 4 6 6 6 4 3 0 5 5 5 5 5 4 0 5 5 5 0 0 5 5 5 5 0 0 5 0 0 5 5 5 5 0 0 5 5 0 0 5 5 5 5 5 5 3 0 5 5 5 5 5 5 5 4 0 5 5 5 5 5
0 13 0 5 0 0 5 4 2 2 2 6 6 6 3
0 32 2 2 4 3 3 4 6 0 6 2 2 2 2 2 0 6 2 4 6 6 6 2 2 2 2 2 2 6 3 4 6 3
0 109 2 2 4 3 3 4 6 0 6 2 2 2 2 2 0 6 2 4 6 6 6 2 2 2 2 2 2 6 3 4 6 3 4 3 4 3 4 0 6 6 4 6 6 6 6 3 4 1 4 3 4 6 3 4 6 6 6 4 3 0 5 5 5 5 5 4 0 5 5 5 0 0 5 5 5 5 0 0 5 0 0 5 5 5 5 0 0 5 5 0 0 5 5 5 5 5 5 3 0 5 5 5 5 5 5 5 4 0 5
0 114 2 2 4 3 3 4 6 0 6 2 2 2 2 2 0 6 2 4 6 6 6 2 2 2 2 2 2 6 3 4 6 3 4 3 4 3 4 0 6 6 4 6 6 6 6 3 4 1 4 3 4 6 3 4 6 6 6 4 3 0 5 5 5 5 5 4 0 5 5 5 0 0 5 5 5 5 0 0 5 0 0 5 5 5 5 0 0 5 5 0 0 5 5 5 5 5 5 3 0 5 5 5 5 5 5 5 4 0 5 5 5 5 5 5
0 96 2 2 4 3 3 4 6 0 6 2 2 2 2 2 0 6 2 4 6 6 6 2 2 2 2 2 2 6 3 4 6 3 4 3 4 3 4 0 6 6 4 6 6 6 6 3 4 1 4 3 4 6 3 4 6 6 6 4 3 0 5 5 5 5 5 4 0 5 5 5 0 0 5 5 5 5 0 0 5 0 0 5 5 5 5 0 0 5 5 0 0 5 5 5 5 5
0 11 0 5 5 5 5 5 4 0 5 5 5
0 75 2 2 4 3 3 4 6 0 6 2 2 2 2 2 0 6 2 4 6 6 6 2 2 2 2 2 2 6 3 4 6 3 4 3 4 3 4 0 6 6 4 6 6 6 6 3 4 1 4 3 4 6 3 4 6 6 6 4 3 0 5 5 5 5 5 4 0 5 5 5 0 0 5 5 5
0 97 2 2 4 3 3 4 6 0 6 2 2 2 2 2 0 6 2 4 6 6 6 2 2 2 2 2 2 6 3 4 6 3 4 3 4 3 4 0 6 6 4 6 6 6 6 3 4 1 4 3 4 6 3 4 6 6 6 4 3 0 5 5 5 5 5 4 0 5 5 5 0 0 5 5 5 5 0 0 5 0 0 5 5 5 5 0 0 5 5 0 0 5 5 5 5 5 5
0 38 2 2 4 3 3 4 6 0 6 2 2 2 2 2 0 6 2 4 6 6 6 2 2 2 2 2 2 6 3 4 6 3 4 3 4 3 4 0
0 82 2 2 4 3 3 4 6 0 6 2 2 2 2 2 0 6 2 4 6 6 6 2 2 2 2 2 2 6 3 4 6 3 4 3 4 3 4 0 6 6 4 6 6 6 6 3 4 1 4 3 4 6 3 4 6 6 6 4 3 0 5 5 5 5 5 4 0 5 5 5 0 0 5 5 5 5 0 0 5 0 0 5
0 41 2 2 2 2 2 2 6 4 3 6 6 0 2 6 0 2 6 0 2 6 0 2 6 0 2 2 2 2 2 2 2 3 4 6 6 3 4 3 4 6 3
0 24 0 5 0 0 5 4 2 2 2 6 6 6 3 4 6 5 4 6 6 3 4 3 4 3
0 36 2 2 2 2 2 2 6 4 3 6 6 0 2 6 0 2 6 0 2 6 0 2 6 0 2 2 2 2 2 2 2 3 4 6 6 3
0 8 2 2 2 2 2 2 6 4
0 9 0 5 5 5 5 5 4 0 5
0 64 2 2 4 3 3 4 6 0 6 2 2 2 2 2 0 6 2 4 6 6 6 2 2 2 2 2 2 6 3 4 6 3 4 3 4 3 4 0 6 6 4 6 6 6 6 3 4 1 4 3 4 6 3 4 6 6 6 4 3 0 5 5 5 5
0 4 0 5 5 5
0 26 0 5 5 5 5 5 0 0 2 6 0 2 6 0 2 6 0 2 6 0 2 6 0 2 6 0
0 110 2 2 4 3 3 4 6 0 6 2 2 2 2 2 0 6 2 4 6 6 6 2 2 2 2 2 2 6 3 4 6 3 4 3 4 3 4 0 6 6 4 6 6 6 6 3 4 1 4 3 4 6 3 4 6 6 6 4 3 0 5 5 5 5 5 4 0 5 5 5 0 0 5 5 5 5 0 0 5 0 0 5 5 5 5 0 0 5 5 0 0 5 5 5 5 5 5 3 0 5 5 5 5 5 5 5 4 0 5 5
0 29 0 5 0 0 5 4 2 2 2 6 6 6 3 4 6 5 4 6 6 3 4 3 4 3 4 6 3 4 3
0 24 2 2 2 2 2 2 6 4 3 6 6 0 2 6 0 2 6 0 2 6 0 2 6 0
0 85 2 2 4 3 3 4 6 0 6 2 2 2 2 2 0 6 2 4 6 6 6 2 2 2 2 2 2 6 3 4 6 3 4 3 4 3 4 0 6 6 4 6 6 6 6 3 4 1 4 3 4 6 3 4 6 6 6 4 3 0 5 5 5 5 5 4 0 5 5 5 0 0 5 5 5 5 0 0 5 0 0 5 5 5 5
0 89 2 2 4 3 3 4 6 0 6 2 2 2 2 2 0 6 2 4 6 6 6 2 2 2 2 2 2 6 3 4 6 3 4 3 4 3 4 0 6 6 4 6 6 6 6 3 4 1 4 3 4 6 3 4 6 6 6 4 3 0 5 5 5 5 5 4 0 5 5 5 0 0 5 5 5 5 0 0 5 0 0 5 5 5 5 0 0 5 5
0 51 2 2 2 2 2 2 6 4 3 6 6 0 2 6 0 2 6 0 2 6 0 2 6 0 2 2 2 2 2 2 2 3 4 6 6 3 4 3 4 6 3 4 6 4 3 6 6 0 6 6 4
0 65 2 2 4 3 3 4 6 0 6 2 2 2 2 2 0 6 2 4 6 6 6 2 2 2 2 2 2 6 3 4 6 3 4 3 4 3 4 0 6 6 4 6 6 6 6 3 4 1 4 3 4 6 3 4 6 6 6 4 3 0 5 5 5 5 5
0 44 2 2 2 2 2 2 6 4 3 6 6 0 2 6 0 2 6 0 2 6 0 2 6 0 2 2 2 2 2 2 2 3 4 6 6 3 4 3 4 6 3 4 6 4
0 69 2 2 4 3 3 4 6 0 6 2 2 2 2 2 0 6 2 4 6 6 6 2 2 2 2 2 2 6 3 4 6 3 4 3 4 3 4 0 6 6 4 6 6 6 6 3 4 1 4 3 4 6 3 4 6 6 6 4 3 0 5 5 5 5 5 4 0 5 5
0 68 2 2 4 3 3 4 6 0 6 2 2 2 2 2 0 6 2 4 6 6 6 2 2 2 2 2 2 6 3 4 6 3 4 3 4 3 4 0 6 6 4 6 6 6 6 3 4 1 4 3 4 6 3 4 6 6 6 4 3 0 5 5 5 5 5 4 0 5
0 22 0 5 0 0 5 4 2 2 2 6 6 6 3 4 6 5 4 6 6 3 4 3
0 1 0
0 16 0 5 0 0 5 4 2 2 2 6 6 6 3 4 6 5
0 48 2 2 4 3 3 4 6 0 6 2 2 2 2 2 0 6 2 4 6 6 6 2 2 2 2 2 2 6 3 4 6 3 4 3 4 3 4 0 6 6 4 6 6 6 6 3 4 1
0 63 2 2 4 3 3 4 6 0 6 2 2 2 2 2 0 6 2 4 6 6 6 2 2 2 2 2 2 6 3 4 6 3 4 3 4 3 4 0 6 6 4 6 6 6 6 3 4 1 4 3 4 6 3 4 6 6 6 4 3 0 5 5 5
0 101 2 2 4 3 3 4 6 0 6 2 2 2 2 2 0 6 2 4 6 6 6 2 2 2 2 2 2 6 3 4 6 3 4 3 4 3 4 0 6 6 4 6 6 6 6 3 4 1 4 3 4 6 3 4 6 6 6 4 3 0 5 5 5 5 5 4 0 5 5 5 0 0 5 5 5 5 0 0 5 0 0 5 5 5 5 0 0 5 5 0 0 5 5 5 5 5 5 3 0 5 5
0 72 2 2 4 3 3 4 6 0 6 2 2 2 2 2 0 6 2 4 6 6 6 2 2 2 2 2 2 6 3 4 6 3 4 3 4 3 4 0 6 6 4 6 6 6 6 3 4 1 4 3 4 6 3 4 6 6 6 4 3 0 5 5 5 5 5 4 0 5 5 5 0 0
0 7 2 2 2 4 6 5 4
0 8 2 2 2 4 6 5 4 6
0 14 0 5 5 5 5 5 0 0 2 6 0 2 6 0
0 3 0 5 5
0 12 2 2 2 4 6 5 4 6 3 6 6 1
0 17 0 5 0 0 5 4 2 2 2 6 6 6 3 4 6 5 4
0 39 0 5 5 5 5 5 0 0 2 6 0 2 6 0 2 6 0 2 6 0 2 6 0 2 6 0 2 6 6 2 6 3 4 6 6 4 3 5 4
0 61 2 2 4 3 3 4 6 0 6 2 2 2 2 2 0 6 2 4 6 6 6 2 2 2 2 2 2 6 3 4 6 3 4 3 4 3 4 0 6 6 4 6 6 6 6 3 4 1 4 3 4 6 3 4 6 6 6 4 3 0 5
0 20 0 5 5 5 5 5 0 0 2 6 0 2 6 0 2 6 0 2 6 0
0 19 0 5 5 5 5 5 4 0 5 5 5 5 5 3 0 5 5 5 5
0 42 0 5 5 5 5 5 0 0 2 6 0 2 6 0 2 6 0 2 6 0 2 6 0 2 6 0 2 6 6 2 6 3 4 6 6 4 3 5 4 6 3 0
0 105 2 2 4 3 3 4 6 0 6 2 2 2 2 2 0 6 2 4 6 6 6 2 2 2 2 2 2 6 3 4 6 3 4 3 4 3 4 0 6 6 4 6 6 6 6 3 4 1 4 3 4 6 3 4 6 6 6 4 3 0 5 5 5 5 5 4 0 5 5 5 0 0 5 5 5 5 0 0 5 0 0 5 5 5 5 0 0 5 5 0 0 5 5 5 5 5 5 3 0 5 5 5 5 5 5
0 74 2 2 4 3 3 4 6 0 6 2 2 2 2 2 0 6 2 4 6 6 6 2 2 2 2 2 2 6 3 4 6 3 4 3 4 3 4 0 6 6 4 6 6 6 6 3 4 1 4 3 4 6 3 4 6 6 6 4 3 0 5 5 5 5 5 4 0 5 5 5 0 0 5 5
0 6 0 5 5 5 5 5
0 41 2 2 4 3 3 4 6 0 6 2 2 2 2 2 0 6 2 4 6 6 6 2 2 2 2 2 2 6 3 4 6 3 4 3 4 3 4 0 6 6 4
0 18 2 2 4 3 3 4 6 0 6 2 2 2 2 2 0 6 2 4
0 73 2 2 4 3 3 4 6 0 6 2 2 2 2 2 0 6 2 4 6 6 6 2 2 2 2 2 2 6 3 4 6 3 4 3 4 3 4 0 6 6 4 6 6 6 6 3 4 1 4 3 4 6 3 4 6 6 6 4 3 0 5 5 5 5 5 4 0 5 5 5 0 0 5
0 5 2 2 4 3 3
0 4 0 5 0 0
0 10 0 5 5 5 5 5 4 0 5 5
0 20 0 5 5 5 5 5 4 0 5 5 5 5 5 3 0 5 5 5 5 5
0 21 0 5 5 5 5 5 4 0 5 5 5 5 5 3 0 5 5 5 5 5 5
0 15 2 2 2 2 2 2 6 4 3 6 6 0 2 6 0
0 17 0 5 5 5 5 5 4 0 5 5 5 5 5 3 0 5 5
0 5 0 5 0 0 5
0 32 0 5 5 5 5 5 0 0 2 6 0 2 6 0 2 6 0 2 6 0 2 6 0 2 6 0 2 6 6 2 6 3
0 12 0 5 5 5 5 5 4 0 5 5 5 5
0 8 0 5 5 5 5 5 0 0
0 100 2 2 4 3 3 4 6 0 6 2 2 2 2 2 0 6 2 4 6 6 6 2 2 2 2 2 2 6 3 4 6 3 4 3 4 3 4 0 6 6 4 6 6 6 6 3 4 1 4 3 4 6 3 4 6 6 6 4 3 0 5 5 5 5 5 4 0 5 5 5 0 0 5 5 5 5 0 0 5 0 0 5 5 5 5 0 0 5 5 0 0 5 5 5 5 5 5 3 0 5
0 15 0 5 5 5 5 5 4 0 5 5 5 5 5 3 0
0 3 2 2 4
0 8 2 2 4 3 3 4 6 0
0 92 2 2 4 3 3 4 6 0 6 2 2 2 2 2 0 6 2 4 6 6 6 2 2 2 2 2 2 6 3 4 6 3 4 3 4 3 4 0 6 6 4 6 6 6 6 3 4 1 4 3 4 6 3 4 6 6 6 4 3 0 5 5 5 5 5 4 0 5 5 5 0 0 5 5 5 5 0 0 5 0 0 5 5 5 5 0 0 5 5 0 0 5
0 104 2 2 4 3 3 4 6 0 6 2 2 2 2 2 0 6 2 4 6 6 6 2 2 2 2 2 2 6 3 4 6 3 4 3 4 3 4 0 6 6 4 6 6 6 6 3 4 1 4 3 4 6 3 4 6 6 6 4 3 0 5 5 5 5 5 4 0 5 5 5 0 0 5 5 5 5 0 0 5 0 0 5 5 5 5 0 0 5 5 0 0 5 5 5 5 5 5 3 0 5 5 5 5 5
0 2 0 5
0 88 2 2 4 3 3 4 6 0 6 2 2 2 2 2 0 6 2 4 6 6 6 2 2 2 2 2 2 6 3 4 6 3 4 3 4 3 4 0 6 6 4 6 6 6 6 3 4 1 4 3 4 6 3 4 6 6 6 4 3 0 5 5 5 5 5 4 0 5 5 5 0 0 5 5 5 5 0 0 5 0 0 5 5 5 5 0 0 5
0 17 0 5 5 5 5 5 0 0 2 6 0 2 6 0 2 6 0
0 91 2 2 4 3 3 4 6 0 6 2 2 2 2 2 0 6 2 4 6 6 6 2 2 2 2 2 2 6 3 4 6 3 4 3 4 3 4 0 6 6 4 6 6 6 6 3 4 1 4 3 4 6 3 4 6 6 6 4 3 0 5 5 5 5 5 4 0 5 5 5 0 0 5 5 5 5 0 0 5 0 0 5 5 5 5 0 0 5 5 0 0
0 13 2 2 2 2 2 6 2 4 3 2 4 6 5
0 8 0 5 5 5 5 5 4 0
0 50 2 2 4 3 3 4 6 0 6 2 2 2 2 2 0 6 2 4 6 6 6 2 2 2 2 2 2 6 3 4 6 3 4 3 4 3 4 0 6 6 4 6 6 6 6 3 4 1 4 3
0 48 2 2 2 2 2 2 6 4 3 6 6 0 2 6 0 2 6 0 2 6 0 2 6 0 2 2 2 2 2 2 2 3 4 6 6 3 4 3 4 6 3 4 6 4 3 6 6 0
0 6 2 2 2 4 6 5
0 76 2 2 4 3 3 4 6 0 6 2 2 2 2 2 0 6 2 4 6 6 6 2 2 2 2 2 2 6 3 4 6 3 4 3 4 3 4 0 6 6 4 6 6 6 6 3 4 1 4 3 4 6 3 4 6 6 6 4 3 0 5 5 5 5 5 4 0 5 5 5 0 0 5 5 5 5
0 62 2 2 4 3 3 4 6 0 6 2 2 2 2 2 0 6 2 4 6 6 6 2 2 2 2 2 2 6 3 4 6 3 4 3 4 3 4 0 6 6 4 6 6 6 6 3 4 1 4 3 4 6 3 4 6 6 6 4 3 0 5 5
0 108 2 2 4 3 3 4 6 0 6 2 2 2 2 2 0 6 2 4 6 6 6 2 2 2 2 2 2 6 3 4 6 3 4 3 4 3 4 0 6 6 4 6 6 6 6 3 4 1 4 3 4 6 3 4 6 6 6 4 3 0 5 5 5 5 5 4 0 5 5 5 0 0 5 5 5 5 0 0 5 0 0 5 5 5 5 0 0 5 5 0 0 5 5 5 5 5 5 3 0 5 5 5 5 5 5 5 4 0
0 112 2 2 4 3 3 4 6 0 6 2 2 2 2 2 0 6 2 4 6 6 6 2 2 2 2 2 2 6 3 4 6 3 4 3 4 3 4 0 6 6 4 6 6 6 6 3 4 1 4 3 4 6 3 4 6 6 6 4 3 0 5 5 5 5 5 4 0 5 5 5 0 0 5 5 5 5 0 0 5 0 0 5 5 5 5 0 0 5 5 0 0 5 5 5 5 5 5 3 0 5 5 5 5 5 5 5 4 0 5 5 5 5
0 16 0 5 5 5 5 5 4 0 5 5 5 5 5 3 0 5
0 21 2 2 2 2 2 2 6 4 3 6 6 0 2 6 0 2 6 0 2 6 0
0 15 2 2 2 2 2 6 2 4 3 2 4 6 5 4 6
0 103 2 2 4 3 3 4 6 0 6 2 2 2 2 2 0 6 2 4 6 6 6 2 2 2 2 2 2 6 3 4 6 3 4 3 4 3 4 0 6 6 4 6 6 6 6 3 4 1 4 3 4 6 3 4 6 6 6 4 3 0 5 5 5 5 5 4 0 5 5 5 0 0 5 5 5 5 0 0 5 0 0 5 5 5 5 0 0 5 5 0 0 5 5 5 5 5 5 3 0 5 5 5 5
0 78 2 2 4 3 3 4 6 0 6 2 2 2 2 2 0 6 2 4 6 6 6 2 2 2 2 2 2 6 3 4 6 3 4 3 4 3 4 0 6 6 4 6 6 6 6 3 4 1 4 3 4 6 3 4 6 6 6 4 3 0 5 5 5 5 5 4 0 5 5 5 0 0 5 5 5 5 0 0
0 60 2 2 4 3 3 4 6 0 6 2 2 2 2 2 0 6 2 4 6 6 6 2 2 2 2 2 2 6 3 4 6 3 4 3 4 3 4 0 6 6 4 6 6 6 6 3 4 1 4 3 4 6 3 4 6 6 6 4 3 0
0 22 0 5 5 5 5 5 4 0 5 5 5 5 5 3 0 5 5 5 5 5 5 5
0 12 2 2 2 2 2 2 6 4 3 6 6 0
0 53 2 2 4 3 3 4 6 0 6 2 2 2 2 2 0 6 2 4 6 6 6 2 2 2 2 2 2 6 3 4 6 3 4 3 4 3 4 0 6 6 4 6 6 6 6 3 4 1 4 3 4 6 3
0 27 0 5 0 0 5 4 2 2 2 6 6 6 3 4 6 5 4 6 6 3 4 3 4 3 4 6 3
0 84 2 2 4 3 3 4 6 0 6 2 2 2 2 2 0 6 2 4 6 6 6 2 2 2 2 2 2 6 3 4 6 3 4 3 4 3 4 0 6 6 4 6 6 6 6 3 4 1 4 3 4 6 3 4 6 6 6 4 3 0 5 5 5 5 5 4 0 5 5 5 0 0 5 5 5 5 0 0 5 0 0 5 5 5
0 45 0 5 5 5 5 5 0 0 2 6 0 2 6 0 2 6 0 2 6 0 2 6 0 2 6 0 2 6 6 2 6 3 4 6 6 4 3 5 4 6 3 0 3 6 4
0 38 2 2 2 2 2 2 6 4 3 6 6 0 2 6 0 2 6 0 2 6 0 2 6 0 2 2 2 2 2 2 2 3 4 6 6 3 4 3
0 83 2 2 4 3 3 4 6 0 6 2 2 2 2 2 0 6 2 4 6 6 6 2 2 2 2 2 2 6 3 4 6 3 4 3 4 3 4 0 6 6 4 6 6 6 6 3 4 1 4 3 4 6 3 4 6 6 6 4 3 0 5 5 5 5 5 4 0 5 5 5 0 0 5 5 5 5 0 0 5 0 0 5 5
0 29 2 2 4 3 3 4 6 0 6 2 2 2 2 2 0 6 2 4 6 6 6 2 2 2 2 2 2 6 3
0 70 2 2 4 3 3 4 6 0 6 2 2 2 2 2 0 6 2 4 6 6 6 2 2 2 2 2 2 6 3 4 6 3 4 3 4 3 4 0 6 6 4 6 6 6 6 3 4 1 4 3 4 6 3 4 6 6 6 4 3 0 5 5 5 5 5 4 0 5 5 5
0 99 2 2 4 3 3 4 6 0 6 2 2 2 2 2 0 6 2 4 6 6 6 2 2 2 2 2 2 6 3 4 6 3 4 3 4 3 4 0 6 6 4 6 6 6 6 3 4 1 4 3 4 6 3 4 6 6 6 4 3 0 5 5 5 5 5 4 0 5 5 5 0 0 5 5 5 5 0 0 5 0 0 5 5 5 5 0 0 5 5 0 0 5 5 5 5 5 5 3 0
0 14 2 2 2 2 2 6 2 4 3 2 4 6 5 4
0 17 2 2 2 4 6 5 4 6 3 6 6 1 4 0 6 6 4
0 20 0 5 0 0 5 4 2 2 2 6 6 6 3 4 6 5 4 6 6 3
0 93 2 2 4 3 3 4 6 0 6 2 2 2 2 2 0 6 2 4 6 6 6 2 2 2 2 2 2 6 3 4 6 3 4 3 4 3 4 0 6 6 4 6 6 6 6 3 4 1 4 3 4 6 3 4 6 6 6 4 3 0 5 5 5 5 5 4 0 5 5 5 0 0 5 5 5 5 0 0 5 0 0 5 5 5 5 0 0 5 5 0 0 5 5
0 58 2 2 4 3 3 4 6 0 6 2 2 2 2 2 0 6 2 4 6 6 6 2 2 2 2 2 2 6 3 4 6 3 4 3 4 3 4 0 6 6 4 6 6 6 6 3 4 1 4 3 4 6 3 4 6 6 6 4
0 8 2 2 2 2 2 6 2 4
0 13 0 5 5 5 5 5 4 0 5 5 5 5 5
0 38 0 5 5 5 5 5 0 0 2 6 0 2 6 0 2 6 0 2 6 0 2 6 0 2 6 0 2 6 6 2 6 3 4 6 6 4 3 5
0 40 0 5 5 5 5 5 0 0 2 6 0 2 6 0 2 6 0 2 6 0 2 6 0 2 6 0 2 6 6 2 6 3 4 6 6 4 3 5 4 6
0 87 2 2 4 3 3 4 6 0 6 2 2 2 2 2 0 6 2 4 6 6 6 2 2 2 2 2 2 6 3 4 6 3 4 3 4 3 4 0 6 6 4 6 6 6 6 3 4 1 4 3 4 6 3 4 6 6 6 4 3 0 5 5 5 5 5 4 0 5 5 5 0 0 5 5 5 5 0 0 5 0 0 5 5 5 5 0 0
0 46 2 2 4 3 3 4 6 0 6 2 2 2 2 2 0 6 2 4 6 6 6 2 2 2 2 2 2 6 3 4 6 3 4 3 4 3 4 0 6 6 4 6 6 6 6 3
0 95 2 2 4 3 3 4 6 0 6 2 2 2 2 2 0 6 2 4 6 6 6 2 2 2 2 2 2 6 3 4 6 3 4 3 4 3 4 0 6 6 4 6 6 6 6 3 4 1 4 3 4 6 3 4 6 6 6 4 3 0 5 5 5 5 5 4 0 5 5 5 0 0 5 5 5 5 0 0 5 0 0 5 5 5 5 0 0 5 5 0 0 5 5 5 5
0 11 2 2 2 2 2 6 2 4 3 2 4
0 18 0 5 5 5 5 5 4 0 5 5 5 5 5 3 0 5 5 5
0 36 0 5 5 5 5 5 0 0 2 6 0 2 6 0 2 6 0 2 6 0 2 6 0 2 6 0 2 6 6 2 6 3 4 6 6 4
0 14 2 2 2 4 6 5 4 6 3 6 6 1 4 0
0 34 2 2 4 3 3 4 6 0 6 2 2 2 2 2 0 6 2 4 6 6 6 2 2 2 2 2 2 6 3 4 6 3 4 3
0 67 2 2 4 3 3 4 6 0 6 2 2 2 2 2 0 6 2 4 6 6 6 2 2 2 2 2 2 6 3 4 6 3 4 3 4 3 4 0 6 6 4 6 6 6 6 3 4 1 4 3 4 6 3 4 6 6 6 4 3 0 5 5 5 5 5 4 0
0 5 0 5 5 5 5
0 23 0 5 5 5 5 5 0 0 2 6 0 2 6 0 2 6 0 2 6 0 2 6 0
0 36 2 2 4 3 3 4 6 0 6 2 2 2 2 2 0 6 2 4 6 6 6 2 2 2 2 2 2 6 3 4 6 3 4 3 4 3
0 81 2 2 4 3 3 4 6 0 6 2 2 2 2 2 0 6 2 4 6 6 6 2 2 2 2 2 2 6 3 4 6 3 4 3 4 3 4 0 6 6 4 6 6 6 6 3 4 1 4 3 4 6 3 4 6 6 6 4 3 0 5 5 5 5 5 4 0 5 5 5 0 0 5 5 5 5 0 0 5 0 0
0 15 2 2 4 3 3 4 6 0 6 2 2 2 2 2 0
0 32 2 2 2 2 2 2 6 4 3 6 6 0 2 6 0 2 6 0 2 6 0 2 6 0 2 2 2 2 2 2 2 3
0 106 2 2 4 3 3 4 6 0 6 2 2 2 2 2 0 6 2 4 6 6 6 2 2 2 2 2 2 6 3 4 6 3 4 3 4 3 4 0 6 6 4 6 6 6 6 3 4 1 4 3 4 6 3 4 6 6 6 4 3 0 5 5 5 5 5 4 0 5 5 5 0 0 5 5 5 5 0 0 5 0 0 5 5 5 5 0 0 5 5 0 0 5 5 5 5 5 5 3 0 5 5 5 5 5 5 5
0 111 2 2 4 3 3 4 6 0 6 2 2 2 2 2 0 6 2 4 6 6 6 2 2 2 2 2 2 6 3 4 6 3 4 3 4 3 4 0 6 6 4 6 6 6 6 3 4 1 4 3 4 6 3 4 6 6 6 4 3 0 5 5 5 5 5 4 0 5 5 5 0 0 5 5 5 5 0 0 5 0 0 5 5 5 5 0 0 5 5 0 0 5 5 5 5 5 5 3 0 5 5 5 5 5 5 5 4 0 5 5 5
0 11 0 5 5 5 5 5 0 0 2 6 0
0 79 2 2 4 3 3 4 6 0 6 2 2 2 2 2 0 6 2 4 6 6 6 2 2 2 2 2 2 6 3 4 6 3 4 3 4 3 4 0 6 6 4 6 6 6 6 3 4 1 4 3 4 6 3 4 6 6 6 4 3 0 5 5 5 5 5 4 0 5 5 5 0 0 5 5 5 5 0 0 5
0 4 2 2 2 4
0 18 2 2 2 2 2 2 6 4 3 6 6 0 2 6 0 2 6 0
