416 7
1 0 
1 7 2 3 0 3 0 3 0
1 12 6 0 6 0 6 0 3 6 5 3 6 5
1 22 6 0 6 0 6 0 0 1 1 1 1 3 5 0 0 0 1 3 5 3 6 5
1 12 2 2 2 2 3 0 3 0 3 0 3 0
1 16 3 6 5 3 3 5 3 5 0 1 3 5 1 0 3 5
1 10 2 2 2 2 2 2 3 0 3 0
1 30 2 2 2 2 2 2 2 0 0 3 3 5 3 5 5 5 3 5 0 2 2 3 0 0 0 0 0 3 3 3
1 8 6 0 3 6 5 3 3 5
1 2 6 0
1 7 1 0 3 5 3 3 5
1 1 2
1 24 2 5 2 5 0 0 0 0 5 0 2 5 3 5 3 3 3 3 0 2 0 0 0 3
1 10 6 0 6 0 6 0 6 0 6 0
1 28 6 0 6 0 6 0 6 0 6 0 3 6 5 3 3 5 0 1 6 5 0 1 1 3 5 3 6 5
1 9 6 0 6 0 6 0 0 3 5
1 19 6 0 6 0 1 0 0 3 5 3 6 5 1 1 1 0 1 3 5
1 4 2 2 2 2
1 27 2 2 2 2 2 2 3 5 5 5 3 5 3 5 3 4 0 5 5 3 5 3 5 3 5 3 2
1 13 6 0 6 0 6 0 6 0 6 0 3 6 5
1 13 2 2 2 2 2 3 0 3 0 3 0 3 0
1 4 2 2 3 0
1 14 6 0 6 0 6 0 6 0 6 0 1 0 6 5
1 8 2 2 2 2 2 2 3 0
1 8 6 0 6 0 6 0 6 0
1 3 3 6 5
1 17 6 0 3 6 5 3 3 5 3 3 5 3 3 5 3 6 5
1 9 2 2 2 3 0 3 0 3 0
1 59 2 2 2 3 5 3 5 3 5 3 5 3 3 3 2 2 2 2 2 5 3 5 3 3 3 3 3 5 4 0 0 0 3 0 0 0 0 3 3 3 3 3 2 2 5 3 5 3 5 3 5 3 5 3 4 0 0 0 0
1 18 6 0 6 0 6 0 3 3 5 1 0 1 0 3 5 3 6 5
1 26 6 0 6 0 6 0 6 0 1 0 0 0 3 5 3 6 5 3 3 5 1 1 1 0 6 5
1 18 6 0 6 0 6 0 6 0 3 6 5 3 3 5 1 0 6 5
1 31 6 0 6 0 6 0 6 0 6 0 3 6 5 1 3 5 3 6 5 1 1 0 1 1 3 5 1 0 0 3 5
1 3 2 2 2
1 18 1 6 5 0 0 1 0 0 3 5 3 5 3 3 5 3 3 5
1 20 2 2 2 2 2 2 0 0 0 0 3 3 3 3 3 0 2 5 3 5
1 2 2 2
1 3 3 3 5
1 13 6 0 6 0 3 6 5 3 3 5 3 3 5
1 19 6 0 6 0 0 0 3 5 1 1 6 5 1 0 3 5 3 6 5
1 17 6 0 6 0 6 0 3 6 5 3 6 5 3 3 5 6 5
1 10 2 2 2 2 2 2 3 0 0 2
1 25 6 0 6 0 6 0 6 0 0 0 0 0 6 5 0 0 1 6 5 0 3 5 3 3 5
1 44 2 2 2 5 5 3 5 3 5 3 5 3 5 3 3 0 2 5 3 5 3 5 3 5 3 5 3 3 5 5 3 5 3 3 3 3 3 3 5 5 3 5 3 5
1 26 6 0 6 0 6 0 6 0 6 0 3 3 5 3 6 5 3 3 5 0 0 1 0 0 3 5
1 14 6 0 3 3 5 0 1 1 0 6 5 3 3 5
1 19 6 0 6 0 3 5 0 6 5 0 1 3 5 1 1 1 0 6 5
1 11 6 0 6 0 6 0 6 0 3 3 5
1 4 6 0 6 0
1 33 2 2 2 2 2 1 0 0 3 0 0 0 3 3 3 3 5 0 0 0 0 3 3 5 2 0 0 0 3 3 3 3 5
1 7 2 2 2 2 2 3 0
0 8 3 3 5 3 3 5 3 3
0 14 6 0 0 0 0 0 0 3 5 3 3 5 1 1
0 7 6 0 6 0 1 0 0
0 19 6 0 6 0 6 0 6 0 6 0 1 3 5 0 1 0 1 1 6
0 14 6 0 6 0 6 0 6 0 6 0 3 6 5 3
0 15 6 0 0 0 0 1 3 5 3 5 3 3 5 3 6
0 8 6 0 6 0 6 0 3 3
0 16 6 0 0 0 0 0 0 3 5 3 3 5 1 1 1 0
0 18 6 0 0 3 5 3 3 5 3 3 5 0 1 1 3 5 3 6
0 13 6 0 1 0 6 5 3 3 5 3 3 5 3
0 4 0 6 5 3
0 17 6 0 6 0 6 0 6 0 6 0 3 6 5 3 3 5 0
0 17 6 0 3 3 5 0 0 0 0 1 6 5 3 6 5 3 6
0 8 6 0 6 0 3 3 5 3
0 18 6 0 6 0 0 0 0 0 3 5 0 6 5 1 1 1 1 3
0 2 3 3
0 20 6 0 6 0 1 0 0 1 1 3 5 1 1 3 5 0 0 1 1 0
0 18 6 0 1 0 6 5 3 3 5 3 3 5 3 3 5 1 0 6
0 3 6 0 0
0 15 6 0 6 0 0 0 0 0 3 5 0 6 5 1 1
0 16 6 0 6 0 3 3 5 3 3 5 6 5 0 0 1 3
0 9 3 3 5 3 6 5 0 1 0
0 10 6 0 6 0 6 0 6 0 3 6
0 10 6 0 3 3 5 3 6 5 3 6
0 15 6 0 6 0 6 0 6 0 1 1 0 6 5 0 0
0 8 3 3 5 3 6 5 0 1
0 12 6 0 6 0 6 0 6 0 3 5 0 1
0 18 3 3 5 3 6 5 0 1 0 0 6 5 1 0 1 0 1 6
0 17 6 0 6 0 6 0 6 0 6 0 3 5 0 3 5 0 6
0 8 0 6 5 3 6 5 3 6
0 13 6 0 0 3 5 3 3 5 3 3 5 0 1
0 9 6 0 6 0 3 6 5 0 0
0 26 6 0 6 0 6 0 6 0 6 0 1 3 5 0 1 0 1 1 6 5 0 3 5 1 0 1
0 4 3 3 5 1
0 7 6 0 6 0 6 0 6
0 5 3 3 5 3 3
0 5 6 0 6 0 6
0 8 6 0 0 0 0 0 0 3
0 4 1 0 0 0
0 5 6 0 0 0 1
0 9 6 0 0 0 1 1 6 5 0
0 12 6 0 6 0 6 0 1 1 0 1 0 6
0 11 6 0 6 0 6 0 3 6 5 1 6
0 15 6 0 6 0 6 0 6 0 6 0 3 6 5 3 3
0 11 6 0 6 0 3 6 5 3 6 5 3
0 17 6 0 6 0 1 0 0 1 1 3 5 1 1 3 5 0 0
0 10 6 0 0 3 5 3 3 5 3 3
0 10 6 0 6 0 6 0 1 1 0 1
0 21 6 0 6 0 6 0 6 0 6 0 3 6 5 0 3 5 1 0 0 1 1
0 14 6 0 0 3 5 3 3 5 3 3 5 0 1 1
0 3 3 5 3
0 11 6 0 3 3 5 3 6 5 1 0 1
0 17 6 0 6 0 0 0 0 0 3 5 0 6 5 1 1 1 1
0 7 3 3 5 3 6 5 0
0 13 3 3 5 3 3 5 3 3 5 3 3 5 1
0 16 3 3 5 3 6 5 0 1 0 0 6 5 1 0 1 0
0 18 6 0 6 0 6 0 6 0 6 0 3 6 5 3 3 5 0 1
0 18 6 0 0 0 1 1 6 5 0 3 5 3 3 5 0 0 1 6
0 9 6 0 3 3 5 3 6 5 1
0 9 6 0 6 0 3 6 5 3 6
0 14 6 0 6 0 6 0 6 0 6 0 1 3 5 0
0 12 6 0 6 0 6 0 6 0 6 0 3 6
0 18 6 0 6 0 1 0 0 1 1 3 5 1 1 3 5 0 0 1
0 19 6 0 6 0 1 0 0 1 1 3 5 1 1 3 5 0 0 1 1
0 22 6 0 6 0 6 0 6 0 6 0 3 6 5 0 3 5 1 0 0 1 1 3
0 19 6 0 6 0 6 0 6 0 6 0 3 6 5 0 3 5 1 0 0
0 9 6 0 6 0 6 0 6 0 6
0 21 6 0 6 0 6 0 6 0 3 5 0 1 0 0 3 5 3 3 5 3 3
0 11 6 0 6 0 3 3 5 0 0 1 1
0 4 3 5 3 3
0 10 6 0 0 0 1 1 6 5 3 3
0 18 6 0 0 0 0 0 0 3 5 3 3 5 1 1 1 0 1 6
0 11 6 0 6 0 6 0 0 1 0 1 6
0 7 6 0 3 3 5 0 0
0 12 6 0 6 0 1 0 0 1 1 3 5 1
0 4 6 0 1 0
0 16 6 0 6 0 6 0 6 0 6 0 3 5 0 3 5 0
0 11 6 0 6 0 6 0 6 0 6 0 1
0 12 6 0 6 0 3 3 5 0 0 1 1 0
0 17 6 0 6 0 6 0 6 0 3 5 0 1 0 0 3 5 3
0 5 6 0 1 1 6
0 19 6 0 6 0 3 3 5 3 3 5 6 5 0 0 1 3 5 0 0
0 18 6 0 6 0 6 0 6 0 6 0 3 6 5 0 3 5 1 0
0 10 3 3 5 3 6 5 0 1 0 0
0 21 6 0 6 0 6 0 6 0 6 0 0 0 0 3 5 0 1 1 6 5 6
0 16 6 0 6 0 6 0 6 0 6 0 0 0 0 3 5 0
0 13 6 0 6 0 3 3 5 0 0 1 1 0 6
0 6 6 0 6 0 1 0
0 1 1
0 21 6 0 6 0 1 0 0 1 1 3 5 1 1 3 5 0 0 1 1 0 6
0 8 6 0 6 0 6 0 0 1
0 15 6 0 6 0 6 0 6 0 6 0 3 6 5 0 3
0 4 6 0 3 3
0 10 6 0 3 3 5 3 6 5 1 0
0 17 6 0 6 0 6 0 6 0 6 0 3 6 5 0 3 5 1
0 7 0 6 5 3 6 5 3
0 12 6 0 0 3 5 3 3 5 3 3 5 0
0 17 6 0 6 0 6 0 6 0 6 0 0 0 0 3 5 0 1
0 10 6 0 6 0 1 0 0 1 1 3
0 15 6 0 6 0 3 3 5 3 3 5 6 5 0 0 1
0 20 6 0 6 0 6 0 1 1 0 1 0 6 5 3 6 5 3 3 5 3
0 6 3 3 5 1 1 6
0 14 6 0 6 0 1 0 0 1 1 3 5 1 1 3
0 9 6 0 0 0 0 1 3 5 3
0 3 6 5 0
0 11 3 3 5 3 6 5 0 1 0 0 6
0 9 3 5 3 3 5 3 3 5 3
0 10 6 0 0 0 1 0 0 6 5 0
0 23 6 0 6 0 6 0 6 0 6 0 0 0 0 3 5 0 1 1 6 5 6 5 3
0 11 6 0 0 0 0 0 0 3 5 3 3
0 8 6 0 6 0 6 0 3 6
0 15 6 0 0 0 1 1 6 5 3 3 5 0 0 0 1
0 8 6 0 3 3 5 0 0 0
0 27 6 0 6 0 6 0 6 0 6 0 0 0 0 3 5 0 1 1 6 5 6 5 3 3 5 0 1
0 28 6 0 6 0 6 0 6 0 6 0 3 6 5 0 3 5 1 0 0 1 1 3 5 3 6 5 3 3
0 5 3 3 5 3 6
0 10 6 0 0 0 0 1 6 5 0 3
0 6 6 0 0 0 0 0
0 18 6 0 6 0 6 0 1 1 0 1 0 6 5 3 6 5 3 3
0 14 6 0 6 0 6 0 0 1 0 1 6 5 1 3
0 30 6 0 6 0 6 0 6 0 6 0 0 0 0 3 5 0 1 1 6 5 6 5 3 3 5 0 1 0 0 3
0 11 6 0 6 0 6 0 1 1 1 1 6
0 16 6 0 6 0 3 3 5 0 0 1 1 0 6 5 3 3
0 9 6 0 6 0 6 0 6 0 1
0 17 6 0 6 0 3 6 5 3 6 5 3 3 5 1 1 0 0
0 8 6 0 6 0 1 0 0 1
0 23 6 0 6 0 1 0 0 1 1 3 5 1 1 3 5 0 0 1 1 0 6 5 0
0 1 6
0 14 6 0 0 0 0 1 3 5 3 5 3 3 5 3
0 14 6 0 6 0 3 6 5 3 6 5 3 3 5 1
0 18 6 0 6 0 6 0 6 0 3 5 0 1 0 0 3 5 3 3
0 14 6 0 6 0 6 0 6 0 3 3 5 1 0 0
0 7 6 0 0 3 5 3 3
0 14 6 0 6 0 6 0 6 0 3 6 5 0 0 0
0 12 6 0 6 0 6 0 6 0 3 6 5 0
0 13 6 0 3 3 5 0 0 0 0 1 6 5 3
0 8 6 0 6 0 6 0 1 1
0 13 6 0 6 0 1 0 0 1 1 3 5 1 1
0 15 6 0 6 0 6 0 6 0 6 0 1 3 5 0 1
0 15 6 0 6 0 6 0 1 1 0 1 0 6 5 3 6
0 16 6 0 0 0 1 1 6 5 3 3 5 0 0 0 1 6
0 4 6 0 1 1
0 12 6 0 6 0 6 0 6 0 1 1 0 6
0 6 6 0 0 0 1 0
0 9 6 0 6 0 6 0 0 1 0
0 7 6 0 1 0 6 5 3
0 29 6 0 6 0 6 0 6 0 6 0 1 3 5 0 1 0 1 1 6 5 0 3 5 1 0 1 0 0 3
0 10 6 0 6 0 6 0 3 6 5 1
0 21 3 3 5 3 6 5 0 1 0 0 6 5 1 0 1 0 1 6 5 3 6
0 11 6 0 6 0 6 0 6 0 3 5 0
0 14 6 0 6 0 6 0 6 0 1 1 0 6 5 0
0 6 6 0 6 0 3 3
0 12 6 0 0 0 1 0 0 6 5 0 0 0
0 16 6 0 0 0 1 1 6 5 0 3 5 3 3 5 0 0
0 21 6 0 6 0 3 6 5 3 6 5 3 3 5 1 1 0 0 6 5 3 3
0 24 6 0 6 0 6 0 1 1 0 1 0 6 5 3 6 5 3 3 5 3 3 5 1 3
0 9 6 0 0 0 0 1 6 5 0
0 14 6 0 0 0 1 0 0 6 5 0 0 0 1 3
0 11 6 0 6 0 6 0 6 0 6 0 3
0 27 6 0 6 0 6 0 6 0 6 0 1 3 5 0 1 0 1 1 6 5 0 3 5 1 0 1 0
0 9 6 0 6 0 6 0 6 0 3
0 11 6 0 6 0 0 0 0 0 3 5 0
0 20 6 0 6 0 6 0 6 0 6 0 3 6 5 0 3 5 1 0 0 1
0 13 6 0 6 0 6 0 0 1 0 1 6 5 1
0 12 6 0 6 0 3 6 5 3 3 5 3 3
0 13 6 0 0 0 0 0 0 3 5 3 3 5 1
0 19 6 0 6 0 6 0 6 0 1 1 0 6 5 0 0 0 1 0 6
0 2 1 0
0 12 6 0 6 0 6 0 6 0 6 0 0 0
0 2 0 6
0 24 6 0 6 0 1 0 0 1 1 3 5 1 1 3 5 0 0 1 1 0 6 5 0 6
0 7 6 0 0 0 1 0 0
0 8 6 0 6 0 0 0 0 0
0 12 6 0 6 0 3 6 5 3 6 5 3 3
0 11 6 0 6 0 6 0 6 0 1 1 0
0 5 6 0 3 5 3
0 18 6 0 6 0 3 6 5 3 6 5 3 3 5 1 1 0 0 6
0 18 6 0 6 0 6 0 6 0 6 0 1 3 5 0 1 0 1 1
0 14 6 0 3 3 5 0 0 0 0 1 6 5 3 6
0 22 6 0 6 0 6 0 6 0 6 0 1 3 5 0 1 0 1 1 6 5 0 3
0 20 6 0 0 0 1 0 0 6 5 0 0 0 1 3 5 3 6 5 3 6
0 7 6 0 6 0 6 0 3
0 11 6 0 6 0 3 6 5 0 0 0 1
0 13 6 0 0 0 1 0 0 6 5 0 0 0 1
0 19 6 0 0 0 1 0 0 6 5 0 0 0 1 3 5 3 6 5 3
0 8 6 0 6 0 3 6 5 0
0 27 6 0 6 0 6 0 6 0 6 0 3 6 5 0 3 5 1 0 0 1 1 3 5 3 6 5 3
0 9 6 0 6 0 3 3 5 3 3
0 16 6 0 6 0 6 0 3 3 5 3 3 5 3 3 5 3
0 20 6 0 6 0 6 0 6 0 6 0 3 6 5 0 1 1 3 5 3 3
0 13 6 0 0 0 1 1 6 5 0 3 5 3 3
0 3 6 0 6
0 9 6 0 0 3 5 3 3 5 3
0 4 6 5 0 0
0 1 0
0 11 6 0 6 0 6 0 6 0 6 0 0
0 10 6 0 0 0 1 1 6 5 0 3
0 17 6 0 6 0 6 0 1 1 0 1 0 6 5 3 6 5 3
0 12 6 0 0 0 1 1 6 5 3 3 5 0
0 17 6 0 0 0 1 1 6 5 0 3 5 3 3 5 0 0 1
0 10 6 0 6 0 6 0 0 1 0 1
0 15 6 0 6 0 3 3 5 0 0 1 1 0 6 5 3
0 9 6 0 0 0 1 1 6 5 3
0 7 6 0 3 3 5 3 6
0 6 6 0 0 0 1 1
0 15 6 0 0 3 5 3 3 5 3 3 5 0 1 1 3
0 17 6 0 6 0 6 0 6 0 3 3 5 1 0 0 1 1 6
0 17 6 0 0 0 1 0 0 6 5 0 0 0 1 3 5 3 6
0 10 6 0 1 0 6 5 3 3 5 3
0 29 6 0 6 0 6 0 6 0 6 0 0 0 0 3 5 0 1 1 6 5 6 5 3 3 5 0 1 0 0
0 14 6 0 6 0 6 0 6 0 6 0 3 6 5 0
0 11 3 3 5 3 3 5 3 3 5 3 6
0 11 6 0 0 0 0 1 3 5 3 5 3
0 16 6 0 6 0 1 0 0 1 1 3 5 1 1 3 5 0
0 6 6 0 6 0 0 0
0 5 1 0 0 0 0
0 14 6 0 6 0 6 0 6 0 3 5 0 1 0 0
0 16 6 0 6 0 0 0 0 0 3 5 0 6 5 1 1 1
0 16 6 0 6 0 6 0 6 0 6 0 3 6 5 0 1 1
0 28 6 0 6 0 6 0 6 0 6 0 1 3 5 0 1 0 1 1 6 5 0 3 5 1 0 1 0 0
0 9 6 0 3 3 5 3 6 5 3
0 21 6 0 6 0 6 0 6 0 6 0 1 3 5 0 1 0 1 1 6 5 0
0 17 6 0 6 0 6 0 3 3 5 3 3 5 3 3 5 3 3
0 8 6 0 6 0 3 3 5 0
0 13 6 0 0 0 1 1 6 5 3 3 5 0 0
0 10 6 0 6 0 6 0 6 0 3 3
0 12 6 0 0 0 0 1 6 5 0 3 5 1
0 11 6 0 3 3 5 0 0 0 0 1 6
0 14 3 3 5 3 6 5 0 1 0 0 6 5 1 0
0 6 6 0 3 3 5 0
0 26 6 0 6 0 6 0 6 0 6 0 0 0 0 3 5 0 1 1 6 5 6 5 3 3 5 0
0 8 6 0 1 0 6 5 3 3
0 15 6 0 6 0 6 0 6 0 3 3 5 1 0 0 1
0 10 3 3 5 3 3 5 3 3 5 3
0 18 6 0 6 0 6 0 6 0 1 1 0 6 5 0 0 0 1 0
0 21 6 0 6 0 3 3 5 3 3 5 6 5 0 0 1 3 5 0 0 1 3
0 16 6 0 6 0 6 0 6 0 6 0 1 3 5 0 1 0
0 5 6 5 0 0 3
0 13 6 0 6 0 6 0 1 1 1 1 6 5 3
0 24 6 0 6 0 6 0 6 0 6 0 0 0 0 3 5 0 1 1 6 5 6 5 3 3
0 14 6 0 6 0 3 3 5 3 3 5 6 5 0 0
0 15 6 0 6 0 6 0 6 0 6 0 3 6 5 0 1
0 16 6 0 1 0 6 5 3 3 5 3 3 5 3 3 5 1
0 7 6 0 0 0 1 1 6
0 24 6 0 6 0 6 0 6 0 6 0 3 6 5 0 3 5 1 0 0 1 1 3 5 3
0 24 6 0 6 0 6 0 6 0 6 0 1 3 5 0 1 0 1 1 6 5 0 3 5 1
0 5 3 3 5 1 1
0 20 6 0 6 0 3 6 5 3 6 5 3 3 5 1 1 0 0 6 5 3
0 15 6 0 6 0 3 6 5 0 0 0 1 3 5 3 6
0 17 3 3 5 3 6 5 0 1 0 0 6 5 1 0 1 0 1
0 11 6 0 6 0 6 0 3 3 5 3 3
0 12 6 0 0 0 1 1 6 5 0 3 5 3
0 19 6 0 6 0 6 0 6 0 6 0 3 6 5 0 1 1 3 5 3
0 13 6 0 6 0 6 0 6 0 6 0 3 5 0
0 7 6 0 0 0 0 0 0
0 10 6 0 6 0 6 0 1 1 1 1
0 16 6 0 3 3 5 0 0 0 0 1 6 5 3 6 5 3
0 15 6 0 0 0 1 1 6 5 0 3 5 3 3 5 0
0 7 6 0 6 0 0 0 0
0 18 6 0 6 0 3 3 5 3 3 5 6 5 0 0 1 3 5 0
0 12 6 0 6 0 3 6 5 0 0 0 1 3
0 17 6 0 0 3 5 3 3 5 3 3 5 0 1 1 3 5 3
0 7 3 5 3 3 5 3 3
0 17 6 0 1 0 6 5 3 3 5 3 3 5 3 3 5 1 0
0 8 6 0 6 0 3 6 5 3
0 14 6 0 0 0 1 1 6 5 3 3 5 0 0 0
0 11 6 0 6 0 6 0 1 1 0 1 0
0 20 3 3 5 3 6 5 0 1 0 0 6 5 1 0 1 0 1 6 5 3
0 21 6 0 6 0 6 0 1 1 0 1 0 6 5 3 6 5 3 3 5 3 3
0 4 3 3 5 3
0 14 6 0 0 0 0 1 6 5 0 3 5 1 1 6
0 16 3 3 5 3 3 5 3 3 5 3 3 5 1 0 0 0
0 9 6 0 3 3 5 0 0 0 0
0 5 6 0 6 0 1
0 9 6 0 6 0 6 0 1 1 0
0 13 3 3 5 3 6 5 0 1 0 0 6 5 1
0 13 6 0 6 0 6 0 6 0 3 5 0 1 0
0 11 6 0 6 0 3 6 5 3 3 5 3
0 7 6 0 0 0 0 1 3
0 17 6 0 6 0 6 0 6 0 6 0 3 6 5 0 1 1 3
0 11 6 0 6 0 3 3 5 3 3 5 6
0 3 6 0 3
0 19 6 0 6 0 6 0 6 0 6 0 0 0 0 3 5 0 1 1 6
0 25 6 0 6 0 6 0 6 0 6 0 1 3 5 0 1 0 1 1 6 5 0 3 5 1 0
0 13 6 0 0 0 0 1 6 5 0 3 5 1 1
0 13 6 0 6 0 6 0 6 0 3 3 5 1 0
0 17 6 0 0 0 0 0 0 3 5 3 3 5 1 1 1 0 1
0 13 6 0 6 0 6 0 6 0 3 6 5 0 0
0 25 6 0 6 0 6 0 6 0 6 0 3 6 5 0 3 5 1 0 0 1 1 3 5 3 6
0 3 1 0 0
0 23 6 0 6 0 6 0 1 1 0 1 0 6 5 3 6 5 3 3 5 3 3 5 1
0 5 6 0 1 0 6
0 4 6 0 0 0
0 6 6 0 0 3 5 3
0 6 6 0 3 3 5 3
0 8 6 0 0 0 1 0 0 6
0 9 6 0 6 0 0 0 0 0 3
0 15 6 0 0 0 0 0 0 3 5 3 3 5 1 1 1
0 10 6 0 6 0 3 6 5 0 0 0
0 19 6 0 6 0 6 0 6 0 6 0 3 6 5 3 3 5 0 1 3
0 28 6 0 6 0 6 0 6 0 6 0 0 0 0 3 5 0 1 1 6 5 6 5 3 3 5 0 1 0
0 20 6 0 0 0 0 0 0 3 5 3 3 5 1 1 1 0 1 6 5 3
0 13 6 0 6 0 6 0 3 3 5 3 3 5 3
0 21 6 0 0 0 0 0 0 3 5 3 3 5 1 1 1 0 1 6 5 3 6
0 20 6 0 6 0 3 3 5 3 3 5 6 5 0 0 1 3 5 0 0 1
0 4 6 0 0 3
0 9 6 0 6 0 6 0 1 1 1
0 11 6 0 0 0 1 0 0 6 5 0 0
0 15 6 0 6 0 6 0 6 0 3 5 0 1 0 0 3
0 6 6 0 0 0 0 1
0 11 3 3 5 3 3 5 3 3 5 3 3
0 7 6 0 6 0 6 0 0
0 10 6 0 0 0 0 0 0 3 5 3
0 9 6 0 6 0 1 0 0 1 1
0 7 3 3 5 3 3 5 3
0 10 6 0 6 0 6 0 3 3 5 3
0 10 6 0 6 0 6 0 6 0 1 1
0 15 3 3 5 3 3 5 3 3 5 3 3 5 1 0 0
0 16 6 0 6 0 6 0 6 0 3 3 5 1 0 0 1 1
0 5 0 6 5 3 6
0 14 6 0 6 0 6 0 6 0 6 0 3 5 0 3
0 6 6 0 6 0 3 6
0 7 6 0 0 0 0 1 6
0 14 6 0 6 0 6 0 1 1 1 1 6 5 3 6
0 3 6 0 1
0 10 6 0 3 3 5 0 0 0 0 1
0 15 6 0 6 0 3 6 5 3 6 5 3 3 5 1 1
0 16 6 0 6 0 6 0 6 0 1 1 0 6 5 0 0 0
0 6 6 0 3 5 3 3
0 7 6 0 6 0 6 0 1
0 12 6 0 6 0 0 0 0 0 3 5 0 6
0 5 6 0 0 0 0
0 6 3 5 3 3 5 3
0 17 6 0 6 0 6 0 6 0 1 1 0 6 5 0 0 0 1
0 12 6 0 3 3 5 3 6 5 1 0 1 3
0 14 6 0 1 0 6 5 3 3 5 3 3 5 3 3
0 15 6 0 6 0 6 0 6 0 3 6 5 0 0 0 6
0 14 6 0 6 0 6 0 3 3 5 3 3 5 3 3
0 11 6 0 1 0 6 5 3 3 5 3 3
0 13 6 0 6 0 6 0 6 0 6 0 0 0 0
0 14 6 0 6 0 0 0 0 0 3 5 0 6 5 1
0 12 6 0 6 0 6 0 6 0 6 0 1 3
0 20 6 0 6 0 6 0 6 0 3 5 0 1 0 0 3 5 3 3 5 3
0 5 6 0 6 0 3
0 1 3
0 9 6 0 6 0 3 3 5 0 0
0 16 6 0 6 0 6 0 0 1 0 1 6 5 1 3 5 3
0 17 6 0 6 0 6 0 0 1 0 1 6 5 1 3 5 3 3
0 18 6 0 6 0 6 0 6 0 6 0 0 0 0 3 5 0 1 1
0 14 6 0 6 0 3 6 5 0 0 0 1 3 5 3
0 16 6 0 0 0 1 0 0 6 5 0 0 0 1 3 5 3
0 15 3 3 5 3 6 5 0 1 0 0 6 5 1 0 1
0 6 1 0 0 0 0 3
0 14 6 0 6 0 6 0 6 0 6 0 0 0 0 3
0 17 6 0 6 0 6 0 6 0 6 0 1 3 5 0 1 0 1
0 9 6 0 6 0 3 6 5 3 3
0 17 3 3 5 3 3 5 3 3 5 3 3 5 1 0 0 0 3
0 10 6 0 6 0 3 3 5 0 0 1
0 16 6 0 6 0 3 6 5 3 6 5 3 3 5 1 1 0
0 5 6 0 6 0 0
0 14 6 0 6 0 6 0 1 1 0 1 0 6 5 3
0 12 6 0 0 0 0 1 3 5 3 5 3 3
0 14 3 3 5 3 3 5 3 3 5 3 3 5 1 0
0 12 6 0 6 0 6 0 6 0 3 3 5 1
0 13 6 0 6 0 3 3 5 3 3 5 6 5 0
