407 7
1 5 4 0 0 0 1
1 5 4 2 4 4 1
1 3 4 0 0
1 9 4 6 6 6 6 6 4 1 5
1 7 4 6 6 6 6 0 1
1 10 1 6 6 3 3 3 2 4 1 4
1 4 4 0 0 0
1 4 4 1 1 1
1 7 4 1 6 0 2 4 1
1 22 0 6 3 3 3 6 3 6 3 3 6 6 3 3 3 3 1 6 3 3 1 4
1 9 4 6 6 6 6 5 1 1 5
1 2 0 1
1 16 1 1 1 1 6 6 6 6 3 2 0 0 1 1 1 1
1 12 6 3 6 3 6 6 3 3 6 2 1 5
1 3 4 5 5
1 6 1 2 0 1 1 1
1 8 2 1 2 5 4 5 1 4
1 9 1 1 4 6 0 3 1 4 0
1 3 1 1 5
1 6 6 2 6 0 1 1
1 5 4 2 1 1 1
1 2 1 4
1 23 6 3 3 3 3 3 6 3 3 6 3 3 3 3 6 6 3 3 3 3 3 0 1
1 6 4 4 2 0 4 1
1 14 2 6 6 3 3 3 6 3 3 3 4 5 1 5
1 6 4 4 1 4 1 5
1 14 6 4 6 3 3 6 6 3 3 2 1 4 5 1
1 10 6 3 3 3 6 3 3 3 3 3
1 7 4 6 6 1 5 4 1
1 9 4 2 0 4 4 4 4 0 1
1 8 6 6 3 3 5 4 1 4
1 2 1 1
1 5 4 2 4 1 1
1 6 4 6 6 4 5 4
1 12 6 3 3 6 3 3 6 3 3 3 6 1
1 8 4 0 0 1 1 1 1 1
1 1 1
1 8 4 2 0 0 1 1 1 1
1 5 1 1 1 0 1
1 22 6 3 3 3 6 6 3 3 3 3 6 3 3 3 3 1 1 0 1 1 1 1
1 21 1 1 1 6 3 3 3 3 6 3 3 3 3 3 6 6 0 1 1 1 1
1 12 6 3 3 3 3 3 1 1 1 1 1 1
1 31 4 6 1 6 3 3 3 3 3 6 3 3 6 3 3 3 3 3 6 3 3 3 3 3 6 1 1 1 1 1 1
1 3 4 2 1
1 13 4 2 0 4 2 0 2 0 4 5 5 1 1
1 7 4 2 1 1 1 1 1
1 2 4 1
1 6 4 2 0 4 4 1
1 3 4 0 1
1 21 6 3 3 6 3 3 3 3 3 6 3 1 6 3 3 3 6 0 1 1 1
1 4 2 0 0 1
1 8 4 4 2 0 1 1 5 1
1 18 4 2 0 0 3 0 3 0 3 0 3 0 3 1 4 0 1 1
1 10 4 6 6 6 6 6 4 1 1 5
1 10 4 0 2 0 0 1 1 1 1 1
1 7 0 6 1 4 1 5 1
1 5 4 4 0 1 1
1 10 4 0 0 0 1 1 1 1 1 1
1 7 4 6 4 1 4 1 1
1 7 2 1 6 1 1 1 1
1 5 4 0 1 1 1
1 6 4 2 0 1 1 1
1 5 1 1 1 1 1
1 10 4 0 0 0 0 0 5 5 4 1
1 4 0 1 1 1
1 6 1 6 6 4 4 5
1 1 4
1 21 0 6 3 3 6 3 3 3 3 3 6 6 3 3 3 6 1 1 1 5 1
1 3 1 4 5
1 11 4 4 4 4 2 0 2 0 4 5 1
1 13 4 4 4 2 0 2 0 1 4 0 1 1 1
1 21 1 6 3 3 3 3 3 6 3 3 3 3 6 3 3 3 1 1 1 1 1
1 4 6 1 0 1
1 6 4 2 1 1 1 1
0 6 4 2 0 3 1 4
0 11 4 2 0 2 0 2 0 0 3 0 3
0 7 4 4 2 0 4 0 3
0 6 4 0 3 0 3 1
0 16 4 6 6 6 6 6 0 3 0 3 0 3 0 3 0 3
0 15 4 0 0 0 3 0 3 0 3 0 3 0 3 1 4
0 9 4 2 0 4 4 4 0 3 1
0 16 6 6 3 3 3 6 3 3 3 3 3 4 1 0 3 0
0 10 4 0 0 0 0 0 3 0 3 1
0 42 0 1 6 3 3 6 3 3 3 6 3 3 3 6 6 3 3 3 3 6 3 3 3 6 3 3 3 3 3 6 3 6 3 3 6 3 3 3 3 2 0 3
0 10 4 2 0 4 4 4 0 3 1 4
0 12 4 2 0 3 0 3 0 3 0 3 0 3
0 5 2 1 0 3 0
0 14 4 0 0 0 0 0 3 0 3 0 3 0 3 1
0 7 4 0 0 3 0 3 1
0 27 6 3 3 2 6 3 3 3 3 3 6 3 3 3 3 3 6 3 3 6 3 6 3 3 3 0 3
0 8 4 2 0 4 4 4 0 3
0 9 4 2 0 3 0 3 0 3 1
0 7 1 4 1 0 3 0 3
0 8 4 0 0 0 0 3 1 4
0 14 4 0 0 0 0 3 0 3 0 3 0 3 1 4
0 16 6 0 6 3 3 3 6 3 3 3 3 6 2 0 3 1
0 11 1 4 6 6 0 3 0 3 0 3 1
0 8 0 1 1 2 2 0 3 0
0 10 4 6 0 3 0 3 0 3 0 3
0 9 0 3 0 3 0 3 0 3 1
0 15 4 0 0 0 0 0 3 0 3 0 3 0 3 1 4
0 11 0 3 0 3 0 3 0 3 0 3 1
0 12 4 1 6 3 3 3 3 3 2 0 3 0
0 11 4 1 6 3 3 3 3 3 2 0 3
0 15 4 6 6 6 6 6 0 3 0 3 0 3 0 3 0
0 13 4 2 0 2 0 2 0 0 3 0 3 1 4
0 23 4 0 1 6 3 3 6 3 6 3 3 3 3 3 0 3 0 3 0 3 0 3 1
0 5 2 0 3 1 4
0 9 4 6 0 3 0 3 0 3 1
0 8 4 4 2 0 4 0 3 0
0 22 1 6 3 3 3 3 3 1 6 3 3 3 3 0 3 0 3 0 3 0 3 0
0 44 0 1 6 3 3 6 3 3 3 6 3 3 3 6 6 3 3 3 3 6 3 3 3 6 3 3 3 3 3 6 3 6 3 3 6 3 3 3 3 2 0 3 1 4
0 9 0 1 1 2 2 0 3 0 3
0 24 1 6 3 3 3 3 3 1 6 3 3 3 3 0 3 0 3 0 3 0 3 0 3 1
0 10 4 2 0 2 0 2 0 0 3 0
0 9 0 3 0 3 0 3 0 3 0
0 4 2 0 3 1
0 6 6 1 1 1 0 3
0 7 4 0 0 0 0 0 3
0 10 4 4 2 0 4 0 3 0 3 1
0 24 4 6 3 6 3 3 3 6 3 1 1 6 3 6 6 3 3 3 3 6 3 0 3 1
0 25 1 6 3 3 3 3 3 1 6 3 3 3 3 0 3 0 3 0 3 0 3 0 3 1 4
0 20 4 0 1 6 3 3 6 3 6 3 3 3 3 3 0 3 0 3 0 3
0 11 4 0 0 0 0 3 0 3 0 3 0
0 27 6 3 3 3 3 6 3 3 6 3 3 6 3 3 6 3 3 4 6 4 0 3 0 3 0 3 0
0 27 6 3 3 6 3 3 3 3 3 6 3 3 6 3 3 3 3 6 3 6 3 3 3 0 3 0 3
0 5 1 4 1 0 3
0 15 6 6 3 3 3 6 3 3 3 3 3 4 1 0 3
0 23 4 6 3 3 3 6 6 3 3 6 3 3 1 0 3 0 3 0 3 0 3 0 3
0 7 4 1 2 6 0 3 0
0 11 4 0 0 3 0 3 0 3 0 3 1
0 8 4 4 2 0 0 3 1 4
0 8 4 6 6 6 6 0 3 0
0 12 0 6 6 3 3 3 3 3 2 1 0 3
0 4 2 1 0 3
0 7 4 0 0 0 3 0 3
0 7 2 2 1 0 3 1 4
0 14 4 2 0 4 4 2 0 2 0 0 3 0 3 0
0 5 1 0 3 1 4
0 12 4 0 0 0 3 0 3 0 3 0 3 0
0 12 4 6 0 3 0 3 0 3 0 3 1 4
0 3 0 3 1
0 14 4 2 0 3 0 3 0 3 0 3 0 3 1 4
0 8 0 3 0 3 0 3 1 4
0 6 0 3 0 3 0 3
0 15 4 6 6 6 6 6 0 3 0 3 0 3 0 3 1
0 8 4 6 6 0 3 0 3 1
0 7 1 0 3 0 3 0 3
0 13 4 0 0 0 3 0 3 0 3 0 3 0 3
0 10 4 0 0 0 3 0 3 0 3 0
0 25 6 6 3 3 3 6 3 3 3 3 3 4 1 0 3 0 3 0 3 0 3 0 3 1 4
0 16 1 6 3 3 3 3 3 1 6 3 3 3 3 0 3 0
0 19 4 6 3 3 3 6 6 3 3 6 3 3 1 0 3 0 3 0 3
0 9 4 1 2 6 0 3 0 3 0
0 4 1 0 3 1
0 7 0 3 0 3 0 3 1
0 18 1 6 3 3 3 3 3 1 6 3 3 3 3 0 3 0 3 0
0 22 6 3 3 3 3 6 3 3 6 3 3 6 3 3 6 3 3 4 6 4 0 3
0 8 1 4 6 6 0 3 0 3
0 10 4 2 0 3 0 3 0 3 0 3
0 7 4 0 3 0 3 0 3
0 7 4 0 3 0 3 1 4
0 28 6 3 3 6 3 3 3 3 3 6 3 3 6 3 3 3 3 6 3 6 3 3 3 0 3 0 3 1
0 6 4 0 3 0 3 0
0 10 4 6 6 0 3 0 3 0 3 0
0 9 4 6 6 6 6 0 3 0 3
0 16 4 6 6 6 6 0 3 0 3 0 3 0 3 0 3 1
0 20 1 6 3 3 3 3 3 1 6 3 3 3 3 0 3 0 3 0 3 0
0 5 4 0 3 0 3
0 10 2 1 0 3 0 3 0 3 0 3
0 28 6 3 3 2 6 3 3 3 3 3 6 3 3 3 3 3 6 3 3 6 3 6 3 3 3 0 3 0
0 17 4 6 6 6 6 6 0 3 0 3 0 3 0 3 0 3 1
0 21 4 0 1 6 3 3 6 3 6 3 3 3 3 3 0 3 0 3 0 3 0
0 15 1 6 6 3 3 3 3 3 1 0 3 0 3 0 3
0 9 4 6 6 6 6 6 0 3 0
0 8 1 0 3 0 3 0 3 0
0 13 4 6 6 6 6 6 0 3 0 3 0 3 1
0 9 1 4 1 0 3 0 3 1 4
0 31 6 3 3 2 6 3 3 3 3 3 6 3 3 3 3 3 6 3 3 6 3 6 3 3 3 0 3 0 3 0 3
0 18 4 0 1 6 3 3 6 3 6 3 3 3 3 3 0 3 0 3
0 13 4 0 0 0 0 3 0 3 0 3 0 3 1
0 2 0 3
0 6 4 0 0 3 0 3
0 11 4 0 0 0 0 0 3 0 3 1 4
0 10 4 0 0 3 0 3 0 3 0 3
0 7 4 0 0 0 3 1 4
0 29 6 3 3 6 3 3 3 3 3 6 3 3 6 3 3 3 3 6 3 6 3 3 3 0 3 0 3 1 4
0 11 1 0 3 0 3 0 3 0 3 1 4
0 5 0 3 0 3 0
0 24 6 6 3 3 3 6 3 3 3 3 3 4 1 0 3 0 3 0 3 0 3 0 3 1
0 9 4 6 6 0 3 0 3 0 3
0 16 4 6 6 6 6 6 0 3 0 3 0 3 0 3 1 4
0 16 4 1 6 3 3 3 3 3 2 0 3 0 3 0 3 1
0 4 4 0 0 3
0 8 4 6 6 0 3 0 3 0
0 10 4 2 0 3 0 3 0 3 1 4
0 10 0 3 0 3 0 3 0 3 1 4
0 11 4 2 0 4 4 2 0 2 0 0 3
0 8 4 0 3 0 3 0 3 1
0 10 6 1 1 1 0 3 0 3 0 3
0 15 0 6 6 3 3 3 3 3 2 1 0 3 0 3 0
0 12 4 6 6 0 3 0 3 0 3 0 3 1
0 7 4 2 0 0 3 1 4
0 5 4 0 0 3 0
0 4 4 2 0 3
0 26 6 3 3 6 3 3 3 3 3 6 3 3 6 3 3 3 3 6 3 6 3 3 3 0 3 0
0 22 6 6 3 3 3 6 3 3 3 3 3 4 1 0 3 0 3 0 3 0 3 0
0 17 4 6 6 6 6 0 3 0 3 0 3 0 3 0 3 1 4
0 6 4 2 0 3 0 3
0 23 6 3 3 3 3 6 3 3 6 3 3 6 3 3 6 3 3 4 6 4 0 3 0
0 30 6 3 3 3 3 6 3 3 6 3 3 6 3 3 6 3 3 4 6 4 0 3 0 3 0 3 0 3 1 4
0 9 4 2 0 2 0 2 0 0 3
0 13 0 1 1 2 2 0 3 0 3 0 3 0 3
0 16 0 1 1 2 2 0 3 0 3 0 3 0 3 0 3 1
0 9 4 0 3 0 3 0 3 0 3
0 6 4 6 6 0 3 0
0 12 1 6 6 3 3 3 3 3 1 0 3 0
0 5 2 2 1 0 3
0 23 4 6 3 6 3 3 3 6 3 1 1 6 3 6 6 3 3 3 3 6 3 0 3
0 8 2 1 0 3 0 3 0 3
0 9 4 0 3 0 3 0 3 1 4
0 12 0 1 1 2 2 0 3 0 3 0 3 0
0 12 4 0 0 0 0 0 3 0 3 0 3 0
0 9 4 0 0 0 0 0 3 0 3
0 11 4 0 3 0 3 0 3 0 3 1 4
0 10 1 0 3 0 3 0 3 0 3 1
0 33 6 3 3 2 6 3 3 3 3 3 6 3 3 3 3 3 6 3 3 6 3 6 3 3 3 0 3 0 3 0 3 1 4
0 11 1 6 6 3 3 3 3 3 1 0 3
0 12 4 6 6 6 6 0 3 0 3 0 3 0
0 13 4 1 6 3 3 3 3 3 2 0 3 0 3
0 17 4 2 0 4 4 2 0 2 0 0 3 0 3 0 3 1 4
0 9 1 0 3 0 3 0 3 0 3
0 8 4 0 0 0 0 0 3 0
0 25 6 3 3 6 3 3 3 3 3 6 3 3 6 3 3 3 3 6 3 6 3 3 3 0 3
0 8 4 0 0 0 0 3 0 3
0 11 4 2 0 3 0 3 0 3 0 3 0
0 18 4 6 3 3 3 6 6 3 3 6 3 3 1 0 3 0 3 0
0 5 1 0 3 0 3
0 11 4 0 0 0 0 3 0 3 0 3 1
0 24 4 6 3 3 3 6 6 3 3 6 3 3 1 0 3 0 3 0 3 0 3 0 3 1
0 6 4 6 0 3 1 4
0 9 4 2 0 3 0 3 0 3 0
0 11 2 1 0 3 0 3 0 3 0 3 1
0 6 2 2 1 0 3 1
0 30 6 3 3 2 6 3 3 3 3 3 6 3 3 3 3 3 6 3 3 6 3 6 3 3 3 0 3 0 3 0
0 5 4 0 0 0 3
0 4 4 6 0 3
0 8 4 2 0 3 0 3 0 3
0 15 4 6 6 6 6 0 3 0 3 0 3 0 3 0 3
0 11 4 4 2 0 4 0 3 0 3 1 4
0 12 0 3 0 3 0 3 0 3 0 3 1 4
0 3 0 3 0
0 25 6 3 3 3 3 6 3 3 6 3 3 6 3 3 6 3 3 4 6 4 0 3 0 3 0
0 14 4 0 0 0 3 0 3 0 3 0 3 0 3 1
0 5 4 6 0 3 1
0 7 4 0 0 0 0 3 1
0 11 4 6 0 3 0 3 0 3 0 3 1
0 10 0 1 1 2 2 0 3 0 3 0
0 14 0 6 6 3 3 3 3 3 2 1 0 3 0 3
0 8 4 2 0 3 0 3 1 4
0 6 4 0 0 0 3 0
0 13 1 6 6 3 3 3 3 3 1 0 3 0 3
0 13 4 6 6 0 3 0 3 0 3 0 3 1 4
0 6 4 6 0 3 0 3
0 12 4 1 2 6 0 3 0 3 0 3 1 4
0 18 0 6 6 3 3 3 3 3 2 1 0 3 0 3 0 3 1 4
0 32 6 3 3 2 6 3 3 3 3 3 6 3 3 3 3 3 6 3 3 6 3 6 3 3 3 0 3 0 3 0 3 1
0 11 4 0 0 0 3 0 3 0 3 0 3
0 12 2 1 0 3 0 3 0 3 0 3 1 4
0 17 4 0 1 6 3 3 6 3 6 3 3 3 3 3 0 3 0
0 6 4 4 2 0 0 3
0 7 6 1 1 1 0 3 0
0 7 4 4 2 0 0 3 1
0 14 1 6 6 3 3 3 3 3 1 0 3 0 3 0
0 7 4 6 6 6 6 0 3
0 19 6 6 3 3 3 6 3 3 3 3 3 4 1 0 3 0 3 0 3
0 8 4 0 0 0 3 0 3 0
0 14 4 6 6 6 6 0 3 0 3 0 3 0 3 0
0 29 6 3 3 2 6 3 3 3 3 3 6 3 3 3 3 3 6 3 3 6 3 6 3 3 3 0 3 0 3
0 12 4 0 0 0 0 3 0 3 0 3 0 3
0 9 4 6 0 3 0 3 0 3 0
0 11 4 2 0 3 0 3 0 3 0 3 1
0 11 0 1 1 2 2 0 3 0 3 0 3
0 18 4 6 6 6 6 6 0 3 0 3 0 3 0 3 0 3 1 4
0 24 4 0 1 6 3 3 6 3 6 3 3 3 3 3 0 3 0 3 0 3 0 3 1 4
0 17 6 0 6 3 3 3 6 3 3 3 3 6 2 0 3 1 4
0 14 4 1 6 3 3 3 3 3 2 0 3 0 3 0
0 17 4 1 6 3 3 3 3 3 2 0 3 0 3 0 3 1 4
0 11 4 6 6 6 6 0 3 0 3 0 3
0 3 2 0 3
0 4 0 3 0 3
0 16 1 6 6 3 3 3 3 3 1 0 3 0 3 0 3 1
0 17 0 1 1 2 2 0 3 0 3 0 3 0 3 0 3 1 4
0 8 4 0 0 3 0 3 0 3
0 8 4 0 0 3 0 3 1 4
0 21 6 6 3 3 3 6 3 3 3 3 3 4 1 0 3 0 3 0 3 0 3
0 10 1 4 6 6 0 3 0 3 0 3
0 10 4 6 0 3 0 3 0 3 1 4
0 17 6 6 3 3 3 6 3 3 3 3 3 4 1 0 3 0 3
0 4 1 0 3 0
0 12 1 4 6 6 0 3 0 3 0 3 1 4
0 14 0 1 1 2 2 0 3 0 3 0 3 0 3 0
0 7 0 3 0 3 0 3 0
0 7 4 6 6 0 3 1 4
0 17 1 6 6 3 3 3 3 3 1 0 3 0 3 0 3 1 4
0 10 0 3 0 3 0 3 0 3 0 3
0 13 4 6 6 6 6 6 0 3 0 3 0 3 0
0 5 4 2 0 0 3
0 22 4 6 3 3 3 6 6 3 3 6 3 3 1 0 3 0 3 0 3 0 3 0
0 17 4 6 3 3 3 6 6 3 3 6 3 3 1 0 3 0 3
0 6 1 0 3 0 3 0
0 15 1 6 3 3 3 3 3 1 6 3 3 3 3 0 3
0 15 0 1 1 2 2 0 3 0 3 0 3 0 3 0 3
0 29 6 3 3 3 3 6 3 3 6 3 3 6 3 3 6 3 3 4 6 4 0 3 0 3 0 3 0 3 1
0 6 4 6 6 0 3 1
0 7 4 0 0 0 0 3 0
0 10 4 0 3 0 3 0 3 0 3 1
0 10 4 0 0 0 0 0 3 0 3 0
0 19 4 0 1 6 3 3 6 3 6 3 3 3 3 3 0 3 0 3 0
0 13 4 0 0 0 0 0 3 0 3 0 3 0 3
0 16 4 0 1 6 3 3 6 3 6 3 3 3 3 3 0 3
0 9 1 4 6 6 0 3 0 3 0
0 26 6 3 3 3 3 6 3 3 6 3 3 6 3 3 6 3 3 4 6 4 0 3 0 3 0 3
0 7 4 0 0 3 0 3 0
0 6 0 3 0 3 1 4
0 9 4 0 0 0 3 0 3 0 3
0 15 4 1 6 3 3 3 3 3 2 0 3 0 3 0 3
0 6 1 4 6 6 0 3
0 13 4 6 6 6 6 0 3 0 3 0 3 0 3
0 11 4 6 6 0 3 0 3 0 3 0 3
0 12 6 1 1 1 0 3 0 3 0 3 1 4
0 6 2 1 0 3 0 3
0 17 1 6 3 3 3 3 3 1 6 3 3 3 3 0 3 0 3
0 20 6 6 3 3 3 6 3 3 3 3 3 4 1 0 3 0 3 0 3 0
0 8 4 0 3 0 3 0 3 0
0 7 4 2 0 3 0 3 0
0 7 4 6 6 0 3 0 3
0 24 6 3 3 3 3 6 3 3 6 3 3 6 3 3 6 3 3 4 6 4 0 3 0 3
0 10 4 6 6 6 6 6 0 3 0 3
0 10 4 6 6 6 6 0 3 0 3 0
0 9 4 0 0 0 0 3 0 3 0
0 25 4 6 3 6 3 3 3 6 3 1 1 6 3 6 6 3 3 3 3 6 3 0 3 1 4
0 6 4 0 0 0 0 3
0 3 4 0 3
0 14 4 6 6 6 6 6 0 3 0 3 0 3 0 3
0 9 2 1 0 3 0 3 0 3 0
0 6 4 1 2 6 0 3
0 23 1 6 3 3 3 3 3 1 6 3 3 3 3 0 3 0 3 0 3 0 3 0 3
0 6 1 4 1 0 3 0
0 12 4 2 0 2 0 2 0 0 3 0 3 1
0 16 4 6 3 3 3 6 6 3 3 6 3 3 1 0 3 0
0 7 2 1 0 3 0 3 0
0 4 4 0 3 0
0 11 4 6 6 6 6 6 0 3 0 3 0
0 4 0 3 1 4
0 9 6 1 1 1 0 3 0 3 0
0 5 4 6 6 0 3
0 22 4 0 1 6 3 3 6 3 6 3 3 3 3 3 0 3 0 3 0 3 0 3
0 5 4 2 0 3 0
0 19 1 6 3 3 3 3 3 1 6 3 3 3 3 0 3 0 3 0 3
0 7 1 4 6 6 0 3 0
0 10 4 1 2 6 0 3 0 3 0 3
0 3 1 0 3
0 11 6 1 1 1 0 3 0 3 0 3 1
0 7 4 2 0 3 0 3 1
0 15 6 0 6 3 3 3 6 3 3 3 3 6 2 0 3
0 21 4 6 3 3 3 6 6 3 3 6 3 3 1 0 3 0 3 0 3 0 3
0 16 0 6 6 3 3 3 3 3 2 1 0 3 0 3 0 3
0 8 4 6 6 6 6 6 0 3
0 7 0 1 1 2 2 0 3
0 7 4 6 0 3 0 3 0
0 12 4 6 6 6 6 6 0 3 0 3 0 3
0 25 4 6 3 3 3 6 6 3 3 6 3 3 1 0 3 0 3 0 3 0 3 0 3 1 4
0 13 4 2 0 4 4 2 0 2 0 0 3 0 3
0 6 4 2 0 0 3 1
0 5 0 3 0 3 1
0 15 4 2 0 4 4 2 0 2 0 0 3 0 3 0 3
0 11 4 1 2 6 0 3 0 3 0 3 1
0 13 0 6 6 3 3 3 3 3 2 1 0 3 0
0 8 4 1 2 6 0 3 0 3
0 28 6 3 3 3 3 6 3 3 6 3 3 6 3 3 6 3 3 4 6 4 0 3 0 3 0 3 0 3
0 12 4 0 0 0 0 3 0 3 0 3 1 4
0 8 0 3 0 3 0 3 0 3
0 16 4 2 0 4 4 2 0 2 0 0 3 0 3 0 3 1
0 9 4 4 2 0 4 0 3 0 3
0 8 1 4 1 0 3 0 3 1
0 43 0 1 6 3 3 6 3 3 3 6 3 3 3 6 6 3 3 3 3 6 3 3 3 6 3 3 3 3 3 6 3 6 3 3 6 3 3 3 3 2 0 3 1
0 8 6 1 1 1 0 3 0 3
0 21 1 6 3 3 3 3 3 1 6 3 3 3 3 0 3 0 3 0 3 0 3
0 12 4 2 0 3 0 3 0 3 0 3 1 4
0 17 0 6 6 3 3 3 3 3 2 1 0 3 0 3 0 3 1
0 23 6 6 3 3 3 6 3 3 3 3 3 4 1 0 3 0 3 0 3 0 3 0 3
0 8 4 6 0 3 0 3 0 3
0 12 4 2 0 4 4 2 0 2 0 0 3 0
0 20 4 6 3 3 3 6 6 3 3 6 3 3 1 0 3 0 3 0 3 0
0 9 4 6 6 0 3 0 3 1 4
0 18 6 6 3 3 3 6 3 3 3 3 3 4 1 0 3 0 3 0
0 6 4 0 0 0 3 1
0 14 4 6 6 6 6 6 0 3 0 3 0 3 1 4
0 11 4 0 0 0 0 0 3 0 3 0 3
0 15 4 6 3 3 3 6 6 3 3 6 3 3 1 0 3
0 9 4 0 0 3 0 3 0 3 0
0 10 4 0 0 0 0 3 0 3 0 3
0 13 4 2 0 3 0 3 0 3 0 3 0 3 1
0 5 4 2 0 3 1
0 5 4 6 0 3 0
0 12 4 0 0 3 0 3 0 3 0 3 1 4
