1113 7
1 0 
1 10 2 3 3 2 3 0 1 6 6 1
1 16 4 6 3 3 3 3 3 6 6 1 2 3 0 1 1 1
1 11 4 6 3 3 3 2 3 1 3 1 6
1 11 4 6 3 3 3 3 2 3 0 4 1
1 2 0 0
1 41 4 6 3 3 4 6 3 3 3 3 6 6 1 2 2 2 2 6 6 1 6 6 1 6 6 1 4 6 3 3 3 6 6 1 2 3 1 3 1 1 1
1 15 3 2 3 0 4 1 2 1 2 1 2 1 2 1 6
1 20 5 1 2 6 6 1 6 6 1 6 6 1 2 3 1 3 1 1 1 6
1 19 4 6 3 2 3 0 1 1 2 1 2 1 2 1 2 1 2 1 1
1 29 4 6 4 4 6 3 3 3 3 3 2 2 2 2 3 0 1 2 1 2 1 2 1 2 1 1 1 1 6
1 5 2 3 1 3 1
1 17 2 3 1 3 1 2 1 2 1 2 1 2 1 6 6 1 6
1 7 5 3 2 5 3 5 3
1 43 6 6 1 6 6 1 6 6 1 4 6 3 3 3 3 6 6 1 5 1 6 6 1 5 1 2 2 2 6 6 1 6 6 1 2 3 0 4 1 6 1 6 1
1 35 5 1 5 1 2 2 2 2 5 1 5 1 6 6 1 6 6 1 3 4 6 3 3 3 3 3 4 6 3 2 3 0 3 1 6
1 16 2 3 0 1 6 2 1 2 1 2 1 2 1 2 1 6
1 4 2 2 5 3
1 1 2
1 5 2 2 5 3 2
1 5 5 3 5 3 2
1 35 4 6 3 3 3 3 4 6 3 3 3 3 3 2 3 0 1 2 1 2 1 2 1 6 2 1 2 1 2 1 2 1 6 1 6
1 37 5 1 5 1 6 6 1 4 6 3 3 3 3 3 3 4 6 3 3 2 3 0 4 1 6 2 1 1 2 1 2 1 2 1 2 1 1
1 24 4 6 5 1 5 1 2 6 6 1 2 5 1 6 6 1 2 2 2 3 0 1 6 1
1 21 4 6 3 3 3 6 6 1 3 2 3 0 4 1 2 1 2 1 2 1 6
1 41 4 6 3 3 3 2 2 2 2 2 2 2 2 2 6 6 1 6 6 1 6 6 1 2 2 2 3 0 1 2 1 2 1 2 1 2 1 6 1 1 6
1 3 5 3 2
1 32 4 6 3 3 4 6 3 2 3 1 3 1 2 1 2 1 2 1 2 1 2 1 1 2 1 2 1 2 1 2 1 1
1 16 4 6 3 3 4 6 2 2 2 3 1 3 1 2 1 1
1 46 6 6 1 5 1 5 1 6 6 1 6 6 1 4 6 3 6 6 1 5 1 4 6 3 3 3 3 3 2 2 2 2 3 0 4 1 6 2 1 2 1 2 1 2 1 1
1 18 4 6 3 3 4 6 3 4 6 3 4 6 2 3 0 1 6 1
1 32 4 6 3 3 3 3 3 4 6 3 3 3 3 4 6 3 3 3 4 2 3 1 3 1 6 2 1 2 1 2 1 6
1 25 6 6 1 6 6 1 6 6 1 6 6 1 2 2 5 1 6 6 1 2 3 1 3 1 1
1 12 2 2 3 0 4 1 2 1 2 1 1 1
1 42 6 6 1 6 6 1 6 6 1 5 1 2 3 0 1 2 1 2 1 2 1 2 1 1 2 1 2 1 2 1 2 1 2 1 1 1 2 1 2 1 6 1
1 34 5 1 5 1 4 6 3 3 3 3 3 2 2 2 2 2 3 1 3 1 2 1 2 1 2 1 2 1 1 2 1 2 1 1
1 16 6 6 1 5 1 6 6 1 5 1 2 3 1 3 1 1
1 28 4 6 3 4 6 3 3 4 6 3 3 3 0 1 1 6 1 2 1 2 1 2 1 2 1 2 1 6
1 17 6 6 1 2 3 0 1 1 2 1 2 1 6 6 2 1 1
1 16 4 6 3 2 3 0 1 2 1 2 1 2 1 2 1 1
1 26 5 1 6 6 1 6 6 1 6 6 1 2 2 2 2 2 3 0 1 6 1 1 2 1 6 6
1 27 2 2 2 2 5 1 6 6 1 2 2 3 1 3 1 6 2 1 2 1 2 1 2 1 1 6 1
1 7 5 3 5 3 5 3 2
1 39 4 6 6 1 6 6 1 6 6 1 2 6 6 1 2 2 3 1 3 1 2 1 2 1 2 1 6 2 1 2 1 2 1 6 2 1 2 1 6
1 24 4 6 3 3 3 3 4 6 3 3 3 3 0 1 2 1 2 1 2 1 6 1 1 6
1 31 4 6 4 4 6 3 3 4 6 3 3 3 4 6 3 2 2 2 2 3 0 3 1 6 2 1 2 1 2 1 1
1 5 5 3 2 5 3
1 38 4 6 3 3 3 3 6 6 1 5 1 2 4 6 3 3 3 3 2 2 2 2 6 6 1 4 6 3 3 3 2 2 2 2 3 0 3 1
1 23 4 6 3 4 6 2 3 0 1 2 1 2 1 2 1 1 2 1 2 1 6 6 1
1 5 2 3 0 1 1
1 27 4 6 3 3 3 3 3 6 6 1 2 2 4 6 3 3 4 6 6 1 2 3 0 1 6 1 6
1 19 6 6 1 2 2 2 2 2 6 6 1 3 2 2 2 3 1 3 1
1 9 2 3 1 3 1 1 2 1 6
1 9 4 6 3 3 2 3 0 4 1
1 42 4 6 3 3 3 3 3 4 4 6 3 3 3 3 3 4 6 3 3 3 3 3 4 6 3 3 3 2 3 0 1 2 1 2 1 2 1 2 1 2 1 1
1 8 5 3 5 3 2 2 5 3
1 4 2 2 2 2
1 25 4 6 3 3 3 3 5 1 4 6 3 3 3 3 4 6 3 3 3 3 2 3 0 3 1
1 13 2 3 1 3 1 2 1 2 1 6 6 1 1
1 24 2 2 2 2 6 6 1 4 6 3 2 2 2 2 2 3 0 3 1 6 2 1 1 6
1 55 4 6 3 4 4 6 3 4 6 3 3 3 3 3 2 2 2 2 2 3 0 1 2 1 2 1 2 1 2 1 1 2 1 2 1 2 1 6 2 1 2 1 2 1 2 1 2 1 1 2 1 2 1 6 1
1 6 2 2 5 3 5 3
1 38 4 6 3 3 3 3 3 4 6 3 3 6 6 1 6 6 1 6 6 1 6 6 1 3 1 3 1 2 1 1 1 6 1 2 1 2 1 1
1 38 4 6 3 3 5 1 4 6 6 1 6 6 1 6 6 1 4 6 3 3 3 3 3 2 2 2 2 2 3 0 3 1 1 2 1 2 1 1
1 26 5 1 6 6 1 4 6 3 3 3 3 3 2 3 0 3 1 2 1 2 1 2 1 2 1 6
1 14 4 6 3 3 2 2 2 2 2 3 0 3 1 6
1 31 4 6 3 3 4 6 3 3 3 3 3 4 6 3 3 4 4 6 3 3 3 3 2 3 0 1 2 1 2 1 1
1 47 4 5 1 5 1 6 6 1 4 6 3 4 6 3 3 3 2 2 2 3 0 1 2 1 2 1 2 1 6 2 1 2 1 2 1 2 1 2 1 1 2 1 6 6 2 1 1
1 44 4 6 4 6 3 3 3 3 4 6 6 1 6 6 1 6 6 1 5 1 4 6 3 3 3 2 2 2 2 3 1 3 1 1 1 2 1 2 1 2 1 2 1 6
1 2 2 2
1 32 3 4 6 3 3 3 3 3 4 6 3 3 3 3 4 6 4 6 3 3 3 3 0 3 1 1 1 2 1 2 1 6
1 19 4 6 3 3 3 3 4 6 3 3 3 3 2 3 0 1 2 1 1
1 21 6 6 1 4 6 3 3 4 6 3 2 3 0 3 1 2 1 2 1 1 6
1 21 4 6 3 3 4 6 3 3 3 3 4 6 3 3 3 4 6 2 3 0 1
1 56 4 6 3 3 3 6 6 1 5 1 6 6 1 6 6 1 3 4 6 3 2 3 0 3 1 2 1 2 1 2 1 6 2 1 2 1 1 2 1 2 1 2 1 2 1 1 6 2 1 2 1 2 1 2 1 6
1 23 4 6 3 3 3 3 3 4 6 3 3 2 3 0 4 1 2 1 2 1 2 1 1
1 19 4 6 4 4 3 4 6 3 3 2 2 2 2 2 3 0 1 1 1
1 37 4 6 3 3 3 3 2 3 0 1 2 1 2 1 2 1 2 1 2 1 1 2 1 1 1 1 2 1 2 1 2 1 2 1 2 1 1
1 19 4 6 3 3 4 6 4 2 3 0 1 1 2 1 2 1 1 6 6
1 5 5 3 2 2 2
1 2 5 3
0 22 5 1 2 2 6 6 1 2 2 2 2 2 5 1 4 6 3 3 3 2 2 3
0 3 4 6 3
0 40 4 6 3 3 3 5 1 6 6 1 4 4 6 3 3 3 3 2 2 2 3 1 3 1 2 1 2 1 2 1 6 1 2 1 1 2 1 2 1 2
0 29 5 1 2 2 2 2 4 4 6 3 4 4 6 3 3 3 3 2 2 2 2 2 3 0 1 1 2 1 2
0 33 5 1 2 2 2 2 4 4 6 3 4 4 6 3 3 3 3 2 2 2 2 2 3 0 1 1 2 1 2 1 6 2 1
0 17 2 2 2 2 2 3 0 1 2 1 2 1 2 1 2 1 2
0 36 5 1 2 2 2 2 2 2 2 2 6 6 1 6 6 1 6 6 1 5 1 5 1 6 6 1 6 6 1 3 6 6 1 6 6 1
0 17 6 6 1 6 6 1 5 1 2 2 2 2 6 6 1 4 3
0 26 4 6 3 3 3 5 1 6 6 1 4 4 6 3 3 3 3 2 2 2 3 1 3 1 2 1
0 30 4 6 6 6 1 6 6 1 6 6 1 6 6 1 6 6 1 6 6 1 5 1 6 6 1 6 6 1 2 3
0 7 4 4 6 3 3 3 6
0 26 5 1 2 2 2 2 2 2 2 2 6 6 1 6 6 1 6 6 1 5 1 5 1 6 6 1
0 7 2 3 0 1 2 1 2
0 29 4 6 3 4 6 3 3 3 3 4 6 3 3 3 2 2 2 2 3 1 3 1 2 1 2 1 2 1 2
0 8 3 4 4 6 3 3 3 6
0 17 3 4 6 3 3 0 3 1 1 6 2 1 2 1 2 1 2
0 10 4 6 3 3 4 6 3 3 3 6
0 14 4 6 3 3 3 3 3 4 6 3 3 3 3 2
0 26 4 6 3 3 4 6 3 3 3 6 6 1 5 1 5 1 6 6 1 6 6 1 3 3 2 3
0 12 4 6 3 3 3 3 3 4 6 3 3 1
0 18 6 6 1 6 6 1 3 4 6 3 2 6 6 1 2 2 2 2
0 43 5 1 2 2 2 2 2 2 2 2 6 6 1 6 6 1 6 6 1 5 1 5 1 6 6 1 6 6 1 3 6 6 1 6 6 1 6 6 1 5 1 6 6
0 1 4
0 5 4 6 3 3 4
0 13 3 4 6 3 3 3 2 2 2 2 2 3 0
0 14 4 6 3 3 3 3 3 2 3 0 1 2 1 2
0 10 3 4 4 6 3 3 3 6 6 1
0 12 4 6 3 3 3 3 3 3 4 6 3 3
0 9 2 3 1 3 1 1 2 1 2
0 26 6 6 1 2 2 2 2 6 6 1 6 6 1 5 1 2 3 0 1 6 2 1 1 2 1 2
0 7 4 6 3 3 3 5 1
0 19 4 6 3 3 3 3 2 2 2 3 1 3 1 2 1 1 6 2 1
0 4 4 6 3 3
0 18 4 6 3 3 2 2 3 0 1 6 1 2 1 2 1 2 1 2
0 42 4 6 3 3 3 5 1 6 6 1 4 4 6 3 3 3 3 2 2 2 3 1 3 1 2 1 2 1 2 1 6 1 2 1 1 2 1 2 1 2 1 2
0 4 2 3 0 3
0 10 6 6 1 6 6 1 3 4 6 3
0 6 3 4 6 3 3 0
0 4 4 6 6 6
0 16 6 6 1 6 6 1 3 4 6 3 2 6 6 1 2 2
0 10 3 4 6 3 3 3 3 2 3 0
0 15 4 6 3 3 3 3 3 3 4 6 3 3 3 3 6
0 12 6 6 1 5 1 4 6 4 6 3 3 3
0 9 4 6 3 3 3 3 2 2 2
0 16 6 6 1 2 2 2 2 6 6 1 6 6 1 5 1 2
0 10 5 1 2 2 2 2 4 4 6 3
0 22 4 6 3 3 3 3 3 3 4 6 3 3 3 3 6 6 1 4 6 3 3 3
0 23 5 1 2 2 6 6 1 2 2 2 2 2 5 1 4 6 3 3 3 2 2 3 0
0 14 4 6 6 6 1 6 6 1 6 6 1 6 6 1
0 14 5 1 6 6 1 6 6 1 2 2 2 6 6 1
0 15 4 6 3 1 3 1 2 1 2 1 2 1 6 2 1
0 16 4 4 6 3 3 3 3 3 5 1 6 6 1 4 6 3
0 42 4 6 3 3 3 3 3 4 6 3 3 3 4 6 3 3 4 6 3 3 4 6 3 3 2 3 0 1 1 2 1 2 1 1 1 6 2 1 2 1 2 1
0 6 2 2 2 2 3 0
0 31 4 4 6 3 3 3 3 3 5 1 6 6 1 4 6 3 3 3 3 2 3 0 1 2 1 2 1 1 6 2 1
0 8 4 4 6 3 3 3 3 4
0 21 4 6 3 3 3 5 1 6 6 1 4 4 6 3 3 3 3 2 2 2 3
0 10 3 4 6 3 3 3 2 2 2 2
0 17 3 4 6 3 3 3 2 2 2 2 2 3 0 1 6 1 2
0 40 5 1 2 2 2 2 2 2 2 2 6 6 1 6 6 1 6 6 1 5 1 5 1 6 6 1 6 6 1 3 6 6 1 6 6 1 6 6 1 5
0 36 3 4 6 3 3 0 3 1 1 6 2 1 2 1 2 1 2 1 1 2 1 2 1 2 1 6 2 1 2 1 2 1 2 1 2 1
0 9 4 6 3 3 3 5 1 6 6
0 8 4 6 3 3 3 3 3 4
0 20 4 6 3 3 3 3 3 4 6 3 3 3 4 6 3 3 4 6 3 3
0 22 4 6 3 3 3 4 6 3 3 3 6 6 1 4 6 6 1 2 2 2 2 2
0 26 4 6 3 3 3 3 2 2 2 3 1 3 1 2 1 1 6 2 1 6 2 1 2 1 2 1
0 38 4 6 3 3 3 3 3 4 6 3 3 3 4 6 3 3 4 6 3 3 4 6 3 3 2 3 0 1 1 2 1 2 1 1 1 6 2 1
0 12 3 4 6 3 3 0 3 1 1 6 2 1
0 6 5 1 6 6 1 6
0 18 6 6 1 2 2 2 2 6 6 1 2 2 5 1 2 4 6 3
0 4 5 1 4 6
0 7 2 2 2 2 3 0 4
0 11 4 6 3 3 3 3 3 3 4 6 3
0 31 6 6 1 6 6 1 3 4 6 3 2 6 6 1 2 2 2 2 2 2 2 2 2 2 2 2 3 1 3 1 2
0 20 2 3 1 3 1 1 2 1 2 1 2 1 2 1 1 1 2 1 2 1
0 9 4 4 6 3 3 3 4 6 3
0 24 4 4 6 3 3 3 3 3 5 1 6 6 1 4 6 3 3 3 3 2 3 0 1 2
0 11 2 2 2 2 2 3 0 4 1 2 1
0 26 4 4 6 3 3 3 3 4 6 3 3 3 2 3 0 4 1 1 2 1 2 1 2 1 6 2
0 24 5 1 2 2 2 2 2 2 2 2 6 6 1 6 6 1 6 6 1 5 1 5 1 6
0 34 4 4 6 3 3 3 3 3 5 1 6 6 1 4 6 3 3 3 3 2 3 0 1 2 1 2 1 1 6 2 1 2 1 2
0 37 5 1 2 2 2 2 2 2 2 2 6 6 1 6 6 1 6 6 1 5 1 5 1 6 6 1 6 6 1 3 6 6 1 6 6 1 6
0 16 5 1 2 2 2 2 4 4 6 3 4 4 6 3 3 3
0 28 5 1 2 2 2 2 2 2 2 2 6 6 1 6 6 1 6 6 1 5 1 5 1 6 6 1 6 6
0 17 4 4 6 3 3 3 3 3 5 1 6 6 1 4 6 3 3
0 22 4 6 3 3 3 3 2 2 2 3 1 3 1 2 1 1 6 2 1 6 2 1
0 10 4 6 3 2 3 1 3 1 2 1
0 16 4 6 3 4 3 0 1 6 6 2 1 2 1 1 2 1
0 32 4 6 3 3 3 3 3 4 6 3 3 3 4 6 3 3 4 6 3 3 4 6 3 3 2 3 0 1 1 2 1 2
0 20 4 6 3 3 4 6 3 3 3 6 6 1 5 1 5 1 6 6 1 6
0 4 2 2 2 5
0 13 4 6 3 3 3 3 3 4 6 3 3 3 3
0 19 4 4 6 3 3 3 6 6 1 2 2 2 3 0 4 1 2 1 2
0 39 4 6 3 3 3 3 3 4 6 3 3 3 4 6 3 3 4 6 3 3 4 6 3 3 2 3 0 1 1 2 1 2 1 1 1 6 2 1 2
0 45 4 6 3 4 6 3 3 3 4 6 2 2 2 3 1 3 1 2 1 2 1 2 1 6 2 1 2 1 2 1 2 1 2 1 1 2 1 2 1 2 1 2 1 2 1
0 43 4 6 3 4 6 3 3 3 4 6 2 2 2 3 1 3 1 2 1 2 1 2 1 6 2 1 2 1 2 1 2 1 2 1 1 2 1 2 1 2 1 2 1
0 21 4 6 3 3 4 6 3 3 3 6 6 1 5 1 5 1 6 6 1 6 6
0 31 4 6 3 3 3 4 6 3 3 3 6 6 1 4 6 6 1 2 2 2 2 2 3 1 3 1 6 2 1 2 1
0 5 2 3 0 1 2
0 23 3 4 4 6 3 3 3 6 6 1 6 6 1 6 6 1 2 2 3 0 1 2 1
0 11 3 4 6 3 3 3 2 2 2 2 2
0 24 5 1 6 6 1 6 6 1 2 2 2 6 6 1 6 6 1 4 6 3 3 3 3 2
0 13 4 6 3 4 6 4 6 3 3 6 6 1 6
0 23 4 6 3 4 6 3 3 3 4 6 2 2 2 3 1 3 1 2 1 2 1 2 1
0 10 4 6 3 4 4 6 4 6 3 3
0 20 4 6 6 6 1 6 6 1 6 6 1 6 6 1 6 6 1 6 6 1
0 15 3 4 6 3 3 0 3 1 1 6 2 1 2 1 2
0 16 6 6 1 5 1 4 6 4 6 3 3 3 4 6 3 3
0 6 4 6 3 3 3 1
0 32 4 6 3 3 3 3 2 2 2 3 1 3 1 2 1 1 6 2 1 6 2 1 2 1 2 1 6 2 1 2 1 2
0 20 4 4 6 3 3 3 3 4 6 3 3 3 2 3 0 4 1 1 2 1
0 38 5 1 2 2 2 2 4 4 6 3 4 4 6 3 3 3 3 2 2 2 2 2 3 0 1 1 2 1 2 1 6 2 1 2 1 2 1 2
0 9 6 6 1 5 1 4 6 4 6
0 11 2 3 0 3 1 2 1 2 1 2 1
0 21 4 6 3 3 3 3 3 3 4 6 3 3 3 3 6 6 1 4 6 3 3
0 13 5 1 2 2 2 2 4 4 6 3 4 4 6
0 19 3 4 6 3 3 3 3 2 3 0 4 1 2 1 2 1 2 1 2
0 14 6 6 1 2 2 2 2 6 6 1 6 6 1 5
0 10 4 6 3 4 6 3 3 3 3 4
0 4 4 6 3 4
0 17 3 4 6 3 3 3 3 2 3 0 4 1 2 1 2 1 2
0 21 2 2 2 2 2 3 0 4 1 2 1 2 1 2 1 2 1 6 2 1 2
0 9 5 1 2 2 2 2 4 4 6
0 22 3 4 6 3 3 3 3 2 3 0 4 1 2 1 2 1 2 1 2 1 2 1
0 9 4 6 3 4 6 3 3 3 3
0 15 5 1 6 6 1 2 2 4 6 3 3 2 3 1 3
0 19 6 6 1 5 1 4 6 4 6 3 3 3 4 6 3 3 3 3 2
0 7 3 4 6 3 3 3 3
0 10 6 6 1 6 6 1 5 1 2 2
0 10 4 6 3 3 3 3 3 2 3 0
0 45 6 6 1 2 2 2 2 6 6 1 2 2 5 1 2 4 6 3 3 3 2 2 2 2 3 0 3 1 2 1 2 1 2 1 2 1 2 1 6 2 1 2 1 2 1
0 8 4 6 3 4 6 3 3 3
0 20 5 1 2 2 2 2 2 4 6 3 6 6 1 6 6 1 2 3 0 4
0 34 6 6 1 6 6 1 3 4 6 3 2 6 6 1 2 2 2 2 2 2 2 2 2 2 2 2 3 1 3 1 2 1 2 1
0 16 4 6 3 4 6 4 6 3 3 6 6 1 6 6 1 5
0 5 2 2 2 2 4
0 18 4 6 3 3 3 3 2 2 2 3 1 3 1 2 1 1 6 2
0 18 4 6 3 4 4 6 4 6 3 3 3 4 6 3 3 2 2 2
0 44 6 6 1 2 2 2 2 6 6 1 2 2 5 1 2 4 6 3 3 3 2 2 2 2 3 0 3 1 2 1 2 1 2 1 2 1 2 1 6 2 1 2 1 2
0 15 4 6 3 4 4 6 4 6 3 3 3 4 6 3 3
0 9 2 2 2 2 2 3 0 1 2
0 10 4 4 6 3 3 3 6 6 1 2
0 2 3 3
0 29 6 6 1 2 2 2 2 6 6 1 6 6 1 5 1 2 3 0 1 6 2 1 1 2 1 2 1 2 1
0 6 2 2 2 2 2 3
0 14 6 6 1 5 1 4 6 4 6 3 3 3 4 6
0 26 5 1 6 6 1 6 6 1 2 2 2 6 6 1 6 6 1 4 6 3 3 3 3 2 3 0
0 13 4 6 3 3 4 6 3 3 3 6 6 1 5
0 26 6 6 1 6 6 1 5 1 2 2 2 2 6 6 1 4 3 4 6 2 2 2 2 2 3 0
0 17 5 1 4 6 3 3 3 3 0 1 1 2 1 2 1 2 1
0 13 4 6 6 6 1 6 6 1 6 6 1 6 6
0 13 6 6 1 2 2 2 2 6 6 1 6 6 1
0 8 5 1 2 2 2 2 2 4
0 32 6 6 1 2 2 2 2 6 6 1 2 2 5 1 2 4 6 3 3 3 2 2 2 2 3 0 3 1 2 1 2 1
0 25 4 6 3 4 6 3 3 3 3 4 6 3 3 3 2 2 2 2 3 1 3 1 2 1 2
0 39 4 6 3 4 6 3 3 3 4 6 2 2 2 3 1 3 1 2 1 2 1 2 1 6 2 1 2 1 2 1 2 1 2 1 1 2 1 2 1
0 12 5 1 2 2 6 6 1 2 2 2 2 2
0 23 4 6 3 3 3 4 6 3 3 3 6 6 1 4 6 6 1 2 2 2 2 2 3
0 15 3 4 4 6 3 3 3 6 6 1 6 6 1 6 6
0 34 4 6 3 3 3 5 1 6 6 1 4 4 6 3 3 3 3 2 2 2 3 1 3 1 2 1 2 1 2 1 6 1 2 1
0 11 4 6 3 3 3 5 1 6 6 1 4
0 23 4 6 3 4 6 3 3 3 3 4 6 3 3 3 2 2 2 2 3 1 3 1 2
0 11 6 6 1 5 1 4 6 4 6 3 3
0 19 5 1 2 2 2 2 2 2 2 2 6 6 1 6 6 1 6 6 1
0 14 4 6 3 4 6 3 3 3 4 6 2 2 2 3
0 14 3 4 6 3 3 3 6 6 1 6 6 1 6 6
0 33 6 6 1 6 6 1 3 4 6 3 2 6 6 1 2 2 2 2 2 2 2 2 2 2 2 2 3 1 3 1 2 1 2
0 4 4 4 6 4
0 6 6 6 1 5 1 4
0 16 4 6 3 3 3 3 3 2 3 0 4 1 2 1 2 1
0 13 4 6 3 4 4 6 4 6 3 3 3 4 6
0 14 4 6 3 3 4 6 3 3 3 6 6 1 5 1
0 37 4 6 3 3 3 3 3 4 6 3 3 3 4 6 3 3 4 6 3 3 4 6 3 3 2 3 0 1 1 2 1 2 1 1 1 6 2
0 22 5 1 6 6 1 6 6 1 2 2 2 6 6 1 6 6 1 4 6 3 3 3
0 38 6 6 1 2 2 2 2 6 6 1 2 2 5 1 2 4 6 3 3 3 2 2 2 2 3 0 3 1 2 1 2 1 2 1 2 1 2 1
0 30 5 1 2 2 2 2 2 2 2 2 6 6 1 6 6 1 6 6 1 5 1 5 1 6 6 1 6 6 1 3
0 18 4 6 6 6 1 6 6 1 6 6 1 6 6 1 6 6 1 6
0 24 4 6 3 4 6 4 6 3 3 6 6 1 6 6 1 5 1 6 6 1 2 2 3 0
0 7 5 3 5 3 5 3 5
0 31 4 6 3 4 6 3 3 3 3 4 6 3 3 3 2 2 2 2 3 1 3 1 2 1 2 1 2 1 2 1 2
0 7 3 4 6 3 3 3 6
0 15 4 6 3 3 4 6 3 3 3 6 6 1 5 1 5
0 15 4 4 6 3 3 3 6 6 1 2 2 2 3 0 4
0 14 4 6 3 3 3 5 1 6 6 1 4 4 6 3
0 21 3 4 6 3 3 0 3 1 1 6 2 1 2 1 2 1 2 1 1 2 1
0 24 3 4 6 3 3 3 6 6 1 6 6 1 6 6 1 5 1 4 6 3 2 3 1 3
0 19 4 4 6 3 3 3 3 4 6 3 3 3 2 3 0 4 1 1 2
0 37 5 1 2 2 2 2 4 4 6 3 4 4 6 3 3 3 3 2 2 2 2 2 3 0 1 1 2 1 2 1 6 2 1 2 1 2 1
0 24 4 6 3 1 3 1 2 1 2 1 2 1 6 2 1 2 1 2 1 6 6 2 1 2
0 14 2 2 2 2 4 6 3 3 3 4 6 3 3 3
0 19 5 1 2 2 2 2 2 4 6 3 6 6 1 6 6 1 2 3 0
0 29 4 6 3 3 3 4 6 3 3 3 6 6 1 4 6 6 1 2 2 2 2 2 3 1 3 1 6 2 1
0 15 4 6 3 3 3 3 3 6 6 1 6 6 1 6 6
0 14 4 6 3 3 2 2 3 0 1 6 1 2 1 2
0 12 4 6 3 3 3 5 1 6 6 1 4 4
0 10 4 6 3 4 6 3 3 3 4 6
0 9 5 1 2 2 2 2 4 2 3
0 48 4 6 3 3 3 5 1 6 6 1 4 4 6 3 3 3 3 2 2 2 3 1 3 1 2 1 2 1 2 1 6 1 2 1 1 2 1 2 1 2 1 2 1 1 2 1 2 1
0 20 6 6 1 2 2 2 2 6 6 1 2 2 5 1 2 4 6 3 3 3
0 31 6 6 1 2 2 2 2 6 6 1 2 2 5 1 2 4 6 3 3 3 2 2 2 2 3 0 3 1 2 1 2
0 13 4 6 3 4 3 0 1 6 6 2 1 2 1
0 15 6 6 1 5 1 4 6 4 6 3 3 3 4 6 3
0 3 2 3 0
0 11 2 2 2 2 4 6 3 3 3 4 6
0 27 4 6 3 4 6 3 3 3 4 6 2 2 2 3 1 3 1 2 1 2 1 2 1 6 2 1 2
0 20 4 6 3 4 4 6 4 6 3 3 3 4 6 3 3 2 2 2 3 0
0 22 6 6 1 2 2 2 2 6 6 1 2 2 5 1 2 4 6 3 3 3 2 2
0 19 5 1 2 2 2 2 4 4 6 3 4 4 6 3 3 3 3 2 2
0 27 6 6 1 2 2 2 2 6 6 1 6 6 1 5 1 2 3 0 1 6 2 1 1 2 1 2 1
0 25 4 4 6 3 3 3 6 6 1 2 2 2 3 0 4 1 2 1 2 1 2 1 2 1 2
0 13 4 6 3 3 3 3 3 2 3 0 1 2 1
0 6 4 6 3 4 4 6
0 21 6 6 1 5 1 4 6 4 6 3 3 3 4 6 3 3 3 3 2 2 2
0 16 6 6 1 2 2 2 2 6 6 1 2 2 5 1 2 4
0 11 4 6 3 3 3 4 6 3 3 3 6
0 24 6 6 1 2 2 2 2 6 6 1 2 2 5 1 2 4 6 3 3 3 2 2 2 2
0 7 2 2 2 2 4 6 3
0 15 5 1 2 2 2 2 2 4 6 3 6 6 1 6 6
0 25 4 4 6 3 3 3 3 3 5 1 6 6 1 4 6 3 3 3 3 2 3 0 1 2 1
0 24 4 6 3 4 6 3 3 3 3 4 6 3 3 3 2 2 2 2 3 1 3 1 2 1
0 31 4 6 3 3 3 3 2 2 2 3 1 3 1 2 1 1 6 2 1 6 2 1 2 1 2 1 6 2 1 2 1
0 12 4 6 3 3 3 4 6 3 3 3 6 6
0 5 4 6 6 6 1
0 29 3 4 6 3 3 0 3 1 1 6 2 1 2 1 2 1 2 1 1 2 1 2 1 2 1 6 2 1 2
0 23 4 4 6 3 3 3 3 4 6 3 3 3 2 3 0 4 1 1 2 1 2 1 2
0 45 4 6 3 3 3 5 1 6 6 1 4 4 6 3 3 3 3 2 2 2 3 1 3 1 2 1 2 1 2 1 6 1 2 1 1 2 1 2 1 2 1 2 1 1 2
0 32 5 1 6 6 1 6 6 1 2 2 2 6 6 1 6 6 1 4 6 3 3 3 3 2 3 0 1 2 1 1 2 1
0 6 2 2 2 2 4 6
0 18 2 3 1 3 1 1 2 1 2 1 2 1 2 1 1 1 2 1
0 13 5 1 6 6 1 6 6 1 2 2 2 6 6
0 8 6 6 1 6 6 1 5 1
0 40 4 6 3 3 3 3 3 4 6 3 3 3 4 6 3 3 4 6 3 3 4 6 3 3 2 3 0 1 1 2 1 2 1 1 1 6 2 1 2 1
0 22 3 4 4 6 3 3 3 6 6 1 6 6 1 6 6 1 2 2 3 0 1 2
0 12 4 4 6 3 3 3 4 6 3 3 2 3
0 25 5 1 2 2 2 2 2 2 2 2 6 6 1 6 6 1 6 6 1 5 1 5 1 6 6
0 12 2 2 2 2 2 3 0 4 1 2 1 2
0 42 4 6 3 4 6 3 3 3 4 6 2 2 2 3 1 3 1 2 1 2 1 2 1 6 2 1 2 1 2 1 2 1 2 1 1 2 1 2 1 2 1 2
0 33 4 6 3 3 3 4 6 3 3 3 6 6 1 4 6 6 1 2 2 2 2 2 3 1 3 1 6 2 1 2 1 2 1
0 21 5 1 2 2 6 6 1 2 2 2 2 2 5 1 4 6 3 3 3 2 2
0 19 4 6 3 3 3 5 1 6 6 1 4 4 6 3 3 3 3 2 2
0 10 4 6 6 6 1 6 6 1 6 6
0 21 6 6 1 6 6 1 3 4 6 3 2 6 6 1 2 2 2 2 2 2 2
0 6 4 4 6 3 3 3
0 12 5 1 6 6 1 6 6 1 2 2 2 6
0 17 6 6 1 5 1 4 6 4 6 3 3 3 4 6 3 3 3
0 19 4 6 3 1 3 1 2 1 2 1 2 1 6 2 1 2 1 2 1
0 25 4 6 3 1 3 1 2 1 2 1 2 1 6 2 1 2 1 2 1 6 6 2 1 2 1
0 19 4 6 6 6 1 6 6 1 6 6 1 6 6 1 6 6 1 6 6
0 11 4 6 6 6 1 6 6 1 6 6 1
0 16 4 6 3 3 3 3 3 2 3 0 1 2 1 2 1 2
0 11 4 6 3 3 4 6 3 3 4 6 2
0 7 5 1 6 6 1 2 2
0 34 5 1 6 6 1 6 6 1 2 2 2 6 6 1 6 6 1 4 6 3 3 3 3 2 3 0 1 2 1 1 2 1 2 1
0 35 3 4 6 3 3 0 3 1 1 6 2 1 2 1 2 1 2 1 1 2 1 2 1 2 1 6 2 1 2 1 2 1 2 1 2
0 23 4 6 3 1 3 1 2 1 2 1 2 1 6 2 1 2 1 2 1 6 6 2 1
0 12 4 6 3 3 2 2 3 0 1 6 1 2
0 14 4 6 3 3 3 3 3 2 3 0 4 1 2 1
0 35 4 4 6 3 3 3 3 3 5 1 6 6 1 4 6 3 3 3 3 2 3 0 1 2 1 2 1 1 6 2 1 2 1 2 1
0 15 2 2 2 2 2 3 0 4 1 2 1 2 1 2 1
0 1 5
0 17 4 6 3 4 6 3 3 3 3 4 6 3 3 3 2 2 2
0 8 2 3 0 1 2 1 2 1
0 10 5 1 6 6 1 2 2 4 6 3
0 34 5 1 2 2 2 2 2 2 2 2 6 6 1 6 6 1 6 6 1 5 1 5 1 6 6 1 6 6 1 3 6 6 1 6
0 5 4 4 6 3 3
0 15 5 1 2 2 6 6 1 2 2 2 2 2 5 1 4
0 18 4 6 3 3 3 3 3 6 6 1 6 6 1 6 6 1 2 3
0 21 6 6 1 2 2 2 2 6 6 1 2 2 5 1 2 4 6 3 3 3 2
0 3 5 3 5
0 12 5 1 2 2 2 2 4 4 6 3 4 4
0 4 2 3 1 3
0 4 2 5 3 5
0 29 2 3 1 3 1 1 2 1 2 1 2 1 2 1 1 1 2 1 2 1 1 2 1 2 1 2 1 2 1
0 9 4 4 6 3 3 3 3 3 5
0 28 4 6 3 3 4 6 3 3 3 6 6 1 5 1 5 1 6 6 1 6 6 1 3 3 2 3 1 3
0 46 5 1 2 2 2 2 2 2 2 2 6 6 1 6 6 1 6 6 1 5 1 5 1 6 6 1 6 6 1 3 6 6 1 6 6 1 6 6 1 5 1 6 6 1 3 0
0 7 4 6 3 3 4 6 3
0 6 5 1 2 2 6 6
0 10 4 4 6 3 3 3 3 3 5 1
0 20 5 1 2 2 2 2 4 4 6 3 4 4 6 3 3 3 3 2 2 2
0 16 3 4 6 3 3 0 3 1 1 6 2 1 2 1 2 1
0 37 4 6 3 3 3 5 1 6 6 1 4 4 6 3 3 3 3 2 2 2 3 1 3 1 2 1 2 1 2 1 6 1 2 1 1 2 1
0 13 4 6 3 3 2 2 3 0 1 6 1 2 1
0 12 6 6 1 2 2 2 2 6 6 1 6 6
0 35 5 1 2 2 2 2 4 4 6 3 4 4 6 3 3 3 3 2 2 2 2 2 3 0 1 1 2 1 2 1 6 2 1 2 1
0 3 2 2 5
0 16 4 6 3 3 4 6 3 3 3 6 6 1 5 1 5 1
0 37 4 6 3 4 6 3 3 3 4 6 2 2 2 3 1 3 1 2 1 2 1 2 1 6 2 1 2 1 2 1 2 1 2 1 1 2 1
0 29 5 1 6 6 1 6 6 1 2 2 2 6 6 1 6 6 1 4 6 3 3 3 3 2 3 0 1 2 1
0 8 2 3 1 3 1 1 2 1
0 32 4 6 3 4 6 3 3 3 3 4 6 3 3 3 2 2 2 2 3 1 3 1 2 1 2 1 2 1 2 1 2 1
0 12 4 6 6 6 1 6 6 1 6 6 1 6
0 8 4 6 3 4 6 4 6 3
0 9 2 3 0 1 2 1 2 1 2
0 8 3 4 6 3 3 3 2 2
0 7 4 6 3 3 3 1 3
0 7 6 6 1 5 1 4 6
0 27 4 6 3 3 3 3 3 4 6 3 3 3 4 6 3 3 4 6 3 3 4 6 3 3 2 3 0
0 31 4 6 3 3 3 3 3 4 6 3 3 3 4 6 3 3 4 6 3 3 4 6 3 3 2 3 0 1 1 2 1
0 7 4 4 6 3 3 3 4
0 30 6 6 1 2 2 2 2 6 6 1 2 2 5 1 2 4 6 3 3 3 2 2 2 2 3 0 3 1 2 1
0 6 4 6 3 3 3 3
0 4 6 6 1 2
0 28 4 6 3 3 3 3 3 3 4 6 3 3 3 3 6 6 1 4 6 3 3 3 3 2 3 0 1 2
0 8 3 4 6 3 3 3 3 2
0 15 4 6 3 3 3 3 2 2 2 3 1 3 1 2 1
0 12 4 6 3 3 3 3 3 2 3 0 1 2
0 13 3 4 6 3 3 0 3 1 1 6 2 1 2
0 20 4 4 6 3 3 3 3 3 5 1 6 6 1 4 6 3 3 3 3 2
0 11 3 4 6 3 3 4 6 3 2 3 0
0 17 4 6 3 3 3 3 3 6 6 1 6 6 1 6 6 1 2
0 36 6 6 1 2 2 2 2 6 6 1 2 2 5 1 2 4 6 3 3 3 2 2 2 2 3 0 3 1 2 1 2 1 2 1 2 1
0 38 4 6 3 4 6 3 3 3 4 6 2 2 2 3 1 3 1 2 1 2 1 2 1 6 2 1 2 1 2 1 2 1 2 1 1 2 1 2
0 20 4 6 3 4 6 3 3 3 3 4 6 3 3 3 2 2 2 2 3 1
0 28 4 6 6 6 1 6 6 1 6 6 1 6 6 1 6 6 1 6 6 1 5 1 6 6 1 6 6 1
0 23 6 6 1 2 2 2 2 6 6 1 2 2 5 1 2 4 6 3 3 3 2 2 2
0 9 4 6 3 4 6 3 3 3 4
0 33 4 6 3 3 3 3 3 4 6 3 3 3 4 6 3 3 4 6 3 3 4 6 3 3 2 3 0 1 1 2 1 2 1
0 6 4 6 3 2 3 1
0 11 4 6 3 1 3 1 2 1 2 1 2
0 5 4 6 3 4 3
0 4 3 4 6 3
0 21 5 1 2 2 2 2 4 4 6 3 4 4 6 3 3 3 3 2 2 2 2
0 24 4 6 6 6 1 6 6 1 6 6 1 6 6 1 6 6 1 6 6 1 5 1 6 6
0 4 5 1 2 2
0 46 4 6 3 3 3 5 1 6 6 1 4 4 6 3 3 3 3 2 2 2 3 1 3 1 2 1 2 1 2 1 6 1 2 1 1 2 1 2 1 2 1 2 1 1 2 1
0 27 4 4 6 3 3 3 3 3 5 1 6 6 1 4 6 3 3 3 3 2 3 0 1 2 1 2 1
0 14 2 2 2 2 2 3 0 4 1 2 1 2 1 2
0 10 4 6 3 3 3 4 6 3 3 3
0 18 3 4 6 3 3 0 3 1 1 6 2 1 2 1 2 1 2 1
0 11 3 4 6 3 3 0 3 1 1 6 2
0 6 6 6 1 6 6 1
0 33 4 6 3 4 6 3 3 3 4 6 2 2 2 3 1 3 1 2 1 2 1 2 1 6 2 1 2 1 2 1 2 1 2
0 6 4 6 3 3 2 2
0 23 4 4 6 3 3 3 6 6 1 2 2 2 3 0 4 1 2 1 2 1 2 1 2
0 17 3 4 6 3 3 3 6 6 1 6 6 1 6 6 1 5 1
0 11 4 4 6 3 3 3 3 4 6 3 3
0 6 4 6 3 3 0 3
0 14 2 3 1 3 1 1 2 1 2 1 2 1 2 1
0 19 3 4 6 3 3 3 6 6 1 6 6 1 6 6 1 5 1 4 6
0 12 5 1 2 2 2 2 4 2 3 0 1 2
0 7 4 6 3 4 6 3 3
0 16 2 2 2 2 2 3 0 4 1 2 1 2 1 2 1 2
0 15 4 6 3 4 6 3 3 3 4 6 2 2 2 3 1
0 14 5 1 2 2 6 6 1 2 2 2 2 2 5 1
0 22 6 6 1 6 6 1 3 4 6 3 2 6 6 1 2 2 2 2 2 2 2 2
0 13 4 6 3 3 3 3 3 4 6 3 3 3 4
0 19 5 1 6 6 1 6 6 1 2 2 2 6 6 1 6 6 1 4 6
0 29 6 6 1 6 6 1 3 4 6 3 2 6 6 1 2 2 2 2 2 2 2 2 2 2 2 2 3 1 3
0 24 2 2 2 2 2 3 0 4 1 2 1 2 1 2 1 2 1 6 2 1 2 1 2 1
0 52 5 1 2 2 2 2 2 2 2 2 6 6 1 6 6 1 6 6 1 5 1 5 1 6 6 1 6 6 1 3 6 6 1 6 6 1 6 6 1 5 1 6 6 1 3 0 1 1 2 1 2 1
0 7 4 6 3 3 2 2 3
0 6 5 1 2 2 2 2
0 7 4 6 3 3 3 3 3
0 10 5 1 2 2 2 2 2 4 6 3
0 24 4 6 3 3 3 3 3 3 4 6 3 3 3 3 6 6 1 4 6 3 3 3 3 2
0 19 6 6 1 2 2 2 2 6 6 1 2 2 5 1 2 4 6 3 3
0 13 4 6 3 3 3 3 3 2 3 0 4 1 2
0 10 6 6 1 2 2 2 2 6 6 1
0 23 4 6 3 4 6 4 6 3 3 6 6 1 6 6 1 5 1 6 6 1 2 2 3
0 51 5 1 2 2 2 2 2 2 2 2 6 6 1 6 6 1 6 6 1 5 1 5 1 6 6 1 6 6 1 3 6 6 1 6 6 1 6 6 1 5 1 6 6 1 3 0 1 1 2 1 2
0 10 2 3 0 1 2 1 2 1 2 1
0 23 4 6 3 3 4 6 3 3 3 6 6 1 5 1 5 1 6 6 1 6 6 1 3
0 20 4 6 3 4 6 3 3 3 4 6 2 2 2 3 1 3 1 2 1 2
0 21 4 4 6 3 3 3 3 3 5 1 6 6 1 4 6 3 3 3 3 2 3
0 17 4 6 3 3 3 3 3 2 3 0 4 1 2 1 2 1 2
0 17 6 6 1 2 2 2 2 6 6 1 2 2 5 1 2 4 6
0 40 6 6 1 2 2 2 2 6 6 1 2 2 5 1 2 4 6 3 3 3 2 2 2 2 3 0 3 1 2 1 2 1 2 1 2 1 2 1 6 2
0 3 4 3 2
0 9 5 1 6 6 1 6 6 1 2
0 38 5 1 6 6 1 6 6 1 2 2 2 6 6 1 6 6 1 4 6 3 3 3 3 2 3 0 1 2 1 1 2 1 2 1 2 1 2 1
0 13 2 2 2 2 2 3 0 1 2 1 2 1 2
0 18 2 2 2 2 2 3 0 1 2 1 2 1 2 1 2 1 2 1
0 11 4 6 3 4 6 3 3 3 4 6 2
0 12 6 6 1 2 2 2 2 6 6 1 2 2
0 16 4 6 3 3 2 2 3 0 1 6 1 2 1 2 1 2
0 22 4 6 3 3 3 3 3 4 6 3 3 3 4 6 3 3 4 6 3 3 4 6
0 14 4 6 3 4 6 3 3 3 3 4 6 3 3 3
0 9 4 6 6 6 1 6 6 1 6
0 6 3 4 6 3 3 3
0 17 5 1 2 2 2 2 4 4 6 3 4 4 6 3 3 3 3
0 34 3 4 6 3 3 0 3 1 1 6 2 1 2 1 2 1 2 1 1 2 1 2 1 2 1 6 2 1 2 1 2 1 2 1
0 4 6 6 1 5
0 14 5 1 2 2 2 2 2 2 2 2 6 6 1 6
0 12 4 3 2 2 3 0 1 1 1 6 2 1
0 22 6 6 1 5 1 4 6 4 6 3 3 3 4 6 3 3 3 3 2 2 2 2
0 15 6 6 1 2 2 2 2 6 6 1 6 6 1 5 1
0 28 6 6 1 6 6 1 3 4 6 3 2 6 6 1 2 2 2 2 2 2 2 2 2 2 2 2 3 1
0 7 6 6 1 6 6 1 5
0 17 4 6 3 4 3 0 1 6 6 2 1 2 1 1 2 1 2
0 16 5 1 6 6 1 6 6 1 2 2 2 6 6 1 6 6
0 10 2 2 2 2 4 6 3 3 3 4
0 27 3 4 4 6 3 3 3 6 6 1 6 6 1 6 6 1 2 2 3 0 1 2 1 2 1 6 2
0 8 2 2 2 2 4 6 3 3
0 15 4 6 3 4 3 0 1 6 6 2 1 2 1 1 2
0 33 5 1 6 6 1 6 6 1 2 2 2 6 6 1 6 6 1 4 6 3 3 3 3 2 3 0 1 2 1 1 2 1 2
0 15 2 2 2 2 2 3 0 1 2 1 2 1 2 1 2
0 23 5 1 2 2 2 2 2 4 6 3 6 6 1 6 6 1 2 3 0 4 1 2 1
0 30 4 6 3 3 3 3 2 2 2 3 1 3 1 2 1 1 6 2 1 6 2 1 2 1 2 1 6 2 1 2
0 12 4 6 3 3 3 3 3 4 6 3 3 3
0 11 4 3 2 2 3 0 1 1 1 6 2
0 22 2 3 1 3 1 1 2 1 2 1 2 1 2 1 1 1 2 1 2 1 1 2
0 30 4 6 3 3 3 3 3 3 4 6 3 3 3 3 6 6 1 4 6 3 3 3 3 2 3 0 1 2 1 2
0 7 3 4 6 3 3 4 6
0 54 5 1 2 2 2 2 2 2 2 2 6 6 1 6 6 1 6 6 1 5 1 5 1 6 6 1 6 6 1 3 6 6 1 6 6 1 6 6 1 5 1 6 6 1 3 0 1 1 2 1 2 1 2 1
0 18 5 1 4 6 3 3 3 3 0 1 1 2 1 2 1 2 1 2
0 9 4 6 3 4 4 6 4 6 3
0 1 0
0 24 4 6 3 3 3 3 2 2 2 3 1 3 1 2 1 1 6 2 1 6 2 1 2 1
0 3 4 4 6
0 2 4 3
0 4 4 6 3 1
0 34 4 6 3 4 6 3 3 3 4 6 2 2 2 3 1 3 1 2 1 2 1 2 1 6 2 1 2 1 2 1 2 1 2 1
0 26 4 4 6 3 3 3 3 3 5 1 6 6 1 4 6 3 3 3 3 2 3 0 1 2 1 2
0 23 2 3 1 3 1 1 2 1 2 1 2 1 2 1 1 1 2 1 2 1 1 2 1
0 30 4 4 6 3 3 3 6 6 1 2 2 2 3 0 4 1 2 1 2 1 2 1 2 1 2 1 1 6 2 1
0 22 4 4 6 3 3 3 6 6 1 2 2 2 3 0 4 1 2 1 2 1 2 1
0 10 4 6 3 3 3 3 3 3 4 6
0 13 4 4 6 3 3 3 4 6 3 3 2 3 0
0 20 4 6 3 3 3 3 3 2 3 0 1 2 1 2 1 2 1 2 1 2
0 13 6 6 1 2 2 2 2 6 6 1 2 2 5
0 6 5 1 6 6 1 2
0 16 3 4 4 6 3 3 3 6 6 1 6 6 1 6 6 1
0 30 4 6 3 4 6 3 3 3 3 4 6 3 3 3 2 2 2 2 3 1 3 1 2 1 2 1 2 1 2 1
0 16 4 6 3 4 6 3 3 3 3 4 6 3 3 3 2 2
0 12 4 6 3 1 3 1 2 1 2 1 2 1
0 11 4 6 3 4 6 4 6 3 3 6 6
0 12 4 4 6 3 3 3 3 3 5 1 6 6
0 25 4 6 3 3 3 3 2 2 2 3 1 3 1 2 1 1 6 2 1 6 2 1 2 1 2
0 18 6 6 1 6 6 1 5 1 2 2 2 2 6 6 1 4 3 4
0 30 4 6 3 3 3 4 6 3 3 3 6 6 1 4 6 6 1 2 2 2 2 2 3 1 3 1 6 2 1 2
0 9 4 6 3 2 3 1 3 1 2
0 9 5 1 2 2 2 2 2 4 6
0 18 5 1 2 2 6 6 1 2 2 2 2 2 5 1 4 6 3 3
0 21 3 4 6 3 3 3 6 6 1 6 6 1 6 6 1 5 1 4 6 3 2
0 15 4 6 3 3 2 2 3 0 1 6 1 2 1 2 1
0 7 5 1 6 6 1 6 6
0 12 4 6 3 3 3 3 2 2 2 3 1 3
0 50 5 1 2 2 2 2 2 2 2 2 6 6 1 6 6 1 6 6 1 5 1 5 1 6 6 1 6 6 1 3 6 6 1 6 6 1 6 6 1 5 1 6 6 1 3 0 1 1 2 1
0 16 3 4 6 3 3 3 3 2 3 0 4 1 2 1 2 1
0 5 3 4 6 3 3
0 49 5 1 2 2 2 2 2 2 2 2 6 6 1 6 6 1 6 6 1 5 1 5 1 6 6 1 6 6 1 3 6 6 1 6 6 1 6 6 1 5 1 6 6 1 3 0 1 1 2
0 4 6 6 1 6
0 11 4 4 6 4 2 3 1 3 1 2 1
0 2 2 5
0 33 3 4 6 3 3 0 3 1 1 6 2 1 2 1 2 1 2 1 1 2 1 2 1 2 1 6 2 1 2 1 2 1 2
0 5 6 6 1 5 1
0 3 3 3 0
0 11 3 4 6 3 3 3 3 2 3 0 4
0 15 4 6 3 3 3 3 3 4 6 3 3 3 4 6 3
0 8 4 4 6 3 3 3 4 6
0 11 4 4 6 3 3 3 4 6 3 3 2
0 8 4 6 3 3 3 3 3 2
0 6 5 1 4 6 3 3
0 10 5 1 2 2 2 2 2 2 2 2
0 21 5 1 6 6 1 6 6 1 2 2 2 6 6 1 6 6 1 4 6 3 3
0 18 4 6 3 3 4 6 3 3 4 6 2 3 0 1 2 1 1 2
0 22 4 4 6 3 3 3 3 4 6 3 3 3 2 3 0 4 1 1 2 1 2 1
0 7 6 6 1 6 6 1 3
0 19 5 1 4 6 3 3 3 3 0 1 1 2 1 2 1 2 1 2 1
0 13 6 6 1 5 1 4 6 4 6 3 3 3 4
0 11 5 1 6 6 1 2 2 4 6 3 3
0 15 5 1 4 6 3 3 3 3 0 1 1 2 1 2 1
0 4 2 2 3 1
0 35 4 6 3 3 4 6 3 3 3 6 6 1 5 1 5 1 6 6 1 6 6 1 3 3 2 3 1 3 1 1 6 1 2 1 2
0 12 4 6 3 4 6 3 3 3 3 4 6 3
0 5 4 6 3 2 3
0 10 4 6 3 4 3 0 1 6 6 2
0 44 5 1 2 2 2 2 2 2 2 2 6 6 1 6 6 1 6 6 1 5 1 5 1 6 6 1 6 6 1 3 6 6 1 6 6 1 6 6 1 5 1 6 6 1
0 35 4 6 3 3 3 3 2 2 2 3 1 3 1 2 1 1 6 2 1 6 2 1 2 1 2 1 6 2 1 2 1 2 1 2 1
0 38 4 6 3 3 3 5 1 6 6 1 4 4 6 3 3 3 3 2 2 2 3 1 3 1 2 1 2 1 2 1 6 1 2 1 1 2 1 2
0 25 6 6 1 6 6 1 3 4 6 3 2 6 6 1 2 2 2 2 2 2 2 2 2 2 2
0 38 5 1 2 2 2 2 2 2 2 2 6 6 1 6 6 1 6 6 1 5 1 5 1 6 6 1 6 6 1 3 6 6 1 6 6 1 6 6
0 11 5 1 2 2 6 6 1 2 2 2 2
0 12 5 1 2 2 2 2 2 4 6 3 6 6
0 6 2 5 3 2 2 5
0 21 3 4 6 3 3 3 3 2 3 0 4 1 2 1 2 1 2 1 2 1 2
0 29 5 1 2 2 2 2 2 2 2 2 6 6 1 6 6 1 6 6 1 5 1 5 1 6 6 1 6 6 1
0 19 4 6 3 3 3 3 3 2 3 0 1 2 1 2 1 2 1 2 1
0 15 4 6 3 3 4 6 3 3 4 6 2 3 0 1 2
0 15 6 6 1 6 6 1 3 4 6 3 2 6 6 1 2
0 10 5 1 6 6 1 6 6 1 2 2
0 18 3 4 6 3 3 3 3 2 3 0 4 1 2 1 2 1 2 1
0 10 5 1 6 6 1 2 3 0 1 2
0 45 5 1 2 2 2 2 2 2 2 2 6 6 1 6 6 1 6 6 1 5 1 5 1 6 6 1 6 6 1 3 6 6 1 6 6 1 6 6 1 5 1 6 6 1 3
0 15 4 6 3 3 3 4 6 3 3 3 6 6 1 4 6
0 33 4 6 3 3 4 6 3 3 3 6 6 1 5 1 5 1 6 6 1 6 6 1 3 3 2 3 1 3 1 1 6 1 2
0 7 3 4 6 3 3 3 2
0 5 2 2 5 3 5
0 8 4 6 6 6 1 6 6 1
0 19 4 6 3 4 4 6 4 6 3 3 3 4 6 3 3 2 2 2 3
0 8 4 4 6 4 2 3 1 3
0 8 6 6 1 5 1 4 6 4
0 24 4 4 6 3 3 3 3 4 6 3 3 3 2 3 0 4 1 1 2 1 2 1 2 1
0 16 4 6 3 3 3 3 3 6 6 1 6 6 1 6 6 1
0 20 5 1 2 2 6 6 1 2 2 2 2 2 5 1 4 6 3 3 3 2
0 8 2 2 2 2 2 3 0 4
0 14 4 4 6 3 3 3 4 6 3 3 2 3 0 4
0 14 4 4 6 3 3 3 3 4 6 3 3 3 2 3
0 6 2 5 3 5 3 5
0 18 3 4 4 6 3 3 3 6 6 1 6 6 1 6 6 1 2 2
0 12 5 1 4 6 3 3 3 3 0 1 1 2
0 23 4 6 3 3 3 3 2 2 2 3 1 3 1 2 1 1 6 2 1 6 2 1 2
0 20 6 6 1 6 6 1 5 1 2 2 2 2 6 6 1 4 3 4 6 2
0 10 2 3 0 3 1 2 1 2 1 2
0 9 2 3 0 3 1 2 1 2 1
0 28 5 1 6 6 1 6 6 1 2 2 2 6 6 1 6 6 1 4 6 3 3 3 3 2 3 0 1 2
0 24 6 6 1 5 1 4 6 4 6 3 3 3 4 6 3 3 3 3 2 2 2 2 3 1
0 14 5 1 4 6 3 3 3 3 0 1 1 2 1 2
0 15 3 4 6 3 3 3 3 2 3 0 4 1 2 1 2
0 12 4 6 3 2 3 1 3 1 2 1 2 1
0 26 6 6 1 6 6 1 3 4 6 3 2 6 6 1 2 2 2 2 2 2 2 2 2 2 2 2
0 30 3 4 6 3 3 0 3 1 1 6 2 1 2 1 2 1 2 1 1 2 1 2 1 2 1 6 2 1 2 1
0 4 4 6 3 2
0 33 4 6 3 3 3 5 1 6 6 1 4 4 6 3 3 3 3 2 2 2 3 1 3 1 2 1 2 1 2 1 6 1 2
0 17 5 1 2 2 2 2 2 4 6 3 6 6 1 6 6 1 2
0 11 4 6 3 2 3 1 3 1 2 1 2
0 18 5 1 2 2 2 2 2 4 6 3 6 6 1 6 6 1 2 3
0 15 4 4 6 3 3 3 3 3 5 1 6 6 1 4 6
0 25 4 6 6 6 1 6 6 1 6 6 1 6 6 1 6 6 1 6 6 1 5 1 6 6 1
0 11 4 6 3 4 3 0 1 6 6 2 1
0 11 3 4 4 6 3 3 3 6 6 1 6
0 18 4 6 3 4 6 4 6 3 3 6 6 1 6 6 1 5 1 6
0 25 6 6 1 2 2 2 2 6 6 1 2 2 5 1 2 4 6 3 3 3 2 2 2 2 3
0 12 2 2 2 2 4 6 3 3 3 4 6 3
0 39 5 1 2 2 2 2 2 2 2 2 6 6 1 6 6 1 6 6 1 5 1 5 1 6 6 1 6 6 1 3 6 6 1 6 6 1 6 6 1
0 9 3 4 4 6 3 3 3 6 6
0 33 5 1 2 2 2 2 2 2 2 2 6 6 1 6 6 1 6 6 1 5 1 5 1 6 6 1 6 6 1 3 6 6 1
0 12 4 6 3 4 6 4 6 3 3 6 6 1
0 16 4 6 3 1 3 1 2 1 2 1 2 1 6 2 1 2
0 13 4 4 6 3 3 3 3 4 6 3 3 3 2
0 26 4 6 6 6 1 6 6 1 6 6 1 6 6 1 6 6 1 6 6 1 5 1 6 6 1 6
0 5 6 6 1 6 6
0 13 4 6 3 4 6 3 3 3 4 6 2 2 2
0 29 4 6 3 3 3 3 2 2 2 3 1 3 1 2 1 1 6 2 1 6 2 1 2 1 2 1 6 2 1
0 28 3 4 4 6 3 3 3 6 6 1 6 6 1 6 6 1 2 2 3 0 1 2 1 2 1 6 2 1
0 20 4 6 3 4 6 4 6 3 3 6 6 1 6 6 1 5 1 6 6 1
0 9 4 6 3 3 3 4 6 3 3
0 43 6 6 1 2 2 2 2 6 6 1 2 2 5 1 2 4 6 3 3 3 2 2 2 2 3 0 3 1 2 1 2 1 2 1 2 1 2 1 6 2 1 2 1
0 22 4 6 3 3 3 5 1 6 6 1 4 4 6 3 3 3 3 2 2 2 3 1
0 7 3 4 4 6 3 3 3
0 6 4 6 3 4 6 3
0 14 3 4 6 3 3 0 3 1 1 6 2 1 2 1
0 6 6 6 1 2 2 2
0 11 4 4 6 3 3 3 3 3 5 1 6
0 11 2 3 1 3 1 1 2 1 2 1 2
0 8 4 6 3 3 3 3 2 2
0 10 5 1 2 2 2 2 4 2 3 0
0 9 4 6 3 3 4 6 3 3 3
0 8 4 6 3 4 4 6 4 6
0 30 4 6 3 3 3 5 1 6 6 1 4 4 6 3 3 3 3 2 2 2 3 1 3 1 2 1 2 1 2 1
0 19 2 3 1 3 1 1 2 1 2 1 2 1 2 1 1 1 2 1 2
0 16 4 6 3 3 3 5 1 6 6 1 4 4 6 3 3 3
0 8 5 1 2 2 2 2 4 2
0 28 4 6 3 3 3 5 1 6 6 1 4 4 6 3 3 3 3 2 2 2 3 1 3 1 2 1 2 1
0 6 4 6 3 4 3 0
0 42 5 1 2 2 2 2 2 2 2 2 6 6 1 6 6 1 6 6 1 5 1 5 1 6 6 1 6 6 1 3 6 6 1 6 6 1 6 6 1 5 1 6
0 5 4 4 6 4 2
0 16 5 1 2 2 6 6 1 2 2 2 2 2 5 1 4 6
0 31 3 4 6 3 3 0 3 1 1 6 2 1 2 1 2 1 2 1 1 2 1 2 1 2 1 6 2 1 2 1 2
0 13 4 6 3 3 3 4 6 3 3 3 6 6 1
0 31 2 3 1 3 1 1 2 1 2 1 2 1 2 1 1 1 2 1 2 1 1 2 1 2 1 2 1 2 1 2 1
0 21 4 4 6 3 3 3 6 6 1 2 2 2 3 0 4 1 2 1 2 1 2
0 27 4 6 3 3 4 6 3 3 3 6 6 1 5 1 5 1 6 6 1 6 6 1 3 3 2 3 1
0 13 5 1 6 6 1 2 2 4 6 3 3 2 3
0 18 4 6 3 1 3 1 2 1 2 1 2 1 6 2 1 2 1 2
0 14 5 1 6 6 1 2 2 4 6 3 3 2 3 1
0 26 6 6 1 2 2 2 2 6 6 1 2 2 5 1 2 4 6 3 3 3 2 2 2 2 3 0
0 25 4 6 3 3 3 3 3 3 4 6 3 3 3 3 6 6 1 4 6 3 3 3 3 2 3
0 13 3 4 6 3 3 3 6 6 1 6 6 1 6
0 12 4 6 3 3 4 6 3 3 3 6 6 1
0 18 2 2 2 2 4 6 3 3 3 4 6 3 3 3 3 4 3 3
0 9 6 6 1 2 2 2 2 6 6
0 19 6 6 1 6 6 1 5 1 2 2 2 2 6 6 1 4 3 4 6
0 9 4 6 3 3 4 6 3 3 4
0 18 4 6 3 3 3 4 6 3 3 3 6 6 1 4 6 6 1 2
0 8 4 6 3 1 3 1 2 1
0 16 5 1 2 2 2 2 2 4 6 3 6 6 1 6 6 1
0 2 3 4
0 29 4 6 3 3 3 3 3 3 4 6 3 3 3 3 6 6 1 4 6 3 3 3 3 2 3 0 1 2 1
0 34 4 6 3 3 3 3 2 2 2 3 1 3 1 2 1 1 6 2 1 6 2 1 2 1 2 1 6 2 1 2 1 2 1 2
0 18 4 6 3 3 3 3 3 3 4 6 3 3 3 3 6 6 1 4
0 5 5 3 5 3 5
0 11 4 6 3 3 4 6 3 3 3 6 6
0 17 5 1 2 2 2 2 2 2 2 2 6 6 1 6 6 1 6
0 5 5 1 2 2 2
0 15 5 1 6 6 1 6 6 1 2 2 2 6 6 1 6
0 13 5 1 4 6 3 3 3 3 0 1 1 2 1
0 28 4 6 3 4 6 3 3 3 3 4 6 3 3 3 2 2 2 2 3 1 3 1 2 1 2 1 2 1
0 22 2 2 2 2 2 3 0 4 1 2 1 2 1 2 1 2 1 6 2 1 2 1
0 21 6 6 1 6 6 1 5 1 2 2 2 2 6 6 1 4 3 4 6 2 2
0 7 5 1 6 6 1 2 3
0 19 3 4 4 6 3 3 3 6 6 1 6 6 1 6 6 1 2 2 3
0 16 4 6 3 3 3 3 3 3 4 6 3 3 3 3 6 6
0 9 5 1 6 6 1 2 2 4 6
0 21 5 1 2 2 2 2 2 2 2 2 6 6 1 6 6 1 6 6 1 5 1
0 6 2 2 2 5 3 5
0 25 4 6 3 3 3 3 3 4 6 3 3 3 4 6 3 3 4 6 3 3 4 6 3 3 2
0 24 2 3 1 3 1 1 2 1 2 1 2 1 2 1 1 1 2 1 2 1 1 2 1 2
0 8 5 1 4 6 3 3 3 3
0 17 4 6 3 1 3 1 2 1 2 1 2 1 6 2 1 2 1
0 31 4 6 3 4 6 3 3 3 4 6 2 2 2 3 1 3 1 2 1 2 1 2 1 6 2 1 2 1 2 1 2
0 17 2 2 2 2 4 6 3 3 3 4 6 3 3 3 3 4 3
0 36 4 6 3 3 4 6 3 3 3 6 6 1 5 1 5 1 6 6 1 6 6 1 3 3 2 3 1 3 1 1 6 1 2 1 2 1
0 16 4 6 3 4 4 6 4 6 3 3 3 4 6 3 3 2
0 14 4 6 3 3 3 3 3 6 6 1 6 6 1 6
0 3 4 6 6
0 6 4 4 6 4 2 3
0 27 3 4 6 3 3 0 3 1 1 6 2 1 2 1 2 1 2 1 1 2 1 2 1 2 1 6 2
0 26 5 1 2 2 2 2 2 4 6 3 6 6 1 6 6 1 2 3 0 4 1 2 1 2 1 2
0 26 2 2 2 2 2 3 0 4 1 2 1 2 1 2 1 2 1 6 2 1 2 1 2 1 2 1
0 10 2 2 2 2 2 3 0 4 1 2
0 5 5 1 2 2 6
0 3 2 3 1
0 17 4 6 3 4 4 6 4 6 3 3 3 4 6 3 3 2 2
0 23 2 2 2 2 2 3 0 4 1 2 1 2 1 2 1 2 1 6 2 1 2 1 2
0 16 4 6 3 3 3 3 3 4 6 3 3 3 4 6 3 3
0 29 4 4 6 3 3 3 6 6 1 2 2 2 3 0 4 1 2 1 2 1 2 1 2 1 2 1 1 6 2
0 9 4 6 3 3 3 3 3 6 6
0 9 4 6 3 3 3 3 3 2 3
0 17 3 4 4 6 3 3 3 6 6 1 6 6 1 6 6 1 2
0 23 4 6 3 3 3 3 3 4 6 3 3 3 4 6 3 3 4 6 3 3 4 6 3
0 5 4 6 3 4 6
0 11 4 6 3 3 3 3 2 2 2 3 1
0 14 5 1 2 2 2 2 2 4 6 3 6 6 1 6
0 41 5 1 2 2 2 2 2 2 2 2 6 6 1 6 6 1 6 6 1 5 1 5 1 6 6 1 6 6 1 3 6 6 1 6 6 1 6 6 1 5 1
0 10 4 6 3 1 3 1 2 1 2 1
0 9 4 6 3 1 3 1 2 1 2
0 5 4 6 3 1 3
0 22 3 4 6 3 3 3 6 6 1 6 6 1 6 6 1 5 1 4 6 3 2 3
0 23 3 4 6 3 3 3 6 6 1 6 6 1 6 6 1 5 1 4 6 3 2 3 1
0 17 4 6 3 3 3 4 6 3 3 3 6 6 1 4 6 6 1
0 6 4 6 6 6 1 6
0 5 5 1 6 6 1
0 13 2 2 2 2 2 3 0 4 1 2 1 2 1
0 4 4 3 2 2
0 11 5 1 2 2 2 2 2 2 2 2 6
0 26 4 4 6 3 3 3 6 6 1 2 2 2 3 0 4 1 2 1 2 1 2 1 2 1 2 1
0 27 6 6 1 2 2 2 2 6 6 1 2 2 5 1 2 4 6 3 3 3 2 2 2 2 3 0 3
0 27 4 6 3 4 6 3 3 3 3 4 6 3 3 3 2 2 2 2 3 1 3 1 2 1 2 1 2
0 9 4 6 3 3 3 3 3 3 4
0 17 6 6 1 2 2 2 2 6 6 1 6 6 1 5 1 2 3
0 20 4 6 3 3 3 5 1 6 6 1 4 4 6 3 3 3 3 2 2 2
0 29 4 6 3 3 3 5 1 6 6 1 4 4 6 3 3 3 3 2 2 2 3 1 3 1 2 1 2 1 2
0 8 4 6 3 3 3 3 3 3
0 16 4 6 3 3 4 6 3 3 4 6 2 3 0 1 2 1
0 16 2 2 2 2 4 6 3 3 3 4 6 3 3 3 3 4
0 20 6 6 1 5 1 4 6 4 6 3 3 3 4 6 3 3 3 3 2 2
0 10 4 6 3 3 3 3 2 2 2 3
0 3 6 6 1
0 12 4 6 3 4 4 6 4 6 3 3 3 4
0 14 6 6 1 6 6 1 3 4 6 3 2 6 6 1
0 17 6 6 1 6 6 1 3 4 6 3 2 6 6 1 2 2 2
0 21 4 6 3 4 6 3 3 3 3 4 6 3 3 3 2 2 2 2 3 1 3
0 24 5 1 2 2 2 2 2 4 6 3 6 6 1 6 6 1 2 3 0 4 1 2 1 2
0 14 5 1 2 2 2 2 4 4 6 3 4 4 6 3
0 25 4 6 3 4 6 3 3 3 4 6 2 2 2 3 1 3 1 2 1 2 1 2 1 6 2
0 21 4 6 3 4 6 3 3 3 4 6 2 2 2 3 1 3 1 2 1 2 1
0 18 3 4 6 3 3 3 6 6 1 6 6 1 6 6 1 5 1 4
0 53 5 1 2 2 2 2 2 2 2 2 6 6 1 6 6 1 6 6 1 5 1 5 1 6 6 1 6 6 1 3 6 6 1 6 6 1 6 6 1 5 1 6 6 1 3 0 1 1 2 1 2 1 2
0 19 4 6 3 4 6 4 6 3 3 6 6 1 6 6 1 5 1 6 6
0 36 4 6 3 4 6 3 3 3 4 6 2 2 2 3 1 3 1 2 1 2 1 2 1 6 2 1 2 1 2 1 2 1 2 1 1 2
0 35 6 6 1 2 2 2 2 6 6 1 2 2 5 1 2 4 6 3 3 3 2 2 2 2 3 0 3 1 2 1 2 1 2 1 2
0 16 4 6 6 6 1 6 6 1 6 6 1 6 6 1 6 6
0 10 4 4 6 4 2 3 1 3 1 2
0 18 4 6 3 3 3 3 3 4 6 3 3 1 3 1 1 6 1 2
0 3 5 1 2
0 30 4 4 6 3 3 3 3 3 5 1 6 6 1 4 6 3 3 3 3 2 3 0 1 2 1 2 1 1 6 2
0 22 4 6 3 4 6 4 6 3 3 6 6 1 6 6 1 5 1 6 6 1 2 2
0 9 4 6 3 4 6 4 6 3 3
0 12 4 6 3 4 3 0 1 6 6 2 1 2
0 17 2 3 1 3 1 1 2 1 2 1 2 1 2 1 1 1 2
0 17 4 6 3 3 3 3 3 2 3 0 1 2 1 2 1 2 1
0 14 4 4 6 3 3 3 6 6 1 2 2 2 3 0
0 12 4 4 6 3 3 3 3 4 6 3 3 3
0 10 5 1 2 2 6 6 1 2 2 2
0 22 6 6 1 6 6 1 5 1 2 2 2 2 6 6 1 4 3 4 6 2 2 2
0 20 5 1 6 6 1 6 6 1 2 2 2 6 6 1 6 6 1 4 6 3
0 37 5 1 6 6 1 6 6 1 2 2 2 6 6 1 6 6 1 4 6 3 3 3 3 2 3 0 1 2 1 1 2 1 2 1 2 1 2
0 7 4 6 3 1 3 1 2
0 10 3 4 6 3 3 4 6 3 2 3
0 10 4 4 6 3 3 3 4 6 3 3
0 23 6 6 1 6 6 1 5 1 2 2 2 2 6 6 1 4 3 4 6 2 2 2 2
0 18 4 6 3 3 4 6 3 3 3 6 6 1 5 1 5 1 6 6
0 8 5 1 2 2 2 2 2 2
0 1 3
0 7 4 6 3 3 3 3 2
0 6 4 6 3 4 6 4
0 21 4 6 6 6 1 6 6 1 6 6 1 6 6 1 6 6 1 6 6 1 5
0 14 3 4 6 3 3 3 3 2 3 0 4 1 2 1
0 13 5 1 2 2 2 2 2 2 2 2 6 6 1
0 11 6 6 1 6 6 1 5 1 2 2 2
0 10 4 6 3 4 6 4 6 3 3 6
0 12 4 6 3 3 3 3 3 6 6 1 6 6
0 25 4 6 3 3 3 4 6 3 3 3 6 6 1 4 6 6 1 2 2 2 2 2 3 1 3
0 14 4 6 3 1 3 1 2 1 2 1 2 1 6 2
0 21 4 6 3 4 6 4 6 3 3 6 6 1 6 6 1 5 1 6 6 1 2
0 17 4 6 3 3 3 5 1 6 6 1 4 4 6 3 3 3 3
0 3 2 2 3
0 23 3 4 6 3 3 0 3 1 1 6 2 1 2 1 2 1 2 1 1 2 1 2 1
0 11 6 6 1 2 2 2 2 6 6 1 2
0 44 4 6 3 4 6 3 3 3 4 6 2 2 2 3 1 3 1 2 1 2 1 2 1 6 2 1 2 1 2 1 2 1 2 1 1 2 1 2 1 2 1 2 1 2
0 7 5 1 2 2 2 2 4
0 12 6 6 1 6 6 1 5 1 2 2 2 2
0 28 5 1 2 2 2 2 2 4 6 3 6 6 1 6 6 1 2 3 0 4 1 2 1 2 1 2 1 2
0 27 2 3 1 3 1 1 2 1 2 1 2 1 2 1 1 1 2 1 2 1 1 2 1 2 1 2 1
0 7 2 5 3 5 3 2 5
0 9 3 4 6 3 3 3 2 2 2
0 20 3 4 6 3 3 3 3 2 3 0 4 1 2 1 2 1 2 1 2 1
0 15 4 4 6 3 3 3 3 4 6 3 3 3 2 3 0
0 22 4 6 3 3 4 6 3 3 3 6 6 1 5 1 5 1 6 6 1 6 6 1
0 28 2 3 1 3 1 1 2 1 2 1 2 1 2 1 1 1 2 1 2 1 1 2 1 2 1 2 1 2
0 20 3 4 6 3 3 3 6 6 1 6 6 1 6 6 1 5 1 4 6 3
0 12 5 1 6 6 1 2 2 4 6 3 3 2
0 13 5 1 2 2 2 2 2 4 6 3 6 6 1
0 12 4 6 3 3 4 6 3 3 4 6 2 3
0 11 4 6 3 3 3 3 3 2 3 0 4
0 15 6 6 1 2 2 2 2 6 6 1 2 2 5 1 2
0 6 4 6 3 3 4 6
0 8 4 6 3 3 2 2 3 0
0 26 4 6 3 4 6 3 3 3 4 6 2 2 2 3 1 3 1 2 1 2 1 2 1 6 2 1
0 13 5 1 2 2 6 6 1 2 2 2 2 2 5
0 18 4 6 3 4 3 0 1 6 6 2 1 2 1 1 2 1 2 1
0 20 4 6 3 3 3 4 6 3 3 3 6 6 1 4 6 6 1 2 2 2
0 21 4 6 3 3 3 4 6 3 3 3 6 6 1 4 6 6 1 2 2 2 2
0 25 2 2 2 2 2 3 0 4 1 2 1 2 1 2 1 2 1 6 2 1 2 1 2 1 2
0 25 2 3 1 3 1 1 2 1 2 1 2 1 2 1 1 1 2 1 2 1 1 2 1 2 1
0 19 4 6 3 3 3 3 3 6 6 1 6 6 1 6 6 1 2 3 0
0 33 4 4 6 3 3 3 3 3 5 1 6 6 1 4 6 3 3 3 3 2 3 0 1 2 1 2 1 1 6 2 1 2 1
0 32 5 1 2 2 2 2 4 4 6 3 4 4 6 3 3 3 3 2 2 2 2 2 3 0 1 1 2 1 2 1 6 2
0 3 5 1 4
0 32 4 6 3 3 3 4 6 3 3 3 6 6 1 4 6 6 1 2 2 2 2 2 3 1 3 1 6 2 1 2 1 2
0 26 4 6 3 3 3 3 3 3 4 6 3 3 3 3 6 6 1 4 6 3 3 3 3 2 3 0
0 16 2 2 2 2 2 3 0 1 2 1 2 1 2 1 2 1
0 11 4 6 3 3 3 3 3 6 6 1 6
0 7 6 6 1 2 2 2 2
0 22 4 6 3 1 3 1 2 1 2 1 2 1 6 2 1 2 1 2 1 6 6 2
0 22 3 4 6 3 3 0 3 1 1 6 2 1 2 1 2 1 2 1 1 2 1 2
0 16 4 6 3 3 3 3 3 4 6 3 3 3 3 2 3 0
0 17 2 2 2 2 2 3 0 4 1 2 1 2 1 2 1 2 1
0 30 4 6 3 3 3 3 3 4 6 3 3 3 4 6 3 3 4 6 3 3 4 6 3 3 2 3 0 1 1 2
0 7 4 6 3 2 3 1 3
0 2 5 1
0 24 5 1 2 2 2 2 4 4 6 3 4 4 6 3 3 3 3 2 2 2 2 2 3 0
0 14 6 6 1 6 6 1 5 1 2 2 2 2 6 6
0 11 5 1 2 2 2 2 4 4 6 3 4
0 11 5 1 6 6 1 6 6 1 2 2 2
0 2 2 3
0 8 2 3 0 3 1 2 1 2
0 12 2 3 1 3 1 1 2 1 2 1 2 1
0 5 4 6 3 3 2
0 27 4 4 6 3 3 3 3 4 6 3 3 3 2 3 0 4 1 1 2 1 2 1 2 1 6 2 1
0 18 5 1 2 2 2 2 2 2 2 2 6 6 1 6 6 1 6 6
0 20 3 4 4 6 3 3 3 6 6 1 6 6 1 6 6 1 2 2 3 0
0 15 6 6 1 6 6 1 5 1 2 2 2 2 6 6 1
0 18 4 6 3 3 3 5 1 6 6 1 4 4 6 3 3 3 3 2
0 23 4 6 3 3 3 5 1 6 6 1 4 4 6 3 3 3 3 2 2 2 3 1 3
0 5 3 4 4 6 3
0 10 4 6 3 3 4 6 3 3 4 6
0 32 3 4 6 3 3 0 3 1 1 6 2 1 2 1 2 1 2 1 1 2 1 2 1 2 1 6 2 1 2 1 2 1
0 25 3 4 4 6 3 3 3 6 6 1 6 6 1 6 6 1 2 2 3 0 1 2 1 2 1
0 9 4 6 3 3 3 3 3 4 6
0 8 4 4 6 3 3 3 3 3
0 18 5 1 6 6 1 6 6 1 2 2 2 6 6 1 6 6 1 4
0 8 5 1 6 6 1 6 6 1
0 7 2 3 0 3 1 2 1
0 5 2 2 2 2 3
0 10 6 6 1 5 1 4 6 4 6 3
0 13 2 2 2 2 4 6 3 3 3 4 6 3 3
0 13 4 4 6 3 3 3 3 3 5 1 6 6 1
0 11 3 4 6 3 3 3 6 6 1 6 6
0 13 3 4 6 3 3 3 3 2 3 0 4 1 2
0 7 4 4 6 3 3 3 3
0 19 2 2 2 2 4 6 3 3 3 4 6 3 3 3 3 4 3 3 0
0 12 6 6 1 6 6 1 3 4 6 3 2 6
0 31 4 6 3 3 3 3 3 3 4 6 3 3 3 3 6 6 1 4 6 3 3 3 3 2 3 0 1 2 1 2 1
0 13 6 6 1 6 6 1 3 4 6 3 2 6 6
0 28 5 1 2 2 2 2 4 4 6 3 4 4 6 3 3 3 3 2 2 2 2 2 3 0 1 1 2 1
0 13 4 4 6 3 3 3 6 6 1 2 2 2 3
0 9 3 4 6 3 3 3 6 6 1
0 18 4 6 3 3 3 3 3 2 3 0 1 2 1 2 1 2 1 2
0 4 2 3 0 4
0 32 6 6 1 6 6 1 3 4 6 3 2 6 6 1 2 2 2 2 2 2 2 2 2 2 2 2 3 1 3 1 2 1
0 23 6 6 1 5 1 4 6 4 6 3 3 3 4 6 3 3 3 3 2 2 2 2 3
0 19 4 6 3 3 3 4 6 3 3 3 6 6 1 4 6 6 1 2 2
0 20 4 6 3 3 3 3 3 6 6 1 6 6 1 6 6 1 2 3 0 3
0 16 4 6 3 3 3 4 6 3 3 3 6 6 1 4 6 6
0 9 5 1 2 2 6 6 1 2 2
0 31 5 1 2 2 2 2 2 2 2 2 6 6 1 6 6 1 6 6 1 5 1 5 1 6 6 1 6 6 1 3 6
0 24 4 4 6 3 3 3 6 6 1 2 2 2 3 0 4 1 2 1 2 1 2 1 2 1
0 19 4 6 3 3 3 3 3 4 6 3 3 3 4 6 3 3 4 6 3
0 14 4 6 3 3 3 3 3 4 6 3 3 3 4 6
0 13 4 6 3 3 3 3 3 4 6 3 3 1 3
0 19 4 6 3 3 4 6 3 3 4 6 2 3 0 1 2 1 1 2 1
0 13 5 1 2 2 2 2 4 2 3 0 1 2 1
0 15 5 1 2 2 2 2 4 4 6 3 4 4 6 3 3
0 28 4 6 3 3 3 4 6 3 3 3 6 6 1 4 6 6 1 2 2 2 2 2 3 1 3 1 6 2
0 8 3 4 6 3 3 4 6 3
0 42 6 6 1 2 2 2 2 6 6 1 2 2 5 1 2 4 6 3 3 3 2 2 2 2 3 0 3 1 2 1 2 1 2 1 2 1 2 1 6 2 1 2
0 22 5 1 2 2 2 2 4 4 6 3 4 4 6 3 3 3 3 2 2 2 2 2
0 24 6 6 1 2 2 2 2 6 6 1 6 6 1 5 1 2 3 0 1 6 2 1 1 2
0 15 4 6 3 4 6 4 6 3 3 6 6 1 6 6 1
0 39 4 6 3 3 3 5 1 6 6 1 4 4 6 3 3 3 3 2 2 2 3 1 3 1 2 1 2 1 2 1 6 1 2 1 1 2 1 2 1
0 13 4 6 3 3 3 3 3 6 6 1 6 6 1
0 8 5 1 6 6 1 2 2 4
0 6 2 3 0 1 2 1
0 8 5 1 2 2 2 2 4 4
0 3 3 4 4
0 5 4 6 3 3 0
0 9 4 4 6 3 3 3 6 6 1
0 12 3 4 4 6 3 3 3 6 6 1 6 6
0 7 4 6 3 4 6 4 6
0 31 5 1 6 6 1 6 6 1 2 2 2 6 6 1 6 6 1 4 6 3 3 3 3 2 3 0 1 2 1 1 2
0 10 3 4 6 3 3 3 6 6 1 6
0 36 5 1 2 2 2 2 4 4 6 3 4 4 6 3 3 3 3 2 2 2 2 2 3 0 1 1 2 1 2 1 6 2 1 2 1 2
0 7 4 4 6 4 2 3 1
0 11 4 4 6 3 3 3 6 6 1 2 2
0 8 6 6 1 6 6 1 3 4
0 23 6 6 1 6 6 1 3 4 6 3 2 6 6 1 2 2 2 2 2 2 2 2 2
0 29 5 1 2 2 2 2 2 4 6 3 6 6 1 6 6 1 2 3 0 4 1 2 1 2 1 2 1 2 1
0 11 5 1 2 2 2 2 2 4 6 3 6
0 11 5 1 6 6 1 2 3 0 1 2 1
0 37 6 6 1 2 2 2 2 6 6 1 2 2 5 1 2 4 6 3 3 3 2 2 2 2 3 0 3 1 2 1 2 1 2 1 2 1 2
0 11 2 2 2 2 2 3 0 1 2 1 2
0 17 4 4 6 3 3 3 6 6 1 2 2 2 3 0 4 1 2
0 14 4 6 3 4 4 6 4 6 3 3 3 4 6 3
0 16 3 4 6 3 3 3 6 6 1 6 6 1 6 6 1 5
0 43 4 6 3 3 3 5 1 6 6 1 4 4 6 3 3 3 3 2 2 2 3 1 3 1 2 1 2 1 2 1 6 1 2 1 1 2 1 2 1 2 1 2 1
0 22 4 6 3 4 6 3 3 3 4 6 2 2 2 3 1 3 1 2 1 2 1 2
0 19 4 6 3 4 6 3 3 3 3 4 6 3 3 3 2 2 2 2 3
0 7 3 4 6 3 3 0 3
0 6 2 3 0 3 1 2
0 14 6 6 1 2 2 2 2 6 6 1 2 2 5 1
0 7 4 6 3 4 4 6 4
0 13 4 6 3 3 3 3 3 3 4 6 3 3 3
0 20 2 2 2 2 2 3 0 4 1 2 1 2 1 2 1 2 1 6 2 1
0 34 5 1 2 2 2 2 4 4 6 3 4 4 6 3 3 3 3 2 2 2 2 2 3 0 1 1 2 1 2 1 6 2 1 2
0 8 4 6 3 3 4 6 3 3
0 30 2 3 1 3 1 1 2 1 2 1 2 1 2 1 1 1 2 1 2 1 1 2 1 2 1 2 1 2 1 2
0 9 6 6 1 6 6 1 3 4 6
0 6 3 4 6 3 3 4
0 26 4 6 3 4 6 3 3 3 3 4 6 3 3 3 2 2 2 2 3 1 3 1 2 1 2 1
0 26 2 3 1 3 1 1 2 1 2 1 2 1 2 1 1 1 2 1 2 1 1 2 1 2 1 2
0 27 4 6 3 3 3 5 1 6 6 1 4 4 6 3 3 3 3 2 2 2 3 1 3 1 2 1 2
0 19 4 6 3 4 6 3 3 3 4 6 2 2 2 3 1 3 1 2 1
0 6 4 6 3 3 3 5
0 19 4 6 3 3 2 2 3 0 1 6 1 2 1 2 1 2 1 2 1
0 7 5 1 4 6 3 3 3
0 9 5 3 5 3 5 3 5 3 5
0 28 3 4 6 3 3 0 3 1 1 6 2 1 2 1 2 1 2 1 1 2 1 2 1 2 1 6 2 1
0 12 5 1 2 2 2 2 2 2 2 2 6 6
0 9 3 4 6 3 3 3 3 2 3
0 2 6 6
0 2 4 4
0 30 4 6 3 4 6 3 3 3 4 6 2 2 2 3 1 3 1 2 1 2 1 2 1 6 2 1 2 1 2 1
0 33 6 6 1 2 2 2 2 6 6 1 2 2 5 1 2 4 6 3 3 3 2 2 2 2 3 0 3 1 2 1 2 1 2
0 16 5 1 4 6 3 3 3 3 0 1 1 2 1 2 1 2
0 7 5 1 2 2 2 2 2
0 20 5 1 2 2 2 2 2 2 2 2 6 6 1 6 6 1 6 6 1 5
0 19 6 6 1 6 6 1 3 4 6 3 2 6 6 1 2 2 2 2 2
0 5 6 6 1 2 2
0 32 5 1 2 2 2 2 2 2 2 2 6 6 1 6 6 1 6 6 1 5 1 5 1 6 6 1 6 6 1 3 6 6
0 23 5 1 2 2 2 2 4 4 6 3 4 4 6 3 3 3 3 2 2 2 2 2 3
0 24 6 6 1 6 6 1 5 1 2 2 2 2 6 6 1 4 3 4 6 2 2 2 2 2
0 14 2 2 2 2 2 3 0 1 2 1 2 1 2 1
0 21 4 4 6 3 3 3 3 4 6 3 3 3 2 3 0 4 1 1 2 1 2
0 55 5 1 2 2 2 2 2 2 2 2 6 6 1 6 6 1 6 6 1 5 1 5 1 6 6 1 6 6 1 3 6 6 1 6 6 1 6 6 1 5 1 6 6 1 3 0 1 1 2 1 2 1 2 1 2
0 15 2 2 2 2 4 6 3 3 3 4 6 3 3 3 3
0 28 4 4 6 3 3 3 3 4 6 3 3 3 2 3 0 4 1 1 2 1 2 1 2 1 6 2 1 2
0 18 6 6 1 2 2 2 2 6 6 1 6 6 1 5 1 2 3 0
0 19 2 2 2 2 2 3 0 4 1 2 1 2 1 2 1 2 1 6 2
0 6 4 3 2 2 3 0
0 41 4 6 3 4 6 3 3 3 4 6 2 2 2 3 1 3 1 2 1 2 1 2 1 6 2 1 2 1 2 1 2 1 2 1 1 2 1 2 1 2 1
0 13 4 6 3 3 3 5 1 6 6 1 4 4 6
0 12 3 4 6 3 3 3 6 6 1 6 6 1
0 18 3 4 6 3 3 3 2 2 2 2 2 3 0 1 6 1 2 1
0 29 6 6 1 2 2 2 2 6 6 1 2 2 5 1 2 4 6 3 3 3 2 2 2 2 3 0 3 1 2
0 32 4 6 3 4 6 3 3 3 4 6 2 2 2 3 1 3 1 2 1 2 1 2 1 6 2 1 2 1 2 1 2 1
0 13 4 6 3 4 6 3 3 3 3 4 6 3 3
0 15 4 6 3 4 6 3 3 3 3 4 6 3 3 3 2
0 23 4 6 6 6 1 6 6 1 6 6 1 6 6 1 6 6 1 6 6 1 5 1 6
0 13 4 6 3 3 4 6 3 3 4 6 2 3 0
0 25 6 6 1 5 1 4 6 4 6 3 3 3 4 6 3 3 3 3 2 2 2 2 3 1 3
0 15 4 6 3 3 3 3 3 4 6 3 3 3 3 2 3
0 27 5 1 2 2 2 2 2 4 6 3 6 6 1 6 6 1 2 3 0 4 1 2 1 2 1 2 1
0 7 5 1 2 2 6 6 1
0 20 3 4 6 3 3 0 3 1 1 6 2 1 2 1 2 1 2 1 1 2
0 19 4 6 3 3 3 3 3 3 4 6 3 3 3 3 6 6 1 4 6
0 13 2 3 1 3 1 1 2 1 2 1 2 1 2
0 5 2 2 3 1 3
0 13 3 4 4 6 3 3 3 6 6 1 6 6 1
0 22 4 6 6 6 1 6 6 1 6 6 1 6 6 1 6 6 1 6 6 1 5 1
0 2 4 6
0 25 5 1 2 2 2 2 2 4 6 3 6 6 1 6 6 1 2 3 0 4 1 2 1 2 1
0 4 3 4 4 6
0 7 2 2 2 2 2 3 0
0 8 3 4 6 3 3 3 6 6
0 8 4 6 3 3 3 4 6 3
0 4 5 1 6 6
0 29 4 6 6 6 1 6 6 1 6 6 1 6 6 1 6 6 1 6 6 1 5 1 6 6 1 6 6 1 2
0 25 6 6 1 2 2 2 2 6 6 1 6 6 1 5 1 2 3 0 1 6 2 1 1 2 1
0 18 4 6 3 4 6 3 3 3 3 4 6 3 3 3 2 2 2 2
0 3 5 1 6
0 24 4 6 3 3 3 3 3 4 6 3 3 3 4 6 3 3 4 6 3 3 4 6 3 3
0 17 4 6 3 3 4 6 3 3 3 6 6 1 5 1 5 1 6
0 28 4 6 3 4 6 3 3 3 4 6 2 2 2 3 1 3 1 2 1 2 1 2 1 6 2 1 2 1
0 25 6 6 1 6 6 1 5 1 2 2 2 2 6 6 1 4 3 4 6 2 2 2 2 2 3
0 19 4 4 6 3 3 3 3 3 5 1 6 6 1 4 6 3 3 3 3
0 22 6 6 1 2 2 2 2 6 6 1 6 6 1 5 1 2 3 0 1 6 2 1
0 11 6 6 1 6 6 1 3 4 6 3 2
0 25 4 6 3 3 3 5 1 6 6 1 4 4 6 3 3 3 3 2 2 2 3 1 3 1 2
0 12 2 2 2 2 2 3 0 1 2 1 2 1
0 10 4 6 3 3 3 5 1 6 6 1
0 1 6
0 4 4 4 6 3
0 11 4 6 3 4 4 6 4 6 3 3 3
0 8 6 6 1 2 2 2 2 6
0 6 2 3 0 1 6 2
0 15 3 4 6 3 3 3 6 6 1 6 6 1 6 6 1
0 19 5 1 2 2 6 6 1 2 2 2 2 2 5 1 4 6 3 3 3
0 7 4 6 6 6 1 6 6
0 25 4 6 3 3 4 6 3 3 3 6 6 1 5 1 5 1 6 6 1 6 6 1 3 3 2
0 27 5 1 2 2 2 2 4 4 6 3 4 4 6 3 3 3 3 2 2 2 2 2 3 0 1 1 2
0 10 4 4 6 3 3 3 3 4 6 3
0 21 4 6 3 3 3 3 2 2 2 3 1 3 1 2 1 1 6 2 1 6 2
0 23 5 1 6 6 1 6 6 1 2 2 2 6 6 1 6 6 1 4 6 3 3 3 3
0 17 5 1 2 2 6 6 1 2 2 2 2 2 5 1 4 6 3
0 15 4 6 3 3 3 5 1 6 6 1 4 4 6 3 3
0 15 4 6 6 6 1 6 6 1 6 6 1 6 6 1 6
0 7 4 6 3 3 3 4 6
0 31 4 6 6 6 1 6 6 1 6 6 1 6 6 1 6 6 1 6 6 1 5 1 6 6 1 6 6 1 2 3 0
0 14 4 6 3 4 6 4 6 3 3 6 6 1 6 6
0 16 4 4 6 3 3 3 3 4 6 3 3 3 2 3 0 4
0 35 5 1 2 2 2 2 2 2 2 2 6 6 1 6 6 1 6 6 1 5 1 5 1 6 6 1 6 6 1 3 6 6 1 6 6
0 18 4 6 3 3 3 3 3 4 6 3 3 3 4 6 3 3 4 6
0 27 4 6 6 6 1 6 6 1 6 6 1 6 6 1 6 6 1 6 6 1 5 1 6 6 1 6 6
0 28 6 6 1 2 2 2 2 6 6 1 6 6 1 5 1 2 3 0 1 6 2 1 1 2 1 2 1 2
0 12 4 4 6 3 3 3 6 6 1 2 2 2
0 7 2 3 0 1 6 2 1
0 19 4 6 3 3 4 6 3 3 3 6 6 1 5 1 5 1 6 6 1
0 14 4 6 3 3 3 3 2 2 2 3 1 3 1 2
0 18 4 4 6 3 3 3 6 6 1 2 2 2 3 0 4 1 2 1
0 17 4 6 6 6 1 6 6 1 6 6 1 6 6 1 6 6 1
0 13 6 6 1 6 6 1 5 1 2 2 2 2 6
0 18 4 4 6 3 3 3 3 3 5 1 6 6 1 4 6 3 3 3
0 30 5 1 2 2 2 2 4 4 6 3 4 4 6 3 3 3 3 2 2 2 2 2 3 0 1 1 2 1 2 1
0 36 4 6 3 3 3 5 1 6 6 1 4 4 6 3 3 3 3 2 2 2 3 1 3 1 2 1 2 1 2 1 6 1 2 1 1 2
0 11 4 6 3 3 3 3 3 4 6 3 3
0 6 4 6 3 3 3 4
0 10 4 6 3 3 3 3 3 4 6 3
0 20 4 6 3 3 3 3 3 3 4 6 3 3 3 3 6 6 1 4 6 3
0 14 4 4 6 3 3 3 3 3 5 1 6 6 1 4
0 24 4 6 3 3 4 6 3 3 3 6 6 1 5 1 5 1 6 6 1 6 6 1 3 3
0 15 4 6 3 3 3 3 3 2 3 0 1 2 1 2 1
0 24 3 4 6 3 3 0 3 1 1 6 2 1 2 1 2 1 2 1 1 2 1 2 1 2
0 29 4 6 3 4 6 3 3 3 4 6 2 2 2 3 1 3 1 2 1 2 1 2 1 6 2 1 2 1 2
0 40 4 6 3 4 6 3 3 3 4 6 2 2 2 3 1 3 1 2 1 2 1 2 1 6 2 1 2 1 2 1 2 1 2 1 1 2 1 2 1 2
0 41 6 6 1 2 2 2 2 6 6 1 2 2 5 1 2 4 6 3 3 3 2 2 2 2 3 0 3 1 2 1 2 1 2 1 2 1 2 1 6 2 1
0 8 5 1 2 2 6 6 1 2
0 16 4 6 3 4 6 3 3 3 4 6 2 2 2 3 1 3
0 19 4 6 3 3 3 3 3 4 6 3 3 1 3 1 1 6 1 2 1
0 32 4 4 6 3 3 3 3 3 5 1 6 6 1 4 6 3 3 3 3 2 3 0 1 2 1 2 1 1 6 2 1 2
0 24 3 4 4 6 3 3 3 6 6 1 6 6 1 6 6 1 2 2 3 0 1 2 1 2
0 47 4 6 3 3 3 5 1 6 6 1 4 4 6 3 3 3 3 2 2 2 3 1 3 1 2 1 2 1 2 1 6 1 2 1 1 2 1 2 1 2 1 2 1 1 2 1 2
0 21 4 6 3 3 3 3 3 4 6 3 3 3 4 6 3 3 4 6 3 3 4
0 8 5 1 6 6 1 2 3 0
0 14 4 6 3 3 3 3 3 3 4 6 3 3 3 3
0 5 4 6 3 3 3
0 7 2 3 1 3 1 1 2
0 10 2 2 2 2 2 3 0 1 2 1
0 12 4 6 3 4 6 3 3 3 4 6 2 2
0 33 4 6 3 3 3 3 2 2 2 3 1 3 1 2 1 1 6 2 1 6 2 1 2 1 2 1 6 2 1 2 1 2 1
0 9 2 2 2 2 4 6 3 3 3
0 18 5 1 2 2 2 2 4 4 6 3 4 4 6 3 3 3 3 2
0 9 5 1 2 2 2 2 2 2 2
0 5 4 3 2 2 3
0 22 5 1 2 2 2 2 2 4 6 3 6 6 1 6 6 1 2 3 0 4 1 2
0 5 5 1 4 6 3
0 16 6 6 1 6 6 1 5 1 2 2 2 2 6 6 1 4
0 41 4 6 3 3 3 3 3 4 6 3 3 3 4 6 3 3 4 6 3 3 4 6 3 3 2 3 0 1 1 2 1 2 1 1 1 6 2 1 2 1 2
0 24 6 6 1 6 6 1 3 4 6 3 2 6 6 1 2 2 2 2 2 2 2 2 2 2
0 14 4 6 3 3 3 4 6 3 3 3 6 6 1 4
0 41 4 6 3 3 3 5 1 6 6 1 4 4 6 3 3 3 3 2 2 2 3 1 3 1 2 1 2 1 2 1 6 1 2 1 1 2 1 2 1 2 1
0 10 4 6 3 3 3 3 3 6 6 1
0 10 2 3 1 3 1 1 2 1 2 1
0 25 5 1 6 6 1 6 6 1 2 2 2 6 6 1 6 6 1 4 6 3 3 3 3 2 3
0 9 5 1 4 6 3 3 3 3 0
0 26 4 6 3 3 3 3 3 4 6 3 3 3 4 6 3 3 4 6 3 3 4 6 3 3 2 3
0 5 4 6 3 4 4
0 3 3 4 6
0 18 4 6 3 3 3 3 3 2 3 0 4 1 2 1 2 1 2 1
0 22 4 4 6 3 3 3 3 3 5 1 6 6 1 4 6 3 3 3 3 2 3 0
0 23 5 1 2 2 2 2 2 2 2 2 6 6 1 6 6 1 6 6 1 5 1 5 1
0 28 4 6 3 3 3 3 2 2 2 3 1 3 1 2 1 1 6 2 1 6 2 1 2 1 2 1 6 2
0 24 4 6 3 3 3 4 6 3 3 3 6 6 1 4 6 6 1 2 2 2 2 2 3 1
0 11 6 6 1 2 2 2 2 6 6 1 6
0 9 3 4 6 3 3 4 6 3 2
0 8 4 6 3 3 3 3 3 6
0 20 4 4 6 3 3 3 6 6 1 2 2 2 3 0 4 1 2 1 2 1
0 17 4 6 3 3 3 3 3 3 4 6 3 3 3 3 6 6 1
0 21 4 6 3 3 3 3 3 2 3 0 1 2 1 2 1 2 1 2 1 2 1
0 11 4 6 3 4 6 3 3 3 3 4 6
0 23 4 6 3 3 3 3 3 3 4 6 3 3 3 3 6 6 1 4 6 3 3 3 3
0 8 4 6 3 3 3 5 1 6
0 39 5 1 2 2 2 2 4 4 6 3 4 4 6 3 3 3 3 2 2 2 2 2 3 0 1 1 2 1 2 1 6 2 1 2 1 2 1 2 1
0 9 4 4 6 3 3 3 3 4 6
0 27 5 1 2 2 2 2 2 2 2 2 6 6 1 6 6 1 6 6 1 5 1 5 1 6 6 1 6
0 34 4 6 3 3 4 6 3 3 3 6 6 1 5 1 5 1 6 6 1 6 6 1 3 3 2 3 1 3 1 1 6 1 2 1
0 18 4 6 3 4 6 3 3 3 4 6 2 2 2 3 1 3 1 2
0 29 4 4 6 3 3 3 3 4 6 3 3 3 2 3 0 4 1 1 2 1 2 1 2 1 6 2 1 2 1
0 6 3 4 4 6 3 3
0 56 5 1 2 2 2 2 2 2 2 2 6 6 1 6 6 1 6 6 1 5 1 5 1 6 6 1 6 6 1 3 6 6 1 6 6 1 6 6 1 5 1 6 6 1 3 0 1 1 2 1 2 1 2 1 2 1
0 25 3 4 6 3 3 0 3 1 1 6 2 1 2 1 2 1 2 1 1 2 1 2 1 2 1
0 18 6 6 1 5 1 4 6 4 6 3 3 3 4 6 3 3 3 3
0 34 6 6 1 2 2 2 2 6 6 1 2 2 5 1 2 4 6 3 3 3 2 2 2 2 3 0 3 1 2 1 2 1 2 1
0 12 3 4 6 3 3 3 2 2 2 2 2 3
0 27 6 6 1 6 6 1 3 4 6 3 2 6 6 1 2 2 2 2 2 2 2 2 2 2 2 2 3
0 17 5 1 6 6 1 6 6 1 2 2 2 6 6 1 6 6 1
0 9 6 6 1 6 6 1 5 1 2
0 20 6 6 1 6 6 1 3 4 6 3 2 6 6 1 2 2 2 2 2 2
0 8 4 4 6 3 3 3 6 6
0 15 5 1 2 2 2 2 2 2 2 2 6 6 1 6 6
0 36 5 1 6 6 1 6 6 1 2 2 2 6 6 1 6 6 1 4 6 3 3 3 3 2 3 0 1 2 1 1 2 1 2 1 2 1
0 17 4 6 3 4 6 4 6 3 3 6 6 1 6 6 1 5 1
0 35 5 1 6 6 1 6 6 1 2 2 2 6 6 1 6 6 1 4 6 3 3 3 3 2 3 0 1 2 1 1 2 1 2 1 2
0 17 4 6 3 3 2 2 3 0 1 6 1 2 1 2 1 2 1
0 16 5 1 2 2 2 2 2 2 2 2 6 6 1 6 6 1
0 15 4 6 3 3 3 3 3 2 3 0 4 1 2 1 2
0 14 3 4 4 6 3 3 3 6 6 1 6 6 1 6
0 17 4 6 3 3 3 3 3 4 6 3 3 3 4 6 3 3 4
0 22 5 1 2 2 2 2 2 2 2 2 6 6 1 6 6 1 6 6 1 5 1 5
0 21 6 6 1 2 2 2 2 6 6 1 6 6 1 5 1 2 3 0 1 6 2
