105 7
1 0 
1 2 6 0
1 8 3 1 1 1 1 4 1 4
1 2 0 1
1 2 6 6
1 4 6 6 6 2
1 3 5 5 1
1 5 6 6 6 6 1
1 3 6 6 0
1 2 1 4
1 1 0
1 2 6 1
1 4 6 6 6 6
1 3 1 4 1
1 1 1
1 3 3 0 4
1 1 6
1 5 6 6 6 6 6
1 6 6 6 6 6 6 0
1 2 5 5
1 6 6 6 6 6 6 2
1 4 6 6 6 1
1 4 6 6 6 0
1 9 5 5 0 4 1 4 1 4 1
1 3 3 1 1
1 3 6 6 1
1 3 6 6 2
1 5 1 1 5 1 1
1 7 3 0 4 1 4 0 4
1 3 6 6 6
0 4 5 0 4 0
0 4 0 1 4 0
0 7 5 5 1 1 4 1 0
0 6 5 5 0 4 1 0
0 8 5 5 0 4 1 0 4 0
0 8 5 5 1 0 4 1 4 0
0 6 5 0 4 0 4 0
0 8 0 3 0 4 1 1 1 0
0 5 1 4 1 4 0
0 7 5 1 1 0 4 1 0
0 3 1 4 0
0 9 1 4 1 4 0 4 0 4 0
0 9 1 4 1 4 1 1 4 1 0
0 9 1 4 0 4 1 1 0 4 0
0 10 5 5 1 1 4 0 4 1 4 0
0 7 5 5 1 4 0 4 0
0 3 0 4 0
0 16 1 5 0 5 0 0 0 0 0 5 1 1 4 0 4 0
0 10 5 5 1 4 0 4 1 1 4 0
0 9 0 3 3 3 3 1 4 1 0
0 9 5 5 1 1 4 1 4 1 0
0 7 5 5 0 4 0 4 0
0 5 5 1 0 4 0
0 5 5 5 1 4 0
0 7 5 5 1 0 4 1 0
0 6 1 4 1 1 1 0
0 10 0 3 3 3 1 4 1 1 4 0
0 9 0 3 3 1 4 1 4 1 0
0 9 1 1 0 4 0 4 1 4 0
0 7 1 1 0 4 1 4 0
0 10 0 5 5 0 5 5 0 0 4 0
0 6 5 1 1 0 4 0
0 9 5 1 1 1 1 1 0 4 0
0 4 1 4 1 0
0 5 0 4 0 4 0
0 7 1 4 1 4 0 4 0
0 5 1 1 0 4 0
0 7 2 5 0 0 4 1 0
0 10 5 5 5 0 2 2 1 4 1 0
0 10 5 5 0 4 1 0 4 0 4 0
0 8 1 4 1 1 4 0 4 0
0 7 0 4 0 4 0 4 0
0 5 5 5 0 4 0
0 7 1 4 1 4 1 4 0
0 14 0 5 5 0 5 5 0 0 4 0 4 0 4 0
0 4 1 1 4 0
0 5 5 0 4 1 0
0 17 0 0 5 5 0 5 0 2 1 2 1 0 4 0 4 1 0
0 9 0 3 3 3 3 3 1 4 0
0 6 0 1 4 0 4 0
0 8 1 5 0 2 1 0 4 0
0 8 0 3 3 1 1 0 4 0
0 12 0 5 5 0 5 5 0 0 4 0 4 0
0 5 1 4 1 1 0
0 14 1 5 0 5 0 0 0 0 0 5 1 1 4 0
0 5 2 0 4 1 0
0 7 0 1 0 4 1 1 0
0 8 3 3 3 3 1 0 4 0
0 14 0 0 5 5 0 5 0 2 1 2 1 0 4 0
0 8 5 0 5 0 0 1 4 0
0 6 1 4 1 1 4 0
0 7 5 5 0 4 1 4 0
0 7 5 5 0 4 1 1 0
0 9 0 3 3 0 4 1 0 4 0
0 8 1 4 1 4 1 1 1 0
0 8 0 1 4 0 4 0 4 0
0 9 1 4 1 4 1 4 0 4 0
0 5 1 4 0 4 0
0 12 0 0 5 0 0 5 3 1 4 1 4 0
0 6 5 5 1 0 4 0
0 8 5 2 1 1 1 4 1 0
0 7 1 4 0 4 1 1 0
0 6 5 5 1 1 4 0
0 5 5 1 4 1 0
0 7 0 3 3 0 4 1 0
