926 7
1 39 3 6 1 4 0 6 3 6 6 3 3 5 5 5 6 6 5 5 5 5 6 6 6 6 5 6 6 3 4 1 5 3 3 3 3 4 1 5 3
1 49 6 1 3 6 1 4 0 6 3 6 3 0 6 3 6 3 3 4 1 5 3 3 5 5 5 5 5 6 6 6 5 5 5 5 5 5 5 6 6 6 6 5 5 5 6 4 1 5 3
1 14 3 1 6 6 6 6 6 6 6 1 1 1 1 4
1 15 6 1 3 3 3 3 4 0 0 6 3 6 6 6 6
1 129 6 1 4 0 6 6 6 6 6 3 3 5 5 5 3 5 5 5 5 6 6 6 6 6 5 5 5 6 6 6 6 5 5 6 6 4 1 5 3 3 5 5 5 5 5 6 6 6 5 6 6 6 6 6 5 5 5 5 6 6 6 6 6 5 6 6 6 6 5 5 6 6 6 6 6 5 5 6 6 6 6 6 5 5 5 6 6 5 6 6 6 4 1 5 3 5 5 5 5 5 6 3 5 5 6 6 6 6 5 5 5 5 6 5 5 6 6 6 6 5 6 6 5 6 6 4 1 5 3
1 125 6 1 6 1 3 1 6 6 6 6 6 6 2 2 2 6 6 3 3 6 3 3 6 5 5 6 6 6 6 5 5 5 5 5 6 6 6 6 5 5 5 5 5 6 6 5 5 5 5 5 5 6 6 6 6 6 4 1 5 3 5 6 6 6 6 5 5 6 6 5 5 5 5 5 5 5 5 5 6 6 6 6 5 5 5 5 5 6 3 3 4 1 5 3 5 5 5 5 5 6 6 6 6 6 5 5 5 6 5 5 5 5 5 6 5 5 5 5 6 6 6 4 1 5 3
1 123 3 3 6 1 6 1 3 4 0 6 3 3 6 6 6 6 6 6 3 0 4 1 5 3 3 3 4 1 5 3 5 5 5 5 6 6 6 6 6 5 5 5 5 5 6 6 6 5 5 6 6 6 5 6 6 6 6 3 5 5 5 6 5 6 6 6 6 6 5 5 5 5 5 6 6 6 6 6 5 5 5 6 6 6 4 1 5 3 5 5 6 6 6 6 6 5 5 5 6 6 6 6 5 5 5 5 5 6 6 6 5 5 5 5 5 6 6 3 3 4 1 5 3
1 5 3 6 1 1 0
1 6 1 6 2 2 1 1
1 99 1 6 6 3 6 3 5 5 5 5 6 6 6 6 5 5 5 5 6 6 3 4 1 5 3 5 5 6 6 6 6 6 5 5 5 6 6 6 4 1 5 3 4 1 5 3 5 6 6 6 5 5 5 5 5 6 6 6 6 5 5 5 5 6 6 6 6 5 5 6 6 6 6 3 5 6 6 6 5 5 5 5 5 6 6 6 6 5 5 5 5 5 6 3 3 4 1 5 3
1 20 3 3 1 6 6 6 6 6 6 6 3 6 6 6 2 2 2 2 1 1
1 10 1 3 6 3 0 3 6 6 6 3
1 9 6 1 6 1 3 6 1 1 4
1 6 3 3 6 1 4 0
1 22 6 1 6 1 3 3 4 0 6 6 3 6 2 2 2 2 2 2 2 2 1 1
1 16 6 1 3 4 0 2 2 1 1 4 4 4 1 1 1 1
1 184 6 1 3 6 1 3 3 1 3 6 6 3 6 2 2 2 2 2 6 2 2 2 2 2 3 3 3 4 1 5 3 3 5 6 5 6 6 6 5 6 6 6 3 4 1 5 3 5 5 6 6 5 5 5 5 5 6 6 6 6 6 5 5 5 5 6 6 6 6 6 5 3 5 5 5 6 6 6 6 6 4 1 5 3 5 5 5 5 5 5 5 5 6 5 5 5 6 6 6 5 5 5 5 5 6 6 6 6 5 5 5 6 5 5 6 6 6 5 5 5 6 6 6 5 5 6 6 6 6 6 5 5 5 5 5 6 6 6 6 5 5 5 5 6 6 6 4 1 5 3 5 5 5 5 6 5 5 5 5 5 6 6 6 6 6 5 5 5 5 5 6 6 6 6 6 5 5 5 5 5 4 1 5 3
1 5 6 1 3 3 1
1 23 6 1 6 1 1 0 6 2 2 2 4 1 1 1 1 4 4 4 4 4 4 4 4
1 18 3 3 3 6 1 1 6 3 6 6 3 3 6 6 6 6 6 6
1 16 4 0 6 3 6 2 2 2 2 2 2 2 2 2 1 1
1 115 3 6 1 6 1 4 0 5 6 6 6 5 5 5 5 6 5 5 6 6 6 6 6 6 6 5 6 3 5 5 5 5 5 6 6 6 5 5 5 6 6 6 6 6 3 4 1 5 3 5 5 5 5 6 6 5 6 6 6 6 6 4 1 5 3 3 5 5 5 5 6 6 6 6 6 5 5 6 6 6 5 6 6 5 5 5 6 5 6 6 6 6 5 5 5 5 6 5 5 5 6 6 6 6 6 5 5 5 5 5 6 4 1 5 3
1 32 3 3 1 6 6 6 6 6 6 6 6 6 6 2 4 4 4 4 4 4 4 4 4 4 4 4 4 4 4 4 4 4
1 46 1 6 2 0 6 2 6 3 5 5 6 6 5 5 5 5 5 6 6 4 1 5 3 3 4 1 5 3 5 5 5 6 6 6 6 5 5 5 6 6 6 3 4 1 5 3
1 23 3 6 1 3 1 6 2 1 1 1 1 4 4 4 4 1 1 1 1 4 4 4 4
1 15 4 0 6 4 4 4 4 4 4 2 2 1 1 4 4
1 55 3 3 6 1 3 3 4 0 0 3 6 5 5 5 5 6 6 6 6 6 6 5 5 5 6 3 5 5 6 6 6 6 6 5 6 6 5 5 5 5 5 6 4 1 5 3 3 3 3 3 3 4 1 5 3
1 16 3 3 4 0 2 2 2 2 1 1 4 4 1 1 1 1
1 48 3 1 6 3 6 6 6 6 6 6 2 3 5 5 5 6 6 6 6 6 5 5 5 5 6 6 6 3 3 3 4 1 5 3 5 5 5 5 5 6 6 6 6 3 4 1 5 3
1 12 6 1 3 3 6 1 4 0 6 2 6 2
1 9 3 3 1 6 3 4 4 4 4
1 20 3 3 3 1 6 6 6 6 1 1 1 1 1 1 1 1 1 1 1 1
0 50 3 3 3 6 1 1 6 3 6 3 0 3 3 4 1 5 3 5 5 5 5 5 6 6 6 6 6 6 6 6 5 5 5 5 5 6 6 5 6 6 6 5 5 5 5 5 6 6 5 5
0 37 1 3 3 4 1 5 3 3 4 1 5 3 5 5 5 5 5 6 6 6 6 5 5 6 6 6 6 5 5 5 5 6 6 6 6 6 5
0 26 3 3 3 6 1 1 6 3 6 3 0 3 3 4 1 5 3 5 5 5 5 5 6 6 6 6
0 17 6 1 3 3 3 1 6 2 2 2 3 3 3 5 5 4 1
0 40 3 6 1 3 3 1 6 2 6 2 3 6 6 6 5 5 5 5 5 6 6 6 6 5 5 6 6 6 6 6 5 5 5 6 5 6 6 5 6 6
0 28 1 6 2 6 2 2 2 4 1 5 3 3 5 5 5 5 6 6 6 5 6 5 6 6 6 6 5 5
0 82 6 1 3 3 1 5 5 6 6 6 6 5 6 6 6 4 1 5 3 5 5 5 6 5 5 5 5 5 5 6 6 6 6 5 5 5 5 6 6 6 5 5 5 5 6 6 6 3 4 1 5 3 3 3 5 6 4 1 5 3 5 5 5 5 5 6 6 6 5 6 6 5 6 6 6 6 6 6 5 5 5 6
0 23 4 0 6 3 6 2 2 1 1 4 4 4 4 4 2 2 2 2 2 2 1 1 1
0 44 6 1 3 3 3 3 4 0 3 4 1 5 3 3 5 5 5 6 6 6 6 6 6 6 5 5 5 5 5 6 6 6 5 5 5 5 5 6 6 6 6 6 6 6
0 18 3 3 3 6 1 4 0 3 3 6 3 6 6 0 6 5 5 5
0 44 6 1 3 3 1 5 5 6 6 6 6 5 6 6 6 4 1 5 3 5 5 5 6 5 5 5 5 5 5 6 6 6 6 5 5 5 5 6 6 6 5 5 5 5
0 51 6 1 3 3 3 3 4 0 3 4 1 5 3 3 5 5 5 6 6 6 6 6 6 6 5 5 5 5 5 6 6 6 5 5 5 5 5 6 6 6 6 6 6 6 5 6 6 6 6 4 1
0 38 4 0 3 3 3 4 1 5 3 3 5 5 5 5 5 6 6 5 5 5 5 5 5 5 5 5 6 6 6 5 6 6 4 1 5 3 3 3
0 23 3 6 1 6 1 6 1 6 1 1 4 1 5 3 5 5 6 6 6 6 5 5 5
0 64 3 3 3 6 1 1 6 3 6 3 0 3 3 4 1 5 3 5 5 5 5 5 6 6 6 6 6 6 6 6 5 5 5 5 5 6 6 5 6 6 6 5 5 5 5 5 6 6 5 5 6 6 6 5 6 5 5 5 5 4 1 5 3 3
0 36 3 3 6 1 6 1 3 4 0 4 1 5 3 5 5 5 6 6 6 6 6 5 5 5 5 5 6 6 6 6 6 6 6 3 5 6
0 18 3 6 1 3 1 6 3 6 6 3 6 6 4 4 4 4 4 2
0 30 3 6 1 3 3 1 6 2 6 2 3 6 6 6 5 5 5 5 5 6 6 6 6 5 5 6 6 6 6 6
0 40 3 6 1 6 1 1 3 6 6 6 3 6 3 6 6 6 3 6 6 3 5 6 5 6 6 5 5 5 6 6 6 5 5 5 6 6 6 6 6 6
0 46 4 0 3 3 3 4 1 5 3 3 5 5 5 5 5 6 6 5 5 5 5 5 5 5 5 5 6 6 6 5 6 6 4 1 5 3 3 3 5 5 5 5 5 6 6 5
0 24 3 1 6 2 2 2 2 6 6 6 0 3 3 6 1 1 1 1 4 4 4 4 4 1
0 21 1 6 2 6 2 2 2 4 1 5 3 3 5 5 5 5 6 6 6 5 6
0 69 3 3 3 6 1 4 0 3 3 6 3 6 6 0 6 5 5 5 5 6 6 6 6 6 5 5 5 5 6 6 6 5 5 5 5 5 5 6 5 6 6 6 6 6 5 5 5 5 5 6 6 6 6 5 5 5 5 5 6 6 6 6 5 5 5 5 5 5 5
0 31 3 3 6 1 6 1 3 4 0 4 1 5 3 5 5 5 6 6 6 6 6 5 5 5 5 5 6 6 6 6 6
0 17 3 6 1 6 1 6 1 6 1 1 4 1 5 3 5 5 6
0 29 1 6 3 6 2 2 6 3 6 6 3 5 5 5 5 6 6 6 6 5 5 5 5 5 6 6 6 6 6
0 19 6 1 3 3 3 3 4 0 3 4 1 5 3 3 5 5 5 6 6
0 2 3 3
0 41 3 3 3 6 1 1 6 3 6 3 0 3 3 4 1 5 3 5 5 5 5 5 6 6 6 6 6 6 6 6 5 5 5 5 5 6 6 5 6 6 6
0 33 3 3 6 1 6 1 3 4 0 4 1 5 3 5 5 5 6 6 6 6 6 5 5 5 5 5 6 6 6 6 6 6 6
0 30 6 1 3 3 3 1 6 2 2 2 3 3 3 5 5 4 1 5 3 3 5 5 5 5 5 6 6 6 5 6
0 59 1 6 2 6 2 2 2 4 1 5 3 3 5 5 5 5 6 6 6 5 6 5 6 6 6 6 5 5 5 5 5 6 5 5 5 5 6 6 4 1 5 3 6 6 6 5 6 6 5 5 5 5 5 6 6 6 4 1 5
0 79 6 1 3 3 1 5 5 6 6 6 6 5 6 6 6 4 1 5 3 5 5 5 6 5 5 5 5 5 5 6 6 6 6 5 5 5 5 6 6 6 5 5 5 5 6 6 6 3 4 1 5 3 3 3 5 6 4 1 5 3 5 5 5 5 5 6 6 6 5 6 6 5 6 6 6 6 6 6 5
0 11 4 0 3 3 3 4 1 5 3 3 5
0 47 3 3 3 6 1 4 0 3 3 6 3 6 6 0 6 5 5 5 5 6 6 6 6 6 5 5 5 5 6 6 6 5 5 5 5 5 5 6 5 6 6 6 6 6 5 5 5
0 30 3 4 0 3 4 1 5 3 4 1 5 3 4 1 5 3 3 3 5 5 5 6 6 6 6 6 5 5 5 5
0 40 1 6 3 6 2 2 6 3 6 6 3 5 5 5 5 6 6 6 6 5 5 5 5 5 6 6 6 6 6 6 6 6 3 3 5 5 5 5 5 6
0 29 3 3 3 3 4 0 6 6 6 6 6 4 2 2 2 2 2 2 2 2 2 2 1 1 2 2 2 2 1
0 47 3 6 1 6 1 1 3 6 6 6 3 6 3 6 6 6 3 6 6 3 5 6 5 6 6 5 5 5 6 6 6 5 5 5 6 6 6 6 6 6 3 4 1 5 3 6 5
0 52 1 3 3 4 1 5 3 3 4 1 5 3 5 5 5 5 5 6 6 6 6 5 5 6 6 6 6 5 5 5 5 6 6 6 6 6 5 5 6 5 5 5 6 5 5 5 6 6 6 4 1 5
0 38 3 6 1 3 3 1 6 2 6 2 3 6 6 6 5 5 5 5 5 6 6 6 6 5 5 6 6 6 6 6 5 5 5 6 5 6 6 5
0 9 6 1 6 1 4 0 3 4 1
0 32 3 3 6 1 6 1 3 4 0 4 1 5 3 5 5 5 6 6 6 6 6 5 5 5 5 5 6 6 6 6 6 6
0 25 3 3 3 3 4 0 6 6 6 6 6 4 2 2 2 2 2 2 2 2 2 2 1 1 2
0 6 3 4 0 3 4 1
0 39 3 6 1 6 1 1 3 6 6 6 3 6 3 6 6 6 3 6 6 3 5 6 5 6 6 5 5 5 6 6 6 5 5 5 6 6 6 6 6
0 3 3 3 6
0 63 3 3 3 3 1 6 3 3 6 6 6 6 6 6 6 6 6 3 6 6 3 6 6 6 6 5 5 5 5 5 6 6 5 6 6 6 6 6 5 6 5 5 5 5 5 5 5 5 5 6 6 6 5 5 5 5 6 6 6 3 4 1 5
0 55 6 1 3 3 3 3 4 0 3 4 1 5 3 3 5 5 5 6 6 6 6 6 6 6 5 5 5 5 5 6 6 6 5 5 5 5 5 6 6 6 6 6 6 6 5 6 6 6 6 4 1 5 3 3 3
0 22 3 4 0 3 4 1 5 3 4 1 5 3 4 1 5 3 3 3 5 5 5 6
0 44 3 4 0 3 4 1 5 3 4 1 5 3 4 1 5 3 3 3 5 5 5 6 6 6 6 6 5 5 5 5 6 6 6 6 6 6 6 6 6 6 5 5 6 6
0 32 3 3 3 6 1 4 0 3 3 6 3 6 6 0 6 5 5 5 5 6 6 6 6 6 5 5 5 5 6 6 6 5
0 43 1 6 3 6 2 2 6 3 6 6 3 5 5 5 5 6 6 6 6 5 5 5 5 5 6 6 6 6 6 6 6 6 3 3 5 5 5 5 5 6 5 5 6
0 50 3 3 3 3 1 6 3 3 6 6 6 6 6 6 6 6 6 3 6 6 3 6 6 6 6 5 5 5 5 5 6 6 5 6 6 6 6 6 5 6 5 5 5 5 5 5 5 5 5 6
0 14 1 6 3 6 2 2 6 3 6 6 3 5 5 5
0 49 1 3 3 4 1 5 3 3 4 1 5 3 5 5 5 5 5 6 6 6 6 5 5 6 6 6 6 5 5 5 5 6 6 6 6 6 5 5 6 5 5 5 6 5 5 5 6 6 6
0 49 1 6 2 6 2 2 2 4 1 5 3 3 5 5 5 5 6 6 6 5 6 5 6 6 6 6 5 5 5 5 5 6 5 5 5 5 6 6 4 1 5 3 6 6 6 5 6 6 5
0 15 3 6 1 6 1 6 1 6 1 1 4 1 5 3 5
0 32 3 4 0 3 4 1 5 3 4 1 5 3 4 1 5 3 3 3 5 5 5 6 6 6 6 6 5 5 5 5 6 6
0 10 1 3 3 4 1 5 3 3 4 1
0 103 6 1 3 3 1 5 5 6 6 6 6 5 6 6 6 4 1 5 3 5 5 5 6 5 5 5 5 5 5 6 6 6 6 5 5 5 5 6 6 6 5 5 5 5 6 6 6 3 4 1 5 3 3 3 5 6 4 1 5 3 5 5 5 5 5 6 6 6 5 6 6 5 6 6 6 6 6 6 5 5 5 6 6 6 6 6 5 5 5 5 5 6 6 6 6 5 5 5 5 6 6 4 1
0 62 1 6 2 6 2 2 2 4 1 5 3 3 5 5 5 5 6 6 6 5 6 5 6 6 6 6 5 5 5 5 5 6 5 5 5 5 6 6 4 1 5 3 6 6 6 5 6 6 5 5 5 5 5 6 6 6 4 1 5 3 3 4
0 67 3 3 3 6 1 4 0 3 3 6 3 6 6 0 6 5 5 5 5 6 6 6 6 6 5 5 5 5 6 6 6 5 5 5 5 5 5 6 5 6 6 6 6 6 5 5 5 5 5 6 6 6 6 5 5 5 5 5 6 6 6 6 5 5 5 5 5
0 23 3 3 3 3 4 0 6 6 6 6 6 4 2 2 2 2 2 2 2 2 2 2 1
0 48 3 3 3 6 1 4 0 3 3 6 3 6 6 0 6 5 5 5 5 6 6 6 6 6 5 5 5 5 6 6 6 5 5 5 5 5 5 6 5 6 6 6 6 6 5 5 5 5
0 89 3 3 3 6 1 1 6 3 6 3 0 3 3 4 1 5 3 5 5 5 5 5 6 6 6 6 6 6 6 6 5 5 5 5 5 6 6 5 6 6 6 5 5 5 5 5 6 6 5 5 6 6 6 5 6 5 5 5 5 4 1 5 3 3 3 4 1 5 3 5 5 5 5 5 6 6 6 6 5 5 5 6 6 6 6 6 4 1 5
0 17 3 3 3 3 4 0 6 6 6 6 6 4 2 2 2 2 2
0 52 3 3 3 6 1 4 0 3 3 6 3 6 6 0 6 5 5 5 5 6 6 6 6 6 5 5 5 5 6 6 6 5 5 5 5 5 5 6 5 6 6 6 6 6 5 5 5 5 5 6 6 6
0 31 6 1 3 3 3 1 6 2 2 2 3 3 3 5 5 4 1 5 3 3 5 5 5 5 5 6 6 6 5 6 6
0 18 4 0 6 6 2 3 6 3 3 4 2 2 2 2 2 2 2 2
0 59 6 1 3 3 1 5 5 6 6 6 6 5 6 6 6 4 1 5 3 5 5 5 6 5 5 5 5 5 5 6 6 6 6 5 5 5 5 6 6 6 5 5 5 5 6 6 6 3 4 1 5 3 3 3 5 6 4 1 5
0 38 6 1 3 3 1 5 5 6 6 6 6 5 6 6 6 4 1 5 3 5 5 5 6 5 5 5 5 5 5 6 6 6 6 5 5 5 5 6
0 21 3 6 1 6 1 6 1 6 1 1 4 1 5 3 5 5 6 6 6 6 5
0 26 1 6 3 6 2 2 6 3 6 6 3 5 5 5 5 6 6 6 6 5 5 5 5 5 6 6
0 24 3 4 0 3 4 1 5 3 4 1 5 3 4 1 5 3 3 3 5 5 5 6 6 6
0 27 3 3 6 1 3 1 6 2 2 2 6 3 6 6 3 3 6 3 3 3 6 6 2 2 2 2 1
0 24 6 1 6 1 6 1 3 4 0 6 3 6 3 5 5 5 5 6 5 5 5 5 5 6
0 10 3 6 1 4 0 1 1 1 1 1
0 16 6 1 3 6 1 4 0 6 6 6 6 6 3 1 1 1
0 68 3 3 3 6 1 1 6 3 6 3 0 3 3 4 1 5 3 5 5 5 5 5 6 6 6 6 6 6 6 6 5 5 5 5 5 6 6 5 6 6 6 5 5 5 5 5 6 6 5 5 6 6 6 5 6 5 5 5 5 4 1 5 3 3 3 4 1 5
0 43 3 6 1 6 1 1 3 6 6 6 3 6 3 6 6 6 3 6 6 3 5 6 5 6 6 5 5 5 6 6 6 5 5 5 6 6 6 6 6 6 3 4 1
0 35 1 6 3 6 2 2 6 3 6 6 3 5 5 5 5 6 6 6 6 5 5 5 5 5 6 6 6 6 6 6 6 6 3 3 5
0 22 4 0 3 3 3 4 1 5 3 3 5 5 5 5 5 6 6 5 5 5 5 5
0 37 1 6 3 6 2 2 6 3 6 6 3 5 5 5 5 6 6 6 6 5 5 5 5 5 6 6 6 6 6 6 6 6 3 3 5 5 5
0 25 3 6 1 6 1 1 3 6 6 6 3 6 3 6 6 6 3 6 6 3 5 6 5 6 6
0 5 3 3 3 6 1
0 7 3 3 6 1 3 3 4
0 28 3 6 1 3 1 6 3 6 6 3 6 6 4 4 4 4 4 2 2 2 2 2 2 2 2 2 2 1
0 51 3 4 0 3 4 1 5 3 4 1 5 3 4 1 5 3 3 3 5 5 5 6 6 6 6 6 5 5 5 5 6 6 6 6 6 6 6 6 6 6 5 5 6 6 6 6 6 3 4 1 5
0 16 4 0 3 3 3 4 1 5 3 3 5 5 5 5 5 6
0 18 4 0 3 3 3 4 1 5 3 3 5 5 5 5 5 6 6 5
0 24 3 3 3 6 1 1 6 3 6 3 0 3 3 4 1 5 3 5 5 5 5 5 6 6
0 27 3 3 3 3 4 0 6 6 6 6 6 4 2 2 2 2 2 2 2 2 2 2 1 1 2 2 2
0 7 6 1 6 1 3 6 1
0 30 6 1 3 3 1 5 5 6 6 6 6 5 6 6 6 4 1 5 3 5 5 5 6 5 5 5 5 5 5 6
0 27 6 1 3 3 3 1 6 2 2 2 3 3 3 5 5 4 1 5 3 3 5 5 5 5 5 6 6
0 22 3 6 1 6 1 6 1 6 1 1 4 1 5 3 5 5 6 6 6 6 5 5
0 18 3 6 1 6 1 6 1 6 1 1 4 1 5 3 5 5 6 6
0 15 1 6 2 6 2 2 2 4 1 5 3 3 5 5 5
0 45 4 0 3 3 3 4 1 5 3 3 5 5 5 5 5 6 6 5 5 5 5 5 5 5 5 5 6 6 6 5 6 6 4 1 5 3 3 3 5 5 5 5 5 6 6
0 31 6 1 3 3 3 3 4 0 3 4 1 5 3 3 5 5 5 6 6 6 6 6 6 6 5 5 5 5 5 6 6
0 35 3 3 3 3 1 6 3 3 6 6 6 6 6 6 6 6 6 3 6 6 3 6 6 6 6 5 5 5 5 5 6 6 5 6 6
0 26 3 3 3 3 4 0 6 6 6 6 6 4 2 2 2 2 2 2 2 2 2 2 1 1 2 2
0 37 3 3 3 3 1 6 3 3 6 6 6 6 6 6 6 6 6 3 6 6 3 6 6 6 6 5 5 5 5 5 6 6 5 6 6 6 6
0 60 3 3 3 6 1 1 6 3 6 3 0 3 3 4 1 5 3 5 5 5 5 5 6 6 6 6 6 6 6 6 5 5 5 5 5 6 6 5 6 6 6 5 5 5 5 5 6 6 5 5 6 6 6 5 6 5 5 5 5 4
0 15 1 3 3 4 1 5 3 3 4 1 5 3 5 5 5
0 24 4 0 3 3 3 4 1 5 3 3 5 5 5 5 5 6 6 5 5 5 5 5 5 5
0 25 1 3 3 4 1 5 3 3 4 1 5 3 5 5 5 5 5 6 6 6 6 5 5 6 6
0 44 1 3 3 4 1 5 3 3 4 1 5 3 5 5 5 5 5 6 6 6 6 5 5 6 6 6 6 5 5 5 5 6 6 6 6 6 5 5 6 5 5 5 6 5
0 99 6 1 3 3 1 5 5 6 6 6 6 5 6 6 6 4 1 5 3 5 5 5 6 5 5 5 5 5 5 6 6 6 6 5 5 5 5 6 6 6 5 5 5 5 6 6 6 3 4 1 5 3 3 3 5 6 4 1 5 3 5 5 5 5 5 6 6 6 5 6 6 5 6 6 6 6 6 6 5 5 5 6 6 6 6 6 5 5 5 5 5 6 6 6 6 5 5 5 5
0 15 6 1 3 3 1 5 5 6 6 6 6 5 6 6 6
0 36 3 6 1 6 1 6 1 6 1 1 4 1 5 3 5 5 6 6 6 6 5 5 5 5 5 6 5 5 5 5 5 6 6 6 5 5
0 18 3 3 6 1 6 1 3 4 0 4 1 5 3 5 5 5 6 6
0 35 1 3 3 4 1 5 3 3 4 1 5 3 5 5 5 5 5 6 6 6 6 5 5 6 6 6 6 5 5 5 5 6 6 6 6
0 53 3 3 3 3 1 6 3 3 6 6 6 6 6 6 6 6 6 3 6 6 3 6 6 6 6 5 5 5 5 5 6 6 5 6 6 6 6 6 5 6 5 5 5 5 5 5 5 5 5 6 6 6 5
0 72 3 3 3 6 1 1 6 3 6 3 0 3 3 4 1 5 3 5 5 5 5 5 6 6 6 6 6 6 6 6 5 5 5 5 5 6 6 5 6 6 6 5 5 5 5 5 6 6 5 5 6 6 6 5 6 5 5 5 5 4 1 5 3 3 3 4 1 5 3 5 5 5
0 30 1 3 3 4 1 5 3 3 4 1 5 3 5 5 5 5 5 6 6 6 6 5 5 6 6 6 6 5 5 5
0 32 1 3 3 4 1 5 3 3 4 1 5 3 5 5 5 5 5 6 6 6 6 5 5 6 6 6 6 5 5 5 5 6
0 56 4 0 3 3 3 4 1 5 3 3 5 5 5 5 5 6 6 5 5 5 5 5 5 5 5 5 6 6 6 5 6 6 4 1 5 3 3 3 5 5 5 5 5 6 6 5 5 6 6 6 6 6 5 5 5 5
0 23 4 0 3 3 3 4 1 5 3 3 5 5 5 5 5 6 6 5 5 5 5 5 5
0 43 3 3 3 6 1 4 0 3 3 6 3 6 6 0 6 5 5 5 5 6 6 6 6 6 5 5 5 5 6 6 6 5 5 5 5 5 5 6 5 6 6 6 6
0 7 6 1 3 3 3 3 4
0 95 3 3 3 6 1 4 0 3 3 6 3 6 6 0 6 5 5 5 5 6 6 6 6 6 5 5 5 5 6 6 6 5 5 5 5 5 5 6 5 6 6 6 6 6 5 5 5 5 5 6 6 6 6 5 5 5 5 5 6 6 6 6 5 5 5 5 5 5 5 6 6 6 5 5 5 5 4 1 5 3 4 1 5 3 3 5 5 5 5 6 4 1 5 3 4
0 26 3 4 0 3 4 1 5 3 4 1 5 3 4 1 5 3 3 3 5 5 5 6 6 6 6 6
0 30 3 6 1 6 1 6 1 6 1 1 4 1 5 3 5 5 6 6 6 6 5 5 5 5 5 6 5 5 5 5
0 83 3 3 3 6 1 4 0 3 3 6 3 6 6 0 6 5 5 5 5 6 6 6 6 6 5 5 5 5 6 6 6 5 5 5 5 5 5 6 5 6 6 6 6 6 5 5 5 5 5 6 6 6 6 5 5 5 5 5 6 6 6 6 5 5 5 5 5 5 5 6 6 6 5 5 5 5 4 1 5 3 4 1 5
0 24 3 3 3 6 1 4 0 3 3 6 3 6 6 0 6 5 5 5 5 6 6 6 6 6
0 48 3 3 3 3 1 6 3 3 6 6 6 6 6 6 6 6 6 3 6 6 3 6 6 6 6 5 5 5 5 5 6 6 5 6 6 6 6 6 5 6 5 5 5 5 5 5 5 5
0 44 3 3 3 6 1 1 6 3 6 3 0 3 3 4 1 5 3 5 5 5 5 5 6 6 6 6 6 6 6 6 5 5 5 5 5 6 6 5 6 6 6 5 5 5
0 45 3 3 3 6 1 1 6 3 6 3 0 3 3 4 1 5 3 5 5 5 5 5 6 6 6 6 6 6 6 6 5 5 5 5 5 6 6 5 6 6 6 5 5 5 5
0 26 3 3 6 1 6 1 3 4 0 4 1 5 3 5 5 5 6 6 6 6 6 5 5 5 5 5
0 32 6 1 3 3 3 3 4 0 3 4 1 5 3 3 5 5 5 6 6 6 6 6 6 6 5 5 5 5 5 6 6 6
0 21 6 1 3 3 1 5 5 6 6 6 6 5 6 6 6 4 1 5 3 5 5
0 74 3 3 3 6 1 1 6 3 6 3 0 3 3 4 1 5 3 5 5 5 5 5 6 6 6 6 6 6 6 6 5 5 5 5 5 6 6 5 6 6 6 5 5 5 5 5 6 6 5 5 6 6 6 5 6 5 5 5 5 4 1 5 3 3 3 4 1 5 3 5 5 5 5 5
0 58 6 1 3 3 1 5 5 6 6 6 6 5 6 6 6 4 1 5 3 5 5 5 6 5 5 5 5 5 5 6 6 6 6 5 5 5 5 6 6 6 5 5 5 5 6 6 6 3 4 1 5 3 3 3 5 6 4 1
0 53 3 6 1 6 1 1 3 6 6 6 3 6 3 6 6 6 3 6 6 3 5 6 5 6 6 5 5 5 6 6 6 5 5 5 6 6 6 6 6 6 3 4 1 5 3 6 5 5 5 6 4 1 5
0 3 6 1 3
0 30 3 3 3 6 1 1 6 3 6 3 0 3 3 4 1 5 3 5 5 5 5 5 6 6 6 6 6 6 6 6
0 70 3 3 3 6 1 1 6 3 6 3 0 3 3 4 1 5 3 5 5 5 5 5 6 6 6 6 6 6 6 6 5 5 5 5 5 6 6 5 6 6 6 5 5 5 5 5 6 6 5 5 6 6 6 5 6 5 5 5 5 4 1 5 3 3 3 4 1 5 3 5
0 41 1 3 3 4 1 5 3 3 4 1 5 3 5 5 5 5 5 6 6 6 6 5 5 6 6 6 6 5 5 5 5 6 6 6 6 6 5 5 6 5 5
0 80 6 1 3 3 1 5 5 6 6 6 6 5 6 6 6 4 1 5 3 5 5 5 6 5 5 5 5 5 5 6 6 6 6 5 5 5 5 6 6 6 5 5 5 5 6 6 6 3 4 1 5 3 3 3 5 6 4 1 5 3 5 5 5 5 5 6 6 6 5 6 6 5 6 6 6 6 6 6 5 5
0 6 6 1 3 3 3 3
0 13 1 6 3 6 2 2 6 3 6 6 3 5 5
0 15 3 3 6 1 6 1 3 4 0 4 1 5 3 5 5
0 44 3 6 1 6 1 1 3 6 6 6 3 6 3 6 6 6 3 6 6 3 5 6 5 6 6 5 5 5 6 6 6 5 5 5 6 6 6 6 6 6 3 4 1 5
0 53 4 0 3 3 3 4 1 5 3 3 5 5 5 5 5 6 6 5 5 5 5 5 5 5 5 5 6 6 6 5 6 6 4 1 5 3 3 3 5 5 5 5 5 6 6 5 5 6 6 6 6 6 5
0 35 1 6 2 6 2 2 2 4 1 5 3 3 5 5 5 5 6 6 6 5 6 5 6 6 6 6 5 5 5 5 5 6 5 5 5
0 22 3 6 1 6 1 1 3 6 6 6 3 6 3 6 6 6 3 6 6 3 5 6
0 28 3 6 1 6 1 1 3 6 6 6 3 6 3 6 6 6 3 6 6 3 5 6 5 6 6 5 5 5
0 33 1 3 3 4 1 5 3 3 4 1 5 3 5 5 5 5 5 6 6 6 6 5 5 6 6 6 6 5 5 5 5 6 6
0 19 1 3 3 4 1 5 3 3 4 1 5 3 5 5 5 5 5 6 6
0 25 6 1 3 3 3 3 4 0 3 4 1 5 3 3 5 5 5 6 6 6 6 6 6 6 5
0 42 3 3 3 6 1 4 0 3 3 6 3 6 6 0 6 5 5 5 5 6 6 6 6 6 5 5 5 5 6 6 6 5 5 5 5 5 5 6 5 6 6 6
0 29 4 0 6 3 6 2 2 1 1 4 4 4 4 4 2 2 2 2 2 2 1 1 1 1 1 1 1 1 1
0 7 6 1 6 1 6 1 3
0 22 1 6 3 6 2 2 6 3 6 6 3 5 5 5 5 6 6 6 6 5 5 5
0 27 4 0 3 3 3 4 1 5 3 3 5 5 5 5 5 6 6 5 5 5 5 5 5 5 5 5 6
0 10 6 1 3 3 1 5 5 6 6 6
0 46 3 3 3 3 1 6 3 3 6 6 6 6 6 6 6 6 6 3 6 6 3 6 6 6 6 5 5 5 5 5 6 6 5 6 6 6 6 6 5 6 5 5 5 5 5 5
0 48 3 4 0 3 4 1 5 3 4 1 5 3 4 1 5 3 3 3 5 5 5 6 6 6 6 6 5 5 5 5 6 6 6 6 6 6 6 6 6 6 5 5 6 6 6 6 6 3
0 33 1 6 2 6 2 2 2 4 1 5 3 3 5 5 5 5 6 6 6 5 6 5 6 6 6 6 5 5 5 5 5 6 5
0 51 3 3 3 6 1 1 6 3 6 3 0 3 3 4 1 5 3 5 5 5 5 5 6 6 6 6 6 6 6 6 5 5 5 5 5 6 6 5 6 6 6 5 5 5 5 5 6 6 5 5 6
0 18 6 1 3 3 3 1 6 2 2 2 3 3 3 5 5 4 1 5
0 26 6 1 3 3 1 5 5 6 6 6 6 5 6 6 6 4 1 5 3 5 5 5 6 5 5 5
0 24 3 6 1 6 1 1 3 6 6 6 3 6 3 6 6 6 3 6 6 3 5 6 5 6
0 45 1 6 3 6 2 2 6 3 6 6 3 5 5 5 5 6 6 6 6 5 5 5 5 5 6 6 6 6 6 6 6 6 3 3 5 5 5 5 5 6 5 5 6 6 5
0 38 1 6 3 6 2 2 6 3 6 6 3 5 5 5 5 6 6 6 6 5 5 5 5 5 6 6 6 6 6 6 6 6 3 3 5 5 5 5
0 28 3 3 3 6 1 1 6 3 6 3 0 3 3 4 1 5 3 5 5 5 5 5 6 6 6 6 6 6
0 5 3 6 1 3 3
0 49 3 3 3 6 1 4 0 3 3 6 3 6 6 0 6 5 5 5 5 6 6 6 6 6 5 5 5 5 6 6 6 5 5 5 5 5 5 6 5 6 6 6 6 6 5 5 5 5 5
0 28 3 4 0 3 4 1 5 3 4 1 5 3 4 1 5 3 3 3 5 5 5 6 6 6 6 6 5 5
0 50 6 1 3 3 3 3 4 0 3 4 1 5 3 3 5 5 5 6 6 6 6 6 6 6 5 5 5 5 5 6 6 6 5 5 5 5 5 6 6 6 6 6 6 6 5 6 6 6 6 4
0 17 1 3 3 4 1 5 3 3 4 1 5 3 5 5 5 5 5
0 29 3 3 3 3 1 6 3 3 6 6 6 6 6 6 6 6 6 3 6 6 3 6 6 6 6 5 5 5 5
0 54 6 1 3 3 3 3 4 0 3 4 1 5 3 3 5 5 5 6 6 6 6 6 6 6 5 5 5 5 5 6 6 6 5 5 5 5 5 6 6 6 6 6 6 6 5 6 6 6 6 4 1 5 3 3
0 29 3 6 1 6 1 6 1 6 1 1 4 1 5 3 5 5 6 6 6 6 5 5 5 5 5 6 5 5 5
0 68 3 3 3 6 1 4 0 3 3 6 3 6 6 0 6 5 5 5 5 6 6 6 6 6 5 5 5 5 6 6 6 5 5 5 5 5 5 6 5 6 6 6 6 6 5 5 5 5 5 6 6 6 6 5 5 5 5 5 6 6 6 6 5 5 5 5 5 5
0 27 6 1 6 1 6 1 3 4 0 6 3 6 3 5 5 5 5 6 5 5 5 5 5 6 4 1 5
0 19 3 6 1 3 1 6 3 6 6 3 6 6 4 4 4 4 4 2 2
0 5 3 6 1 6 1
0 81 3 3 3 6 1 4 0 3 3 6 3 6 6 0 6 5 5 5 5 6 6 6 6 6 5 5 5 5 6 6 6 5 5 5 5 5 5 6 5 6 6 6 6 6 5 5 5 5 5 6 6 6 6 5 5 5 5 5 6 6 6 6 5 5 5 5 5 5 5 6 6 6 5 5 5 5 4 1 5 3 4
0 14 6 1 3 6 1 4 0 6 6 6 6 6 3 1
0 23 6 1 6 1 6 1 3 4 0 6 3 6 3 5 5 5 5 6 5 5 5 5 5
0 45 1 6 2 6 2 2 2 4 1 5 3 3 5 5 5 5 6 6 6 5 6 5 6 6 6 6 5 5 5 5 5 6 5 5 5 5 6 6 4 1 5 3 6 6 6
0 54 3 6 1 3 3 1 6 2 6 2 3 6 6 6 5 5 5 5 5 6 6 6 6 5 5 6 6 6 6 6 5 5 5 6 5 6 6 5 6 6 6 6 6 3 4 1 5 3 4 1 5 3 3 3
0 88 6 1 3 3 1 5 5 6 6 6 6 5 6 6 6 4 1 5 3 5 5 5 6 5 5 5 5 5 5 6 6 6 6 5 5 5 5 6 6 6 5 5 5 5 6 6 6 3 4 1 5 3 3 3 5 6 4 1 5 3 5 5 5 5 5 6 6 6 5 6 6 5 6 6 6 6 6 6 5 5 5 6 6 6 6 6 5 5
0 91 3 3 3 6 1 4 0 3 3 6 3 6 6 0 6 5 5 5 5 6 6 6 6 6 5 5 5 5 6 6 6 5 5 5 5 5 5 6 5 6 6 6 6 6 5 5 5 5 5 6 6 6 6 5 5 5 5 5 6 6 6 6 5 5 5 5 5 5 5 6 6 6 5 5 5 5 4 1 5 3 4 1 5 3 3 5 5 5 5 6 4
0 22 6 1 6 1 6 1 3 4 0 6 3 6 3 5 5 5 5 6 5 5 5 5
0 33 3 3 3 6 1 4 0 3 3 6 3 6 6 0 6 5 5 5 5 6 6 6 6 6 5 5 5 5 6 6 6 5 5
0 76 3 3 3 6 1 1 6 3 6 3 0 3 3 4 1 5 3 5 5 5 5 5 6 6 6 6 6 6 6 6 5 5 5 5 5 6 6 5 6 6 6 5 5 5 5 5 6 6 5 5 6 6 6 5 6 5 5 5 5 4 1 5 3 3 3 4 1 5 3 5 5 5 5 5 6 6
0 36 1 3 3 4 1 5 3 3 4 1 5 3 5 5 5 5 5 6 6 6 6 5 5 6 6 6 6 5 5 5 5 6 6 6 6 6
0 36 3 3 3 3 1 6 3 3 6 6 6 6 6 6 6 6 6 3 6 6 3 6 6 6 6 5 5 5 5 5 6 6 5 6 6 6
0 25 4 0 3 3 3 4 1 5 3 3 5 5 5 5 5 6 6 5 5 5 5 5 5 5 5
0 22 3 3 3 3 4 0 6 6 6 6 6 4 2 2 2 2 2 2 2 2 2 2
0 63 4 0 3 3 3 4 1 5 3 3 5 5 5 5 5 6 6 5 5 5 5 5 5 5 5 5 6 6 6 5 6 6 4 1 5 3 3 3 5 5 5 5 5 6 6 5 5 6 6 6 6 6 5 5 5 5 6 6 3 3 4 1 5
0 59 4 0 3 3 3 4 1 5 3 3 5 5 5 5 5 6 6 5 5 5 5 5 5 5 5 5 6 6 6 5 6 6 4 1 5 3 3 3 5 5 5 5 5 6 6 5 5 6 6 6 6 6 5 5 5 5 6 6 3
0 27 1 6 2 6 2 2 2 4 1 5 3 3 5 5 5 5 6 6 6 5 6 5 6 6 6 6 5
0 57 1 6 2 6 2 2 2 4 1 5 3 3 5 5 5 5 6 6 6 5 6 5 6 6 6 6 5 5 5 5 5 6 5 5 5 5 6 6 4 1 5 3 6 6 6 5 6 6 5 5 5 5 5 6 6 6 4
0 37 3 3 3 6 1 4 0 3 3 6 3 6 6 0 6 5 5 5 5 6 6 6 6 6 5 5 5 5 6 6 6 5 5 5 5 5 5
0 39 3 6 1 6 1 6 1 6 1 1 4 1 5 3 5 5 6 6 6 6 5 5 5 5 5 6 5 5 5 5 5 6 6 6 5 5 5 5 6
0 42 4 0 3 3 3 4 1 5 3 3 5 5 5 5 5 6 6 5 5 5 5 5 5 5 5 5 6 6 6 5 6 6 4 1 5 3 3 3 5 5 5 5
0 55 3 3 3 6 1 1 6 3 6 3 0 3 3 4 1 5 3 5 5 5 5 5 6 6 6 6 6 6 6 6 5 5 5 5 5 6 6 5 6 6 6 5 5 5 5 5 6 6 5 5 6 6 6 5 6
0 66 3 3 3 6 1 4 0 3 3 6 3 6 6 0 6 5 5 5 5 6 6 6 6 6 5 5 5 5 6 6 6 5 5 5 5 5 5 6 5 6 6 6 6 6 5 5 5 5 5 6 6 6 6 5 5 5 5 5 6 6 6 6 5 5 5 5
0 51 4 0 3 3 3 4 1 5 3 3 5 5 5 5 5 6 6 5 5 5 5 5 5 5 5 5 6 6 6 5 6 6 4 1 5 3 3 3 5 5 5 5 5 6 6 5 5 6 6 6 6
0 23 3 6 1 6 1 1 3 6 6 6 3 6 3 6 6 6 3 6 6 3 5 6 5
0 39 3 3 3 6 1 4 0 3 3 6 3 6 6 0 6 5 5 5 5 6 6 6 6 6 5 5 5 5 6 6 6 5 5 5 5 5 5 6 5
0 49 3 3 6 1 6 1 3 4 0 4 1 5 3 5 5 5 6 6 6 6 6 5 5 5 5 5 6 6 6 6 6 6 6 3 5 6 6 5 6 5 5 5 5 5 5 5 5 5 6
0 43 3 6 1 3 3 1 6 2 6 2 3 6 6 6 5 5 5 5 5 6 6 6 6 5 5 6 6 6 6 6 5 5 5 6 5 6 6 5 6 6 6 6 6
0 26 3 6 1 6 1 6 1 6 1 1 4 1 5 3 5 5 6 6 6 6 5 5 5 5 5 6
0 24 3 6 1 6 1 6 1 6 1 1 4 1 5 3 5 5 6 6 6 6 5 5 5 5
0 48 3 3 6 1 6 1 3 4 0 4 1 5 3 5 5 5 6 6 6 6 6 5 5 5 5 5 6 6 6 6 6 6 6 3 5 6 6 5 6 5 5 5 5 5 5 5 5 5
0 20 3 4 0 3 4 1 5 3 4 1 5 3 4 1 5 3 3 3 5 5
0 8 6 1 6 1 3 6 1 4
0 13 4 0 3 3 3 4 1 5 3 3 5 5 5
0 31 6 1 3 3 1 5 5 6 6 6 6 5 6 6 6 4 1 5 3 5 5 5 6 5 5 5 5 5 5 6 6
0 46 1 6 2 6 2 2 2 4 1 5 3 3 5 5 5 5 6 6 6 5 6 5 6 6 6 6 5 5 5 5 5 6 5 5 5 5 6 6 4 1 5 3 6 6 6 5
0 8 3 6 1 4 0 1 1 1
0 75 6 1 3 3 1 5 5 6 6 6 6 5 6 6 6 4 1 5 3 5 5 5 6 5 5 5 5 5 5 6 6 6 6 5 5 5 5 6 6 6 5 5 5 5 6 6 6 3 4 1 5 3 3 3 5 6 4 1 5 3 5 5 5 5 5 6 6 6 5 6 6 5 6 6 6
0 81 3 3 3 6 1 1 6 3 6 3 0 3 3 4 1 5 3 5 5 5 5 5 6 6 6 6 6 6 6 6 5 5 5 5 5 6 6 5 6 6 6 5 5 5 5 5 6 6 5 5 6 6 6 5 6 5 5 5 5 4 1 5 3 3 3 4 1 5 3 5 5 5 5 5 6 6 6 6 5 5 5
0 42 6 1 3 3 3 3 4 0 3 4 1 5 3 3 5 5 5 6 6 6 6 6 6 6 5 5 5 5 5 6 6 6 5 5 5 5 5 6 6 6 6 6
0 19 4 0 3 3 3 4 1 5 3 3 5 5 5 5 5 6 6 5 5
0 33 4 0 3 3 3 4 1 5 3 3 5 5 5 5 5 6 6 5 5 5 5 5 5 5 5 5 6 6 6 5 6 6 4
0 31 3 3 3 3 1 6 3 3 6 6 6 6 6 6 6 6 6 3 6 6 3 6 6 6 6 5 5 5 5 5 6
0 10 6 1 6 1 6 1 3 6 1 4
0 15 4 0 6 3 6 2 2 1 1 4 4 4 4 4 2
0 41 6 1 3 3 1 5 5 6 6 6 6 5 6 6 6 4 1 5 3 5 5 5 6 5 5 5 5 5 5 6 6 6 6 5 5 5 5 6 6 6 5
0 21 4 0 6 3 6 2 2 1 1 4 4 4 4 4 2 2 2 2 2 2 1
0 14 4 0 3 3 3 4 1 5 3 3 5 5 5 5
0 40 3 3 6 1 6 1 3 4 0 4 1 5 3 5 5 5 6 6 6 6 6 5 5 5 5 5 6 6 6 6 6 6 6 3 5 6 6 5 6 5
0 20 4 0 6 3 6 2 2 1 1 4 4 4 4 4 2 2 2 2 2 2
0 34 3 6 1 6 1 1 3 6 6 6 3 6 3 6 6 6 3 6 6 3 5 6 5 6 6 5 5 5 6 6 6 5 5 5
0 27 6 1 3 3 3 3 4 0 3 4 1 5 3 3 5 5 5 6 6 6 6 6 6 6 5 5 5
0 25 1 6 3 6 2 2 6 3 6 6 3 5 5 5 5 6 6 6 6 5 5 5 5 5 6
0 12 3 3 6 1 6 1 3 4 0 4 1 5
0 23 1 6 3 6 2 2 6 3 6 6 3 5 5 5 5 6 6 6 6 5 5 5 5
0 17 4 0 6 3 6 2 2 1 1 4 4 4 4 4 2 2 2
0 90 6 1 3 3 1 5 5 6 6 6 6 5 6 6 6 4 1 5 3 5 5 5 6 5 5 5 5 5 5 6 6 6 6 5 5 5 5 6 6 6 5 5 5 5 6 6 6 3 4 1 5 3 3 3 5 6 4 1 5 3 5 5 5 5 5 6 6 6 5 6 6 5 6 6 6 6 6 6 5 5 5 6 6 6 6 6 5 5 5 5
0 21 3 3 3 3 4 0 6 6 6 6 6 4 2 2 2 2 2 2 2 2 2
0 8 6 1 6 1 6 1 3 4
0 53 6 1 3 3 1 5 5 6 6 6 6 5 6 6 6 4 1 5 3 5 5 5 6 5 5 5 5 5 5 6 6 6 6 5 5 5 5 6 6 6 5 5 5 5 6 6 6 3 4 1 5 3 3
0 34 6 1 3 3 1 5 5 6 6 6 6 5 6 6 6 4 1 5 3 5 5 5 6 5 5 5 5 5 5 6 6 6 6 5
0 22 3 6 1 3 3 1 6 2 6 2 3 6 6 6 5 5 5 5 5 6 6 6
0 6 3 3 6 1 3 3
0 32 3 6 1 3 3 1 6 2 6 2 3 6 6 6 5 5 5 5 5 6 6 6 6 5 5 6 6 6 6 6 5 5
0 57 3 3 3 6 1 4 0 3 3 6 3 6 6 0 6 5 5 5 5 6 6 6 6 6 5 5 5 5 6 6 6 5 5 5 5 5 5 6 5 6 6 6 6 6 5 5 5 5 5 6 6 6 6 5 5 5 5
0 38 3 3 6 1 6 1 3 4 0 4 1 5 3 5 5 5 6 6 6 6 6 5 5 5 5 5 6 6 6 6 6 6 6 3 5 6 6 5
0 36 1 6 2 6 2 2 2 4 1 5 3 3 5 5 5 5 6 6 6 5 6 5 6 6 6 6 5 5 5 5 5 6 5 5 5 5
0 57 4 0 3 3 3 4 1 5 3 3 5 5 5 5 5 6 6 5 5 5 5 5 5 5 5 5 6 6 6 5 6 6 4 1 5 3 3 3 5 5 5 5 5 6 6 5 5 6 6 6 6 6 5 5 5 5 6
0 36 3 3 3 3 4 0 6 6 6 6 6 4 2 2 2 2 2 2 2 2 2 2 1 1 2 2 2 2 1 1 4 4 4 4 2 2
0 85 6 1 3 3 1 5 5 6 6 6 6 5 6 6 6 4 1 5 3 5 5 5 6 5 5 5 5 5 5 6 6 6 6 5 5 5 5 6 6 6 5 5 5 5 6 6 6 3 4 1 5 3 3 3 5 6 4 1 5 3 5 5 5 5 5 6 6 6 5 6 6 5 6 6 6 6 6 6 5 5 5 6 6 6 6
0 25 6 1 6 1 6 1 3 4 0 6 3 6 3 5 5 5 5 6 5 5 5 5 5 6 4
0 57 3 3 3 3 1 6 3 3 6 6 6 6 6 6 6 6 6 3 6 6 3 6 6 6 6 5 5 5 5 5 6 6 5 6 6 6 6 6 5 6 5 5 5 5 5 5 5 5 5 6 6 6 5 5 5 5 6
0 81 6 1 3 3 1 5 5 6 6 6 6 5 6 6 6 4 1 5 3 5 5 5 6 5 5 5 5 5 5 6 6 6 6 5 5 5 5 6 6 6 5 5 5 5 6 6 6 3 4 1 5 3 3 3 5 6 4 1 5 3 5 5 5 5 5 6 6 6 5 6 6 5 6 6 6 6 6 6 5 5 5
0 69 6 1 3 3 1 5 5 6 6 6 6 5 6 6 6 4 1 5 3 5 5 5 6 5 5 5 5 5 5 6 6 6 6 5 5 5 5 6 6 6 5 5 5 5 6 6 6 3 4 1 5 3 3 3 5 6 4 1 5 3 5 5 5 5 5 6 6 6 5
0 19 6 1 6 1 6 1 3 4 0 6 3 6 3 5 5 5 5 6 5
0 5 6 1 3 3 3
0 18 1 6 2 6 2 2 2 4 1 5 3 3 5 5 5 5 6 6
0 34 3 3 3 3 1 6 3 3 6 6 6 6 6 6 6 6 6 3 6 6 3 6 6 6 6 5 5 5 5 5 6 6 5 6
0 49 6 1 3 3 3 3 4 0 3 4 1 5 3 3 5 5 5 6 6 6 6 6 6 6 5 5 5 5 5 6 6 6 5 5 5 5 5 6 6 6 6 6 6 6 5 6 6 6 6
0 23 3 3 3 6 1 4 0 3 3 6 3 6 6 0 6 5 5 5 5 6 6 6 6
0 45 3 6 1 3 3 1 6 2 6 2 3 6 6 6 5 5 5 5 5 6 6 6 6 5 5 6 6 6 6 6 5 5 5 6 5 6 6 5 6 6 6 6 6 3 4
0 34 3 3 3 6 1 1 6 3 6 3 0 3 3 4 1 5 3 5 5 5 5 5 6 6 6 6 6 6 6 6 5 5 5 5
0 20 3 3 3 6 1 4 0 3 3 6 3 6 6 0 6 5 5 5 5 6
0 34 4 0 3 3 3 4 1 5 3 3 5 5 5 5 5 6 6 5 5 5 5 5 5 5 5 5 6 6 6 5 6 6 4 1
0 11 6 1 3 3 3 3 4 0 3 4 1
0 86 3 3 3 6 1 4 0 3 3 6 3 6 6 0 6 5 5 5 5 6 6 6 6 6 5 5 5 5 6 6 6 5 5 5 5 5 5 6 5 6 6 6 6 6 5 5 5 5 5 6 6 6 6 5 5 5 5 5 6 6 6 6 5 5 5 5 5 5 5 6 6 6 5 5 5 5 4 1 5 3 4 1 5 3 3 5
0 43 3 3 3 6 1 1 6 3 6 3 0 3 3 4 1 5 3 5 5 5 5 5 6 6 6 6 6 6 6 6 5 5 5 5 5 6 6 5 6 6 6 5 5
0 6 3 3 3 6 1 4
0 4 3 3 3 6
0 18 6 1 3 3 1 5 5 6 6 6 6 5 6 6 6 4 1 5
0 11 1 3 3 4 1 5 3 3 4 1 5
0 17 3 1 6 2 2 2 2 6 6 6 0 3 3 6 1 1 1
0 45 6 1 3 3 3 3 4 0 3 4 1 5 3 3 5 5 5 6 6 6 6 6 6 6 5 5 5 5 5 6 6 6 5 5 5 5 5 6 6 6 6 6 6 6 5
0 35 3 3 3 3 4 0 6 6 6 6 6 4 2 2 2 2 2 2 2 2 2 2 1 1 2 2 2 2 1 1 4 4 4 4 2
0 14 1 6 2 6 2 2 2 4 1 5 3 3 5 5
0 52 1 6 2 6 2 2 2 4 1 5 3 3 5 5 5 5 6 6 6 5 6 5 6 6 6 6 5 5 5 5 5 6 5 5 5 5 6 6 4 1 5 3 6 6 6 5 6 6 5 5 5 5
0 44 3 3 3 3 1 6 3 3 6 6 6 6 6 6 6 6 6 3 6 6 3 6 6 6 6 5 5 5 5 5 6 6 5 6 6 6 6 6 5 6 5 5 5 5
0 43 3 3 3 3 1 6 3 3 6 6 6 6 6 6 6 6 6 3 6 6 3 6 6 6 6 5 5 5 5 5 6 6 5 6 6 6 6 6 5 6 5 5 5
0 38 3 3 3 3 1 6 3 3 6 6 6 6 6 6 6 6 6 3 6 6 3 6 6 6 6 5 5 5 5 5 6 6 5 6 6 6 6 6
0 29 6 1 3 3 1 5 5 6 6 6 6 5 6 6 6 4 1 5 3 5 5 5 6 5 5 5 5 5 5
0 22 3 3 6 1 6 1 3 4 0 4 1 5 3 5 5 5 6 6 6 6 6 5
0 40 3 3 3 6 1 1 6 3 6 3 0 3 3 4 1 5 3 5 5 5 5 5 6 6 6 6 6 6 6 6 5 5 5 5 5 6 6 5 6 6
0 13 3 3 3 3 4 0 6 6 6 6 6 4 2
0 67 3 3 3 6 1 1 6 3 6 3 0 3 3 4 1 5 3 5 5 5 5 5 6 6 6 6 6 6 6 6 5 5 5 5 5 6 6 5 6 6 6 5 5 5 5 5 6 6 5 5 6 6 6 5 6 5 5 5 5 4 1 5 3 3 3 4 1
0 33 6 1 3 3 3 1 6 2 2 2 3 3 3 5 5 4 1 5 3 3 5 5 5 5 5 6 6 6 5 6 6 4 1
0 10 6 1 6 1 4 0 3 4 1 5
0 5 1 3 3 4 1
0 51 6 1 3 3 1 5 5 6 6 6 6 5 6 6 6 4 1 5 3 5 5 5 6 5 5 5 5 5 5 6 6 6 6 5 5 5 5 6 6 6 5 5 5 5 6 6 6 3 4 1 5
0 15 3 1 6 2 2 2 2 6 6 6 0 3 3 6 1
0 21 3 3 3 6 1 1 6 3 6 3 0 3 3 4 1 5 3 5 5 5 5
0 30 1 6 2 6 2 2 2 4 1 5 3 3 5 5 5 5 6 6 6 5 6 5 6 6 6 6 5 5 5 5
0 28 3 3 3 6 1 4 0 3 3 6 3 6 6 0 6 5 5 5 5 6 6 6 6 6 5 5 5 5
0 97 6 1 3 3 1 5 5 6 6 6 6 5 6 6 6 4 1 5 3 5 5 5 6 5 5 5 5 5 5 6 6 6 6 5 5 5 5 6 6 6 5 5 5 5 6 6 6 3 4 1 5 3 3 3 5 6 4 1 5 3 5 5 5 5 5 6 6 6 5 6 6 5 6 6 6 6 6 6 5 5 5 6 6 6 6 6 5 5 5 5 5 6 6 6 6 5 5
0 29 1 6 2 6 2 2 2 4 1 5 3 3 5 5 5 5 6 6 6 5 6 5 6 6 6 6 5 5 5
0 58 6 1 3 3 3 3 4 0 3 4 1 5 3 3 5 5 5 6 6 6 6 6 6 6 5 5 5 5 5 6 6 6 5 5 5 5 5 6 6 6 6 6 6 6 5 6 6 6 6 4 1 5 3 3 3 4 1 5
0 57 3 6 1 3 3 1 6 2 6 2 3 6 6 6 5 5 5 5 5 6 6 6 6 5 5 6 6 6 6 6 5 5 5 6 5 6 6 5 6 6 6 6 6 3 4 1 5 3 4 1 5 3 3 3 4 1 5
0 37 3 6 1 6 1 1 3 6 6 6 3 6 3 6 6 6 3 6 6 3 5 6 5 6 6 5 5 5 6 6 6 5 5 5 6 6 6
0 7 3 3 6 1 6 1 3
0 51 1 6 2 6 2 2 2 4 1 5 3 3 5 5 5 5 6 6 6 5 6 5 6 6 6 6 5 5 5 5 5 6 5 5 5 5 6 6 4 1 5 3 6 6 6 5 6 6 5 5 5
0 38 6 1 3 3 3 3 4 0 3 4 1 5 3 3 5 5 5 6 6 6 6 6 6 6 5 5 5 5 5 6 6 6 5 5 5 5 5 6
0 14 6 1 3 3 1 5 5 6 6 6 6 5 6 6
0 33 6 1 3 3 3 3 4 0 3 4 1 5 3 3 5 5 5 6 6 6 6 6 6 6 5 5 5 5 5 6 6 6 5
0 21 3 6 1 3 3 1 6 2 6 2 3 6 6 6 5 5 5 5 5 6 6
0 55 3 6 1 3 3 1 6 2 6 2 3 6 6 6 5 5 5 5 5 6 6 6 6 5 5 6 6 6 6 6 5 5 5 6 5 6 6 5 6 6 6 6 6 3 4 1 5 3 4 1 5 3 3 3 4
0 83 6 1 3 3 1 5 5 6 6 6 6 5 6 6 6 4 1 5 3 5 5 5 6 5 5 5 5 5 5 6 6 6 6 5 5 5 5 6 6 6 5 5 5 5 6 6 6 3 4 1 5 3 3 3 5 6 4 1 5 3 5 5 5 5 5 6 6 6 5 6 6 5 6 6 6 6 6 6 5 5 5 6 6
0 45 3 3 6 1 6 1 3 4 0 4 1 5 3 5 5 5 6 6 6 6 6 5 5 5 5 5 6 6 6 6 6 6 6 3 5 6 6 5 6 5 5 5 5 5 5
0 19 4 0 6 6 2 3 6 3 3 4 2 2 2 2 2 2 2 2 1
0 22 3 3 3 6 1 4 0 6 6 6 6 6 1 1 1 1 4 4 4 1 1 1
0 46 3 3 3 6 1 1 6 3 6 3 0 3 3 4 1 5 3 5 5 5 5 5 6 6 6 6 6 6 6 6 5 5 5 5 5 6 6 5 6 6 6 5 5 5 5 5
0 62 4 0 3 3 3 4 1 5 3 3 5 5 5 5 5 6 6 5 5 5 5 5 5 5 5 5 6 6 6 5 6 6 4 1 5 3 3 3 5 5 5 5 5 6 6 5 5 6 6 6 6 6 5 5 5 5 6 6 3 3 4 1
0 57 3 3 3 6 1 1 6 3 6 3 0 3 3 4 1 5 3 5 5 5 5 5 6 6 6 6 6 6 6 6 5 5 5 5 5 6 6 5 6 6 6 5 5 5 5 5 6 6 5 5 6 6 6 5 6 5 5
0 85 3 3 3 6 1 4 0 3 3 6 3 6 6 0 6 5 5 5 5 6 6 6 6 6 5 5 5 5 6 6 6 5 5 5 5 5 5 6 5 6 6 6 6 6 5 5 5 5 5 6 6 6 6 5 5 5 5 5 6 6 6 6 5 5 5 5 5 5 5 6 6 6 5 5 5 5 4 1 5 3 4 1 5 3 3
0 30 3 3 3 3 1 6 3 3 6 6 6 6 6 6 6 6 6 3 6 6 3 6 6 6 6 5 5 5 5 5
0 47 3 3 3 3 1 6 3 3 6 6 6 6 6 6 6 6 6 3 6 6 3 6 6 6 6 5 5 5 5 5 6 6 5 6 6 6 6 6 5 6 5 5 5 5 5 5 5
0 37 1 6 2 6 2 2 2 4 1 5 3 3 5 5 5 5 6 6 6 5 6 5 6 6 6 6 5 5 5 5 5 6 5 5 5 5 6
0 47 3 3 6 1 6 1 3 4 0 4 1 5 3 5 5 5 6 6 6 6 6 5 5 5 5 5 6 6 6 6 6 6 6 3 5 6 6 5 6 5 5 5 5 5 5 5 5
0 1 6
0 17 6 1 3 3 1 5 5 6 6 6 6 5 6 6 6 4 1
0 34 1 6 3 6 2 2 6 3 6 6 3 5 5 5 5 6 6 6 6 5 5 5 5 5 6 6 6 6 6 6 6 6 3 3
0 23 1 3 3 4 1 5 3 3 4 1 5 3 5 5 5 5 5 6 6 6 6 5 5
0 27 3 3 6 1 6 1 3 4 0 4 1 5 3 5 5 5 6 6 6 6 6 5 5 5 5 5 6
0 20 1 3 3 4 1 5 3 3 4 1 5 3 5 5 5 5 5 6 6 6
0 38 1 6 2 6 2 2 2 4 1 5 3 3 5 5 5 5 6 6 6 5 6 5 6 6 6 6 5 5 5 5 5 6 5 5 5 5 6 6
0 46 3 3 3 6 1 4 0 3 3 6 3 6 6 0 6 5 5 5 5 6 6 6 6 6 5 5 5 5 6 6 6 5 5 5 5 5 5 6 5 6 6 6 6 6 5 5
0 39 1 6 2 6 2 2 2 4 1 5 3 3 5 5 5 5 6 6 6 5 6 5 6 6 6 6 5 5 5 5 5 6 5 5 5 5 6 6 4
0 62 6 1 3 3 1 5 5 6 6 6 6 5 6 6 6 4 1 5 3 5 5 5 6 5 5 5 5 5 5 6 6 6 6 5 5 5 5 6 6 6 5 5 5 5 6 6 6 3 4 1 5 3 3 3 5 6 4 1 5 3 5 5
0 15 3 3 3 3 4 0 6 6 6 6 6 4 2 2 2
0 51 3 3 3 3 1 6 3 3 6 6 6 6 6 6 6 6 6 3 6 6 3 6 6 6 6 5 5 5 5 5 6 6 5 6 6 6 6 6 5 6 5 5 5 5 5 5 5 5 5 6 6
0 36 6 1 3 3 1 5 5 6 6 6 6 5 6 6 6 4 1 5 3 5 5 5 6 5 5 5 5 5 5 6 6 6 6 5 5 5
0 55 1 6 3 6 2 2 6 3 6 6 3 5 5 5 5 6 6 6 6 5 5 5 5 5 6 6 6 6 6 6 6 6 3 3 5 5 5 5 5 6 5 5 6 6 5 5 5 5 6 6 6 6 6 4 1
0 16 3 3 3 6 1 1 6 3 6 3 0 3 3 4 1 5
0 27 3 3 3 6 1 1 6 3 6 3 0 3 3 4 1 5 3 5 5 5 5 5 6 6 6 6 6
0 87 6 1 3 3 1 5 5 6 6 6 6 5 6 6 6 4 1 5 3 5 5 5 6 5 5 5 5 5 5 6 6 6 6 5 5 5 5 6 6 6 5 5 5 5 6 6 6 3 4 1 5 3 3 3 5 6 4 1 5 3 5 5 5 5 5 6 6 6 5 6 6 5 6 6 6 6 6 6 5 5 5 6 6 6 6 6 5
0 54 4 0 3 3 3 4 1 5 3 3 5 5 5 5 5 6 6 5 5 5 5 5 5 5 5 5 6 6 6 5 6 6 4 1 5 3 3 3 5 5 5 5 5 6 6 5 5 6 6 6 6 6 5 5
0 92 3 3 3 6 1 4 0 3 3 6 3 6 6 0 6 5 5 5 5 6 6 6 6 6 5 5 5 5 6 6 6 5 5 5 5 5 5 6 5 6 6 6 6 6 5 5 5 5 5 6 6 6 6 5 5 5 5 5 6 6 6 6 5 5 5 5 5 5 5 6 6 6 5 5 5 5 4 1 5 3 4 1 5 3 3 5 5 5 5 6 4 1
0 31 3 3 3 6 1 4 0 3 3 6 3 6 6 0 6 5 5 5 5 6 6 6 6 6 5 5 5 5 6 6 6
0 48 1 6 2 6 2 2 2 4 1 5 3 3 5 5 5 5 6 6 6 5 6 5 6 6 6 6 5 5 5 5 5 6 5 5 5 5 6 6 4 1 5 3 6 6 6 5 6 6
0 14 4 0 6 6 2 3 6 3 3 4 2 2 2 2
0 51 1 6 3 6 2 2 6 3 6 6 3 5 5 5 5 6 6 6 6 5 5 5 5 5 6 6 6 6 6 6 6 6 3 3 5 5 5 5 5 6 5 5 6 6 5 5 5 5 6 6 6
0 20 6 1 3 3 3 3 4 0 3 4 1 5 3 3 5 5 5 6 6 6
0 20 6 1 6 1 6 1 3 4 0 6 3 6 3 5 5 5 5 6 5 5
0 42 3 6 1 6 1 1 3 6 6 6 3 6 3 6 6 6 3 6 6 3 5 6 5 6 6 5 5 5 6 6 6 5 5 5 6 6 6 6 6 6 3 4
0 19 1 6 2 6 2 2 2 4 1 5 3 3 5 5 5 5 6 6 6
0 11 3 3 6 1 6 1 3 4 0 4 1
0 4 6 1 3 6
0 43 3 6 1 6 1 6 1 6 1 1 4 1 5 3 5 5 6 6 6 6 5 5 5 5 5 6 5 5 5 5 5 6 6 6 5 5 5 5 6 6 6 4 1
0 15 6 1 3 3 3 3 4 0 3 4 1 5 3 3 5
0 45 3 4 0 3 4 1 5 3 4 1 5 3 4 1 5 3 3 3 5 5 5 6 6 6 6 6 5 5 5 5 6 6 6 6 6 6 6 6 6 6 5 5 6 6 6
0 25 1 6 2 6 2 2 2 4 1 5 3 3 5 5 5 5 6 6 6 5 6 5 6 6 6
0 13 3 3 3 6 1 4 0 6 6 6 6 6 1
0 24 3 6 1 3 1 6 3 6 6 3 6 6 4 4 4 4 4 2 2 2 2 2 2 2
0 62 6 1 3 3 3 3 4 0 3 4 1 5 3 3 5 5 5 6 6 6 6 6 6 6 5 5 5 5 5 6 6 6 5 5 5 5 5 6 6 6 6 6 6 6 5 6 6 6 6 4 1 5 3 3 3 4 1 5 3 4 1 5
0 50 1 3 3 4 1 5 3 3 4 1 5 3 5 5 5 5 5 6 6 6 6 5 5 6 6 6 6 5 5 5 5 6 6 6 6 6 5 5 6 5 5 5 6 5 5 5 6 6 6 4
0 8 4 0 3 3 3 4 1 5
0 62 3 3 3 6 1 1 6 3 6 3 0 3 3 4 1 5 3 5 5 5 5 5 6 6 6 6 6 6 6 6 5 5 5 5 5 6 6 5 6 6 6 5 5 5 5 5 6 6 5 5 6 6 6 5 6 5 5 5 5 4 1 5
0 63 1 6 2 6 2 2 2 4 1 5 3 3 5 5 5 5 6 6 6 5 6 5 6 6 6 6 5 5 5 5 5 6 5 5 5 5 6 6 4 1 5 3 6 6 6 5 6 6 5 5 5 5 5 6 6 6 4 1 5 3 3 4 1
0 35 6 1 3 3 3 3 4 0 3 4 1 5 3 3 5 5 5 6 6 6 6 6 6 6 5 5 5 5 5 6 6 6 5 5 5
0 47 3 6 1 3 3 1 6 2 6 2 3 6 6 6 5 5 5 5 5 6 6 6 6 5 5 6 6 6 6 6 5 5 5 6 5 6 6 5 6 6 6 6 6 3 4 1 5
0 20 3 3 3 6 1 4 0 6 6 6 6 6 1 1 1 1 4 4 4 1
0 30 6 1 3 3 3 3 4 0 3 4 1 5 3 3 5 5 5 6 6 6 6 6 6 6 5 5 5 5 5 6
0 61 4 0 3 3 3 4 1 5 3 3 5 5 5 5 5 6 6 5 5 5 5 5 5 5 5 5 6 6 6 5 6 6 4 1 5 3 3 3 5 5 5 5 5 6 6 5 5 6 6 6 6 6 5 5 5 5 6 6 3 3 4
0 21 1 6 3 6 2 2 6 3 6 6 3 5 5 5 5 6 6 6 6 5 5
0 59 3 3 3 6 1 1 6 3 6 3 0 3 3 4 1 5 3 5 5 5 5 5 6 6 6 6 6 6 6 6 5 5 5 5 5 6 6 5 6 6 6 5 5 5 5 5 6 6 5 5 6 6 6 5 6 5 5 5 5
0 34 1 6 2 6 2 2 2 4 1 5 3 3 5 5 5 5 6 6 6 5 6 5 6 6 6 6 5 5 5 5 5 6 5 5
0 8 4 0 6 3 6 2 2 1
0 39 3 6 1 3 3 1 6 2 6 2 3 6 6 6 5 5 5 5 5 6 6 6 6 5 5 6 6 6 6 6 5 5 5 6 5 6 6 5 6
0 2 6 1
0 13 4 0 6 6 2 3 6 3 3 4 2 2 2
0 24 1 6 3 6 2 2 6 3 6 6 3 5 5 5 5 6 6 6 6 5 5 5 5 5
0 4 6 1 6 1
0 80 3 3 3 6 1 1 6 3 6 3 0 3 3 4 1 5 3 5 5 5 5 5 6 6 6 6 6 6 6 6 5 5 5 5 5 6 6 5 6 6 6 5 5 5 5 5 6 6 5 5 6 6 6 5 6 5 5 5 5 4 1 5 3 3 3 4 1 5 3 5 5 5 5 5 6 6 6 6 5 5
0 33 6 1 3 3 1 5 5 6 6 6 6 5 6 6 6 4 1 5 3 5 5 5 6 5 5 5 5 5 5 6 6 6 6
0 9 1 3 3 4 1 5 3 3 4
0 30 1 6 3 6 2 2 6 3 6 6 3 5 5 5 5 6 6 6 6 5 5 5 5 5 6 6 6 6 6 6
0 21 6 1 6 1 6 1 3 4 0 6 3 6 3 5 5 5 5 6 5 5 5
0 37 3 6 1 3 3 1 6 2 6 2 3 6 6 6 5 5 5 5 5 6 6 6 6 5 5 6 6 6 6 6 5 5 5 6 5 6 6
0 12 3 6 1 6 1 6 1 6 1 1 4 1
0 9 3 6 1 6 1 6 1 6 1
0 25 3 6 1 6 1 6 1 6 1 1 4 1 5 3 5 5 6 6 6 6 5 5 5 5 5
0 34 3 3 3 6 1 4 0 3 3 6 3 6 6 0 6 5 5 5 5 6 6 6 6 6 5 5 5 5 6 6 6 5 5 5
0 75 3 3 3 6 1 1 6 3 6 3 0 3 3 4 1 5 3 5 5 5 5 5 6 6 6 6 6 6 6 6 5 5 5 5 5 6 6 5 6 6 6 5 5 5 5 5 6 6 5 5 6 6 6 5 6 5 5 5 5 4 1 5 3 3 3 4 1 5 3 5 5 5 5 5 6
0 23 6 1 3 3 3 3 4 0 3 4 1 5 3 3 5 5 5 6 6 6 6 6 6
0 104 6 1 3 3 1 5 5 6 6 6 6 5 6 6 6 4 1 5 3 5 5 5 6 5 5 5 5 5 5 6 6 6 6 5 5 5 5 6 6 6 5 5 5 5 6 6 6 3 4 1 5 3 3 3 5 6 4 1 5 3 5 5 5 5 5 6 6 6 5 6 6 5 6 6 6 6 6 6 5 5 5 6 6 6 6 6 5 5 5 5 5 6 6 6 6 5 5 5 5 6 6 4 1 5
0 84 3 3 3 6 1 1 6 3 6 3 0 3 3 4 1 5 3 5 5 5 5 5 6 6 6 6 6 6 6 6 5 5 5 5 5 6 6 5 6 6 6 5 5 5 5 5 6 6 5 5 6 6 6 5 6 5 5 5 5 4 1 5 3 3 3 4 1 5 3 5 5 5 5 5 6 6 6 6 5 5 5 6 6 6
0 24 6 1 3 3 3 3 4 0 3 4 1 5 3 3 5 5 5 6 6 6 6 6 6 6
0 26 3 6 1 3 1 6 3 6 6 3 6 6 4 4 4 4 4 2 2 2 2 2 2 2 2 2
0 60 3 3 3 3 1 6 3 3 6 6 6 6 6 6 6 6 6 3 6 6 3 6 6 6 6 5 5 5 5 5 6 6 5 6 6 6 6 6 5 6 5 5 5 5 5 5 5 5 5 6 6 6 5 5 5 5 6 6 6 3
0 29 6 1 3 3 3 1 6 2 2 2 3 3 3 5 5 4 1 5 3 3 5 5 5 5 5 6 6 6 5
0 44 1 6 3 6 2 2 6 3 6 6 3 5 5 5 5 6 6 6 6 5 5 5 5 5 6 6 6 6 6 6 6 6 3 3 5 5 5 5 5 6 5 5 6 6
0 12 6 1 3 3 1 5 5 6 6 6 6 5
0 34 3 6 1 3 3 1 6 2 6 2 3 6 6 6 5 5 5 5 5 6 6 6 6 5 5 6 6 6 6 6 5 5 5 6
0 15 6 1 3 3 3 1 6 2 2 2 3 3 3 5 5
0 3 6 1 6
0 43 6 1 3 3 1 5 5 6 6 6 6 5 6 6 6 4 1 5 3 5 5 5 6 5 5 5 5 5 5 6 6 6 6 5 5 5 5 6 6 6 5 5 5
0 51 3 3 6 1 6 1 3 4 0 4 1 5 3 5 5 5 6 6 6 6 6 5 5 5 5 5 6 6 6 6 6 6 6 3 5 6 6 5 6 5 5 5 5 5 5 5 5 5 6 6 6
0 8 3 6 1 6 1 6 1 6
0 20 6 1 3 3 3 1 6 2 2 2 3 3 3 5 5 4 1 5 3 3
0 25 4 0 6 3 6 2 2 1 1 4 4 4 4 4 2 2 2 2 2 2 1 1 1 1 1
0 92 6 1 3 3 1 5 5 6 6 6 6 5 6 6 6 4 1 5 3 5 5 5 6 5 5 5 5 5 5 6 6 6 6 5 5 5 5 6 6 6 5 5 5 5 6 6 6 3 4 1 5 3 3 3 5 6 4 1 5 3 5 5 5 5 5 6 6 6 5 6 6 5 6 6 6 6 6 6 5 5 5 6 6 6 6 6 5 5 5 5 5 6
0 13 1 6 2 6 2 2 2 4 1 5 3 3 5
0 17 6 1 6 1 6 1 3 4 0 6 3 6 3 5 5 5 5
0 73 6 1 3 3 1 5 5 6 6 6 6 5 6 6 6 4 1 5 3 5 5 5 6 5 5 5 5 5 5 6 6 6 6 5 5 5 5 6 6 6 5 5 5 5 6 6 6 3 4 1 5 3 3 3 5 6 4 1 5 3 5 5 5 5 5 6 6 6 5 6 6 5 6
0 43 1 3 3 4 1 5 3 3 4 1 5 3 5 5 5 5 5 6 6 6 6 5 5 6 6 6 6 5 5 5 5 6 6 6 6 6 5 5 6 5 5 5 6
0 54 1 6 3 6 2 2 6 3 6 6 3 5 5 5 5 6 6 6 6 5 5 5 5 5 6 6 6 6 6 6 6 6 3 3 5 5 5 5 5 6 5 5 6 6 5 5 5 5 6 6 6 6 6 4
0 97 3 3 3 6 1 4 0 3 3 6 3 6 6 0 6 5 5 5 5 6 6 6 6 6 5 5 5 5 6 6 6 5 5 5 5 5 5 6 5 6 6 6 6 6 5 5 5 5 5 6 6 6 6 5 5 5 5 5 6 6 6 6 5 5 5 5 5 5 5 6 6 6 5 5 5 5 4 1 5 3 4 1 5 3 3 5 5 5 5 6 4 1 5 3 4 1 5
0 41 1 6 2 6 2 2 2 4 1 5 3 3 5 5 5 5 6 6 6 5 6 5 6 6 6 6 5 5 5 5 5 6 5 5 5 5 6 6 4 1 5
0 16 6 1 3 3 3 3 4 0 3 4 1 5 3 3 5 5
0 25 6 1 6 1 3 6 1 4 0 3 6 6 3 3 6 2 6 3 6 3 6 6 4 1 5
0 21 4 0 3 3 3 4 1 5 3 3 5 5 5 5 5 6 6 5 5 5 5
0 14 3 3 6 1 6 1 3 4 0 4 1 5 3 5
0 28 3 3 3 3 4 0 6 6 6 6 6 4 2 2 2 2 2 2 2 2 2 2 1 1 2 2 2 2
0 38 3 3 3 6 1 1 6 3 6 3 0 3 3 4 1 5 3 5 5 5 5 5 6 6 6 6 6 6 6 6 5 5 5 5 5 6 6 5
0 16 3 6 1 6 1 6 1 6 1 1 4 1 5 3 5 5
0 40 3 4 0 3 4 1 5 3 4 1 5 3 4 1 5 3 3 3 5 5 5 6 6 6 6 6 5 5 5 5 6 6 6 6 6 6 6 6 6 6
0 58 3 3 3 6 1 1 6 3 6 3 0 3 3 4 1 5 3 5 5 5 5 5 6 6 6 6 6 6 6 6 5 5 5 5 5 6 6 5 6 6 6 5 5 5 5 5 6 6 5 5 6 6 6 5 6 5 5 5
0 52 6 1 3 3 3 3 4 0 3 4 1 5 3 3 5 5 5 6 6 6 6 6 6 6 5 5 5 5 5 6 6 6 5 5 5 5 5 6 6 6 6 6 6 6 5 6 6 6 6 4 1 5
0 66 6 1 3 3 1 5 5 6 6 6 6 5 6 6 6 4 1 5 3 5 5 5 6 5 5 5 5 5 5 6 6 6 6 5 5 5 5 6 6 6 5 5 5 5 6 6 6 3 4 1 5 3 3 3 5 6 4 1 5 3 5 5 5 5 5 6
0 61 3 3 3 3 1 6 3 3 6 6 6 6 6 6 6 6 6 3 6 6 3 6 6 6 6 5 5 5 5 5 6 6 5 6 6 6 6 6 5 6 5 5 5 5 5 5 5 5 5 6 6 6 5 5 5 5 6 6 6 3 4
0 50 1 6 3 6 2 2 6 3 6 6 3 5 5 5 5 6 6 6 6 5 5 5 5 5 6 6 6 6 6 6 6 6 3 3 5 5 5 5 5 6 5 5 6 6 5 5 5 5 6 6
0 19 3 3 3 3 4 0 6 6 6 6 6 4 2 2 2 2 2 2 2
0 100 6 1 3 3 1 5 5 6 6 6 6 5 6 6 6 4 1 5 3 5 5 5 6 5 5 5 5 5 5 6 6 6 6 5 5 5 5 6 6 6 5 5 5 5 6 6 6 3 4 1 5 3 3 3 5 6 4 1 5 3 5 5 5 5 5 6 6 6 5 6 6 5 6 6 6 6 6 6 5 5 5 6 6 6 6 6 5 5 5 5 5 6 6 6 6 5 5 5 5 6
0 28 6 1 3 3 3 3 4 0 3 4 1 5 3 3 5 5 5 6 6 6 6 6 6 6 5 5 5 5
0 56 1 6 3 6 2 2 6 3 6 6 3 5 5 5 5 6 6 6 6 5 5 5 5 5 6 6 6 6 6 6 6 6 3 3 5 5 5 5 5 6 5 5 6 6 5 5 5 5 6 6 6 6 6 4 1 5
0 16 4 0 6 6 2 3 6 3 3 4 2 2 2 2 2 2
0 64 1 6 2 6 2 2 2 4 1 5 3 3 5 5 5 5 6 6 6 5 6 5 6 6 6 6 5 5 5 5 5 6 5 5 5 5 6 6 4 1 5 3 6 6 6 5 6 6 5 5 5 5 5 6 6 6 4 1 5 3 3 4 1 5
0 24 6 1 6 1 3 6 1 4 0 3 6 6 3 3 6 2 6 3 6 3 6 6 4 1
0 14 3 6 1 4 0 1 1 1 1 1 1 1 1 1
0 8 1 3 3 4 1 5 3 3
0 35 3 3 6 1 6 1 3 4 0 4 1 5 3 5 5 5 6 6 6 6 6 5 5 5 5 5 6 6 6 6 6 6 6 3 5
0 82 3 3 3 6 1 4 0 3 3 6 3 6 6 0 6 5 5 5 5 6 6 6 6 6 5 5 5 5 6 6 6 5 5 5 5 5 5 6 5 6 6 6 6 6 5 5 5 5 5 6 6 6 6 5 5 5 5 5 6 6 6 6 5 5 5 5 5 5 5 6 6 6 5 5 5 5 4 1 5 3 4 1
0 41 1 6 3 6 2 2 6 3 6 6 3 5 5 5 5 6 6 6 6 5 5 5 5 5 6 6 6 6 6 6 6 6 3 3 5 5 5 5 5 6 5
0 50 3 6 1 6 1 1 3 6 6 6 3 6 3 6 6 6 3 6 6 3 5 6 5 6 6 5 5 5 6 6 6 5 5 5 6 6 6 6 6 6 3 4 1 5 3 6 5 5 5 6
0 102 6 1 3 3 1 5 5 6 6 6 6 5 6 6 6 4 1 5 3 5 5 5 6 5 5 5 5 5 5 6 6 6 6 5 5 5 5 6 6 6 5 5 5 5 6 6 6 3 4 1 5 3 3 3 5 6 4 1 5 3 5 5 5 5 5 6 6 6 5 6 6 5 6 6 6 6 6 6 5 5 5 6 6 6 6 6 5 5 5 5 5 6 6 6 6 5 5 5 5 6 6 4
0 46 1 3 3 4 1 5 3 3 4 1 5 3 5 5 5 5 5 6 6 6 6 5 5 6 6 6 6 5 5 5 5 6 6 6 6 6 5 5 6 5 5 5 6 5 5 5
0 18 4 0 6 3 6 2 2 1 1 4 4 4 4 4 2 2 2 2
0 48 6 1 3 3 3 3 4 0 3 4 1 5 3 3 5 5 5 6 6 6 6 6 6 6 5 5 5 5 5 6 6 6 5 5 5 5 5 6 6 6 6 6 6 6 5 6 6 6
0 19 3 3 6 1 6 1 3 4 0 4 1 5 3 5 5 5 6 6 6
0 3 3 3 3
0 14 6 1 3 3 3 1 6 2 2 2 3 3 3 5
0 20 3 6 1 6 1 6 1 6 1 1 4 1 5 3 5 5 6 6 6 6
0 17 1 6 3 6 2 2 6 3 6 6 3 5 5 5 5 6 6
0 53 3 3 6 1 6 1 3 4 0 4 1 5 3 5 5 5 6 6 6 6 6 5 5 5 5 5 6 6 6 6 6 6 6 3 5 6 6 5 6 5 5 5 5 5 5 5 5 5 6 6 6 6 4
0 6 3 6 1 4 0 1
0 56 1 6 2 6 2 2 2 4 1 5 3 3 5 5 5 5 6 6 6 5 6 5 6 6 6 6 5 5 5 5 5 6 5 5 5 5 6 6 4 1 5 3 6 6 6 5 6 6 5 5 5 5 5 6 6 6
0 34 3 3 6 1 6 1 3 4 0 4 1 5 3 5 5 5 6 6 6 6 6 5 5 5 5 5 6 6 6 6 6 6 6 3
0 52 3 6 1 6 1 1 3 6 6 6 3 6 3 6 6 6 3 6 6 3 5 6 5 6 6 5 5 5 6 6 6 5 5 5 6 6 6 6 6 6 3 4 1 5 3 6 5 5 5 6 4 1
0 17 3 6 1 3 3 1 6 2 6 2 3 6 6 6 5 5 5
0 50 3 4 0 3 4 1 5 3 4 1 5 3 4 1 5 3 3 3 5 5 5 6 6 6 6 6 5 5 5 5 6 6 6 6 6 6 6 6 6 6 5 5 6 6 6 6 6 3 4 1
0 31 4 0 3 3 3 4 1 5 3 3 5 5 5 5 5 6 6 5 5 5 5 5 5 5 5 5 6 6 6 5 6
0 59 3 3 3 3 1 6 3 3 6 6 6 6 6 6 6 6 6 3 6 6 3 6 6 6 6 5 5 5 5 5 6 6 5 6 6 6 6 6 5 6 5 5 5 5 5 5 5 5 5 6 6 6 5 5 5 5 6 6 6
0 32 3 3 3 6 1 1 6 3 6 3 0 3 3 4 1 5 3 5 5 5 5 5 6 6 6 6 6 6 6 6 5 5
0 34 1 3 3 4 1 5 3 3 4 1 5 3 5 5 5 5 5 6 6 6 6 5 5 6 6 6 6 5 5 5 5 6 6 6
0 18 3 3 3 6 1 1 6 3 6 3 0 3 3 4 1 5 3 5
0 20 3 3 3 6 1 1 6 3 6 3 0 3 3 4 1 5 3 5 5 5
0 48 1 6 3 6 2 2 6 3 6 6 3 5 5 5 5 6 6 6 6 5 5 5 5 5 6 6 6 6 6 6 6 6 3 3 5 5 5 5 5 6 5 5 6 6 5 5 5 5
0 28 3 3 6 1 6 1 3 4 0 4 1 5 3 5 5 5 6 6 6 6 6 5 5 5 5 5 6 6
0 55 6 1 3 3 1 5 5 6 6 6 6 5 6 6 6 4 1 5 3 5 5 5 6 5 5 5 5 5 5 6 6 6 6 5 5 5 5 6 6 6 5 5 5 5 6 6 6 3 4 1 5 3 3 3 5
0 48 3 3 3 6 1 1 6 3 6 3 0 3 3 4 1 5 3 5 5 5 5 5 6 6 6 6 6 6 6 6 5 5 5 5 5 6 6 5 6 6 6 5 5 5 5 5 6 6
0 27 3 4 0 3 4 1 5 3 4 1 5 3 4 1 5 3 3 3 5 5 5 6 6 6 6 6 5
0 27 3 3 3 6 1 4 0 3 3 6 3 6 6 0 6 5 5 5 5 6 6 6 6 6 5 5 5
0 11 6 1 3 3 1 5 5 6 6 6 6
0 42 1 6 3 6 2 2 6 3 6 6 3 5 5 5 5 6 6 6 6 5 5 5 5 5 6 6 6 6 6 6 6 6 3 3 5 5 5 5 5 6 5 5
0 8 6 1 3 3 1 5 5 6
0 55 1 6 2 6 2 2 2 4 1 5 3 3 5 5 5 5 6 6 6 5 6 5 6 6 6 6 5 5 5 5 5 6 5 5 5 5 6 6 4 1 5 3 6 6 6 5 6 6 5 5 5 5 5 6 6
0 40 1 3 3 4 1 5 3 3 4 1 5 3 5 5 5 5 5 6 6 6 6 5 5 6 6 6 6 5 5 5 5 6 6 6 6 6 5 5 6 5
0 74 3 3 3 6 1 4 0 3 3 6 3 6 6 0 6 5 5 5 5 6 6 6 6 6 5 5 5 5 6 6 6 5 5 5 5 5 5 6 5 6 6 6 6 6 5 5 5 5 5 6 6 6 6 5 5 5 5 5 6 6 6 6 5 5 5 5 5 5 5 6 6 6 5 5
0 5 3 3 6 1 6
0 12 3 6 1 4 0 1 1 1 1 1 1 1
0 33 3 3 3 3 1 6 3 3 6 6 6 6 6 6 6 6 6 3 6 6 3 6 6 6 6 5 5 5 5 5 6 6 5
0 28 6 1 3 3 1 5 5 6 6 6 6 5 6 6 6 4 1 5 3 5 5 5 6 5 5 5 5 5
0 36 3 6 1 6 1 1 3 6 6 6 3 6 3 6 6 6 3 6 6 3 5 6 5 6 6 5 5 5 6 6 6 5 5 5 6 6
0 41 3 6 1 3 3 1 6 2 6 2 3 6 6 6 5 5 5 5 5 6 6 6 6 5 5 6 6 6 6 6 5 5 5 6 5 6 6 5 6 6 6
0 27 1 6 3 6 2 2 6 3 6 6 3 5 5 5 5 6 6 6 6 5 5 5 5 5 6 6 6
0 24 1 3 3 4 1 5 3 3 4 1 5 3 5 5 5 5 5 6 6 6 6 5 5 6
0 96 3 3 3 6 1 4 0 3 3 6 3 6 6 0 6 5 5 5 5 6 6 6 6 6 5 5 5 5 6 6 6 5 5 5 5 5 5 6 5 6 6 6 6 6 5 5 5 5 5 6 6 6 6 5 5 5 5 5 6 6 6 6 5 5 5 5 5 5 5 6 6 6 5 5 5 5 4 1 5 3 4 1 5 3 3 5 5 5 5 6 4 1 5 3 4 1
0 32 4 0 3 3 3 4 1 5 3 3 5 5 5 5 5 6 6 5 5 5 5 5 5 5 5 5 6 6 6 5 6 6
0 34 6 1 3 3 3 3 4 0 3 4 1 5 3 3 5 5 5 6 6 6 6 6 6 6 5 5 5 5 5 6 6 6 5 5
0 71 3 3 3 6 1 1 6 3 6 3 0 3 3 4 1 5 3 5 5 5 5 5 6 6 6 6 6 6 6 6 5 5 5 5 5 6 6 5 6 6 6 5 5 5 5 5 6 6 5 5 6 6 6 5 6 5 5 5 5 4 1 5 3 3 3 4 1 5 3 5 5
0 23 3 3 6 1 6 1 3 4 0 4 1 5 3 5 5 5 6 6 6 6 6 5 5
0 15 3 6 1 3 3 1 6 2 6 2 3 6 6 6 5
0 37 3 3 3 6 1 1 6 3 6 3 0 3 3 4 1 5 3 5 5 5 5 5 6 6 6 6 6 6 6 6 5 5 5 5 5 6 6
0 31 1 6 3 6 2 2 6 3 6 6 3 5 5 5 5 6 6 6 6 5 5 5 5 5 6 6 6 6 6 6 6
0 21 3 3 6 1 6 1 3 4 0 4 1 5 3 5 5 5 6 6 6 6 6
0 20 1 6 2 6 2 2 2 4 1 5 3 3 5 5 5 5 6 6 6 5
0 46 6 1 3 3 1 5 5 6 6 6 6 5 6 6 6 4 1 5 3 5 5 5 6 5 5 5 5 5 5 6 6 6 6 5 5 5 5 6 6 6 5 5 5 5 6 6
0 66 3 3 3 6 1 1 6 3 6 3 0 3 3 4 1 5 3 5 5 5 5 5 6 6 6 6 6 6 6 6 5 5 5 5 5 6 6 5 6 6 6 5 5 5 5 5 6 6 5 5 6 6 6 5 6 5 5 5 5 4 1 5 3 3 3 4
0 22 6 1 3 3 3 1 6 2 2 2 3 3 3 5 5 4 1 5 3 3 5 5
0 10 1 6 2 6 2 2 2 4 1 5
0 72 3 3 3 6 1 4 0 3 3 6 3 6 6 0 6 5 5 5 5 6 6 6 6 6 5 5 5 5 6 6 6 5 5 5 5 5 5 6 5 6 6 6 6 6 5 5 5 5 5 6 6 6 6 5 5 5 5 5 6 6 6 6 5 5 5 5 5 5 5 6 6 6
0 10 4 0 3 3 3 4 1 5 3 3
0 64 6 1 3 3 1 5 5 6 6 6 6 5 6 6 6 4 1 5 3 5 5 5 6 5 5 5 5 5 5 6 6 6 6 5 5 5 5 6 6 6 5 5 5 5 6 6 6 3 4 1 5 3 3 3 5 6 4 1 5 3 5 5 5 5
0 17 3 3 6 1 6 1 3 4 0 4 1 5 3 5 5 5 6
0 23 3 3 3 6 1 1 6 3 6 3 0 3 3 4 1 5 3 5 5 5 5 5 6
0 62 3 3 3 6 1 4 0 3 3 6 3 6 6 0 6 5 5 5 5 6 6 6 6 6 5 5 5 5 6 6 6 5 5 5 5 5 5 6 5 6 6 6 6 6 5 5 5 5 5 6 6 6 6 5 5 5 5 5 6 6 6 6
0 52 4 0 3 3 3 4 1 5 3 3 5 5 5 5 5 6 6 5 5 5 5 5 5 5 5 5 6 6 6 5 6 6 4 1 5 3 3 3 5 5 5 5 5 6 6 5 5 6 6 6 6 6
0 79 3 3 3 6 1 4 0 3 3 6 3 6 6 0 6 5 5 5 5 6 6 6 6 6 5 5 5 5 6 6 6 5 5 5 5 5 5 6 5 6 6 6 6 6 5 5 5 5 5 6 6 6 6 5 5 5 5 5 6 6 6 6 5 5 5 5 5 5 5 6 6 6 5 5 5 5 4 1 5
0 6 1 3 3 4 1 5
0 96 6 1 3 3 1 5 5 6 6 6 6 5 6 6 6 4 1 5 3 5 5 5 6 5 5 5 5 5 5 6 6 6 6 5 5 5 5 6 6 6 5 5 5 5 6 6 6 3 4 1 5 3 3 3 5 6 4 1 5 3 5 5 5 5 5 6 6 6 5 6 6 5 6 6 6 6 6 6 5 5 5 6 6 6 6 6 5 5 5 5 5 6 6 6 6 5
0 58 4 0 3 3 3 4 1 5 3 3 5 5 5 5 5 6 6 5 5 5 5 5 5 5 5 5 6 6 6 5 6 6 4 1 5 3 3 3 5 5 5 5 5 6 6 5 5 6 6 6 6 6 5 5 5 5 6 6
0 15 6 1 6 1 6 1 3 4 0 6 3 6 3 5 5
0 24 1 6 2 6 2 2 2 4 1 5 3 3 5 5 5 5 6 6 6 5 6 5 6 6
0 27 3 3 3 3 1 6 3 3 6 6 6 6 6 6 6 6 6 3 6 6 3 6 6 6 6 5 5
0 2 3 6
0 7 3 4 0 3 4 1 5
0 29 3 6 1 3 3 1 6 2 6 2 3 6 6 6 5 5 5 5 5 6 6 6 6 5 5 6 6 6 6
0 62 3 3 3 3 1 6 3 3 6 6 6 6 6 6 6 6 6 3 6 6 3 6 6 6 6 5 5 5 5 5 6 6 5 6 6 6 6 6 5 6 5 5 5 5 5 5 5 5 5 6 6 6 5 5 5 5 6 6 6 3 4 1
0 78 3 3 3 6 1 4 0 3 3 6 3 6 6 0 6 5 5 5 5 6 6 6 6 6 5 5 5 5 6 6 6 5 5 5 5 5 5 6 5 6 6 6 6 6 5 5 5 5 5 6 6 6 6 5 5 5 5 5 6 6 6 6 5 5 5 5 5 5 5 6 6 6 5 5 5 5 4 1
0 68 4 0 3 3 3 4 1 5 3 3 5 5 5 5 5 6 6 5 5 5 5 5 5 5 5 5 6 6 6 5 6 6 4 1 5 3 3 3 5 5 5 5 5 6 6 5 5 6 6 6 6 6 5 5 5 5 6 6 3 3 4 1 5 3 3 4 1 5
0 33 3 6 1 6 1 1 3 6 6 6 3 6 3 6 6 6 3 6 6 3 5 6 5 6 6 5 5 5 6 6 6 5 5
0 52 1 6 3 6 2 2 6 3 6 6 3 5 5 5 5 6 6 6 6 5 5 5 5 5 6 6 6 6 6 6 6 6 3 3 5 5 5 5 5 6 5 5 6 6 5 5 5 5 6 6 6 6
0 22 6 1 3 3 1 5 5 6 6 6 6 5 6 6 6 4 1 5 3 5 5 5
0 25 3 6 1 3 1 6 3 6 6 3 6 6 4 4 4 4 4 2 2 2 2 2 2 2 2
0 47 4 0 3 3 3 4 1 5 3 3 5 5 5 5 5 6 6 5 5 5 5 5 5 5 5 5 6 6 6 5 6 6 4 1 5 3 3 3 5 5 5 5 5 6 6 5 5
0 6 6 1 3 3 1 5
0 42 1 3 3 4 1 5 3 3 4 1 5 3 5 5 5 5 5 6 6 6 6 5 5 6 6 6 6 5 5 5 5 6 6 6 6 6 5 5 6 5 5 5
0 11 3 4 0 3 4 1 5 3 4 1 5
0 33 3 6 1 3 3 1 6 2 6 2 3 6 6 6 5 5 5 5 5 6 6 6 6 5 5 6 6 6 6 6 5 5 5
0 25 3 6 1 3 3 1 6 2 6 2 3 6 6 6 5 5 5 5 5 6 6 6 6 5 5
0 26 3 1 6 2 2 2 2 6 6 6 0 3 3 6 1 1 1 1 4 4 4 4 4 1 1 1
0 20 3 3 6 1 6 1 3 4 0 4 1 5 3 5 5 5 6 6 6 6
0 55 3 3 3 3 1 6 3 3 6 6 6 6 6 6 6 6 6 3 6 6 3 6 6 6 6 5 5 5 5 5 6 6 5 6 6 6 6 6 5 6 5 5 5 5 5 5 5 5 5 6 6 6 5 5 5
0 31 3 6 1 3 3 1 6 2 6 2 3 6 6 6 5 5 5 5 5 6 6 6 6 5 5 6 6 6 6 6 5
0 8 3 3 6 1 6 1 3 4
0 21 6 1 3 3 3 3 4 0 3 4 1 5 3 3 5 5 5 6 6 6 6
0 55 4 0 3 3 3 4 1 5 3 3 5 5 5 5 5 6 6 5 5 5 5 5 5 5 5 5 6 6 6 5 6 6 4 1 5 3 3 3 5 5 5 5 5 6 6 5 5 6 6 6 6 6 5 5 5
0 18 3 4 0 3 4 1 5 3 4 1 5 3 4 1 5 3 3 3
0 18 1 3 3 4 1 5 3 3 4 1 5 3 5 5 5 5 5 6
0 90 3 3 3 6 1 4 0 3 3 6 3 6 6 0 6 5 5 5 5 6 6 6 6 6 5 5 5 5 6 6 6 5 5 5 5 5 5 6 5 6 6 6 6 6 5 5 5 5 5 6 6 6 6 5 5 5 5 5 6 6 6 6 5 5 5 5 5 5 5 6 6 6 5 5 5 5 4 1 5 3 4 1 5 3 3 5 5 5 5 6
0 16 3 3 3 6 1 4 0 3 3 6 3 6 6 0 6 5
0 32 6 1 3 3 3 1 6 2 2 2 3 3 3 5 5 4 1 5 3 3 5 5 5 5 5 6 6 6 5 6 6 4
0 38 3 3 3 6 1 4 0 3 3 6 3 6 6 0 6 5 5 5 5 6 6 6 6 6 5 5 5 5 6 6 6 5 5 5 5 5 5 6
0 38 3 3 3 3 4 0 6 6 6 6 6 4 2 2 2 2 2 2 2 2 2 2 1 1 2 2 2 2 1 1 4 4 4 4 2 2 2 2
0 38 3 6 1 6 1 1 3 6 6 6 3 6 3 6 6 6 3 6 6 3 5 6 5 6 6 5 5 5 6 6 6 5 5 5 6 6 6 6
0 38 3 6 1 6 1 6 1 6 1 1 4 1 5 3 5 5 6 6 6 6 5 5 5 5 5 6 5 5 5 5 5 6 6 6 5 5 5 5
0 50 6 1 3 3 1 5 5 6 6 6 6 5 6 6 6 4 1 5 3 5 5 5 6 5 5 5 5 5 5 6 6 6 6 5 5 5 5 6 6 6 5 5 5 5 6 6 6 3 4 1
0 48 4 0 3 3 3 4 1 5 3 3 5 5 5 5 5 6 6 5 5 5 5 5 5 5 5 5 6 6 6 5 6 6 4 1 5 3 3 3 5 5 5 5 5 6 6 5 5 6
0 14 3 4 0 3 4 1 5 3 4 1 5 3 4 1
0 5 6 1 6 1 6
0 15 4 0 3 3 3 4 1 5 3 3 5 5 5 5 5
0 39 1 6 3 6 2 2 6 3 6 6 3 5 5 5 5 6 6 6 6 5 5 5 5 5 6 6 6 6 6 6 6 6 3 3 5 5 5 5 5
0 56 6 1 3 3 3 3 4 0 3 4 1 5 3 3 5 5 5 6 6 6 6 6 6 6 5 5 5 5 5 6 6 6 5 5 5 5 5 6 6 6 6 6 6 6 5 6 6 6 6 4 1 5 3 3 3 4
0 13 6 1 3 3 1 5 5 6 6 6 6 5 6
0 9 6 1 3 3 1 5 5 6 6
0 63 3 3 3 6 1 4 0 3 3 6 3 6 6 0 6 5 5 5 5 6 6 6 6 6 5 5 5 5 6 6 6 5 5 5 5 5 5 6 5 6 6 6 6 6 5 5 5 5 5 6 6 6 6 5 5 5 5 5 6 6 6 6 5
0 47 3 3 3 6 1 1 6 3 6 3 0 3 3 4 1 5 3 5 5 5 5 5 6 6 6 6 6 6 6 6 5 5 5 5 5 6 6 5 6 6 6 5 5 5 5 5 6
0 55 3 3 3 6 1 4 0 3 3 6 3 6 6 0 6 5 5 5 5 6 6 6 6 6 5 5 5 5 6 6 6 5 5 5 5 5 5 6 5 6 6 6 6 6 5 5 5 5 5 6 6 6 6 5 5
0 16 1 6 3 6 2 2 6 3 6 6 3 5 5 5 5 6
0 31 3 4 0 3 4 1 5 3 4 1 5 3 4 1 5 3 3 3 5 5 5 6 6 6 6 6 5 5 5 5 6
0 29 6 1 3 3 3 3 4 0 3 4 1 5 3 3 5 5 5 6 6 6 6 6 6 6 5 5 5 5 5
0 26 4 0 3 3 3 4 1 5 3 3 5 5 5 5 5 6 6 5 5 5 5 5 5 5 5 5
0 76 3 3 3 6 1 4 0 3 3 6 3 6 6 0 6 5 5 5 5 6 6 6 6 6 5 5 5 5 6 6 6 5 5 5 5 5 5 6 5 6 6 6 6 6 5 5 5 5 5 6 6 6 6 5 5 5 5 5 6 6 6 6 5 5 5 5 5 5 5 6 6 6 5 5 5 5
0 3 3 6 1
0 27 1 3 3 4 1 5 3 3 4 1 5 3 5 5 5 5 5 6 6 6 6 5 5 6 6 6 6
0 43 3 3 6 1 6 1 3 4 0 4 1 5 3 5 5 5 6 6 6 6 6 5 5 5 5 5 6 6 6 6 6 6 6 3 5 6 6 5 6 5 5 5 5
0 53 3 3 3 6 1 1 6 3 6 3 0 3 3 4 1 5 3 5 5 5 5 5 6 6 6 6 6 6 6 6 5 5 5 5 5 6 6 5 6 6 6 5 5 5 5 5 6 6 5 5 6 6 6
0 89 3 3 3 6 1 4 0 3 3 6 3 6 6 0 6 5 5 5 5 6 6 6 6 6 5 5 5 5 6 6 6 5 5 5 5 5 5 6 5 6 6 6 6 6 5 5 5 5 5 6 6 6 6 5 5 5 5 5 6 6 6 6 5 5 5 5 5 5 5 6 6 6 5 5 5 5 4 1 5 3 4 1 5 3 3 5 5 5 5
0 22 3 6 1 3 1 6 3 6 6 3 6 6 4 4 4 4 4 2 2 2 2 2
0 49 1 6 3 6 2 2 6 3 6 6 3 5 5 5 5 6 6 6 6 5 5 5 5 5 6 6 6 6 6 6 6 6 3 3 5 5 5 5 5 6 5 5 6 6 5 5 5 5 6
0 32 3 3 3 3 1 6 3 3 6 6 6 6 6 6 6 6 6 3 6 6 3 6 6 6 6 5 5 5 5 5 6 6
0 39 3 3 3 3 4 0 6 6 6 6 6 4 2 2 2 2 2 2 2 2 2 2 1 1 2 2 2 2 1 1 4 4 4 4 2 2 2 2 1
0 14 3 3 3 3 4 0 6 6 6 6 6 4 2 2
0 87 3 3 3 6 1 4 0 3 3 6 3 6 6 0 6 5 5 5 5 6 6 6 6 6 5 5 5 5 6 6 6 5 5 5 5 5 5 6 5 6 6 6 6 6 5 5 5 5 5 6 6 6 6 5 5 5 5 5 6 6 6 6 5 5 5 5 5 5 5 6 6 6 5 5 5 5 4 1 5 3 4 1 5 3 3 5 5
0 4 3 6 1 3
0 35 3 3 3 6 1 1 6 3 6 3 0 3 3 4 1 5 3 5 5 5 5 5 6 6 6 6 6 6 6 6 5 5 5 5 5
0 35 3 6 1 6 1 1 3 6 6 6 3 6 3 6 6 6 3 6 6 3 5 6 5 6 6 5 5 5 6 6 6 5 5 5 6
0 36 1 6 3 6 2 2 6 3 6 6 3 5 5 5 5 6 6 6 6 5 5 5 5 5 6 6 6 6 6 6 6 6 3 3 5 5
0 68 6 1 3 3 1 5 5 6 6 6 6 5 6 6 6 4 1 5 3 5 5 5 6 5 5 5 5 5 5 6 6 6 6 5 5 5 5 6 6 6 5 5 5 5 6 6 6 3 4 1 5 3 3 3 5 6 4 1 5 3 5 5 5 5 5 6 6 6
0 20 1 6 3 6 2 2 6 3 6 6 3 5 5 5 5 6 6 6 6 5
0 37 3 4 0 3 4 1 5 3 4 1 5 3 4 1 5 3 3 3 5 5 5 6 6 6 6 6 5 5 5 5 6 6 6 6 6 6 6
0 61 3 3 3 6 1 4 0 3 3 6 3 6 6 0 6 5 5 5 5 6 6 6 6 6 5 5 5 5 6 6 6 5 5 5 5 5 5 6 5 6 6 6 6 6 5 5 5 5 5 6 6 6 6 5 5 5 5 5 6 6 6
0 36 3 4 0 3 4 1 5 3 4 1 5 3 4 1 5 3 3 3 5 5 5 6 6 6 6 6 5 5 5 5 6 6 6 6 6 6
0 30 3 6 1 6 1 1 3 6 6 6 3 6 3 6 6 6 3 6 6 3 5 6 5 6 6 5 5 5 6 6
0 5 6 1 3 6 1
0 43 3 4 0 3 4 1 5 3 4 1 5 3 4 1 5 3 3 3 5 5 5 6 6 6 6 6 5 5 5 5 6 6 6 6 6 6 6 6 6 6 5 5 6
0 16 3 6 1 3 3 1 6 2 6 2 3 6 6 6 5 5
0 39 1 3 3 4 1 5 3 3 4 1 5 3 5 5 5 5 5 6 6 6 6 5 5 6 6 6 6 5 5 5 5 6 6 6 6 6 5 5 6
0 42 3 3 6 1 6 1 3 4 0 4 1 5 3 5 5 5 6 6 6 6 6 5 5 5 5 5 6 6 6 6 6 6 6 3 5 6 6 5 6 5 5 5
0 18 1 6 3 6 2 2 6 3 6 6 3 5 5 5 5 6 6 6
0 32 6 1 3 3 1 5 5 6 6 6 6 5 6 6 6 4 1 5 3 5 5 5 6 5 5 5 5 5 5 6 6 6
0 26 3 3 3 3 1 6 3 3 6 6 6 6 6 6 6 6 6 3 6 6 3 6 6 6 6 5
0 54 1 6 2 6 2 2 2 4 1 5 3 3 5 5 5 5 6 6 6 5 6 5 6 6 6 6 5 5 5 5 5 6 5 5 5 5 6 6 4 1 5 3 6 6 6 5 6 6 5 5 5 5 5 6
0 36 6 1 3 3 3 3 4 0 3 4 1 5 3 3 5 5 5 6 6 6 6 6 6 6 5 5 5 5 5 6 6 6 5 5 5 5
0 39 4 0 3 3 3 4 1 5 3 3 5 5 5 5 5 6 6 5 5 5 5 5 5 5 5 5 6 6 6 5 6 6 4 1 5 3 3 3 5
0 24 3 3 6 1 6 1 3 4 0 4 1 5 3 5 5 5 6 6 6 6 6 5 5 5
0 35 4 0 3 3 3 4 1 5 3 3 5 5 5 5 5 6 6 5 5 5 5 5 5 5 5 5 6 6 6 5 6 6 4 1 5
0 22 6 1 3 3 3 3 4 0 3 4 1 5 3 3 5 5 5 6 6 6 6 6
0 19 3 3 3 6 1 4 0 3 3 6 3 6 6 0 6 5 5 5 5
0 8 6 1 6 1 6 1 3 6
0 40 3 3 3 3 1 6 3 3 6 6 6 6 6 6 6 6 6 3 6 6 3 6 6 6 6 5 5 5 5 5 6 6 5 6 6 6 6 6 5 6
0 13 1 3 3 4 1 5 3 3 4 1 5 3 5
0 27 3 6 1 3 3 1 6 2 6 2 3 6 6 6 5 5 5 5 5 6 6 6 6 5 5 6 6
0 47 6 1 3 3 3 3 4 0 3 4 1 5 3 3 5 5 5 6 6 6 6 6 6 6 5 5 5 5 5 6 6 6 5 5 5 5 5 6 6 6 6 6 6 6 5 6 6
0 20 3 3 3 3 4 0 6 6 6 6 6 4 2 2 2 2 2 2 2 2
0 21 3 6 1 3 1 6 3 6 6 3 6 6 4 4 4 4 4 2 2 2 2
0 27 3 6 1 6 1 1 3 6 6 6 3 6 3 6 6 6 3 6 6 3 5 6 5 6 6 5 5
0 28 1 3 3 4 1 5 3 3 4 1 5 3 5 5 5 5 5 6 6 6 6 5 5 6 6 6 6 5
0 52 3 3 3 3 1 6 3 3 6 6 6 6 6 6 6 6 6 3 6 6 3 6 6 6 6 5 5 5 5 5 6 6 5 6 6 6 6 6 5 6 5 5 5 5 5 5 5 5 5 6 6 6
0 6 6 1 6 1 3 6
0 53 1 6 3 6 2 2 6 3 6 6 3 5 5 5 5 6 6 6 6 5 5 5 5 5 6 6 6 6 6 6 6 6 3 3 5 5 5 5 5 6 5 5 6 6 5 5 5 5 6 6 6 6 6
0 22 1 3 3 4 1 5 3 3 4 1 5 3 5 5 5 5 5 6 6 6 6 5
0 31 3 3 3 6 1 1 6 3 6 3 0 3 3 4 1 5 3 5 5 5 5 5 6 6 6 6 6 6 6 6 5
0 54 3 3 3 6 1 1 6 3 6 3 0 3 3 4 1 5 3 5 5 5 5 5 6 6 6 6 6 6 6 6 5 5 5 5 5 6 6 5 6 6 6 5 5 5 5 5 6 6 5 5 6 6 6 5
0 25 3 6 1 4 0 1 1 1 1 1 1 1 1 1 1 1 1 4 4 4 4 4 1 1 1
0 79 3 3 3 6 1 1 6 3 6 3 0 3 3 4 1 5 3 5 5 5 5 5 6 6 6 6 6 6 6 6 5 5 5 5 5 6 6 5 6 6 6 5 5 5 5 5 6 6 5 5 6 6 6 5 6 5 5 5 5 4 1 5 3 3 3 4 1 5 3 5 5 5 5 5 6 6 6 6 5
0 51 3 6 1 6 1 1 3 6 6 6 3 6 3 6 6 6 3 6 6 3 5 6 5 6 6 5 5 5 6 6 6 5 5 5 6 6 6 6 6 6 3 4 1 5 3 6 5 5 5 6 4
0 44 3 6 1 3 3 1 6 2 6 2 3 6 6 6 5 5 5 5 5 6 6 6 6 5 5 6 6 6 6 6 5 5 5 6 5 6 6 5 6 6 6 6 6 3
0 40 1 6 2 6 2 2 2 4 1 5 3 3 5 5 5 5 6 6 6 5 6 5 6 6 6 6 5 5 5 5 5 6 5 5 5 5 6 6 4 1
0 44 4 0 3 3 3 4 1 5 3 3 5 5 5 5 5 6 6 5 5 5 5 5 5 5 5 5 6 6 6 5 6 6 4 1 5 3 3 3 5 5 5 5 5 6
0 86 6 1 3 3 1 5 5 6 6 6 6 5 6 6 6 4 1 5 3 5 5 5 6 5 5 5 5 5 5 6 6 6 6 5 5 5 5 6 6 6 5 5 5 5 6 6 6 3 4 1 5 3 3 3 5 6 4 1 5 3 5 5 5 5 5 6 6 6 5 6 6 5 6 6 6 6 6 6 5 5 5 6 6 6 6 6
0 50 3 3 3 6 1 4 0 3 3 6 3 6 6 0 6 5 5 5 5 6 6 6 6 6 5 5 5 5 6 6 6 5 5 5 5 5 5 6 5 6 6 6 6 6 5 5 5 5 5 6
0 19 3 4 0 3 4 1 5 3 4 1 5 3 4 1 5 3 3 3 5
0 35 3 4 0 3 4 1 5 3 4 1 5 3 4 1 5 3 3 3 5 5 5 6 6 6 6 6 5 5 5 5 6 6 6 6 6
0 29 4 0 3 3 3 4 1 5 3 3 5 5 5 5 5 6 6 5 5 5 5 5 5 5 5 5 6 6 6
0 42 3 3 3 3 1 6 3 3 6 6 6 6 6 6 6 6 6 3 6 6 3 6 6 6 6 5 5 5 5 5 6 6 5 6 6 6 6 6 5 6 5 5
0 23 3 6 1 3 3 1 6 2 6 2 3 6 6 6 5 5 5 5 5 6 6 6 6
0 36 3 3 3 6 1 4 0 3 3 6 3 6 6 0 6 5 5 5 5 6 6 6 6 6 5 5 5 5 6 6 6 5 5 5 5 5
0 55 3 3 6 1 6 1 3 4 0 4 1 5 3 5 5 5 6 6 6 6 6 5 5 5 5 5 6 6 6 6 6 6 6 3 5 6 6 5 6 5 5 5 5 5 5 5 5 5 6 6 6 6 4 1 5
0 34 6 1 3 3 3 1 6 2 2 2 3 3 3 5 5 4 1 5 3 3 5 5 5 5 5 6 6 6 5 6 6 4 1 5
0 33 3 6 1 6 1 6 1 6 1 1 4 1 5 3 5 5 6 6 6 6 5 5 5 5 5 6 5 5 5 5 5 6 6
0 59 3 3 3 6 1 4 0 3 3 6 3 6 6 0 6 5 5 5 5 6 6 6 6 6 5 5 5 5 6 6 6 5 5 5 5 5 5 6 5 6 6 6 6 6 5 5 5 5 5 6 6 6 6 5 5 5 5 5 6
0 23 3 6 1 3 1 6 3 6 6 3 6 6 4 4 4 4 4 2 2 2 2 2 2
0 12 1 6 2 6 2 2 2 4 1 5 3 3
0 19 3 3 3 6 1 1 6 3 6 3 0 3 3 4 1 5 3 5 5
0 71 3 3 3 6 1 4 0 3 3 6 3 6 6 0 6 5 5 5 5 6 6 6 6 6 5 5 5 5 6 6 6 5 5 5 5 5 5 6 5 6 6 6 6 6 5 5 5 5 5 6 6 6 6 5 5 5 5 5 6 6 6 6 5 5 5 5 5 5 5 6 6
0 61 1 6 2 6 2 2 2 4 1 5 3 3 5 5 5 5 6 6 6 5 6 5 6 6 6 6 5 5 5 5 5 6 5 5 5 5 6 6 4 1 5 3 6 6 6 5 6 6 5 5 5 5 5 6 6 6 4 1 5 3 3
0 75 3 3 3 6 1 4 0 3 3 6 3 6 6 0 6 5 5 5 5 6 6 6 6 6 5 5 5 5 6 6 6 5 5 5 5 5 5 6 5 6 6 6 6 6 5 5 5 5 5 6 6 6 6 5 5 5 5 5 6 6 6 6 5 5 5 5 5 5 5 6 6 6 5 5 5
0 56 3 6 1 3 3 1 6 2 6 2 3 6 6 6 5 5 5 5 5 6 6 6 6 5 5 6 6 6 6 6 5 5 5 6 5 6 6 5 6 6 6 6 6 3 4 1 5 3 4 1 5 3 3 3 4 1
0 20 3 6 1 3 1 6 3 6 6 3 6 6 4 4 4 4 4 2 2 2
0 54 6 1 3 3 1 5 5 6 6 6 6 5 6 6 6 4 1 5 3 5 5 5 6 5 5 5 5 5 5 6 6 6 6 5 5 5 5 6 6 6 5 5 5 5 6 6 6 3 4 1 5 3 3 3
0 51 3 6 1 3 3 1 6 2 6 2 3 6 6 6 5 5 5 5 5 6 6 6 6 5 5 6 6 6 6 6 5 5 5 6 5 6 6 5 6 6 6 6 6 3 4 1 5 3 4 1 5
0 35 6 1 3 3 1 5 5 6 6 6 6 5 6 6 6 4 1 5 3 5 5 5 6 5 5 5 5 5 5 6 6 6 6 5 5
0 31 1 6 2 6 2 2 2 4 1 5 3 3 5 5 5 5 6 6 6 5 6 5 6 6 6 6 5 5 5 5 5
0 58 3 3 3 3 1 6 3 3 6 6 6 6 6 6 6 6 6 3 6 6 3 6 6 6 6 5 5 5 5 5 6 6 5 6 6 6 6 6 5 6 5 5 5 5 5 5 5 5 5 6 6 6 5 5 5 5 6 6
0 17 1 6 2 6 2 2 2 4 1 5 3 3 5 5 5 5 6
0 64 3 3 3 6 1 4 0 3 3 6 3 6 6 0 6 5 5 5 5 6 6 6 6 6 5 5 5 5 6 6 6 5 5 5 5 5 5 6 5 6 6 6 6 6 5 5 5 5 5 6 6 6 6 5 5 5 5 5 6 6 6 6 5 5
0 70 6 1 3 3 1 5 5 6 6 6 6 5 6 6 6 4 1 5 3 5 5 5 6 5 5 5 5 5 5 6 6 6 6 5 5 5 5 6 6 6 5 5 5 5 6 6 6 3 4 1 5 3 3 3 5 6 4 1 5 3 5 5 5 5 5 6 6 6 5 6
0 54 3 3 6 1 6 1 3 4 0 4 1 5 3 5 5 5 6 6 6 6 6 5 5 5 5 5 6 6 6 6 6 6 6 3 5 6 6 5 6 5 5 5 5 5 5 5 5 5 6 6 6 6 4 1
0 17 4 0 3 3 3 4 1 5 3 3 5 5 5 5 5 6 6
0 83 3 3 3 6 1 1 6 3 6 3 0 3 3 4 1 5 3 5 5 5 5 5 6 6 6 6 6 6 6 6 5 5 5 5 5 6 6 5 6 6 6 5 5 5 5 5 6 6 5 5 6 6 6 5 6 5 5 5 5 4 1 5 3 3 3 4 1 5 3 5 5 5 5 5 6 6 6 6 5 5 5 6 6
0 16 6 1 6 1 6 1 3 4 0 6 3 6 3 5 5 5
0 18 3 6 1 3 3 1 6 2 6 2 3 6 6 6 5 5 5 5
0 53 1 6 2 6 2 2 2 4 1 5 3 3 5 5 5 5 6 6 6 5 6 5 6 6 6 6 5 5 5 5 5 6 5 5 5 5 6 6 4 1 5 3 6 6 6 5 6 6 5 5 5 5 5
0 26 3 3 3 6 1 4 0 3 3 6 3 6 6 0 6 5 5 5 5 6 6 6 6 6 5 5
0 50 4 0 3 3 3 4 1 5 3 3 5 5 5 5 5 6 6 5 5 5 5 5 5 5 5 5 6 6 6 5 6 6 4 1 5 3 3 3 5 5 5 5 5 6 6 5 5 6 6 6
0 9 1 6 2 6 2 2 2 4 1
0 42 3 4 0 3 4 1 5 3 4 1 5 3 4 1 5 3 3 3 5 5 5 6 6 6 6 6 5 5 5 5 6 6 6 6 6 6 6 6 6 6 5 5
0 33 3 3 3 6 1 1 6 3 6 3 0 3 3 4 1 5 3 5 5 5 5 5 6 6 6 6 6 6 6 6 5 5 5
0 16 6 1 3 3 3 1 6 2 2 2 3 3 3 5 5 4
0 4 6 1 3 3
0 22 3 3 3 6 1 1 6 3 6 3 0 3 3 4 1 5 3 5 5 5 5 5
0 19 1 6 3 6 2 2 6 3 6 6 3 5 5 5 5 6 6 6 6
0 37 4 0 3 3 3 4 1 5 3 3 5 5 5 5 5 6 6 5 5 5 5 5 5 5 5 5 6 6 6 5 6 6 4 1 5 3 3
0 70 3 3 3 6 1 4 0 3 3 6 3 6 6 0 6 5 5 5 5 6 6 6 6 6 5 5 5 5 6 6 6 5 5 5 5 5 5 6 5 6 6 6 6 6 5 5 5 5 5 6 6 6 6 5 5 5 5 5 6 6 6 6 5 5 5 5 5 5 5 6
0 38 1 3 3 4 1 5 3 3 4 1 5 3 5 5 5 5 5 6 6 6 6 5 5 6 6 6 6 5 5 5 5 6 6 6 6 6 5 5
0 44 3 6 1 6 1 6 1 6 1 1 4 1 5 3 5 5 6 6 6 6 5 5 5 5 5 6 5 5 5 5 5 6 6 6 5 5 5 5 6 6 6 4 1 5
0 101 6 1 3 3 1 5 5 6 6 6 6 5 6 6 6 4 1 5 3 5 5 5 6 5 5 5 5 5 5 6 6 6 6 5 5 5 5 6 6 6 5 5 5 5 6 6 6 3 4 1 5 3 3 3 5 6 4 1 5 3 5 5 5 5 5 6 6 6 5 6 6 5 6 6 6 6 6 6 5 5 5 6 6 6 6 6 5 5 5 5 5 6 6 6 6 5 5 5 5 6 6
0 15 3 3 3 6 1 4 0 6 6 6 6 6 1 1 1
0 18 3 3 3 3 4 0 6 6 6 6 6 4 2 2 2 2 2 2
0 88 3 3 3 6 1 1 6 3 6 3 0 3 3 4 1 5 3 5 5 5 5 5 6 6 6 6 6 6 6 6 5 5 5 5 5 6 6 5 6 6 6 5 5 5 5 5 6 6 5 5 6 6 6 5 6 5 5 5 5 4 1 5 3 3 3 4 1 5 3 5 5 5 5 5 6 6 6 6 5 5 5 6 6 6 6 6 4 1
0 41 4 0 3 3 3 4 1 5 3 3 5 5 5 5 5 6 6 5 5 5 5 5 5 5 5 5 6 6 6 5 6 6 4 1 5 3 3 3 5 5 5
0 26 6 1 3 3 3 3 4 0 3 4 1 5 3 3 5 5 5 6 6 6 6 6 6 6 5 5
0 25 6 1 3 3 1 5 5 6 6 6 6 5 6 6 6 4 1 5 3 5 5 5 6 5 5
0 85 3 3 3 6 1 1 6 3 6 3 0 3 3 4 1 5 3 5 5 5 5 5 6 6 6 6 6 6 6 6 5 5 5 5 5 6 6 5 6 6 6 5 5 5 5 5 6 6 5 5 6 6 6 5 6 5 5 5 5 4 1 5 3 3 3 4 1 5 3 5 5 5 5 5 6 6 6 6 5 5 5 6 6 6 6
0 27 3 6 1 3 1 6 3 6 6 3 6 6 4 4 4 4 4 2 2 2 2 2 2 2 2 2 2
0 30 4 0 3 3 3 4 1 5 3 3 5 5 5 5 5 6 6 5 5 5 5 5 5 5 5 5 6 6 6 5
0 93 6 1 3 3 1 5 5 6 6 6 6 5 6 6 6 4 1 5 3 5 5 5 6 5 5 5 5 5 5 6 6 6 6 5 5 5 5 6 6 6 5 5 5 5 6 6 6 3 4 1 5 3 3 3 5 6 4 1 5 3 5 5 5 5 5 6 6 6 5 6 6 5 6 6 6 6 6 6 5 5 5 6 6 6 6 6 5 5 5 5 5 6 6
0 37 6 1 3 3 1 5 5 6 6 6 6 5 6 6 6 4 1 5 3 5 5 5 6 5 5 5 5 5 5 6 6 6 6 5 5 5 5
0 60 6 1 3 3 3 3 4 0 3 4 1 5 3 3 5 5 5 6 6 6 6 6 6 6 5 5 5 5 5 6 6 6 5 5 5 5 5 6 6 6 6 6 6 6 5 6 6 6 6 4 1 5 3 3 3 4 1 5 3 4
0 53 3 6 1 3 3 1 6 2 6 2 3 6 6 6 5 5 5 5 5 6 6 6 6 5 5 6 6 6 6 6 5 5 5 6 5 6 6 5 6 6 6 6 6 3 4 1 5 3 4 1 5 3 3
0 47 1 3 3 4 1 5 3 3 4 1 5 3 5 5 5 5 5 6 6 6 6 5 5 6 6 6 6 5 5 5 5 6 6 6 6 6 5 5 6 5 5 5 6 5 5 5 6
0 38 3 4 0 3 4 1 5 3 4 1 5 3 4 1 5 3 3 3 5 5 5 6 6 6 6 6 5 5 5 5 6 6 6 6 6 6 6 6
0 12 6 1 3 3 3 3 4 0 3 4 1 5
0 20 3 6 1 3 3 1 6 2 6 2 3 6 6 6 5 5 5 5 5 6
0 51 3 3 3 6 1 4 0 3 3 6 3 6 6 0 6 5 5 5 5 6 6 6 6 6 5 5 5 5 6 6 6 5 5 5 5 5 5 6 5 6 6 6 6 6 5 5 5 5 5 6 6
0 87 3 3 3 6 1 1 6 3 6 3 0 3 3 4 1 5 3 5 5 5 5 5 6 6 6 6 6 6 6 6 5 5 5 5 5 6 6 5 6 6 6 5 5 5 5 5 6 6 5 5 6 6 6 5 6 5 5 5 5 4 1 5 3 3 3 4 1 5 3 5 5 5 5 5 6 6 6 6 5 5 5 6 6 6 6 6 4
0 41 3 3 6 1 6 1 3 4 0 4 1 5 3 5 5 5 6 6 6 6 6 5 5 5 5 5 6 6 6 6 6 6 6 3 5 6 6 5 6 5 5
0 40 3 6 1 6 1 6 1 6 1 1 4 1 5 3 5 5 6 6 6 6 5 5 5 5 5 6 5 5 5 5 5 6 6 6 5 5 5 5 6 6
0 22 1 6 2 6 2 2 2 4 1 5 3 3 5 5 5 5 6 6 6 5 6 5
0 50 3 6 1 3 3 1 6 2 6 2 3 6 6 6 5 5 5 5 5 6 6 6 6 5 5 6 6 6 6 6 5 5 5 6 5 6 6 5 6 6 6 6 6 3 4 1 5 3 4 1
0 32 3 6 1 6 1 1 3 6 6 6 3 6 3 6 6 6 3 6 6 3 5 6 5 6 6 5 5 5 6 6 6 5
0 7 3 6 1 6 1 6 1
0 42 3 6 1 3 3 1 6 2 6 2 3 6 6 6 5 5 5 5 5 6 6 6 6 5 5 6 6 6 6 6 5 5 5 6 5 6 6 5 6 6 6 6
0 30 3 3 6 1 6 1 3 4 0 4 1 5 3 5 5 5 6 6 6 6 6 5 5 5 5 5 6 6 6 6
0 16 3 3 6 1 6 1 3 4 0 4 1 5 3 5 5 5
0 23 3 6 1 4 0 1 1 1 1 1 1 1 1 1 1 1 1 4 4 4 4 4 1
0 27 4 0 6 3 6 2 2 1 1 4 4 4 4 4 2 2 2 2 2 2 1 1 1 1 1 1 1
0 26 6 1 3 3 3 1 6 2 2 2 3 3 3 5 5 4 1 5 3 3 5 5 5 5 5 6
0 5 3 3 6 1 3
0 25 3 3 3 6 1 1 6 3 6 3 0 3 3 4 1 5 3 5 5 5 5 5 6 6 6
0 66 4 0 3 3 3 4 1 5 3 3 5 5 5 5 5 6 6 5 5 5 5 5 5 5 5 5 6 6 6 5 6 6 4 1 5 3 3 3 5 5 5 5 5 6 6 5 5 6 6 6 6 6 5 5 5 5 6 6 3 3 4 1 5 3 3 4
0 33 3 4 0 3 4 1 5 3 4 1 5 3 4 1 5 3 3 3 5 5 5 6 6 6 6 6 5 5 5 5 6 6 6
0 17 3 3 3 6 1 4 0 3 3 6 3 6 6 0 6 5 5
0 46 3 6 1 3 3 1 6 2 6 2 3 6 6 6 5 5 5 5 5 6 6 6 6 5 5 6 6 6 6 6 5 5 5 6 5 6 6 5 6 6 6 6 6 3 4 1
0 39 3 3 3 3 1 6 3 3 6 6 6 6 6 6 6 6 6 3 6 6 3 6 6 6 6 5 5 5 5 5 6 6 5 6 6 6 6 6 5
0 49 3 3 3 3 1 6 3 3 6 6 6 6 6 6 6 6 6 3 6 6 3 6 6 6 6 5 5 5 5 5 6 6 5 6 6 6 6 6 5 6 5 5 5 5 5 5 5 5 5
0 13 3 6 1 6 1 6 1 6 1 1 4 1 5
0 49 3 6 1 3 3 1 6 2 6 2 3 6 6 6 5 5 5 5 5 6 6 6 6 5 5 6 6 6 6 6 5 5 5 6 5 6 6 5 6 6 6 6 6 3 4 1 5 3 4
0 21 6 1 3 3 3 1 6 2 2 2 3 3 3 5 5 4 1 5 3 3 5
0 41 6 1 3 3 3 3 4 0 3 4 1 5 3 3 5 5 5 6 6 6 6 6 6 6 5 5 5 5 5 6 6 6 5 5 5 5 5 6 6 6 6
0 49 4 0 3 3 3 4 1 5 3 3 5 5 5 5 5 6 6 5 5 5 5 5 5 5 5 5 6 6 6 5 6 6 4 1 5 3 3 3 5 5 5 5 5 6 6 5 5 6 6
0 60 4 0 3 3 3 4 1 5 3 3 5 5 5 5 5 6 6 5 5 5 5 5 5 5 5 5 6 6 6 5 6 6 4 1 5 3 3 3 5 5 5 5 5 6 6 5 5 6 6 6 6 6 5 5 5 5 6 6 3 3
0 44 1 6 2 6 2 2 2 4 1 5 3 3 5 5 5 5 6 6 6 5 6 5 6 6 6 6 5 5 5 5 5 6 5 5 5 5 6 6 4 1 5 3 6 6
0 23 6 1 3 3 3 1 6 2 2 2 3 3 3 5 5 4 1 5 3 3 5 5 5
0 56 3 3 3 3 1 6 3 3 6 6 6 6 6 6 6 6 6 3 6 6 3 6 6 6 6 5 5 5 5 5 6 6 5 6 6 6 6 6 5 6 5 5 5 5 5 5 5 5 5 6 6 6 5 5 5 5
0 73 3 3 3 6 1 4 0 3 3 6 3 6 6 0 6 5 5 5 5 6 6 6 6 6 5 5 5 5 6 6 6 5 5 5 5 5 5 6 5 6 6 6 6 6 5 5 5 5 5 6 6 6 6 5 5 5 5 5 6 6 6 6 5 5 5 5 5 5 5 6 6 6 5
0 9 6 1 6 1 6 1 3 6 1
0 77 6 1 3 3 1 5 5 6 6 6 6 5 6 6 6 4 1 5 3 5 5 5 6 5 5 5 5 5 5 6 6 6 6 5 5 5 5 6 6 6 5 5 5 5 6 6 6 3 4 1 5 3 3 3 5 6 4 1 5 3 5 5 5 5 5 6 6 6 5 6 6 5 6 6 6 6 6
0 6 3 6 1 6 1 6
0 18 6 1 6 1 6 1 3 4 0 6 3 6 3 5 5 5 5 6
0 65 3 3 3 6 1 1 6 3 6 3 0 3 3 4 1 5 3 5 5 5 5 5 6 6 6 6 6 6 6 6 5 5 5 5 5 6 6 5 6 6 6 5 5 5 5 5 6 6 5 5 6 6 6 5 6 5 5 5 5 4 1 5 3 3 3
0 43 4 0 3 3 3 4 1 5 3 3 5 5 5 5 5 6 6 5 5 5 5 5 5 5 5 5 6 6 6 5 6 6 4 1 5 3 3 3 5 5 5 5 5
0 9 3 4 0 3 4 1 5 3 4
0 6 6 1 3 6 1 4
0 30 3 3 3 6 1 4 0 3 3 6 3 6 6 0 6 5 5 5 5 6 6 6 6 6 5 5 5 5 6 6
0 41 3 3 3 6 1 4 0 3 3 6 3 6 6 0 6 5 5 5 5 6 6 6 6 6 5 5 5 5 6 6 6 5 5 5 5 5 5 6 5 6 6
0 47 1 6 3 6 2 2 6 3 6 6 3 5 5 5 5 6 6 6 6 5 5 5 5 5 6 6 6 6 6 6 6 6 3 3 5 5 5 5 5 6 5 5 6 6 5 5 5
0 28 4 0 3 3 3 4 1 5 3 3 5 5 5 5 5 6 6 5 5 5 5 5 5 5 5 5 6 6
0 21 1 3 3 4 1 5 3 3 4 1 5 3 5 5 5 5 5 6 6 6 6
0 16 3 6 1 4 0 1 1 1 1 1 1 1 1 1 1 1
0 21 3 6 1 6 1 1 3 6 6 6 3 6 3 6 6 6 3 6 6 3 5
0 33 1 6 3 6 2 2 6 3 6 6 3 5 5 5 5 6 6 6 6 5 5 5 5 5 6 6 6 6 6 6 6 6 3
0 67 6 1 3 3 1 5 5 6 6 6 6 5 6 6 6 4 1 5 3 5 5 5 6 5 5 5 5 5 5 6 6 6 6 5 5 5 5 6 6 6 5 5 5 5 6 6 6 3 4 1 5 3 3 3 5 6 4 1 5 3 5 5 5 5 5 6 6
0 82 3 3 3 6 1 1 6 3 6 3 0 3 3 4 1 5 3 5 5 5 5 5 6 6 6 6 6 6 6 6 5 5 5 5 5 6 6 5 6 6 6 5 5 5 5 5 6 6 5 5 6 6 6 5 6 5 5 5 5 4 1 5 3 3 3 4 1 5 3 5 5 5 5 5 6 6 6 6 5 5 5 6
0 50 3 3 6 1 6 1 3 4 0 4 1 5 3 5 5 5 6 6 6 6 6 5 5 5 5 5 6 6 6 6 6 6 6 3 5 6 6 5 6 5 5 5 5 5 5 5 5 5 6 6
0 23 6 1 3 3 1 5 5 6 6 6 6 5 6 6 6 4 1 5 3 5 5 5 6
0 56 3 3 3 6 1 1 6 3 6 3 0 3 3 4 1 5 3 5 5 5 5 5 6 6 6 6 6 6 6 6 5 5 5 5 5 6 6 5 6 6 6 5 5 5 5 5 6 6 5 5 6 6 6 5 6 5
0 5 6 1 6 1 4
0 58 1 6 2 6 2 2 2 4 1 5 3 3 5 5 5 5 6 6 6 5 6 5 6 6 6 6 5 5 5 5 5 6 5 5 5 5 6 6 4 1 5 3 6 6 6 5 6 6 5 5 5 5 5 6 6 6 4 1
0 72 6 1 3 3 1 5 5 6 6 6 6 5 6 6 6 4 1 5 3 5 5 5 6 5 5 5 5 5 5 6 6 6 6 5 5 5 5 6 6 6 5 5 5 5 6 6 6 3 4 1 5 3 3 3 5 6 4 1 5 3 5 5 5 5 5 6 6 6 5 6 6 5
0 61 6 1 3 3 1 5 5 6 6 6 6 5 6 6 6 4 1 5 3 5 5 5 6 5 5 5 5 5 5 6 6 6 6 5 5 5 5 6 6 6 5 5 5 5 6 6 6 3 4 1 5 3 3 3 5 6 4 1 5 3 5
0 35 3 6 1 3 3 1 6 2 6 2 3 6 6 6 5 5 5 5 5 6 6 6 6 5 5 6 6 6 6 6 5 5 5 6 5
0 4 3 3 6 1
0 12 4 0 6 6 2 3 6 3 3 4 2 2
0 25 3 3 6 1 6 1 3 4 0 4 1 5 3 5 5 5 6 6 6 6 6 5 5 5 5
0 1 4
0 86 3 3 3 6 1 1 6 3 6 3 0 3 3 4 1 5 3 5 5 5 5 5 6 6 6 6 6 6 6 6 5 5 5 5 5 6 6 5 6 6 6 5 5 5 5 5 6 6 5 5 6 6 6 5 6 5 5 5 5 4 1 5 3 3 3 4 1 5 3 5 5 5 5 5 6 6 6 6 5 5 5 6 6 6 6 6
0 44 3 3 6 1 6 1 3 4 0 4 1 5 3 5 5 5 6 6 6 6 6 5 5 5 5 5 6 6 6 6 6 6 6 3 5 6 6 5 6 5 5 5 5 5
0 54 3 3 3 6 1 4 0 3 3 6 3 6 6 0 6 5 5 5 5 6 6 6 6 6 5 5 5 5 6 6 6 5 5 5 5 5 5 6 5 6 6 6 6 6 5 5 5 5 5 6 6 6 6 5
0 74 6 1 3 3 1 5 5 6 6 6 6 5 6 6 6 4 1 5 3 5 5 5 6 5 5 5 5 5 5 6 6 6 6 5 5 5 5 6 6 6 5 5 5 5 6 6 6 3 4 1 5 3 3 3 5 6 4 1 5 3 5 5 5 5 5 6 6 6 5 6 6 5 6 6
0 29 3 3 6 1 6 1 3 4 0 4 1 5 3 5 5 5 6 6 6 6 6 5 5 5 5 5 6 6 6
0 98 6 1 3 3 1 5 5 6 6 6 6 5 6 6 6 4 1 5 3 5 5 5 6 5 5 5 5 5 5 6 6 6 6 5 5 5 5 6 6 6 5 5 5 5 6 6 6 3 4 1 5 3 3 3 5 6 4 1 5 3 5 5 5 5 5 6 6 6 5 6 6 5 6 6 6 6 6 6 5 5 5 6 6 6 6 6 5 5 5 5 5 6 6 6 6 5 5 5
0 78 3 3 3 6 1 1 6 3 6 3 0 3 3 4 1 5 3 5 5 5 5 5 6 6 6 6 6 6 6 6 5 5 5 5 5 6 6 5 6 6 6 5 5 5 5 5 6 6 5 5 6 6 6 5 6 5 5 5 5 4 1 5 3 3 3 4 1 5 3 5 5 5 5 5 6 6 6 6
0 20 6 1 3 3 1 5 5 6 6 6 6 5 6 6 6 4 1 5 3 5
0 17 3 4 0 3 4 1 5 3 4 1 5 3 4 1 5 3 3
0 71 6 1 3 3 1 5 5 6 6 6 6 5 6 6 6 4 1 5 3 5 5 5 6 5 5 5 5 5 5 6 6 6 6 5 5 5 5 6 6 6 5 5 5 5 6 6 6 3 4 1 5 3 3 3 5 6 4 1 5 3 5 5 5 5 5 6 6 6 5 6 6
0 56 3 3 3 6 1 4 0 3 3 6 3 6 6 0 6 5 5 5 5 6 6 6 6 6 5 5 5 5 6 6 6 5 5 5 5 5 5 6 5 6 6 6 6 6 5 5 5 5 5 6 6 6 6 5 5 5
0 48 1 3 3 4 1 5 3 3 4 1 5 3 5 5 5 5 5 6 6 6 6 5 5 6 6 6 6 5 5 5 5 6 6 6 6 6 5 5 6 5 5 5 6 5 5 5 6 6
0 52 3 3 3 6 1 1 6 3 6 3 0 3 3 4 1 5 3 5 5 5 5 5 6 6 6 6 6 6 6 6 5 5 5 5 5 6 6 5 6 6 6 5 5 5 5 5 6 6 5 5 6 6
0 61 6 1 3 3 3 3 4 0 3 4 1 5 3 3 5 5 5 6 6 6 6 6 6 6 5 5 5 5 5 6 6 6 5 5 5 5 5 6 6 6 6 6 6 6 5 6 6 6 6 4 1 5 3 3 3 4 1 5 3 4 1
0 42 3 6 1 6 1 6 1 6 1 1 4 1 5 3 5 5 6 6 6 6 5 5 5 5 5 6 5 5 5 5 5 6 6 6 5 5 5 5 6 6 6 4
0 26 3 6 1 3 3 1 6 2 6 2 3 6 6 6 5 5 5 5 5 6 6 6 6 5 5 6
0 46 3 3 6 1 6 1 3 4 0 4 1 5 3 5 5 5 6 6 6 6 6 5 5 5 5 5 6 6 6 6 6 6 6 3 5 6 6 5 6 5 5 5 5 5 5 5
0 16 3 3 3 3 4 0 6 6 6 6 6 4 2 2 2 2
0 18 6 1 3 3 3 3 4 0 3 4 1 5 3 3 5 5 5 6
0 45 3 3 3 6 1 4 0 3 3 6 3 6 6 0 6 5 5 5 5 6 6 6 6 6 5 5 5 5 6 6 6 5 5 5 5 5 5 6 5 6 6 6 6 6 5
0 32 1 6 2 6 2 2 2 4 1 5 3 3 5 5 5 5 6 6 6 5 6 5 6 6 6 6 5 5 5 5 5 6
0 49 6 1 3 3 1 5 5 6 6 6 6 5 6 6 6 4 1 5 3 5 5 5 6 5 5 5 5 5 5 6 6 6 6 5 5 5 5 6 6 6 5 5 5 5 6 6 6 3 4
0 34 3 6 1 6 1 6 1 6 1 1 4 1 5 3 5 5 6 6 6 6 5 5 5 5 5 6 5 5 5 5 5 6 6 6
0 63 6 1 3 3 1 5 5 6 6 6 6 5 6 6 6 4 1 5 3 5 5 5 6 5 5 5 5 5 5 6 6 6 6 5 5 5 5 6 6 6 5 5 5 5 6 6 6 3 4 1 5 3 3 3 5 6 4 1 5 3 5 5 5
0 10 3 4 0 3 4 1 5 3 4 1
0 39 3 3 3 6 1 1 6 3 6 3 0 3 3 4 1 5 3 5 5 5 5 5 6 6 6 6 6 6 6 6 5 5 5 5 5 6 6 5 6
0 37 3 3 3 3 4 0 6 6 6 6 6 4 2 2 2 2 2 2 2 2 2 2 1 1 2 2 2 2 1 1 4 4 4 4 2 2 2
0 6 3 3 6 1 6 1
0 37 3 6 1 6 1 6 1 6 1 1 4 1 5 3 5 5 6 6 6 6 5 5 5 5 5 6 5 5 5 5 5 6 6 6 5 5 5
0 46 1 6 3 6 2 2 6 3 6 6 3 5 5 5 5 6 6 6 6 5 5 5 5 5 6 6 6 6 6 6 6 6 3 3 5 5 5 5 5 6 5 5 6 6 5 5
0 13 3 4 0 3 4 1 5 3 4 1 5 3 4
0 16 1 3 3 4 1 5 3 3 4 1 5 3 5 5 5 5
0 22 6 1 6 1 6 1 3 6 1 4 0 6 2 2 2 2 2 2 2 2 2 1
0 15 3 4 0 3 4 1 5 3 4 1 5 3 4 1 5
0 31 1 3 3 4 1 5 3 3 4 1 5 3 5 5 5 5 5 6 6 6 6 5 5 6 6 6 6 5 5 5 5
0 19 3 6 1 6 1 6 1 6 1 1 4 1 5 3 5 5 6 6 6
0 26 3 6 1 6 1 1 3 6 6 6 3 6 3 6 6 6 3 6 6 3 5 6 5 6 6 5
0 42 3 3 3 6 1 1 6 3 6 3 0 3 3 4 1 5 3 5 5 5 5 5 6 6 6 6 6 6 6 6 5 5 5 5 5 6 6 5 6 6 6 5
0 25 3 3 3 6 1 4 0 3 3 6 3 6 6 0 6 5 5 5 5 6 6 6 6 6 5
0 88 3 3 3 6 1 4 0 3 3 6 3 6 6 0 6 5 5 5 5 6 6 6 6 6 5 5 5 5 6 6 6 5 5 5 5 5 5 6 5 6 6 6 6 6 5 5 5 5 5 6 6 6 6 5 5 5 5 5 6 6 6 6 5 5 5 5 5 5 5 6 6 6 5 5 5 5 4 1 5 3 4 1 5 3 3 5 5 5
0 32 3 6 1 6 1 6 1 6 1 1 4 1 5 3 5 5 6 6 6 6 5 5 5 5 5 6 5 5 5 5 5 6
0 35 3 3 3 6 1 4 0 3 3 6 3 6 6 0 6 5 5 5 5 6 6 6 6 6 5 5 5 5 6 6 6 5 5 5 5
0 6 6 1 6 1 6 1
0 28 3 6 1 6 1 6 1 6 1 1 4 1 5 3 5 5 6 6 6 6 5 5 5 5 5 6 5 5
0 23 1 6 2 6 2 2 2 4 1 5 3 3 5 5 5 5 6 6 6 5 6 5 6
0 47 6 1 3 3 1 5 5 6 6 6 6 5 6 6 6 4 1 5 3 5 5 5 6 5 5 5 5 5 5 6 6 6 6 5 5 5 5 6 6 6 5 5 5 5 6 6 6
0 84 6 1 3 3 1 5 5 6 6 6 6 5 6 6 6 4 1 5 3 5 5 5 6 5 5 5 5 5 5 6 6 6 6 5 5 5 5 6 6 6 5 5 5 5 6 6 6 3 4 1 5 3 3 3 5 6 4 1 5 3 5 5 5 5 5 6 6 6 5 6 6 5 6 6 6 6 6 6 5 5 5 6 6 6
0 46 3 6 1 6 1 1 3 6 6 6 3 6 3 6 6 6 3 6 6 3 5 6 5 6 6 5 5 5 6 6 6 5 5 5 6 6 6 6 6 6 3 4 1 5 3 6
0 26 1 6 2 6 2 2 2 4 1 5 3 3 5 5 5 5 6 6 6 5 6 5 6 6 6 6
0 5 3 3 3 3 4
0 35 3 6 1 6 1 6 1 6 1 1 4 1 5 3 5 5 6 6 6 6 5 5 5 5 5 6 5 5 5 5 5 6 6 6 5
0 54 3 3 3 3 1 6 3 3 6 6 6 6 6 6 6 6 6 3 6 6 3 6 6 6 6 5 5 5 5 5 6 6 5 6 6 6 6 6 5 6 5 5 5 5 5 5 5 5 5 6 6 6 5 5
0 12 1 6 3 6 2 2 6 3 6 6 3 5
0 39 6 1 3 3 3 3 4 0 3 4 1 5 3 3 5 5 5 6 6 6 6 6 6 6 5 5 5 5 5 6 6 6 5 5 5 5 5 6 6
0 24 6 1 3 3 1 5 5 6 6 6 6 5 6 6 6 4 1 5 3 5 5 5 6 5
0 7 6 1 3 3 1 5 5
0 27 3 6 1 6 1 6 1 6 1 1 4 1 5 3 5 5 6 6 6 6 5 5 5 5 5 6 5
0 65 6 1 3 3 1 5 5 6 6 6 6 5 6 6 6 4 1 5 3 5 5 5 6 5 5 5 5 5 5 6 6 6 6 5 5 5 5 6 6 6 5 5 5 5 6 6 6 3 4 1 5 3 3 3 5 6 4 1 5 3 5 5 5 5 5
0 47 3 4 0 3 4 1 5 3 4 1 5 3 4 1 5 3 3 3 5 5 5 6 6 6 6 6 5 5 5 5 6 6 6 6 6 6 6 6 6 6 5 5 6 6 6 6 6
0 45 3 3 3 3 1 6 3 3 6 6 6 6 6 6 6 6 6 3 6 6 3 6 6 6 6 5 5 5 5 5 6 6 5 6 6 6 6 6 5 6 5 5 5 5 5
0 42 6 1 3 3 1 5 5 6 6 6 6 5 6 6 6 4 1 5 3 5 5 5 6 5 5 5 5 5 5 6 6 6 6 5 5 5 5 6 6 6 5 5
0 36 3 3 3 6 1 1 6 3 6 3 0 3 3 4 1 5 3 5 5 5 5 5 6 6 6 6 6 6 6 6 5 5 5 5 5 6
0 17 6 1 3 3 3 3 4 0 3 4 1 5 3 3 5 5 5
0 89 6 1 3 3 1 5 5 6 6 6 6 5 6 6 6 4 1 5 3 5 5 5 6 5 5 5 5 5 5 6 6 6 6 5 5 5 5 6 6 6 5 5 5 5 6 6 6 3 4 1 5 3 3 3 5 6 4 1 5 3 5 5 5 5 5 6 6 6 5 6 6 5 6 6 6 6 6 6 5 5 5 6 6 6 6 6 5 5 5
0 40 6 1 3 3 1 5 5 6 6 6 6 5 6 6 6 4 1 5 3 5 5 5 6 5 5 5 5 5 5 6 6 6 6 5 5 5 5 6 6 6
0 40 4 0 3 3 3 4 1 5 3 3 5 5 5 5 5 6 6 5 5 5 5 5 5 5 5 5 6 6 6 5 6 6 4 1 5 3 3 3 5 5
0 21 3 3 3 6 1 4 0 3 3 6 3 6 6 0 6 5 5 5 5 6 6
0 26 6 1 6 1 6 1 3 4 0 6 3 6 3 5 5 5 5 6 5 5 5 5 5 6 4 1
0 41 3 3 3 3 1 6 3 3 6 6 6 6 6 6 6 6 6 3 6 6 3 6 6 6 6 5 5 5 5 5 6 6 5 6 6 6 6 6 5 6 5
0 31 3 6 1 6 1 6 1 6 1 1 4 1 5 3 5 5 6 6 6 6 5 5 5 5 5 6 5 5 5 5 5
0 95 6 1 3 3 1 5 5 6 6 6 6 5 6 6 6 4 1 5 3 5 5 5 6 5 5 5 5 5 5 6 6 6 6 5 5 5 5 6 6 6 5 5 5 5 6 6 6 3 4 1 5 3 3 3 5 6 4 1 5 3 5 5 5 5 5 6 6 6 5 6 6 5 6 6 6 6 6 6 5 5 5 6 6 6 6 6 5 5 5 5 5 6 6 6 6
0 45 6 1 3 3 1 5 5 6 6 6 6 5 6 6 6 4 1 5 3 5 5 5 6 5 5 5 5 5 5 6 6 6 6 5 5 5 5 6 6 6 5 5 5 5 6
0 40 6 1 3 3 3 3 4 0 3 4 1 5 3 3 5 5 5 6 6 6 6 6 6 6 5 5 5 5 5 6 6 6 5 5 5 5 5 6 6 6
0 46 3 4 0 3 4 1 5 3 4 1 5 3 4 1 5 3 3 3 5 5 5 6 6 6 6 6 5 5 5 5 6 6 6 6 6 6 6 6 6 6 5 5 6 6 6 6
0 24 6 1 3 3 3 1 6 2 2 2 3 3 3 5 5 4 1 5 3 3 5 5 5 5
0 94 6 1 3 3 1 5 5 6 6 6 6 5 6 6 6 4 1 5 3 5 5 5 6 5 5 5 5 5 5 6 6 6 6 5 5 5 5 6 6 6 5 5 5 5 6 6 6 3 4 1 5 3 3 3 5 6 4 1 5 3 5 5 5 5 5 6 6 6 5 6 6 5 6 6 6 6 6 6 5 5 5 6 6 6 6 6 5 5 5 5 5 6 6 6
0 14 6 1 3 3 3 3 4 0 3 4 1 5 3 3
0 48 3 6 1 6 1 1 3 6 6 6 3 6 3 6 6 6 3 6 6 3 5 6 5 6 6 5 5 5 6 6 6 5 5 5 6 6 6 6 6 6 3 4 1 5 3 6 5 5
0 40 3 3 3 6 1 4 0 3 3 6 3 6 6 0 6 5 5 5 5 6 6 6 6 6 5 5 5 5 6 6 6 5 5 5 5 5 5 6 5 6
0 65 4 0 3 3 3 4 1 5 3 3 5 5 5 5 5 6 6 5 5 5 5 5 5 5 5 5 6 6 6 5 6 6 4 1 5 3 3 3 5 5 5 5 5 6 6 5 5 6 6 6 6 6 5 5 5 5 6 6 3 3 4 1 5 3 3
0 49 3 4 0 3 4 1 5 3 4 1 5 3 4 1 5 3 3 3 5 5 5 6 6 6 6 6 5 5 5 5 6 6 6 6 6 6 6 6 6 6 5 5 6 6 6 6 6 3 4
0 65 3 3 3 6 1 4 0 3 3 6 3 6 6 0 6 5 5 5 5 6 6 6 6 6 5 5 5 5 6 6 6 5 5 5 5 5 5 6 5 6 6 6 6 6 5 5 5 5 5 6 6 6 6 5 5 5 5 5 6 6 6 6 5 5 5
0 27 6 1 3 3 1 5 5 6 6 6 6 5 6 6 6 4 1 5 3 5 5 5 6 5 5 5 5
0 50 1 6 2 6 2 2 2 4 1 5 3 3 5 5 5 5 6 6 6 5 6 5 6 6 6 6 5 5 5 5 5 6 5 5 5 5 6 6 4 1 5 3 6 6 6 5 6 6 5 5
0 4 3 6 1 4
0 77 3 3 3 6 1 4 0 3 3 6 3 6 6 0 6 5 5 5 5 6 6 6 6 6 5 5 5 5 6 6 6 5 5 5 5 5 5 6 5 6 6 6 6 6 5 5 5 5 5 6 6 6 6 5 5 5 5 5 6 6 6 6 5 5 5 5 5 5 5 6 6 6 5 5 5 5 4
0 5 6 1 6 1 3
0 23 3 4 0 3 4 1 5 3 4 1 5 3 4 1 5 3 3 3 5 5 5 6 6
0 41 3 4 0 3 4 1 5 3 4 1 5 3 4 1 5 3 3 3 5 5 5 6 6 6 6 6 5 5 5 5 6 6 6 6 6 6 6 6 6 6 5
0 20 4 0 3 3 3 4 1 5 3 3 5 5 5 5 5 6 6 5 5 5
0 14 6 1 6 1 6 1 3 4 0 6 3 6 3 5
0 41 3 6 1 6 1 6 1 6 1 1 4 1 5 3 5 5 6 6 6 6 5 5 5 5 5 6 5 5 5 5 5 6 6 6 5 5 5 5 6 6 6
0 19 3 6 1 3 3 1 6 2 6 2 3 6 6 6 5 5 5 5 5
0 25 3 4 0 3 4 1 5 3 4 1 5 3 4 1 5 3 3 3 5 5 5 6 6 6 6
0 60 3 3 3 6 1 4 0 3 3 6 3 6 6 0 6 5 5 5 5 6 6 6 6 6 5 5 5 5 6 6 6 5 5 5 5 5 5 6 5 6 6 6 6 6 5 5 5 5 5 6 6 6 6 5 5 5 5 5 6 6
0 67 4 0 3 3 3 4 1 5 3 3 5 5 5 5 5 6 6 5 5 5 5 5 5 5 5 5 6 6 6 5 6 6 4 1 5 3 3 3 5 5 5 5 5 6 6 5 5 6 6 6 6 6 5 5 5 5 6 6 3 3 4 1 5 3 3 4 1
0 29 3 3 3 6 1 1 6 3 6 3 0 3 3 4 1 5 3 5 5 5 5 5 6 6 6 6 6 6 6
0 44 3 3 3 6 1 4 0 3 3 6 3 6 6 0 6 5 5 5 5 6 6 6 6 6 5 5 5 5 6 6 6 5 5 5 5 5 5 6 5 6 6 6 6 6
0 31 3 6 1 6 1 1 3 6 6 6 3 6 3 6 6 6 3 6 6 3 5 6 5 6 6 5 5 5 6 6 6
0 56 6 1 3 3 1 5 5 6 6 6 6 5 6 6 6 4 1 5 3 5 5 5 6 5 5 5 5 5 5 6 6 6 6 5 5 5 5 6 6 6 5 5 5 5 6 6 6 3 4 1 5 3 3 3 5 6
0 32 1 6 3 6 2 2 6 3 6 6 3 5 5 5 5 6 6 6 6 5 5 5 5 5 6 6 6 6 6 6 6 6
0 48 6 1 3 3 1 5 5 6 6 6 6 5 6 6 6 4 1 5 3 5 5 5 6 5 5 5 5 5 5 6 6 6 6 5 5 5 5 6 6 6 5 5 5 5 6 6 6 3
0 91 6 1 3 3 1 5 5 6 6 6 6 5 6 6 6 4 1 5 3 5 5 5 6 5 5 5 5 5 5 6 6 6 6 5 5 5 5 6 6 6 5 5 5 5 6 6 6 3 4 1 5 3 3 3 5 6 4 1 5 3 5 5 5 5 5 6 6 6 5 6 6 5 6 6 6 6 6 6 5 5 5 6 6 6 6 6 5 5 5 5 5
0 25 6 1 3 3 3 1 6 2 2 2 3 3 3 5 5 4 1 5 3 3 5 5 5 5 5
0 52 3 3 6 1 6 1 3 4 0 4 1 5 3 5 5 5 6 6 6 6 6 5 5 5 5 5 6 6 6 6 6 6 6 3 5 6 6 5 6 5 5 5 5 5 5 5 5 5 6 6 6 6
0 37 3 3 6 1 6 1 3 4 0 4 1 5 3 5 5 5 6 6 6 6 6 5 5 5 5 5 6 6 6 6 6 6 6 3 5 6 6
0 36 3 6 1 3 3 1 6 2 6 2 3 6 6 6 5 5 5 5 5 6 6 6 6 5 5 6 6 6 6 6 5 5 5 6 5 6
0 93 3 3 3 6 1 4 0 3 3 6 3 6 6 0 6 5 5 5 5 6 6 6 6 6 5 5 5 5 6 6 6 5 5 5 5 5 5 6 5 6 6 6 6 6 5 5 5 5 5 6 6 6 6 5 5 5 5 5 6 6 6 6 5 5 5 5 5 5 5 6 6 6 5 5 5 5 4 1 5 3 4 1 5 3 3 5 5 5 5 6 4 1 5
0 29 1 3 3 4 1 5 3 3 4 1 5 3 5 5 5 5 5 6 6 6 6 5 5 6 6 6 6 5 5
0 53 3 3 3 6 1 4 0 3 3 6 3 6 6 0 6 5 5 5 5 6 6 6 6 6 5 5 5 5 6 6 6 5 5 5 5 5 5 6 5 6 6 6 6 6 5 5 5 5 5 6 6 6 6
0 58 3 3 3 6 1 4 0 3 3 6 3 6 6 0 6 5 5 5 5 6 6 6 6 6 5 5 5 5 6 6 6 5 5 5 5 5 5 6 5 6 6 6 6 6 5 5 5 5 5 6 6 6 6 5 5 5 5 5
0 51 1 3 3 4 1 5 3 3 4 1 5 3 5 5 5 5 5 6 6 6 6 5 5 6 6 6 6 5 5 5 5 6 6 6 6 6 5 5 6 5 5 5 6 5 5 5 6 6 6 4 1
0 39 3 3 6 1 6 1 3 4 0 4 1 5 3 5 5 5 6 6 6 6 6 5 5 5 5 5 6 6 6 6 6 6 6 3 5 6 6 5 6
0 26 1 3 3 4 1 5 3 3 4 1 5 3 5 5 5 5 5 6 6 6 6 5 5 6 6 6
0 47 1 6 2 6 2 2 2 4 1 5 3 3 5 5 5 5 6 6 6 5 6 5 6 6 6 6 5 5 5 5 5 6 5 5 5 5 6 6 4 1 5 3 6 6 6 5 6
0 15 3 3 3 6 1 1 6 3 6 3 0 3 3 4 1
0 57 6 1 3 3 3 3 4 0 3 4 1 5 3 3 5 5 5 6 6 6 6 6 6 6 5 5 5 5 5 6 6 6 5 5 5 5 5 6 6 6 6 6 6 6 5 6 6 6 6 4 1 5 3 3 3 4 1
0 76 6 1 3 3 1 5 5 6 6 6 6 5 6 6 6 4 1 5 3 5 5 5 6 5 5 5 5 5 5 6 6 6 6 5 5 5 5 6 6 6 5 5 5 5 6 6 6 3 4 1 5 3 3 3 5 6 4 1 5 3 5 5 5 5 5 6 6 6 5 6 6 5 6 6 6 6
0 29 3 3 3 6 1 4 0 3 3 6 3 6 6 0 6 5 5 5 5 6 6 6 6 6 5 5 5 5 6
0 28 6 1 3 3 3 1 6 2 2 2 3 3 3 5 5 4 1 5 3 3 5 5 5 5 5 6 6 6
0 2 3 4
0 29 3 4 0 3 4 1 5 3 4 1 5 3 4 1 5 3 3 3 5 5 5 6 6 6 6 6 5 5 5
0 78 6 1 3 3 1 5 5 6 6 6 6 5 6 6 6 4 1 5 3 5 5 5 6 5 5 5 5 5 5 6 6 6 6 5 5 5 5 6 6 6 5 5 5 5 6 6 6 3 4 1 5 3 3 3 5 6 4 1 5 3 5 5 5 5 5 6 6 6 5 6 6 5 6 6 6 6 6 6
0 34 3 4 0 3 4 1 5 3 4 1 5 3 4 1 5 3 3 3 5 5 5 6 6 6 6 6 5 5 5 5 6 6 6 6
0 1 3
0 28 1 6 3 6 2 2 6 3 6 6 3 5 5 5 5 6 6 6 6 5 5 5 5 5 6 6 6 6
0 16 4 0 6 3 6 2 2 1 1 4 4 4 4 4 2 2
0 61 3 3 3 6 1 1 6 3 6 3 0 3 3 4 1 5 3 5 5 5 5 5 6 6 6 6 6 6 6 6 5 5 5 5 5 6 6 5 6 6 6 5 5 5 5 5 6 6 5 5 6 6 6 5 6 5 5 5 5 4 1
0 4 3 6 1 6
0 46 6 1 3 3 3 3 4 0 3 4 1 5 3 3 5 5 5 6 6 6 6 6 6 6 5 5 5 5 5 6 6 6 5 5 5 5 5 6 6 6 6 6 6 6 5 6
0 43 6 1 3 3 3 3 4 0 3 4 1 5 3 3 5 5 5 6 6 6 6 6 6 6 5 5 5 5 5 6 6 6 5 5 5 5 5 6 6 6 6 6 6
0 11 4 0 6 6 2 3 6 3 3 4 2
0 28 3 3 3 3 1 6 3 3 6 6 6 6 6 6 6 6 6 3 6 6 3 6 6 6 6 5 5 5
0 22 3 3 3 6 1 4 0 3 3 6 3 6 6 0 6 5 5 5 5 6 6 6
0 21 3 4 0 3 4 1 5 3 4 1 5 3 4 1 5 3 3 3 5 5 5
0 73 3 3 3 6 1 1 6 3 6 3 0 3 3 4 1 5 3 5 5 5 5 5 6 6 6 6 6 6 6 6 5 5 5 5 5 6 6 5 6 6 6 5 5 5 5 5 6 6 5 5 6 6 6 5 6 5 5 5 5 4 1 5 3 3 3 4 1 5 3 5 5 5 5
0 19 4 0 6 3 6 2 2 1 1 4 4 4 4 4 2 2 2 2 2
0 15 4 0 6 6 2 3 6 3 3 4 2 2 2 2 2
0 41 3 6 1 6 1 1 3 6 6 6 3 6 3 6 6 6 3 6 6 3 5 6 5 6 6 5 5 5 6 6 6 5 5 5 6 6 6 6 6 6 3
0 49 3 6 1 6 1 1 3 6 6 6 3 6 3 6 6 6 3 6 6 3 5 6 5 6 6 5 5 5 6 6 6 5 5 5 6 6 6 6 6 6 3 4 1 5 3 6 5 5 5
0 28 3 6 1 3 3 1 6 2 6 2 3 6 6 6 5 5 5 5 5 6 6 6 6 5 5 6 6 6
0 16 6 1 3 3 1 5 5 6 6 6 6 5 6 6 6 4
0 57 6 1 3 3 1 5 5 6 6 6 6 5 6 6 6 4 1 5 3 5 5 5 6 5 5 5 5 5 5 6 6 6 6 5 5 5 5 6 6 6 5 5 5 5 6 6 6 3 4 1 5 3 3 3 5 6 4
0 12 4 0 3 3 3 4 1 5 3 3 5 5
0 77 3 3 3 6 1 1 6 3 6 3 0 3 3 4 1 5 3 5 5 5 5 5 6 6 6 6 6 6 6 6 5 5 5 5 5 6 6 5 6 6 6 5 5 5 5 5 6 6 5 5 6 6 6 5 6 5 5 5 5 4 1 5 3 3 3 4 1 5 3 5 5 5 5 5 6 6 6
0 39 6 1 3 3 1 5 5 6 6 6 6 5 6 6 6 4 1 5 3 5 5 5 6 5 5 5 5 5 5 6 6 6 6 5 5 5 5 6 6
0 15 1 6 3 6 2 2 6 3 6 6 3 5 5 5 5
0 49 3 3 3 6 1 1 6 3 6 3 0 3 3 4 1 5 3 5 5 5 5 5 6 6 6 6 6 6 6 6 5 5 5 5 5 6 6 5 6 6 6 5 5 5 5 5 6 6 5
0 14 1 3 3 4 1 5 3 3 4 1 5 3 5 5
0 37 6 1 3 3 3 3 4 0 3 4 1 5 3 3 5 5 5 6 6 6 6 6 6 6 5 5 5 5 5 6 6 6 5 5 5 5 5
0 16 1 6 2 6 2 2 2 4 1 5 3 3 5 5 5 5
0 29 3 6 1 6 1 1 3 6 6 6 3 6 3 6 6 6 3 6 6 3 5 6 5 6 6 5 5 5 6
0 4 3 3 3 3
0 24 3 6 1 3 3 1 6 2 6 2 3 6 6 6 5 5 5 5 5 6 6 6 6 5
0 7 4 0 3 3 3 4 1
0 45 1 3 3 4 1 5 3 3 4 1 5 3 5 5 5 5 5 6 6 6 6 5 5 6 6 6 6 5 5 5 5 6 6 6 6 6 5 5 6 5 5 5 6 5 5
0 17 4 0 6 6 2 3 6 3 3 4 2 2 2 2 2 2 2
0 43 1 6 2 6 2 2 2 4 1 5 3 3 5 5 5 5 6 6 6 5 6 5 6 6 6 6 5 5 5 5 5 6 5 5 5 5 6 6 4 1 5 3 6
0 39 3 4 0 3 4 1 5 3 4 1 5 3 4 1 5 3 3 3 5 5 5 6 6 6 6 6 5 5 5 5 6 6 6 6 6 6 6 6 6
