1034 7
1 0 
1 9 3 4 6 4 6 4 5 3 2
1 4 2 6 2 2
1 5 2 3 0 6 3
1 3 2 6 6
1 28 4 5 1 4 5 3 2 3 6 3 3 3 3 6 4 5 3 2 3 4 5 3 2 3 6 4 5 1
1 12 3 4 6 3 4 5 1 3 6 4 5 1
1 79 0 0 1 3 3 5 3 4 3 3 5 0 0 1 5 6 6 2 3 3 4 2 2 2 4 4 6 0 0 1 1 0 0 0 3 2 0 0 1 6 4 4 4 5 6 6 6 6 5 0 0 0 5 4 2 4 6 0 0 0 4 2 4 4 2 3 4 6 4 4 5 0 0 1 2 2 3 1 1
1 5 6 6 2 2 2
1 2 6 2
1 1 2
1 22 3 4 5 3 2 3 4 6 3 6 4 5 1 3 6 4 5 1 4 5 3 2
1 31 4 5 1 4 6 3 3 4 5 1 4 6 3 4 5 3 2 3 6 4 6 3 6 4 5 1 3 6 4 5 1
1 31 4 5 3 2 3 3 3 6 3 6 4 5 3 2 3 6 4 6 3 3 3 4 5 1 3 6 3 6 4 5 1
1 69 0 0 1 5 0 0 1 5 4 4 2 4 3 4 0 0 1 5 0 0 0 5 5 5 2 6 5 0 0 1 5 1 1 0 0 0 5 0 0 1 3 5 2 6 2 5 0 0 0 3 2 6 0 0 0 2 3 2 4 4 0 0 1 5 5 5 6 4 6
1 24 4 5 1 4 6 3 3 6 4 5 3 2 4 6 3 3 6 4 6 3 4 5 3 2
1 5 2 2 2 2 6
1 2 6 6
1 4 6 6 6 2
1 14 0 0 0 2 6 5 5 0 0 1 5 0 0 1
1 61 0 0 1 0 0 0 2 6 2 2 5 5 3 6 6 6 2 0 0 0 5 3 4 3 2 3 2 3 6 4 5 0 0 1 5 3 6 2 2 3 4 3 2 0 0 1 0 0 0 5 2 4 3 2 4 5 0 0 1 5 1
1 4 2 2 2 2
1 4 2 2 6 2
1 29 0 0 0 5 6 4 6 0 0 0 5 5 2 3 5 0 0 0 2 3 3 5 5 5 6 4 6 6 4
1 4 6 6 2 2
1 6 4 6 4 5 3 2
1 22 0 0 0 3 4 3 6 6 6 6 6 0 0 1 5 3 2 4 4 5 5 5
1 5 6 2 2 2 2
1 5 2 3 0 0 0
1 24 0 0 0 5 3 5 0 0 1 5 0 0 0 6 5 0 0 0 3 3 3 2 4 5
1 5 2 6 2 2 6
1 38 4 5 1 4 6 3 3 6 3 4 5 1 3 3 6 4 5 1 3 3 6 3 4 6 4 6 4 5 1 3 4 6 3 3 6 4 5 1
1 17 1 1 0 0 0 2 5 4 6 2 3 4 6 4 6 2 6
1 6 2 3 0 0 5 4
1 3 2 2 6
1 1 1
1 5 2 6 2 2 2
1 7 2 3 0 0 0 0 0
1 1 6
1 5 6 6 6 6 6
1 27 1 1 0 0 0 3 2 4 2 0 0 0 5 0 0 1 6 2 4 6 3 3 4 2 4 5 1
1 4 2 3 0 0
1 31 0 0 1 4 4 3 3 6 5 0 0 1 5 5 5 0 0 0 0 0 1 6 4 6 6 3 3 4 6 2 6
1 3 2 3 0
1 2 2 2
1 25 0 0 1 5 0 0 1 5 2 4 3 6 6 5 5 0 0 0 2 2 6 4 6 5 1
1 39 4 6 4 6 3 3 4 6 4 5 3 2 3 3 3 3 6 4 5 1 4 6 4 5 3 2 3 3 3 3 4 5 3 2 3 4 5 3 2
1 6 2 3 0 0 5 3
1 5 2 3 6 5 4
1 2 2 3
1 5 6 2 2 6 2
1 4 2 2 6 6
1 26 3 3 6 4 5 1 3 3 4 6 4 5 3 2 4 6 4 6 3 4 6 3 6 4 5 1
1 3 2 6 2
1 2 2 6
1 5 2 6 6 6 6
1 3 6 2 2
1 5 6 2 2 6 6
1 10 3 3 4 6 3 4 6 4 5 1
1 3 6 6 2
1 5 2 2 2 6 6
1 26 1 0 0 1 5 5 5 0 0 0 4 4 2 3 4 0 0 0 6 6 2 4 6 5 6 3
1 5 6 6 2 6 6
1 3 6 6 6
1 5 2 3 6 5 3
1 4 6 2 2 2
1 5 2 3 0 6 4
0 16 3 4 5 1 4 6 3 3 4 6 4 5 1 3 6 3
0 17 3 4 5 1 3 4 6 4 5 1 3 4 5 1 3 6 3
0 11 3 3 4 5 3 2 4 6 3 6 4
0 29 0 0 0 6 6 6 4 4 0 0 0 5 5 5 6 6 6 6 3 5 0 0 1 3 3 6 6 3 0
0 17 1 0 0 0 3 2 4 3 2 5 6 2 2 2 6 5 0
0 48 1 0 0 0 4 4 2 6 0 0 0 0 0 1 3 6 2 2 2 0 0 1 6 2 2 6 6 3 0 0 0 2 3 0 0 1 0 0 1 2 5 5 0 0 1 5 3 0
0 9 0 0 1 5 0 0 0 5 0
0 33 4 5 1 3 3 3 6 3 4 5 3 2 3 6 4 5 1 4 6 3 6 4 6 4 6 4 6 4 5 3 2 3 6
0 21 0 0 0 0 0 1 5 3 6 4 0 0 0 5 3 4 4 3 3 5 0
0 16 3 4 5 1 4 6 4 6 4 6 3 6 3 6 4 5
0 28 0 0 0 2 4 4 6 6 5 5 3 2 2 2 0 0 1 3 3 6 4 2 6 2 3 2 0 0
0 32 0 0 1 5 0 0 0 5 0 0 0 5 5 4 2 4 4 3 4 4 4 5 0 0 1 5 5 0 0 0 0 0
0 16 3 4 5 1 3 3 6 3 6 4 5 1 3 3 4 5
0 13 3 4 5 1 4 6 4 6 4 6 3 6 3
0 4 2 3 0 6
0 21 1 0 0 0 4 4 2 6 0 0 0 0 0 1 3 6 2 2 2 0 0
0 5 4 5 1 3 3
0 15 3 4 5 1 4 5 1 3 3 6 4 6 4 5 3
0 22 0 0 0 5 5 6 3 4 4 6 0 0 1 3 4 6 4 6 4 2 5 0
0 12 3 4 6 3 4 6 3 6 4 5 1 3
0 22 4 5 3 2 4 5 1 3 3 6 3 4 5 3 2 3 3 6 3 6 4 6
0 23 0 0 1 5 0 0 0 5 0 0 0 5 5 4 2 4 4 3 4 4 4 5 0
0 34 4 5 1 3 3 3 6 3 4 5 3 2 3 6 4 5 1 4 6 3 6 4 6 4 6 4 6 4 5 3 2 3 6 4
0 84 0 0 0 6 3 3 4 4 6 2 2 4 3 4 3 0 0 0 4 2 2 4 4 5 5 5 0 0 1 2 2 2 6 6 2 2 3 3 6 3 0 0 1 2 5 6 6 2 4 3 2 5 0 0 0 5 3 3 6 1 0 0 0 6 3 6 3 3 4 6 2 6 4 0 0 1 5 5 2 3 4 2 6 0
0 67 0 0 0 0 0 1 5 3 6 4 0 0 0 5 3 4 4 3 3 5 0 0 1 0 0 1 0 0 0 0 0 1 4 6 3 3 6 3 6 3 3 6 2 4 2 2 3 0 0 1 0 0 0 5 2 4 3 2 0 0 1 4 3 2 5 5 0
0 10 3 6 4 6 4 5 3 2 3 4
0 7 4 6 3 3 6 3 4
0 29 4 5 3 2 3 4 6 4 6 4 5 3 2 4 6 3 6 3 3 6 3 4 5 3 2 3 3 3 6
0 2 3 3
0 10 0 0 1 5 5 0 0 0 5 0
0 9 3 4 5 1 3 3 6 3 6
0 12 3 4 5 1 4 6 3 3 4 6 4 5
0 14 3 3 3 3 4 5 1 3 6 4 6 3 4 5
0 32 3 4 5 1 4 6 3 3 4 6 4 5 1 3 6 3 4 6 3 6 3 6 4 5 1 3 6 3 6 3 3 4
0 29 3 3 3 6 3 6 4 5 1 3 4 5 1 4 6 3 4 5 3 2 4 6 4 6 3 4 5 1 3
0 23 4 5 3 2 3 4 6 4 6 4 5 3 2 4 6 3 6 3 3 6 3 4 5
0 35 3 4 6 3 6 4 5 3 2 4 6 3 3 3 4 6 4 5 3 2 4 6 3 4 6 4 5 1 3 3 3 3 4 5 3
0 13 4 6 4 6 3 6 3 6 4 5 1 3 4
0 23 3 4 6 3 3 4 5 1 4 5 1 3 3 6 4 5 1 3 6 3 6 3 4
0 14 4 6 4 6 3 6 3 6 4 5 1 3 4 6
0 39 0 0 1 5 0 0 0 5 0 0 0 5 5 4 2 4 4 3 4 4 4 5 0 0 1 5 5 0 0 0 0 0 0 5 6 6 1 0 0
0 27 1 0 0 0 0 0 1 5 5 0 0 0 6 6 6 2 2 0 0 0 4 6 0 0 0 5 0
0 12 4 5 1 4 6 3 4 5 1 3 6 3
0 32 3 4 6 3 3 4 5 1 4 5 1 3 3 6 4 5 1 3 6 3 6 3 4 5 3 2 3 3 4 6 3 3
0 42 0 0 1 6 4 3 2 6 0 0 1 4 3 6 3 2 0 0 1 5 2 5 5 4 2 4 3 0 0 1 3 5 3 2 2 5 5 0 0 1 0 0
0 21 0 0 0 6 6 6 4 4 0 0 0 5 5 5 6 6 6 6 3 5 0
0 8 3 3 3 3 6 3 4 5
0 13 4 6 4 5 1 3 6 4 6 3 6 3 6
0 31 3 3 3 3 4 5 1 3 6 4 6 3 4 5 3 2 4 5 1 3 4 6 4 6 4 5 1 3 6 4 6
0 35 1 0 0 0 4 4 2 6 0 0 0 0 0 1 3 6 2 2 2 0 0 1 6 2 2 6 6 3 0 0 0 2 3 0 0
0 3 3 3 6
0 11 4 5 3 2 4 6 4 6 3 6 3
0 17 4 5 3 2 3 4 6 4 6 4 5 3 2 4 6 3 6
0 10 0 0 0 6 6 6 4 4 0 0
0 20 0 0 1 5 6 4 4 2 4 0 0 0 3 3 4 0 0 0 6 0
0 47 0 0 0 5 0 0 1 5 5 0 0 0 2 3 5 2 6 4 2 5 2 2 3 2 0 0 0 0 0 0 2 4 6 4 5 5 0 0 1 4 2 6 4 4 6 2 0
0 11 3 4 6 3 6 4 5 3 2 4 6
0 68 0 0 0 0 0 1 5 3 6 4 0 0 0 5 3 4 4 3 3 5 0 0 1 0 0 1 0 0 0 0 0 1 4 6 3 3 6 3 6 3 3 6 2 4 2 2 3 0 0 1 0 0 0 5 2 4 3 2 0 0 1 4 3 2 5 5 0 0
0 8 4 6 3 3 6 3 4 5
0 19 1 0 0 1 5 5 0 0 0 0 0 0 5 2 6 6 5 0 0
0 19 3 4 6 3 3 4 5 1 4 5 1 3 3 6 4 5 1 3 6
0 26 0 0 0 6 5 3 0 0 1 5 5 5 5 0 0 0 4 3 5 5 3 3 6 4 0 0
0 34 0 0 0 2 4 4 6 6 5 5 3 2 2 2 0 0 1 3 3 6 4 2 6 2 3 2 0 0 1 5 5 5 0 0
0 14 4 5 3 2 3 4 6 4 6 4 5 3 2 4
0 25 4 5 1 4 6 3 4 5 1 3 6 3 6 3 6 3 4 5 1 4 5 1 3 4 5
0 11 0 0 1 5 5 0 0 0 5 0 0
0 15 4 5 3 2 3 3 3 3 4 5 1 3 6 4 5
0 20 4 5 1 4 6 3 4 5 1 3 6 3 6 3 6 3 4 5 1 4
0 9 3 6 4 6 4 5 3 2 3
0 8 4 5 1 3 3 3 6 3
0 9 3 3 6 4 6 3 3 4 5
0 6 1 0 0 0 0 0
0 29 4 5 3 2 4 5 1 3 3 6 3 4 5 3 2 3 3 6 3 6 4 6 4 5 3 2 3 3 3
0 51 0 0 1 5 0 0 0 5 0 0 0 5 5 4 2 4 4 3 4 4 4 5 0 0 1 5 5 0 0 0 0 0 0 5 6 6 1 0 0 0 5 2 6 2 3 6 3 5 5 0 0
0 5 4 6 3 3 6
0 27 4 5 3 2 4 6 4 6 3 6 3 3 4 5 3 2 3 3 3 3 4 5 1 3 6 3 4
0 35 0 0 0 5 5 6 3 4 4 6 0 0 1 3 4 6 4 6 4 2 5 0 0 0 5 3 6 4 0 0 1 6 6 2 0
0 8 0 0 1 5 5 5 0 0
0 53 0 0 0 6 5 3 0 0 1 5 5 5 5 0 0 0 4 3 5 5 3 3 6 4 0 0 0 2 5 0 0 0 5 5 0 0 0 0 0 0 4 3 6 6 3 0 0 1 3 2 3 0 0
0 21 3 3 3 3 6 3 4 5 3 2 3 6 4 6 3 3 4 5 3 2 4
0 36 3 3 3 6 3 6 4 5 1 3 4 5 1 4 6 3 4 5 3 2 4 6 4 6 3 4 5 1 3 4 6 4 6 4 6 4
0 34 3 4 6 3 4 6 3 6 4 5 1 3 3 3 3 4 5 3 2 3 4 6 4 5 1 4 5 1 4 6 3 3 6 3
0 21 3 3 3 6 3 6 4 5 1 3 4 5 1 4 6 3 4 5 3 2 4
0 13 0 0 0 0 0 1 0 0 1 4 5 5 0
0 9 3 3 3 3 6 3 4 5 3
0 37 0 0 1 3 2 4 2 4 0 0 1 3 2 4 2 2 5 2 3 4 2 6 6 3 6 0 0 0 2 4 6 6 6 6 2 0 0
0 5 3 3 3 6 3
0 32 3 4 6 3 4 6 3 6 4 5 1 3 3 3 3 4 5 3 2 3 4 6 4 5 1 4 5 1 4 6 3 3
0 38 0 0 0 5 0 0 1 5 5 0 0 0 2 3 5 2 6 4 2 5 2 2 3 2 0 0 0 0 0 0 2 4 6 4 5 5 0 0
0 24 3 3 6 4 6 3 3 4 5 1 3 4 6 3 4 5 1 3 3 6 3 6 3 3
0 9 0 0 1 6 4 3 2 6 0
0 5 3 4 5 1 3
0 34 3 4 6 3 6 4 5 3 2 4 6 3 3 3 4 6 4 5 3 2 4 6 3 4 6 4 5 1 3 3 3 3 4 5
0 25 1 0 0 0 2 2 4 6 2 3 4 4 2 0 0 1 5 3 2 2 3 5 5 0 0
0 17 3 6 4 6 4 5 3 2 3 4 5 1 3 4 6 4 5
0 30 3 3 3 6 3 6 4 5 1 3 4 5 1 4 6 3 4 5 3 2 4 6 4 6 3 4 5 1 3 4
0 19 3 4 5 1 4 6 3 3 4 6 4 5 1 3 6 3 4 6 3
0 29 1 0 0 0 5 5 5 0 0 0 5 0 0 0 6 2 0 0 1 5 2 3 6 2 4 5 5 0 0
0 5 3 6 4 6 3
0 4 4 6 4 5
0 6 4 6 4 6 3 4
0 21 3 4 6 3 6 4 5 3 2 4 6 3 3 3 4 6 4 5 3 2 4
0 44 0 0 1 6 4 3 2 6 0 0 1 4 3 6 3 2 0 0 1 5 2 5 5 4 2 4 3 0 0 1 3 5 3 2 2 5 5 0 0 1 0 0 0 0
0 14 4 5 1 4 6 3 4 5 1 3 6 3 6 3
0 23 3 4 5 1 4 6 3 3 4 6 4 5 1 3 6 3 4 6 3 6 3 6 4
0 7 1 0 0 1 5 5 0
0 26 4 5 3 2 3 4 6 4 6 4 5 3 2 4 6 3 6 3 3 6 3 4 5 3 2 3
0 11 3 3 3 3 6 3 4 5 3 2 3
0 27 3 4 6 3 6 4 5 3 2 4 6 3 3 3 4 6 4 5 3 2 4 6 3 4 6 4 5
0 14 4 6 4 5 1 3 6 4 6 3 6 3 6 3
0 7 3 3 4 5 3 2 4
0 13 3 4 6 4 6 4 5 1 3 3 6 3 4
0 56 1 0 0 0 4 4 2 6 0 0 0 0 0 1 3 6 2 2 2 0 0 1 6 2 2 6 6 3 0 0 0 2 3 0 0 1 0 0 1 2 5 5 0 0 1 5 3 0 0 0 5 0 0 0 5 0
0 9 3 3 3 3 4 5 1 3 6
0 23 4 5 1 3 3 3 6 3 4 5 3 2 3 6 4 5 1 4 6 3 6 4 6
0 21 4 6 4 5 1 3 6 4 6 3 6 3 6 3 6 4 5 1 4 6 4
0 4 3 4 6 4
0 11 3 3 6 3 3 3 4 5 3 2 4
0 12 4 6 4 6 3 4 5 3 2 3 4 5
0 52 0 0 0 0 0 1 5 3 6 4 0 0 0 5 3 4 4 3 3 5 0 0 1 0 0 1 0 0 0 0 0 1 4 6 3 3 6 3 6 3 3 6 2 4 2 2 3 0 0 1 0 0
0 22 4 5 1 3 3 3 6 3 4 5 3 2 3 6 4 5 1 4 6 3 6 4
0 38 0 0 1 5 0 0 0 5 4 4 5 0 0 0 5 0 0 1 5 5 5 4 2 2 4 0 0 0 0 0 1 3 2 4 4 2 0 0
0 5 3 3 3 6 4
0 15 3 4 5 1 4 6 4 6 4 6 3 6 3 6 4
0 11 3 4 5 1 4 6 3 3 4 6 4
0 20 3 3 4 5 3 2 4 6 3 6 4 5 3 2 4 6 3 6 4 5
0 9 0 0 1 5 4 6 6 0 0
0 5 4 5 3 2 4
0 95 0 0 0 6 3 3 4 4 6 2 2 4 3 4 3 0 0 0 4 2 2 4 4 5 5 5 0 0 1 2 2 2 6 6 2 2 3 3 6 3 0 0 1 2 5 6 6 2 4 3 2 5 0 0 0 5 3 3 6 1 0 0 0 6 3 6 3 3 4 6 2 6 4 0 0 1 5 5 2 3 4 2 6 0 0 1 6 2 3 3 4 0 0 1 0
0 17 0 0 1 5 6 4 4 2 4 0 0 0 3 3 4 0 0
0 24 0 0 1 6 4 2 2 4 3 4 3 4 4 3 4 2 6 0 0 1 2 3 3 0
0 31 0 0 1 5 0 0 0 5 0 0 0 5 5 4 2 4 4 3 4 4 4 5 0 0 1 5 5 0 0 0 0
0 29 0 0 1 5 0 0 0 5 0 0 0 5 5 4 2 4 4 3 4 4 4 5 0 0 1 5 5 0 0
0 14 3 6 4 6 4 5 3 2 3 4 5 1 3 4
0 13 3 6 4 6 4 5 3 2 3 4 5 1 3
0 16 4 6 3 4 5 3 2 4 6 3 4 5 3 2 4 5
0 9 4 5 3 2 3 3 3 3 4
0 11 4 6 4 6 3 4 5 3 2 3 4
0 61 0 0 0 5 0 0 1 5 5 0 0 0 2 3 5 2 6 4 2 5 2 2 3 2 0 0 0 0 0 0 2 4 6 4 5 5 0 0 1 4 2 6 4 4 6 2 0 0 1 3 2 5 5 5 6 3 4 2 4 0 0
0 47 0 0 1 5 4 0 0 0 5 4 6 5 0 0 1 5 5 0 0 1 5 4 6 6 6 6 0 0 1 5 6 3 3 2 3 3 2 4 0 0 1 5 5 5 1 0 0
0 25 3 3 3 3 6 3 4 5 3 2 3 6 4 6 3 3 4 5 3 2 4 5 1 4 5
0 24 4 6 3 3 6 3 4 5 3 2 4 6 4 6 3 4 5 3 2 4 6 4 5 3
0 7 3 4 6 3 3 4 5
0 16 4 6 3 3 6 3 4 5 3 2 4 6 4 6 3 4
0 31 4 5 3 2 3 4 6 4 6 4 5 3 2 4 6 3 6 3 3 6 3 4 5 3 2 3 3 3 6 4 5
0 18 1 0 0 0 5 5 5 0 0 0 5 0 0 0 6 2 0 0
0 17 0 0 1 6 4 3 2 6 0 0 1 4 3 6 3 2 0
0 10 4 6 3 4 5 3 2 4 6 3
0 7 3 3 3 4 5 1 3
0 32 3 4 6 3 6 4 5 3 2 4 6 3 3 3 4 6 4 5 3 2 4 6 3 4 6 4 5 1 3 3 3 3
0 32 3 3 6 4 6 3 3 4 5 1 3 4 6 3 4 5 1 3 3 6 3 6 3 3 6 4 5 3 2 4 5 3
0 91 0 0 1 5 0 0 0 5 4 4 5 0 0 0 5 0 0 1 5 5 5 4 2 2 4 0 0 0 0 0 1 3 2 4 4 2 0 0 1 3 3 4 6 6 5 0 0 0 3 6 2 4 6 0 0 1 6 4 3 5 4 3 6 3 2 6 3 2 4 2 5 0 0 1 4 6 3 4 2 5 3 3 6 0 0 0 4 6 4 5 0
0 17 0 0 0 6 3 3 4 4 6 2 2 4 3 4 3 0 0
0 9 3 3 3 4 5 1 3 4 5
0 3 3 3 4
0 24 3 3 3 3 4 5 1 3 6 4 6 3 4 5 3 2 4 5 1 3 4 6 4 6
0 28 0 0 0 6 4 6 4 2 6 3 2 0 0 1 0 0 1 5 6 3 6 3 5 0 0 0 0 0
0 4 3 4 6 3
0 12 3 3 3 6 3 6 4 5 1 3 4 5
0 21 0 0 1 5 6 4 4 2 4 0 0 0 3 3 4 0 0 0 6 0 0
0 8 0 0 0 2 4 3 0 0
0 32 4 5 1 3 3 3 6 3 4 5 3 2 3 6 4 5 1 4 6 3 6 4 6 4 6 4 6 4 5 3 2 3
0 31 0 0 0 6 5 3 0 0 1 5 5 5 5 0 0 0 4 3 5 5 3 3 6 4 0 0 0 2 5 0 0
0 44 1 0 0 0 4 4 2 6 0 0 0 0 0 1 3 6 2 2 2 0 0 1 6 2 2 6 6 3 0 0 0 2 3 0 0 1 0 0 1 2 5 5 0 0
0 17 3 6 3 3 6 4 6 3 4 5 3 2 4 5 1 4 6
0 20 3 6 3 3 6 4 6 3 4 5 3 2 4 5 1 4 6 3 4 5
0 28 4 6 3 3 6 4 6 4 5 3 2 4 5 1 3 6 3 6 4 5 1 3 3 6 3 4 6 3
0 7 3 4 6 4 6 4 5
0 15 3 4 6 3 4 6 3 6 4 5 1 3 3 3 3
0 93 0 0 0 6 3 3 4 4 6 2 2 4 3 4 3 0 0 0 4 2 2 4 4 5 5 5 0 0 1 2 2 2 6 6 2 2 3 3 6 3 0 0 1 2 5 6 6 2 4 3 2 5 0 0 0 5 3 3 6 1 0 0 0 6 3 6 3 3 4 6 2 6 4 0 0 1 5 5 2 3 4 2 6 0 0 1 6 2 3 3 4 0 0
0 25 0 0 0 0 0 1 5 3 6 4 0 0 0 5 3 4 4 3 3 5 0 0 1 0 0
0 13 4 5 1 3 3 3 6 3 4 5 3 2 3
0 6 3 4 6 3 6 4
0 9 4 5 3 2 4 6 4 6 3
0 3 3 4 5
0 24 3 3 3 3 6 3 4 5 3 2 3 6 4 6 3 3 4 5 3 2 4 5 1 4
0 14 3 4 5 1 4 6 4 6 4 6 3 6 3 6
0 19 0 0 1 6 4 2 2 4 3 4 3 4 4 3 4 2 6 0 0
0 7 3 6 4 6 4 5 3
0 42 0 0 1 6 4 2 2 4 3 4 3 4 4 3 4 2 6 0 0 1 2 3 3 0 0 1 5 5 6 2 4 4 4 5 0 0 1 5 3 3 0 0
0 9 4 6 3 3 6 4 6 4 5
0 4 4 6 4 6
0 37 0 0 1 6 4 3 6 2 6 2 2 3 3 3 6 0 0 0 6 3 4 2 2 2 2 0 0 0 5 4 3 4 0 0 0 3 0
0 10 4 5 1 3 3 3 6 3 4 5
0 29 4 6 3 3 6 3 4 5 3 2 4 6 4 6 3 4 5 3 2 4 6 4 5 3 2 4 5 1 3
0 6 4 5 3 2 3 3
0 12 3 4 5 1 4 6 4 6 4 6 3 6
0 35 0 0 1 6 4 2 2 4 3 4 3 4 4 3 4 2 6 0 0 1 2 3 3 0 0 1 5 5 6 2 4 4 4 5 0
0 99 0 0 0 6 3 3 4 4 6 2 2 4 3 4 3 0 0 0 4 2 2 4 4 5 5 5 0 0 1 2 2 2 6 6 2 2 3 3 6 3 0 0 1 2 5 6 6 2 4 3 2 5 0 0 0 5 3 3 6 1 0 0 0 6 3 6 3 3 4 6 2 6 4 0 0 1 5 5 2 3 4 2 6 0 0 1 6 2 3 3 4 0 0 1 0 0 0 0 0
0 5 4 6 4 6 3
0 21 3 4 5 1 4 5 1 3 3 6 4 6 4 5 3 2 3 3 6 4 5
0 11 0 0 0 5 5 6 3 4 4 6 0
0 29 3 4 6 3 6 4 5 3 2 4 6 3 3 3 4 6 4 5 3 2 4 6 3 4 6 4 5 1 3
0 19 4 5 3 2 4 5 1 3 3 6 3 4 5 3 2 3 3 6 3
0 24 3 3 3 6 3 6 4 5 1 3 4 5 1 4 6 3 4 5 3 2 4 6 4 6
0 33 4 6 3 3 6 3 4 5 3 2 4 6 4 6 3 4 5 3 2 4 6 4 5 3 2 4 5 1 3 3 3 4 5
0 7 3 6 3 6 3 4 5
0 22 0 0 1 0 0 0 5 5 0 0 0 5 0 0 1 5 5 5 1 1 0 0
0 5 3 3 6 4 6
0 17 3 4 6 3 6 4 5 3 2 4 6 3 3 3 4 6 4
0 18 4 5 3 2 4 5 1 3 3 6 3 4 5 3 2 3 3 6
0 9 4 6 3 3 6 3 4 5 3
0 8 4 6 4 6 3 4 5 3
0 30 0 0 0 0 0 1 0 0 1 4 5 5 0 0 1 5 4 6 6 2 3 4 3 6 3 3 6 2 0 0
0 14 3 3 3 3 6 3 4 5 3 2 3 6 4 6
0 33 3 4 5 1 4 6 3 3 4 6 4 5 1 3 6 3 4 6 3 6 3 6 4 5 1 3 6 3 6 3 3 4 6
0 12 4 6 4 5 1 3 6 4 6 3 6 3
0 15 4 6 3 3 6 3 4 5 3 2 4 6 4 6 3
0 40 0 0 1 5 4 0 0 0 5 4 6 5 0 0 1 5 5 0 0 1 5 4 6 6 6 6 0 0 1 5 6 3 3 2 3 3 2 4 0 0
0 9 3 4 5 1 4 6 4 6 4
0 11 3 4 6 4 6 4 5 1 3 3 6
0 35 3 3 3 6 3 6 4 5 1 3 4 5 1 4 6 3 4 5 3 2 4 6 4 6 3 4 5 1 3 4 6 4 6 4 6
0 11 3 6 3 3 6 4 6 3 4 5 3
0 12 1 0 0 0 4 4 2 6 0 0 0 0
0 25 3 3 3 3 4 5 1 3 6 4 6 3 4 5 3 2 4 5 1 3 4 6 4 6 4
0 80 0 0 0 5 0 0 1 5 5 0 0 0 2 3 5 2 6 4 2 5 2 2 3 2 0 0 0 0 0 0 2 4 6 4 5 5 0 0 1 4 2 6 4 4 6 2 0 0 1 3 2 5 5 5 6 3 4 2 4 0 0 0 5 4 2 2 4 6 3 6 4 4 3 6 5 0 0 0 6 0
0 29 4 5 1 3 3 3 6 3 4 5 3 2 3 6 4 5 1 4 6 3 6 4 6 4 6 4 6 4 5
0 11 4 6 3 3 6 3 4 5 3 2 4
0 11 3 3 3 6 3 6 4 5 1 3 4
0 26 3 4 6 3 4 6 3 6 4 5 1 3 3 3 3 4 5 3 2 3 4 6 4 5 1 4
0 38 3 4 6 3 4 6 3 6 4 5 1 3 3 3 3 4 5 3 2 3 4 6 4 5 1 4 5 1 4 6 3 3 6 3 6 4 5 3
0 52 1 0 0 0 4 4 2 6 0 0 0 0 0 1 3 6 2 2 2 0 0 1 6 2 2 6 6 3 0 0 0 2 3 0 0 1 0 0 1 2 5 5 0 0 1 5 3 0 0 0 5 0
0 26 4 6 3 3 6 4 6 3 4 5 3 2 4 5 3 2 3 4 5 3 2 3 6 3 4 5
0 14 0 0 1 5 4 0 0 0 5 4 6 5 0 0
0 19 3 4 5 1 3 4 6 4 5 1 3 4 5 1 3 6 3 3 4
0 5 3 3 3 3 6
0 45 0 0 1 6 4 3 2 6 0 0 1 4 3 6 3 2 0 0 1 5 2 5 5 4 2 4 3 0 0 1 3 5 3 2 2 5 5 0 0 1 0 0 0 0 0
0 18 0 0 1 5 4 0 0 0 5 4 6 5 0 0 1 5 5 0
0 34 1 0 0 0 5 5 5 0 0 0 5 0 0 0 6 2 0 0 1 5 2 3 6 2 4 5 5 0 0 0 3 4 0 0
0 26 4 5 3 2 4 6 4 6 3 6 3 3 4 5 3 2 3 3 3 3 4 5 1 3 6 3
0 28 0 0 1 5 0 0 0 5 0 0 0 5 5 4 2 4 4 3 4 4 4 5 0 0 1 5 5 0
0 25 0 0 0 5 0 0 1 5 5 0 0 0 2 3 5 2 6 4 2 5 2 2 3 2 0
0 17 4 6 3 3 6 4 6 4 5 3 2 4 5 1 3 6 3
0 27 3 3 3 6 3 6 4 5 1 3 4 5 1 4 6 3 4 5 3 2 4 6 4 6 3 4 5
0 10 3 3 4 5 3 2 4 6 3 6
0 8 4 5 1 4 6 3 4 5
0 7 3 4 6 3 6 4 5
0 30 3 4 6 3 3 4 5 1 4 5 1 3 3 6 4 5 1 3 6 3 6 3 4 5 3 2 3 3 4 6
0 15 3 3 3 3 4 5 1 3 6 4 6 3 4 5 3
0 18 3 3 6 4 6 3 3 4 5 1 3 4 6 3 4 5 1 3
0 13 1 0 0 0 5 5 5 0 0 0 5 0 0
0 11 3 4 5 1 3 4 6 4 5 1 3
0 16 0 0 0 6 4 6 4 2 6 3 2 0 0 1 0 0
0 8 4 6 3 3 6 4 6 3
0 33 3 3 3 6 3 6 4 5 1 3 4 5 1 4 6 3 4 5 3 2 4 6 4 6 3 4 5 1 3 4 6 4 6
0 8 3 3 6 3 3 3 4 5
0 7 4 5 3 2 3 3 3
0 37 3 3 3 6 3 6 4 5 1 3 4 5 1 4 6 3 4 5 3 2 4 6 4 6 3 4 5 1 3 4 6 4 6 4 6 4 6
0 18 3 3 4 5 3 2 4 6 3 6 4 5 3 2 4 6 3 6
0 30 3 3 6 4 6 3 3 4 5 1 3 4 6 3 4 5 1 3 3 6 3 6 3 3 6 4 5 3 2 4
0 25 4 6 3 3 6 4 6 4 5 3 2 4 5 1 3 6 3 6 4 5 1 3 3 6 3
0 31 0 0 0 0 0 1 5 3 6 4 0 0 0 5 3 4 4 3 3 5 0 0 1 0 0 1 0 0 0 0 0
0 42 0 0 0 6 4 6 4 2 6 3 2 0 0 1 0 0 1 5 6 3 6 3 5 0 0 0 0 0 1 4 4 3 0 0 0 0 0 0 6 3 3 0
0 11 3 6 4 6 4 5 3 2 3 4 5
0 36 0 0 0 2 4 4 6 6 5 5 3 2 2 2 0 0 1 3 3 6 4 2 6 2 3 2 0 0 1 5 5 5 0 0 1 0
0 6 3 3 3 6 3 6
0 23 4 6 3 3 6 4 6 4 5 3 2 4 5 1 3 6 3 6 4 5 1 3 3
0 23 4 6 4 5 1 3 6 4 6 3 6 3 6 3 6 4 5 1 4 6 4 6 4
0 14 0 0 1 0 0 0 5 5 0 0 0 5 0 0
0 11 0 0 0 5 0 0 1 5 5 0 0
0 30 0 0 0 6 6 6 4 4 0 0 0 5 5 5 6 6 6 6 3 5 0 0 1 3 3 6 6 3 0 0
0 18 1 0 0 0 3 2 4 3 2 5 6 2 2 2 6 5 0 0
0 43 0 0 0 6 4 6 4 2 6 3 2 0 0 1 0 0 1 5 6 3 6 3 5 0 0 0 0 0 1 4 4 3 0 0 0 0 0 0 6 3 3 0 0
0 60 0 0 0 5 0 0 1 5 5 0 0 0 2 3 5 2 6 4 2 5 2 2 3 2 0 0 0 0 0 0 2 4 6 4 5 5 0 0 1 4 2 6 4 4 6 2 0 0 1 3 2 5 5 5 6 3 4 2 4 0
0 12 0 0 0 0 0 1 5 3 6 4 0 0
0 18 1 0 0 1 5 5 0 0 0 0 0 0 5 2 6 6 5 0
0 18 3 4 6 3 3 4 5 1 4 5 1 3 3 6 4 5 1 3
0 17 0 0 1 5 5 5 0 0 0 0 0 0 5 0 0 0 0
0 36 0 0 1 3 2 4 2 4 0 0 1 3 2 4 2 2 5 2 3 4 2 6 6 3 6 0 0 0 2 4 6 6 6 6 2 0
0 24 1 0 0 0 0 0 1 5 5 0 0 0 6 6 6 2 2 0 0 0 4 6 0 0
0 15 3 3 6 3 3 3 4 5 3 2 4 5 1 4 6
0 40 3 3 3 6 3 6 4 5 1 3 4 5 1 4 6 3 4 5 3 2 4 6 4 6 3 4 5 1 3 4 6 4 6 4 6 4 6 4 5 3
0 13 3 4 6 3 4 6 3 6 4 5 1 3 3
0 18 4 5 1 3 3 3 6 3 4 5 3 2 3 6 4 5 1 4
0 21 4 5 1 4 6 3 4 5 1 3 6 3 6 3 6 3 4 5 1 4 5
0 8 3 3 3 6 3 6 4 5
0 20 4 5 3 2 3 4 6 4 6 4 5 3 2 4 6 3 6 3 3 6
0 17 4 5 3 2 4 6 4 6 3 6 3 3 4 5 3 2 3
0 14 0 0 1 5 5 5 0 0 0 0 0 0 5 0
0 8 4 5 3 2 3 4 6 4
0 40 0 0 0 5 5 6 3 4 4 6 0 0 1 3 4 6 4 6 4 2 5 0 0 0 5 3 6 4 0 0 1 6 6 2 0 0 0 5 0 0
0 10 4 6 4 6 3 4 5 3 2 3
0 62 0 0 0 6 3 3 4 4 6 2 2 4 3 4 3 0 0 0 4 2 2 4 4 5 5 5 0 0 1 2 2 2 6 6 2 2 3 3 6 3 0 0 1 2 5 6 6 2 4 3 2 5 0 0 0 5 3 3 6 1 0 0
0 26 3 4 5 1 4 6 3 3 4 6 4 5 1 3 6 3 4 6 3 6 3 6 4 5 1 3
0 65 0 0 1 5 0 0 0 5 0 0 0 5 5 4 2 4 4 3 4 4 4 5 0 0 1 5 5 0 0 0 0 0 0 5 6 6 1 0 0 0 5 2 6 2 3 6 3 5 5 0 0 0 5 0 0 0 5 5 6 3 2 2 6 5 0
0 6 4 5 1 3 3 3
0 25 4 6 3 3 6 4 6 3 4 5 3 2 4 5 3 2 3 4 5 3 2 3 6 3 4
0 29 1 0 0 0 4 4 2 6 0 0 0 0 0 1 3 6 2 2 2 0 0 1 6 2 2 6 6 3 0
0 4 3 3 3 6
0 15 3 4 6 3 6 4 5 3 2 4 6 3 3 3 4
0 8 3 3 3 3 4 5 1 3
0 31 3 3 6 4 6 3 3 4 5 1 3 4 6 3 4 5 1 3 3 6 3 6 3 3 6 4 5 3 2 4 5
0 12 3 3 3 3 4 5 1 3 6 4 6 3
0 28 3 3 6 4 6 3 3 4 5 1 3 4 6 3 4 5 1 3 3 6 3 6 3 3 6 4 5 3
0 39 0 0 1 5 4 0 0 0 5 4 6 5 0 0 1 5 5 0 0 1 5 4 6 6 6 6 0 0 1 5 6 3 3 2 3 3 2 4 0
0 19 4 6 3 3 6 4 6 3 4 5 3 2 4 5 3 2 3 4 5
0 12 1 0 0 0 5 5 5 0 0 0 5 0
0 5 3 4 6 3 3
0 10 1 0 0 0 0 0 1 5 5 0
0 16 0 0 1 6 4 3 6 2 6 2 2 3 3 3 6 0
0 17 3 3 3 6 3 6 4 5 1 3 4 5 1 4 6 3 4
0 18 4 6 4 6 3 6 3 6 4 5 1 3 4 6 3 6 4 5
0 18 3 6 3 3 6 4 6 3 4 5 3 2 4 5 1 4 6 3
0 5 3 3 6 3 4
0 11 1 0 0 1 5 5 0 0 0 0 0
0 14 3 4 5 1 4 5 1 3 3 6 4 6 4 5
0 15 4 6 3 4 5 3 2 4 6 3 4 5 3 2 4
0 5 3 4 5 1 4
0 22 0 0 0 5 0 0 0 2 3 5 5 4 2 6 3 3 3 3 3 3 6 0
0 16 3 3 6 3 3 3 4 5 3 2 4 5 1 4 6 4
0 6 3 4 6 4 6 4
0 22 3 4 6 3 4 6 3 6 4 5 1 3 3 3 3 4 5 3 2 3 4 6
0 34 3 4 6 3 3 4 5 1 4 5 1 3 3 6 4 5 1 3 6 3 6 3 4 5 3 2 3 3 4 6 3 3 4 5
0 21 4 5 3 2 3 4 6 4 6 4 5 3 2 4 6 3 6 3 3 6 3
0 9 3 4 5 1 4 6 3 3 4
0 8 4 6 3 4 5 3 2 4
0 4 3 6 4 6
0 9 3 6 3 3 6 4 6 3 4
0 19 1 0 0 0 0 0 1 5 5 0 0 0 6 6 6 2 2 0 0
0 19 0 0 1 5 4 0 0 0 5 4 6 5 0 0 1 5 5 0 0
0 26 0 0 0 5 0 0 1 5 5 0 0 0 2 3 5 2 6 4 2 5 2 2 3 2 0 0
0 10 0 0 0 5 0 0 1 5 5 0
0 7 3 6 3 3 6 4 6
0 9 4 6 3 3 6 4 6 3 4
0 28 4 5 3 2 3 4 6 4 6 4 5 3 2 4 6 3 6 3 3 6 3 4 5 3 2 3 3 3
0 9 1 0 0 0 5 5 5 0 0
0 11 4 6 4 5 3 2 4 6 4 5 3
0 7 3 3 3 3 6 3 4
0 15 0 0 0 6 4 6 4 2 6 3 2 0 0 1 0
0 30 3 4 5 1 4 6 3 3 4 6 4 5 1 3 6 3 4 6 3 6 3 6 4 5 1 3 6 3 6 3
0 35 3 4 5 1 4 6 3 3 4 6 4 5 1 3 6 3 4 6 3 6 3 6 4 5 1 3 6 3 6 3 3 4 6 4 5
0 28 0 0 1 5 4 0 0 0 5 4 6 5 0 0 1 5 5 0 0 1 5 4 6 6 6 6 0 0
0 30 4 5 3 2 4 5 1 3 3 6 3 4 5 3 2 3 3 6 3 6 4 6 4 5 3 2 3 3 3 6
0 27 4 5 3 2 4 5 1 3 3 6 3 4 5 3 2 3 3 6 3 6 4 6 4 5 3 2 3
0 12 3 4 5 1 3 4 6 4 5 1 3 4
0 16 4 5 1 3 3 3 6 3 4 5 3 2 3 6 4 5
0 14 0 0 0 3 3 2 3 6 3 2 6 5 5 0
0 96 0 0 0 6 3 3 4 4 6 2 2 4 3 4 3 0 0 0 4 2 2 4 4 5 5 5 0 0 1 2 2 2 6 6 2 2 3 3 6 3 0 0 1 2 5 6 6 2 4 3 2 5 0 0 0 5 3 3 6 1 0 0 0 6 3 6 3 3 4 6 2 6 4 0 0 1 5 5 2 3 4 2 6 0 0 1 6 2 3 3 4 0 0 1 0 0
0 39 0 0 0 5 5 6 3 4 4 6 0 0 1 3 4 6 4 6 4 2 5 0 0 0 5 3 6 4 0 0 1 6 6 2 0 0 0 5 0
0 32 3 3 3 6 3 6 4 5 1 3 4 5 1 4 6 3 4 5 3 2 4 6 4 6 3 4 5 1 3 4 6 4
0 15 4 6 4 6 3 6 3 6 4 5 1 3 4 6 3
0 11 0 0 1 5 5 5 0 0 0 0 0
0 26 1 0 0 1 5 5 0 0 0 0 0 0 5 2 6 6 5 0 0 0 5 5 5 5 5 0
0 30 4 5 1 3 3 3 6 3 4 5 3 2 3 6 4 5 1 4 6 3 6 4 6 4 6 4 6 4 5 3
0 24 4 5 3 2 4 5 1 3 3 6 3 4 5 3 2 3 3 6 3 6 4 6 4 5
0 8 1 0 0 0 5 5 5 0
0 18 0 0 1 6 4 3 2 6 0 0 1 4 3 6 3 2 0 0
0 17 0 0 1 6 4 3 6 2 6 2 2 3 3 3 6 0 0
0 25 3 4 6 3 6 4 5 3 2 4 6 3 3 3 4 6 4 5 3 2 4 6 3 4 6
0 27 0 0 0 6 4 6 4 2 6 3 2 0 0 1 0 0 1 5 6 3 6 3 5 0 0 0 0
0 13 3 4 5 1 3 3 6 3 6 4 5 1 3
0 11 0 0 1 5 6 4 4 2 4 0 0
0 11 4 6 3 4 5 3 2 4 6 3 4
0 31 3 4 5 1 4 6 3 3 4 6 4 5 1 3 6 3 4 6 3 6 3 6 4 5 1 3 6 3 6 3 3
0 27 3 4 6 3 4 6 3 6 4 5 1 3 3 3 3 4 5 3 2 3 4 6 4 5 1 4 5
0 17 1 0 0 0 5 5 5 0 0 0 5 0 0 0 6 2 0
0 49 0 0 1 6 4 3 6 2 6 2 2 3 3 3 6 0 0 0 6 3 4 2 2 2 2 0 0 0 5 4 3 4 0 0 0 3 0 0 0 5 3 4 6 6 4 5 3 1 0
0 7 3 4 5 1 4 6 3
0 77 0 0 0 5 0 0 1 5 5 0 0 0 2 3 5 2 6 4 2 5 2 2 3 2 0 0 0 0 0 0 2 4 6 4 5 5 0 0 1 4 2 6 4 4 6 2 0 0 1 3 2 5 5 5 6 3 4 2 4 0 0 0 5 4 2 2 4 6 3 6 4 4 3 6 5 0 0
0 29 3 4 5 1 4 6 3 3 4 6 4 5 1 3 6 3 4 6 3 6 3 6 4 5 1 3 6 3 6
0 3 3 6 4
0 9 3 4 6 3 3 4 5 1 4
0 10 4 6 4 5 3 2 4 6 4 5
0 30 3 4 6 3 4 6 3 6 4 5 1 3 3 3 3 4 5 3 2 3 4 6 4 5 1 4 5 1 4 6
0 37 0 0 1 5 0 0 0 5 4 4 5 0 0 0 5 0 0 1 5 5 5 4 2 2 4 0 0 0 0 0 1 3 2 4 4 2 0
0 24 0 0 0 6 4 6 4 2 6 3 2 0 0 1 0 0 1 5 6 3 6 3 5 0
0 9 4 6 4 5 3 2 4 6 4
0 38 3 3 3 6 3 6 4 5 1 3 4 5 1 4 6 3 4 5 3 2 4 6 4 6 3 4 5 1 3 4 6 4 6 4 6 4 6 4
0 18 3 3 3 3 6 3 4 5 3 2 3 6 4 6 3 3 4 5
0 7 0 0 1 5 4 0 0
0 22 4 6 3 3 6 3 4 5 3 2 4 6 4 6 3 4 5 3 2 4 6 4
0 6 0 0 1 5 0 0
0 16 4 6 3 3 6 4 6 4 5 3 2 4 5 1 3 6
0 47 0 0 0 6 5 3 0 0 1 5 5 5 5 0 0 0 4 3 5 5 3 3 6 4 0 0 0 2 5 0 0 0 5 5 0 0 0 0 0 0 4 3 6 6 3 0 0
0 21 0 0 1 0 0 0 5 5 0 0 0 5 0 0 1 5 5 5 1 1 0
0 23 3 4 6 3 4 6 3 6 4 5 1 3 3 3 3 4 5 3 2 3 4 6 4
0 36 3 4 5 1 4 6 3 3 4 6 4 5 1 3 6 3 4 6 3 6 3 6 4 5 1 3 6 3 6 3 3 4 6 4 5 3
0 9 4 5 1 3 3 3 6 3 4
0 4 0 0 1 0
0 7 3 3 3 6 3 6 4
0 38 0 0 0 6 5 3 0 0 1 5 5 5 5 0 0 0 4 3 5 5 3 3 6 4 0 0 0 2 5 0 0 0 5 5 0 0 0 0
0 33 1 0 0 0 5 5 5 0 0 0 5 0 0 0 6 2 0 0 1 5 2 3 6 2 4 5 5 0 0 0 3 4 0
0 48 0 0 0 5 0 0 1 5 5 0 0 0 2 3 5 2 6 4 2 5 2 2 3 2 0 0 0 0 0 0 2 4 6 4 5 5 0 0 1 4 2 6 4 4 6 2 0 0
0 32 4 5 3 2 3 4 6 4 6 4 5 3 2 4 6 3 6 3 3 6 3 4 5 3 2 3 3 3 6 4 5 3
0 2 4 5
0 10 3 4 5 1 3 3 6 3 6 4
0 13 3 3 3 3 6 3 4 5 3 2 3 6 4
0 72 0 0 1 5 0 0 0 5 4 4 5 0 0 0 5 0 0 1 5 5 5 4 2 2 4 0 0 0 0 0 1 3 2 4 4 2 0 0 1 3 3 4 6 6 5 0 0 0 3 6 2 4 6 0 0 1 6 4 3 5 4 3 6 3 2 6 3 2 4 2 5 0
0 24 3 4 5 1 4 6 3 3 4 6 4 5 1 3 6 3 4 6 3 6 3 6 4 5
0 5 3 4 6 3 6
0 30 4 6 3 3 6 4 6 4 5 3 2 4 5 1 3 6 3 6 4 5 1 3 3 6 3 4 6 3 6 4
0 27 3 4 6 3 3 4 5 1 4 5 1 3 3 6 4 5 1 3 6 3 6 3 4 5 3 2 3
0 4 3 3 3 4
0 29 0 0 1 6 4 3 2 6 0 0 1 4 3 6 3 2 0 0 1 5 2 5 5 4 2 4 3 0 0
0 32 3 3 3 3 4 5 1 3 6 4 6 3 4 5 3 2 4 5 1 3 4 6 4 6 4 5 1 3 6 4 6 4
0 13 4 6 3 3 6 4 6 3 4 5 3 2 4
0 14 4 5 3 2 4 5 1 3 3 6 3 4 5 3
0 39 0 0 0 6 5 3 0 0 1 5 5 5 5 0 0 0 4 3 5 5 3 3 6 4 0 0 0 2 5 0 0 0 5 5 0 0 0 0 0
0 10 0 0 1 5 6 4 4 2 4 0
0 8 3 4 5 1 3 3 6 3
0 21 4 5 3 2 4 6 4 6 3 6 3 3 4 5 3 2 3 3 3 3 4
0 8 4 6 4 5 1 3 6 4
0 5 3 6 3 3 6
0 28 1 0 0 0 5 5 5 0 0 0 5 0 0 0 6 2 0 0 1 5 2 3 6 2 4 5 5 0
0 15 4 5 3 2 3 4 6 4 6 4 5 3 2 4 6
0 12 4 6 3 3 6 3 4 5 3 2 4 6
0 38 0 0 1 5 0 0 0 5 0 0 0 5 5 4 2 4 4 3 4 4 4 5 0 0 1 5 5 0 0 0 0 0 0 5 6 6 1 0
0 7 3 4 5 1 4 6 4
0 14 3 4 6 3 4 6 3 6 4 5 1 3 3 3
0 12 3 3 6 3 3 3 4 5 3 2 4 5
0 33 3 4 6 3 4 6 3 6 4 5 1 3 3 3 3 4 5 3 2 3 4 6 4 5 1 4 5 1 4 6 3 3 6
0 23 4 6 3 3 6 3 4 5 3 2 4 6 4 6 3 4 5 3 2 4 6 4 5
0 23 3 3 6 4 6 3 3 4 5 1 3 4 6 3 4 5 1 3 3 6 3 6 3
0 10 3 4 5 1 4 6 4 6 4 6
0 11 3 3 3 3 4 5 1 3 6 4 6
0 8 3 3 3 6 4 6 3 4
0 46 0 0 0 6 5 3 0 0 1 5 5 5 5 0 0 0 4 3 5 5 3 3 6 4 0 0 0 2 5 0 0 0 5 5 0 0 0 0 0 0 4 3 6 6 3 0
0 34 0 0 1 6 4 3 6 2 6 2 2 3 3 3 6 0 0 0 6 3 4 2 2 2 2 0 0 0 5 4 3 4 0 0
0 96 0 0 1 5 0 0 0 5 4 4 5 0 0 0 5 0 0 1 5 5 5 4 2 2 4 0 0 0 0 0 1 3 2 4 4 2 0 0 1 3 3 4 6 6 5 0 0 0 3 6 2 4 6 0 0 1 6 4 3 5 4 3 6 3 2 6 3 2 4 2 5 0 0 1 4 6 3 4 2 5 3 3 6 0 0 0 4 6 4 5 0 0 1 4 5 0
0 6 4 6 4 6 3 6
0 7 3 4 5 1 3 4 6
0 21 3 3 6 4 6 3 3 4 5 1 3 4 6 3 4 5 1 3 3 6 3
0 8 3 4 6 3 6 4 5 3
0 3 4 6 4
0 23 3 3 3 6 3 6 4 5 1 3 4 5 1 4 6 3 4 5 3 2 4 6 4
0 14 1 0 0 0 2 2 4 6 2 3 4 4 2 0
0 31 4 6 3 3 6 4 6 3 4 5 3 2 4 5 3 2 3 4 5 3 2 3 6 3 4 5 3 2 3 6 4
0 31 4 5 3 2 4 5 1 3 3 6 3 4 5 3 2 3 3 6 3 6 4 6 4 5 3 2 3 3 3 6 3
0 27 3 3 6 4 6 3 3 4 5 1 3 4 6 3 4 5 1 3 3 6 3 6 3 3 6 4 5
0 29 3 3 3 3 4 5 1 3 6 4 6 3 4 5 3 2 4 5 1 3 4 6 4 6 4 5 1 3 6
0 31 3 4 6 3 3 4 5 1 4 5 1 3 3 6 4 5 1 3 6 3 6 3 4 5 3 2 3 3 4 6 3
0 12 0 0 0 5 5 6 3 4 4 6 0 0
0 10 4 5 3 2 3 3 3 3 4 5
0 12 3 4 6 4 6 4 5 1 3 3 6 3
0 28 0 0 0 6 3 3 4 4 6 2 2 4 3 4 3 0 0 0 4 2 2 4 4 5 5 5 0 0
0 16 4 5 3 2 3 4 6 4 6 4 5 3 2 4 6 3
0 23 4 5 3 2 4 5 1 3 3 6 3 4 5 3 2 3 3 6 3 6 4 6 4
0 35 3 3 3 3 4 5 1 3 6 4 6 3 4 5 3 2 4 5 1 3 4 6 4 6 4 5 1 3 6 4 6 4 6 4 5
0 14 4 5 1 3 3 3 6 3 4 5 3 2 3 6
0 35 4 5 3 2 4 5 1 3 3 6 3 4 5 3 2 3 3 6 3 6 4 6 4 5 3 2 3 3 3 6 3 6 4 5 3
0 18 3 4 6 3 6 4 5 3 2 4 6 3 3 3 4 6 4 5
0 6 3 4 6 3 3 4
0 8 3 4 5 1 4 5 1 3
0 55 0 0 1 5 0 0 0 5 0 0 0 5 5 4 2 4 4 3 4 4 4 5 0 0 1 5 5 0 0 0 0 0 0 5 6 6 1 0 0 0 5 2 6 2 3 6 3 5 5 0 0 0 5 0 0
0 26 4 6 3 3 6 4 6 4 5 3 2 4 5 1 3 6 3 6 4 5 1 3 3 6 3 4
0 10 4 6 4 5 1 3 6 4 6 3
0 2 1 0
0 31 1 0 0 0 3 2 4 3 2 5 6 2 2 2 6 5 0 0 1 3 3 2 4 2 6 6 6 6 2 0 0
0 37 3 4 6 3 4 6 3 6 4 5 1 3 3 3 3 4 5 3 2 3 4 6 4 5 1 4 5 1 4 6 3 3 6 3 6 4 5
0 15 4 6 3 3 6 4 6 4 5 3 2 4 5 1 3
0 7 0 0 0 6 5 3 0
0 29 3 4 6 3 4 6 3 6 4 5 1 3 3 3 3 4 5 3 2 3 4 6 4 5 1 4 5 1 4
0 26 4 6 3 3 6 3 4 5 3 2 4 6 4 6 3 4 5 3 2 4 6 4 5 3 2 4
0 18 0 0 1 5 5 5 0 0 0 0 0 0 5 0 0 0 0 0
0 53 0 0 0 6 3 3 4 4 6 2 2 4 3 4 3 0 0 0 4 2 2 4 4 5 5 5 0 0 1 2 2 2 6 6 2 2 3 3 6 3 0 0 1 2 5 6 6 2 4 3 2 5 0
0 26 4 6 4 5 1 3 6 4 6 3 6 3 6 3 6 4 5 1 4 6 4 6 4 6 4 5
0 73 0 0 1 5 0 0 0 5 4 4 5 0 0 0 5 0 0 1 5 5 5 4 2 2 4 0 0 0 0 0 1 3 2 4 4 2 0 0 1 3 3 4 6 6 5 0 0 0 3 6 2 4 6 0 0 1 6 4 3 5 4 3 6 3 2 6 3 2 4 2 5 0 0
0 33 4 5 3 2 4 5 1 3 3 6 3 4 5 3 2 3 3 6 3 6 4 6 4 5 3 2 3 3 3 6 3 6 4
0 8 4 6 4 5 3 2 4 6
0 14 3 3 6 4 6 3 3 4 5 1 3 4 6 3
0 18 4 5 3 2 3 4 6 4 6 4 5 3 2 4 6 3 6 3
0 13 4 6 3 3 6 3 4 5 3 2 4 6 4
0 57 1 0 0 0 4 4 2 6 0 0 0 0 0 1 3 6 2 2 2 0 0 1 6 2 2 6 6 3 0 0 0 2 3 0 0 1 0 0 1 2 5 5 0 0 1 5 3 0 0 0 5 0 0 0 5 0 0
0 13 4 6 3 3 6 4 6 4 5 3 2 4 5
0 11 4 5 1 4 6 3 4 5 1 3 6
0 12 0 0 1 5 0 0 0 5 4 4 5 0
0 27 0 0 0 2 4 4 6 6 5 5 3 2 2 2 0 0 1 3 3 6 4 2 6 2 3 2 0
0 3 3 3 3
0 16 3 6 4 6 4 5 3 2 3 4 5 1 3 4 6 4
0 32 0 0 1 5 6 4 4 2 4 0 0 0 3 3 4 0 0 0 6 0 0 1 0 0 0 5 5 5 2 3 0 0
0 24 0 0 0 0 0 1 5 3 6 4 0 0 0 5 3 4 4 3 3 5 0 0 1 0
0 15 0 0 0 2 4 4 6 6 5 5 3 2 2 2 0
0 9 3 4 6 3 4 6 3 6 4
0 28 3 4 6 3 3 4 5 1 4 5 1 3 3 6 4 5 1 3 6 3 6 3 4 5 3 2 3 3
0 36 0 0 0 5 5 6 3 4 4 6 0 0 1 3 4 6 4 6 4 2 5 0 0 0 5 3 6 4 0 0 1 6 6 2 0 0
0 19 4 5 1 3 3 3 6 3 4 5 3 2 3 6 4 5 1 4 6
0 19 3 3 6 4 6 3 3 4 5 1 3 4 6 3 4 5 1 3 3
0 10 0 0 1 3 2 4 2 4 0 0
0 24 0 0 1 5 6 4 4 2 4 0 0 0 3 3 4 0 0 0 6 0 0 1 0 0
0 74 0 0 0 6 3 3 4 4 6 2 2 4 3 4 3 0 0 0 4 2 2 4 4 5 5 5 0 0 1 2 2 2 6 6 2 2 3 3 6 3 0 0 1 2 5 6 6 2 4 3 2 5 0 0 0 5 3 3 6 1 0 0 0 6 3 6 3 3 4 6 2 6 4 0
0 37 0 0 0 6 4 6 4 2 6 3 2 0 0 1 0 0 1 5 6 3 6 3 5 0 0 0 0 0 1 4 4 3 0 0 0 0 0
0 98 0 0 0 6 3 3 4 4 6 2 2 4 3 4 3 0 0 0 4 2 2 4 4 5 5 5 0 0 1 2 2 2 6 6 2 2 3 3 6 3 0 0 1 2 5 6 6 2 4 3 2 5 0 0 0 5 3 3 6 1 0 0 0 6 3 6 3 3 4 6 2 6 4 0 0 1 5 5 2 3 4 2 6 0 0 1 6 2 3 3 4 0 0 1 0 0 0 0
0 54 0 0 1 5 0 0 0 5 4 4 5 0 0 0 5 0 0 1 5 5 5 4 2 2 4 0 0 0 0 0 1 3 2 4 4 2 0 0 1 3 3 4 6 6 5 0 0 0 3 6 2 4 6 0
0 22 4 5 3 2 4 6 4 6 3 6 3 3 4 5 3 2 3 3 3 3 4 5
0 41 0 0 1 6 4 3 2 6 0 0 1 4 3 6 3 2 0 0 1 5 2 5 5 4 2 4 3 0 0 1 3 5 3 2 2 5 5 0 0 1 0
0 34 3 3 3 6 3 6 4 5 1 3 4 5 1 4 6 3 4 5 3 2 4 6 4 6 3 4 5 1 3 4 6 4 6 4
0 27 0 0 1 5 0 0 0 5 4 4 5 0 0 0 5 0 0 1 5 5 5 4 2 2 4 0 0
0 12 4 5 3 2 4 6 4 6 3 6 3 3
0 22 4 5 3 2 3 4 6 4 6 4 5 3 2 4 6 3 6 3 3 6 3 4
0 6 0 0 0 5 0 0
0 29 3 4 6 3 3 4 5 1 4 5 1 3 3 6 4 5 1 3 6 3 6 3 4 5 3 2 3 3 4
0 7 3 4 5 1 3 3 6
0 4 3 6 3 3
0 28 0 0 0 5 0 0 1 5 5 0 0 0 2 3 5 2 6 4 2 5 2 2 3 2 0 0 0 0
0 12 3 3 6 4 6 3 3 4 5 1 3 4
0 16 3 3 3 3 6 3 4 5 3 2 3 6 4 6 3 3
0 15 4 5 3 2 4 6 4 6 3 6 3 3 4 5 3
0 26 0 0 1 3 2 4 2 4 0 0 1 3 2 4 2 2 5 2 3 4 2 6 6 3 6 0
0 6 4 5 3 2 4 6
0 26 3 3 3 3 4 5 1 3 6 4 6 3 4 5 3 2 4 5 1 3 4 6 4 6 4 5
0 56 0 0 0 6 4 6 4 2 6 3 2 0 0 1 0 0 1 5 6 3 6 3 5 0 0 0 0 0 1 4 4 3 0 0 0 0 0 0 6 3 3 0 0 1 5 6 4 4 0 0 1 3 2 4 0 0
0 4 3 3 6 4
0 15 3 4 5 1 3 3 6 3 6 4 5 1 3 3 4
0 6 3 3 6 3 4 5
0 7 3 3 6 4 6 3 3
0 7 4 6 4 5 1 3 6
0 18 3 4 5 1 4 5 1 3 3 6 4 6 4 5 3 2 3 3
0 22 4 6 3 3 6 4 6 3 4 5 3 2 4 5 3 2 3 4 5 3 2 3
0 1 0
0 55 0 0 0 6 4 6 4 2 6 3 2 0 0 1 0 0 1 5 6 3 6 3 5 0 0 0 0 0 1 4 4 3 0 0 0 0 0 0 6 3 3 0 0 1 5 6 4 4 0 0 1 3 2 4 0
0 9 0 0 0 5 5 5 5 0 0
0 9 1 0 0 0 4 4 2 6 0
0 7 0 0 0 3 2 4 0
0 43 1 0 0 0 4 4 2 6 0 0 0 0 0 1 3 6 2 2 2 0 0 1 6 2 2 6 6 3 0 0 0 2 3 0 0 1 0 0 1 2 5 5 0
0 34 3 4 5 1 4 6 3 3 4 6 4 5 1 3 6 3 4 6 3 6 3 6 4 5 1 3 6 3 6 3 3 4 6 4
0 3 3 6 3
0 39 0 0 1 6 4 3 2 6 0 0 1 4 3 6 3 2 0 0 1 5 2 5 5 4 2 4 3 0 0 1 3 5 3 2 2 5 5 0 0
0 9 4 5 3 2 4 5 1 3 3
0 15 0 0 0 3 3 2 3 6 3 2 6 5 5 0 0
0 75 0 0 0 6 3 3 4 4 6 2 2 4 3 4 3 0 0 0 4 2 2 4 4 5 5 5 0 0 1 2 2 2 6 6 2 2 3 3 6 3 0 0 1 2 5 6 6 2 4 3 2 5 0 0 0 5 3 3 6 1 0 0 0 6 3 6 3 3 4 6 2 6 4 0 0
0 17 3 4 5 1 4 5 1 3 3 6 4 6 4 5 3 2 3
0 60 0 0 0 6 5 3 0 0 1 5 5 5 5 0 0 0 4 3 5 5 3 3 6 4 0 0 0 2 5 0 0 0 5 5 0 0 0 0 0 0 4 3 6 6 3 0 0 1 3 2 3 0 0 1 5 5 5 1 0 0
0 84 0 0 1 5 0 0 0 5 4 4 5 0 0 0 5 0 0 1 5 5 5 4 2 2 4 0 0 0 0 0 1 3 2 4 4 2 0 0 1 3 3 4 6 6 5 0 0 0 3 6 2 4 6 0 0 1 6 4 3 5 4 3 6 3 2 6 3 2 4 2 5 0 0 1 4 6 3 4 2 5 3 3 6 0
0 27 0 0 1 6 4 3 6 2 6 2 2 3 3 3 6 0 0 0 6 3 4 2 2 2 2 0 0
0 16 4 6 4 5 1 3 6 4 6 3 6 3 6 3 6 4
0 23 0 0 0 5 5 6 3 4 4 6 0 0 1 3 4 6 4 6 4 2 5 0 0
0 13 3 3 4 5 3 2 4 6 3 6 4 5 3
0 21 4 5 1 3 3 3 6 3 4 5 3 2 3 6 4 5 1 4 6 3 6
0 33 3 4 6 3 6 4 5 3 2 4 6 3 3 3 4 6 4 5 3 2 4 6 3 4 6 4 5 1 3 3 3 3 4
0 15 0 0 0 6 5 3 0 0 1 5 5 5 5 0 0
0 38 0 0 1 6 4 3 6 2 6 2 2 3 3 3 6 0 0 0 6 3 4 2 2 2 2 0 0 0 5 4 3 4 0 0 0 3 0 0
0 2 3 6
0 25 4 5 3 2 4 6 4 6 3 6 3 3 4 5 3 2 3 3 3 3 4 5 1 3 6
0 34 0 0 0 6 4 6 4 2 6 3 2 0 0 1 0 0 1 5 6 3 6 3 5 0 0 0 0 0 1 4 4 3 0 0
0 33 3 3 3 3 4 5 1 3 6 4 6 3 4 5 3 2 4 5 1 3 4 6 4 6 4 5 1 3 6 4 6 4 6
0 28 4 5 3 2 4 5 1 3 3 6 3 4 5 3 2 3 3 6 3 6 4 6 4 5 3 2 3 3
0 17 3 3 6 3 3 3 4 5 3 2 4 5 1 4 6 4 5
0 20 4 6 3 3 6 3 4 5 3 2 4 6 4 6 3 4 5 3 2 4
0 12 3 4 5 1 4 5 1 3 3 6 4 6
0 30 3 4 6 3 6 4 5 3 2 4 6 3 3 3 4 6 4 5 3 2 4 6 3 4 6 4 5 1 3 3
0 6 4 5 1 4 6 3
0 5 3 3 6 3 3
0 50 0 0 1 6 4 3 6 2 6 2 2 3 3 3 6 0 0 0 6 3 4 2 2 2 2 0 0 0 5 4 3 4 0 0 0 3 0 0 0 5 3 4 6 6 4 5 3 1 0 0
0 11 4 5 1 3 3 3 6 3 4 5 3
0 6 3 3 3 6 4 6
0 6 0 0 1 5 4 0
0 16 0 0 1 5 0 0 0 5 4 4 5 0 0 0 5 0
0 25 0 0 0 6 5 3 0 0 1 5 5 5 5 0 0 0 4 3 5 5 3 3 6 4 0
0 37 1 0 0 0 4 4 2 6 0 0 0 0 0 1 3 6 2 2 2 0 0 1 6 2 2 6 6 3 0 0 0 2 3 0 0 1 0
0 7 3 3 6 3 3 3 4
0 35 4 5 1 3 3 3 6 3 4 5 3 2 3 6 4 5 1 4 6 3 6 4 6 4 6 4 6 4 5 3 2 3 6 4 5
0 13 1 0 0 0 4 4 2 6 0 0 0 0 0
0 6 3 6 3 6 3 4
0 22 3 3 3 6 3 6 4 5 1 3 4 5 1 4 6 3 4 5 3 2 4 6
0 32 4 5 3 2 4 5 1 3 3 6 3 4 5 3 2 3 3 6 3 6 4 6 4 5 3 2 3 3 3 6 3 6
0 7 0 0 1 5 5 0 0
0 11 1 0 0 0 0 0 1 5 5 0 0
0 18 3 6 4 6 4 5 3 2 3 4 5 1 3 4 6 4 5 3
0 7 3 6 4 6 3 4 5
0 5 1 0 0 0 0
0 8 3 6 4 6 3 4 5 3
0 4 4 5 1 3
0 24 4 5 1 3 3 3 6 3 4 5 3 2 3 6 4 5 1 4 6 3 6 4 6 4
0 7 4 5 1 3 3 3 6
0 13 3 6 3 3 6 4 6 3 4 5 3 2 4
0 4 3 3 4 5
0 92 0 0 0 6 3 3 4 4 6 2 2 4 3 4 3 0 0 0 4 2 2 4 4 5 5 5 0 0 1 2 2 2 6 6 2 2 3 3 6 3 0 0 1 2 5 6 6 2 4 3 2 5 0 0 0 5 3 3 6 1 0 0 0 6 3 6 3 3 4 6 2 6 4 0 0 1 5 5 2 3 4 2 6 0 0 1 6 2 3 3 4 0
0 34 0 0 0 5 0 0 0 2 3 5 5 4 2 6 3 3 3 3 3 3 6 0 0 0 0 0 0 5 3 3 4 5 3 0
0 5 0 0 1 5 0
0 9 3 3 3 6 4 6 3 4 5
0 10 4 6 4 6 3 6 3 6 4 5
0 8 0 0 0 0 0 1 0 0
0 10 3 4 6 3 6 4 5 3 2 4
0 16 3 4 6 3 6 4 5 3 2 4 6 3 3 3 4 6
0 14 1 0 0 1 5 5 0 0 1 5 5 5 5 0
0 23 0 0 0 5 0 0 0 2 3 5 5 4 2 6 3 3 3 3 3 3 6 0 0
0 15 4 6 4 5 1 3 6 4 6 3 6 3 6 3 6
0 26 3 3 3 6 3 6 4 5 1 3 4 5 1 4 6 3 4 5 3 2 4 6 4 6 3 4
0 23 4 5 1 4 6 3 4 5 1 3 6 3 6 3 6 3 4 5 1 4 5 1 3
0 5 2 3 0 0 5
0 58 0 0 1 6 4 3 2 6 0 0 1 4 3 6 3 2 0 0 1 5 2 5 5 4 2 4 3 0 0 1 3 5 3 2 2 5 5 0 0 1 0 0 0 0 0 1 3 6 5 5 3 6 2 6 3 6 0 0
0 8 4 5 3 2 3 3 3 3
0 19 3 4 5 1 4 5 1 3 3 6 4 6 4 5 3 2 3 3 6
0 4 4 5 1 4
0 24 4 5 3 2 4 6 4 6 3 6 3 3 4 5 3 2 3 3 3 3 4 5 1 3
0 13 3 4 6 3 3 4 5 1 4 5 1 3 3
0 15 4 5 1 4 6 3 4 5 1 3 6 3 6 3 6
0 85 0 0 0 6 3 3 4 4 6 2 2 4 3 4 3 0 0 0 4 2 2 4 4 5 5 5 0 0 1 2 2 2 6 6 2 2 3 3 6 3 0 0 1 2 5 6 6 2 4 3 2 5 0 0 0 5 3 3 6 1 0 0 0 6 3 6 3 3 4 6 2 6 4 0 0 1 5 5 2 3 4 2 6 0 0
0 10 0 0 1 6 4 3 2 6 0 0
0 4 2 3 6 5
0 6 3 3 3 3 6 3
0 35 0 0 0 6 5 3 0 0 1 5 5 5 5 0 0 0 4 3 5 5 3 3 6 4 0 0 0 2 5 0 0 0 5 5 0
0 3 4 6 3
0 13 0 0 0 6 4 6 4 2 6 3 2 0 0
0 14 4 5 3 2 3 3 3 3 4 5 1 3 6 4
0 19 4 5 3 2 3 4 6 4 6 4 5 3 2 4 6 3 6 3 3
0 19 3 4 6 3 6 4 5 3 2 4 6 3 3 3 4 6 4 5 3
0 53 1 0 0 0 4 4 2 6 0 0 0 0 0 1 3 6 2 2 2 0 0 1 6 2 2 6 6 3 0 0 0 2 3 0 0 1 0 0 1 2 5 5 0 0 1 5 3 0 0 0 5 0 0
0 8 3 4 5 1 4 6 3 3
0 19 0 0 0 5 5 5 5 0 0 0 4 3 6 6 3 4 3 5 0
0 60 0 0 0 0 0 1 5 3 6 4 0 0 0 5 3 4 4 3 3 5 0 0 1 0 0 1 0 0 0 0 0 1 4 6 3 3 6 3 6 3 3 6 2 4 2 2 3 0 0 1 0 0 0 5 2 4 3 2 0 0
0 20 4 6 4 5 1 3 6 4 6 3 6 3 6 3 6 4 5 1 4 6
0 30 0 0 0 6 5 3 0 0 1 5 5 5 5 0 0 0 4 3 5 5 3 3 6 4 0 0 0 2 5 0
0 13 4 5 3 2 4 5 1 3 3 6 3 4 5
0 61 0 0 0 6 3 3 4 4 6 2 2 4 3 4 3 0 0 0 4 2 2 4 4 5 5 5 0 0 1 2 2 2 6 6 2 2 3 3 6 3 0 0 1 2 5 6 6 2 4 3 2 5 0 0 0 5 3 3 6 1 0
0 5 0 0 0 5 0
0 6 4 5 3 2 3 4
0 54 0 0 0 6 3 3 4 4 6 2 2 4 3 4 3 0 0 0 4 2 2 4 4 5 5 5 0 0 1 2 2 2 6 6 2 2 3 3 6 3 0 0 1 2 5 6 6 2 4 3 2 5 0 0
0 38 1 0 0 0 4 4 2 6 0 0 0 0 0 1 3 6 2 2 2 0 0 1 6 2 2 6 6 3 0 0 0 2 3 0 0 1 0 0
0 27 0 0 0 6 3 3 4 4 6 2 2 4 3 4 3 0 0 0 4 2 2 4 4 5 5 5 0
0 11 0 0 0 0 0 1 5 3 6 4 0
0 31 4 6 3 3 6 3 4 5 3 2 4 6 4 6 3 4 5 3 2 4 6 4 5 3 2 4 5 1 3 3 3
0 13 4 6 3 4 5 3 2 4 6 3 4 5 3
0 7 3 3 3 6 4 6 3
0 15 0 0 1 5 5 5 0 0 0 0 0 0 5 0 0
0 6 0 0 1 5 5 0
0 22 3 4 6 3 3 4 5 1 4 5 1 3 3 6 4 5 1 3 6 3 6 3
0 25 0 0 0 6 4 6 4 2 6 3 2 0 0 1 0 0 1 5 6 3 6 3 5 0 0
0 12 4 5 3 2 3 3 3 3 4 5 1 3
0 17 4 6 3 3 6 3 4 5 3 2 4 6 4 6 3 4 5
0 30 4 6 3 3 6 4 6 3 4 5 3 2 4 5 3 2 3 4 5 3 2 3 6 3 4 5 3 2 3 6
0 92 0 0 1 5 0 0 0 5 4 4 5 0 0 0 5 0 0 1 5 5 5 4 2 2 4 0 0 0 0 0 1 3 2 4 4 2 0 0 1 3 3 4 6 6 5 0 0 0 3 6 2 4 6 0 0 1 6 4 3 5 4 3 6 3 2 6 3 2 4 2 5 0 0 1 4 6 3 4 2 5 3 3 6 0 0 0 4 6 4 5 0 0
0 31 1 0 0 0 0 0 1 5 5 0 0 0 6 6 6 2 2 0 0 0 4 6 0 0 0 5 0 0 0 5 0
0 81 0 0 0 5 0 0 1 5 5 0 0 0 2 3 5 2 6 4 2 5 2 2 3 2 0 0 0 0 0 0 2 4 6 4 5 5 0 0 1 4 2 6 4 4 6 2 0 0 1 3 2 5 5 5 6 3 4 2 4 0 0 0 5 4 2 2 4 6 3 6 4 4 3 6 5 0 0 0 6 0 0
0 10 4 5 3 2 4 6 4 6 3 6
0 3 3 4 6
0 54 0 0 1 5 0 0 0 5 0 0 0 5 5 4 2 4 4 3 4 4 4 5 0 0 1 5 5 0 0 0 0 0 0 5 6 6 1 0 0 0 5 2 6 2 3 6 3 5 5 0 0 0 5 0
0 24 3 4 6 3 4 6 3 6 4 5 1 3 3 3 3 4 5 3 2 3 4 6 4 5
0 10 3 3 3 3 4 5 1 3 6 4
0 9 3 4 5 1 4 5 1 3 3
0 15 3 3 4 5 3 2 4 6 3 6 4 5 3 2 4
0 11 4 6 3 3 6 4 6 3 4 5 3
0 11 4 5 3 2 3 4 6 4 6 4 5
0 8 3 3 4 5 3 2 4 6
0 24 3 4 6 3 3 4 5 1 4 5 1 3 3 6 4 5 1 3 6 3 6 3 4 5
0 76 0 0 0 5 0 0 1 5 5 0 0 0 2 3 5 2 6 4 2 5 2 2 3 2 0 0 0 0 0 0 2 4 6 4 5 5 0 0 1 4 2 6 4 4 6 2 0 0 1 3 2 5 5 5 6 3 4 2 4 0 0 0 5 4 2 2 4 6 3 6 4 4 3 6 5 0
0 66 0 0 1 5 0 0 0 5 0 0 0 5 5 4 2 4 4 3 4 4 4 5 0 0 1 5 5 0 0 0 0 0 0 5 6 6 1 0 0 0 5 2 6 2 3 6 3 5 5 0 0 0 5 0 0 0 5 5 6 3 2 2 6 5 0 0
0 9 4 5 3 2 3 4 6 4 6
0 11 4 5 3 2 4 5 1 3 3 6 3
0 9 4 6 3 4 5 3 2 4 6
0 33 0 0 0 2 4 4 6 6 5 5 3 2 2 2 0 0 1 3 3 6 4 2 6 2 3 2 0 0 1 5 5 5 0
0 14 0 0 0 6 5 3 0 0 1 5 5 5 5 0
0 12 3 3 3 3 6 3 4 5 3 2 3 6
0 30 4 6 3 3 6 3 4 5 3 2 4 6 4 6 3 4 5 3 2 4 6 4 5 3 2 4 5 1 3 3
0 15 3 4 5 1 3 4 6 4 5 1 3 4 5 1 3
0 27 4 6 3 3 6 4 6 4 5 3 2 4 5 1 3 6 3 6 4 5 1 3 3 6 3 4 6
0 9 0 0 0 6 6 6 4 4 0
0 59 0 0 0 6 5 3 0 0 1 5 5 5 5 0 0 0 4 3 5 5 3 3 6 4 0 0 0 2 5 0 0 0 5 5 0 0 0 0 0 0 4 3 6 6 3 0 0 1 3 2 3 0 0 1 5 5 5 1 0
0 14 0 0 0 0 0 1 0 0 1 4 5 5 0 0
0 10 1 0 0 1 5 5 0 0 0 0
0 34 1 0 0 0 4 4 2 6 0 0 0 0 0 1 3 6 2 2 2 0 0 1 6 2 2 6 6 3 0 0 0 2 3 0
0 24 1 0 0 0 2 2 4 6 2 3 4 4 2 0 0 1 5 3 2 2 3 5 5 0
0 16 0 0 0 2 4 4 6 6 5 5 3 2 2 2 0 0
0 20 4 6 3 3 6 4 6 3 4 5 3 2 4 5 3 2 3 4 5 3
0 18 4 5 3 2 4 6 4 6 3 6 3 3 4 5 3 2 3 3
0 41 0 0 0 6 3 3 4 4 6 2 2 4 3 4 3 0 0 0 4 2 2 4 4 5 5 5 0 0 1 2 2 2 6 6 2 2 3 3 6 3 0
0 20 3 4 5 1 4 5 1 3 3 6 4 6 4 5 3 2 3 3 6 4
0 6 3 4 5 1 3 3
0 20 3 4 5 1 4 6 3 3 4 6 4 5 1 3 6 3 4 6 3 6
0 15 3 4 6 3 3 4 5 1 4 5 1 3 3 6 4
0 30 1 0 0 0 3 2 4 3 2 5 6 2 2 2 6 5 0 0 1 3 3 2 4 2 6 6 6 6 2 0
0 17 3 3 3 3 6 3 4 5 3 2 3 6 4 6 3 3 4
0 19 4 6 4 5 1 3 6 4 6 3 6 3 6 3 6 4 5 1 4
0 36 0 0 0 6 4 6 4 2 6 3 2 0 0 1 0 0 1 5 6 3 6 3 5 0 0 0 0 0 1 4 4 3 0 0 0 0
0 17 4 5 1 4 6 3 4 5 1 3 6 3 6 3 6 3 4
0 6 3 4 5 1 3 4
0 20 4 5 3 2 4 5 1 3 3 6 3 4 5 3 2 3 3 6 3 6
0 36 3 4 6 3 4 6 3 6 4 5 1 3 3 3 3 4 5 3 2 3 4 6 4 5 1 4 5 1 4 6 3 3 6 3 6 4
0 14 4 6 3 3 6 4 6 3 4 5 3 2 4 5
0 11 3 3 6 4 6 3 3 4 5 1 3
0 6 3 6 3 3 6 4
0 28 0 0 0 0 0 1 5 3 6 4 0 0 0 5 3 4 4 3 3 5 0 0 1 0 0 1 0 0
0 13 3 3 3 3 4 5 1 3 6 4 6 3 4
0 10 4 5 3 2 4 5 1 3 3 6
0 23 3 4 6 3 6 4 5 3 2 4 6 3 3 3 4 6 4 5 3 2 4 6 3
0 16 3 4 6 3 3 4 5 1 4 5 1 3 3 6 4 5
0 8 3 6 3 6 3 4 5 3
0 17 4 6 3 3 6 4 6 3 4 5 3 2 4 5 3 2 3
0 14 3 4 6 3 6 4 5 3 2 4 6 3 3 3
0 50 0 0 0 6 4 6 4 2 6 3 2 0 0 1 0 0 1 5 6 3 6 3 5 0 0 0 0 0 1 4 4 3 0 0 0 0 0 0 6 3 3 0 0 1 5 6 4 4 0 0
0 46 0 0 1 5 4 0 0 0 5 4 6 5 0 0 1 5 5 0 0 1 5 4 6 6 6 6 0 0 1 5 6 3 3 2 3 3 2 4 0 0 1 5 5 5 1 0
0 8 0 0 0 5 5 5 5 0
0 13 0 0 1 0 0 0 5 5 0 0 0 5 0
0 8 4 6 3 3 6 4 6 4
0 18 3 3 3 3 4 5 1 3 6 4 6 3 4 5 3 2 4 5
0 32 4 6 3 3 6 3 4 5 3 2 4 6 4 6 3 4 5 3 2 4 6 4 5 3 2 4 5 1 3 3 3 4
0 28 3 3 3 3 4 5 1 3 6 4 6 3 4 5 3 2 4 5 1 3 4 6 4 6 4 5 1 3
0 85 0 0 1 5 0 0 0 5 4 4 5 0 0 0 5 0 0 1 5 5 5 4 2 2 4 0 0 0 0 0 1 3 2 4 4 2 0 0 1 3 3 4 6 6 5 0 0 0 3 6 2 4 6 0 0 1 6 4 3 5 4 3 6 3 2 6 3 2 4 2 5 0 0 1 4 6 3 4 2 5 3 3 6 0 0
0 17 4 6 4 5 1 3 6 4 6 3 6 3 6 3 6 4 5
0 18 3 4 5 1 4 6 3 3 4 6 4 5 1 3 6 3 4 6
0 8 3 6 3 3 6 4 6 3
0 14 4 5 3 2 4 6 4 6 3 6 3 3 4 5
0 13 3 4 5 1 3 4 6 4 5 1 3 4 5
0 16 3 4 5 1 3 4 6 4 5 1 3 4 5 1 3 6
0 4 0 0 0 0
0 15 3 3 6 4 6 3 3 4 5 1 3 4 6 3 4
0 50 0 0 1 5 0 0 0 5 0 0 0 5 5 4 2 4 4 3 4 4 4 5 0 0 1 5 5 0 0 0 0 0 0 5 6 6 1 0 0 0 5 2 6 2 3 6 3 5 5 0
0 27 1 0 0 1 5 5 0 0 0 0 0 0 5 2 6 6 5 0 0 0 5 5 5 5 5 0 0
0 51 0 0 0 0 0 1 5 3 6 4 0 0 0 5 3 4 4 3 3 5 0 0 1 0 0 1 0 0 0 0 0 1 4 6 3 3 6 3 6 3 3 6 2 4 2 2 3 0 0 1 0
0 21 3 4 6 3 4 6 3 6 4 5 1 3 3 3 3 4 5 3 2 3 4
0 31 3 4 6 3 4 6 3 6 4 5 1 3 3 3 3 4 5 3 2 3 4 6 4 5 1 4 5 1 4 6 3
0 7 4 6 4 6 3 4 5
0 14 3 4 5 1 4 6 3 3 4 6 4 5 1 3
0 13 3 3 6 4 6 3 3 4 5 1 3 4 6
0 6 3 3 6 4 6 3
0 24 4 5 1 4 6 3 4 5 1 3 6 3 6 3 6 3 4 5 1 4 5 1 3 4
0 41 0 0 1 6 4 2 2 4 3 4 3 4 4 3 4 2 6 0 0 1 2 3 3 0 0 1 5 5 6 2 4 4 4 5 0 0 1 5 3 3 0
0 23 1 0 0 0 0 0 1 5 5 0 0 0 6 6 6 2 2 0 0 0 4 6 0
0 9 0 0 1 0 0 0 5 5 0
0 29 4 6 3 3 6 4 6 3 4 5 3 2 4 5 3 2 3 4 5 3 2 3 6 3 4 5 3 2 3
0 2 0 0
0 7 4 6 3 3 6 4 6
0 22 4 6 4 5 1 3 6 4 6 3 6 3 6 3 6 4 5 1 4 6 4 6
0 18 3 3 6 3 3 3 4 5 3 2 4 5 1 4 6 4 5 3
0 7 0 0 1 5 5 5 0
0 29 0 0 0 0 0 1 0 0 1 4 5 5 0 0 1 5 4 6 6 2 3 4 3 6 3 3 6 2 0
0 25 3 3 6 4 6 3 3 4 5 1 3 4 6 3 4 5 1 3 3 6 3 6 3 3 6
0 33 0 0 0 6 4 6 4 2 6 3 2 0 0 1 0 0 1 5 6 3 6 3 5 0 0 0 0 0 1 4 4 3 0
0 20 3 3 6 4 6 3 3 4 5 1 3 4 6 3 4 5 1 3 3 6
0 15 3 3 3 6 3 6 4 5 1 3 4 5 1 4 6
0 27 4 6 3 3 6 3 4 5 3 2 4 6 4 6 3 4 5 3 2 4 6 4 5 3 2 4 5
0 29 4 6 3 3 6 4 6 4 5 3 2 4 5 1 3 6 3 6 4 5 1 3 3 6 3 4 6 3 6
0 55 0 0 1 5 0 0 0 5 4 4 5 0 0 0 5 0 0 1 5 5 5 4 2 2 4 0 0 0 0 0 1 3 2 4 4 2 0 0 1 3 3 4 6 6 5 0 0 0 3 6 2 4 6 0 0
0 48 0 0 0 0 0 1 5 3 6 4 0 0 0 5 3 4 4 3 3 5 0 0 1 0 0 1 0 0 0 0 0 1 4 6 3 3 6 3 6 3 3 6 2 4 2 2 3 0
0 16 3 4 6 3 4 6 3 6 4 5 1 3 3 3 3 4
0 16 0 0 0 6 3 3 4 4 6 2 2 4 3 4 3 0
0 6 3 3 3 3 4 5
0 16 3 6 3 3 6 4 6 3 4 5 3 2 4 5 1 4
0 26 0 0 1 5 0 0 0 5 4 4 5 0 0 0 5 0 0 1 5 5 5 4 2 2 4 0
0 22 3 3 6 4 6 3 3 4 5 1 3 4 6 3 4 5 1 3 3 6 3 6
0 25 3 4 6 3 3 4 5 1 4 5 1 3 3 6 4 5 1 3 6 3 6 3 4 5 3
0 26 3 4 6 3 6 4 5 3 2 4 6 3 3 3 4 6 4 5 3 2 4 6 3 4 6 4
0 10 3 4 5 1 4 6 3 3 4 6
0 8 3 3 6 4 6 3 3 4
0 3 2 3 6
0 8 3 3 3 4 5 1 3 4
0 26 0 0 0 5 0 0 0 2 3 5 5 4 2 6 3 3 3 3 3 3 6 0 0 0 0 0
0 31 0 0 1 5 6 4 4 2 4 0 0 0 3 3 4 0 0 0 6 0 0 1 0 0 0 5 5 5 2 3 0
0 8 3 4 6 3 4 6 3 6
0 12 0 0 0 6 4 6 4 2 6 3 2 0
0 27 0 0 1 3 2 4 2 4 0 0 1 3 2 4 2 2 5 2 3 4 2 6 6 3 6 0 0
0 5 4 5 3 2 3
0 8 0 0 1 5 4 6 6 0
0 27 0 0 1 5 4 0 0 0 5 4 6 5 0 0 1 5 5 0 0 1 5 4 6 6 6 6 0
0 12 3 4 6 3 3 4 5 1 4 5 1 3
0 13 4 5 3 2 4 6 4 6 3 6 3 3 4
0 5 3 4 6 3 4
0 8 0 0 0 3 2 4 0 0
0 15 3 4 5 1 4 6 3 3 4 6 4 5 1 3 6
0 25 4 5 3 2 4 5 1 3 3 6 3 4 5 3 2 3 3 6 3 6 4 6 4 5 3
0 18 3 4 6 3 4 6 3 6 4 5 1 3 3 3 3 4 5 3
0 28 3 4 5 1 4 6 3 3 4 6 4 5 1 3 6 3 4 6 3 6 3 6 4 5 1 3 6 3
0 14 3 4 6 3 3 4 5 1 4 5 1 3 3 6
0 22 3 3 3 3 4 5 1 3 6 4 6 3 4 5 3 2 4 5 1 3 4 6
0 7 4 6 4 5 3 2 4
0 15 3 6 4 6 4 5 3 2 3 4 5 1 3 4 6
0 28 4 5 1 3 3 3 6 3 4 5 3 2 3 6 4 5 1 4 6 3 6 4 6 4 6 4 6 4
0 97 0 0 1 5 0 0 0 5 4 4 5 0 0 0 5 0 0 1 5 5 5 4 2 2 4 0 0 0 0 0 1 3 2 4 4 2 0 0 1 3 3 4 6 6 5 0 0 0 3 6 2 4 6 0 0 1 6 4 3 5 4 3 6 3 2 6 3 2 4 2 5 0 0 1 4 6 3 4 2 5 3 3 6 0 0 0 4 6 4 5 0 0 1 4 5 0 0
0 14 3 3 6 3 3 3 4 5 3 2 4 5 1 4
0 47 0 0 1 5 0 0 0 5 4 4 5 0 0 0 5 0 0 1 5 5 5 4 2 2 4 0 0 0 0 0 1 3 2 4 4 2 0 0 1 3 3 4 6 6 5 0 0
0 18 4 5 1 4 6 3 4 5 1 3 6 3 6 3 6 3 4 5
0 32 4 6 3 3 6 4 6 3 4 5 3 2 4 5 3 2 3 4 5 3 2 3 6 3 4 5 3 2 3 6 4 5
0 17 3 4 6 3 4 6 3 6 4 5 1 3 3 3 3 4 5
0 13 0 0 1 5 0 0 0 5 4 4 5 0 0
0 26 3 3 6 4 6 3 3 4 5 1 3 4 6 3 4 5 1 3 3 6 3 6 3 3 6 4
0 7 0 0 0 2 4 3 0
0 17 0 0 1 5 0 0 0 5 4 4 5 0 0 0 5 0 0
0 31 4 6 3 3 6 4 6 4 5 3 2 4 5 1 3 6 3 6 4 5 1 3 3 6 3 4 6 3 6 4 5
0 46 0 0 1 5 0 0 0 5 4 4 5 0 0 0 5 0 0 1 5 5 5 4 2 2 4 0 0 0 0 0 1 3 2 4 4 2 0 0 1 3 3 4 6 6 5 0
0 37 0 0 0 5 0 0 1 5 5 0 0 0 2 3 5 2 6 4 2 5 2 2 3 2 0 0 0 0 0 0 2 4 6 4 5 5 0
0 21 3 4 6 3 3 4 5 1 4 5 1 3 3 6 4 5 1 3 6 3 6
0 59 0 0 0 0 0 1 5 3 6 4 0 0 0 5 3 4 4 3 3 5 0 0 1 0 0 1 0 0 0 0 0 1 4 6 3 3 6 3 6 3 3 6 2 4 2 2 3 0 0 1 0 0 0 5 2 4 3 2 0
0 30 1 0 0 0 4 4 2 6 0 0 0 0 0 1 3 6 2 2 2 0 0 1 6 2 2 6 6 3 0 0
0 6 4 6 3 4 5 3
0 4 4 6 3 3
0 30 0 0 0 5 5 6 3 4 4 6 0 0 1 3 4 6 4 6 4 2 5 0 0 0 5 3 6 4 0 0
0 6 4 6 3 3 6 4
0 9 3 4 6 4 6 4 5 1 3
0 9 4 6 4 6 3 6 3 6 4
0 28 1 0 0 0 0 0 1 5 5 0 0 0 6 6 6 2 2 0 0 0 4 6 0 0 0 5 0 0
0 18 0 0 1 6 4 2 2 4 3 4 3 4 4 3 4 2 6 0
0 8 4 6 4 6 3 6 3 6
0 21 4 6 3 3 6 3 4 5 3 2 4 6 4 6 3 4 5 3 2 4 6
0 39 3 3 3 6 3 6 4 5 1 3 4 5 1 4 6 3 4 5 3 2 4 6 4 6 3 4 5 1 3 4 6 4 6 4 6 4 6 4 5
0 20 4 5 3 2 4 6 4 6 3 6 3 3 4 5 3 2 3 3 3 3
0 16 3 3 6 4 6 3 3 4 5 1 3 4 6 3 4 5
0 42 0 0 0 6 3 3 4 4 6 2 2 4 3 4 3 0 0 0 4 2 2 4 4 5 5 5 0 0 1 2 2 2 6 6 2 2 3 3 6 3 0 0
0 36 0 0 1 6 4 2 2 4 3 4 3 4 4 3 4 2 6 0 0 1 2 3 3 0 0 1 5 5 6 2 4 4 4 5 0 0
0 8 3 4 5 1 4 6 4 6
0 3 1 0 0
0 28 0 0 1 6 4 3 2 6 0 0 1 4 3 6 3 2 0 0 1 5 2 5 5 4 2 4 3 0
0 9 3 3 4 5 3 2 4 6 3
0 20 3 3 3 3 4 5 1 3 6 4 6 3 4 5 3 2 4 5 1 3
0 1 4
0 25 0 0 0 5 0 0 0 2 3 5 5 4 2 6 3 3 3 3 3 3 6 0 0 0 0
0 18 3 4 5 1 3 4 6 4 5 1 3 4 5 1 3 6 3 3
0 13 4 5 3 2 3 3 3 3 4 5 1 3 6
0 5 0 0 1 0 0
0 7 4 5 1 4 6 3 4
0 5 3 4 6 4 6
0 36 0 0 0 6 5 3 0 0 1 5 5 5 5 0 0 0 4 3 5 5 3 3 6 4 0 0 0 2 5 0 0 0 5 5 0 0
0 12 3 3 4 5 3 2 4 6 3 6 4 5
0 33 3 4 6 3 3 4 5 1 4 5 1 3 3 6 4 5 1 3 6 3 6 3 4 5 3 2 3 3 4 6 3 3 4
0 9 3 3 6 3 3 3 4 5 3
0 24 3 4 6 3 6 4 5 3 2 4 6 3 3 3 4 6 4 5 3 2 4 6 3 4
0 13 3 4 5 1 4 5 1 3 3 6 4 6 4
0 27 4 6 3 3 6 4 6 3 4 5 3 2 4 5 3 2 3 4 5 3 2 3 6 3 4 5 3
0 18 1 0 0 0 0 0 1 5 5 0 0 0 6 6 6 2 2 0
0 49 0 0 0 6 4 6 4 2 6 3 2 0 0 1 0 0 1 5 6 3 6 3 5 0 0 0 0 0 1 4 4 3 0 0 0 0 0 0 6 3 3 0 0 1 5 6 4 4 0
0 7 3 3 6 3 4 5 3
0 7 0 0 0 0 0 1 0
0 49 1 0 0 0 4 4 2 6 0 0 0 0 0 1 3 6 2 2 2 0 0 1 6 2 2 6 6 3 0 0 0 2 3 0 0 1 0 0 1 2 5 5 0 0 1 5 3 0 0
0 30 3 3 3 3 4 5 1 3 6 4 6 3 4 5 3 2 4 5 1 3 4 6 4 6 4 5 1 3 6 4
0 6 3 3 6 3 3 3
0 6 3 4 5 1 4 6
0 12 4 6 3 4 5 3 2 4 6 3 4 5
0 27 4 6 4 5 1 3 6 4 6 3 6 3 6 3 6 4 5 1 4 6 4 6 4 6 4 5 3
0 6 3 4 6 3 4 6
0 16 4 6 4 6 3 6 3 6 4 5 1 3 4 6 3 6
0 8 4 5 3 2 4 6 4 6
0 22 0 0 0 6 6 6 4 4 0 0 0 5 5 5 6 6 6 6 3 5 0 0
0 10 1 0 0 0 4 4 2 6 0 0
0 26 4 5 1 3 3 3 6 3 4 5 3 2 3 6 4 5 1 4 6 3 6 4 6 4 6 4
0 33 0 0 1 6 4 3 6 2 6 2 2 3 3 3 6 0 0 0 6 3 4 2 2 2 2 0 0 0 5 4 3 4 0
0 6 4 5 3 2 4 5
0 10 0 0 1 5 5 5 0 0 0 0
0 10 0 0 1 0 0 0 5 5 0 0
0 6 4 6 4 5 1 3
0 31 3 3 3 6 3 6 4 5 1 3 4 5 1 4 6 3 4 5 3 2 4 6 4 6 3 4 5 1 3 4 6
0 5 3 6 3 6 3
0 11 4 6 4 5 1 3 6 4 6 3 6
0 34 3 3 3 3 4 5 1 3 6 4 6 3 4 5 3 2 4 5 1 3 4 6 4 6 4 5 1 3 6 4 6 4 6 4
0 27 3 4 5 1 4 6 3 3 4 6 4 5 1 3 6 3 4 6 3 6 3 6 4 5 1 3 6
0 22 3 3 3 3 6 3 4 5 3 2 3 6 4 6 3 3 4 5 3 2 4 5
0 22 0 0 0 0 0 1 5 3 6 4 0 0 0 5 3 4 4 3 3 5 0 0
0 16 3 3 3 6 3 6 4 5 1 3 4 5 1 4 6 3
0 8 0 0 0 6 5 3 0 0
0 5 3 6 4 6 4
0 19 3 3 4 5 3 2 4 6 3 6 4 5 3 2 4 6 3 6 4
0 4 3 6 3 6
0 17 4 5 3 2 4 5 1 3 3 6 3 4 5 3 2 3 3
0 7 4 6 4 6 3 6 3
0 16 4 5 1 4 6 3 4 5 1 3 6 3 6 3 6 3
0 49 0 0 0 0 0 1 5 3 6 4 0 0 0 5 3 4 4 3 3 5 0 0 1 0 0 1 0 0 0 0 0 1 4 6 3 3 6 3 6 3 3 6 2 4 2 2 3 0 0
0 5 3 3 3 3 4
0 7 4 5 3 2 4 6 4
0 22 3 4 6 3 6 4 5 3 2 4 6 3 3 3 4 6 4 5 3 2 4 6
0 21 4 5 3 2 4 5 1 3 3 6 3 4 5 3 2 3 3 6 3 6 4
0 25 4 5 1 3 3 3 6 3 4 5 3 2 3 6 4 5 1 4 6 3 6 4 6 4 6
0 20 1 0 0 0 4 4 2 6 0 0 0 0 0 1 3 6 2 2 2 0
0 8 1 0 0 1 5 5 0 0
0 3 4 5 3
0 8 3 4 5 1 3 4 6 4
0 13 3 4 6 3 6 4 5 3 2 4 6 3 3
0 29 0 0 0 5 0 0 1 5 5 0 0 0 2 3 5 2 6 4 2 5 2 2 3 2 0 0 0 0 0
0 24 4 6 4 5 1 3 6 4 6 3 6 3 6 3 6 4 5 1 4 6 4 6 4 6
0 30 4 5 3 2 3 4 6 4 6 4 5 3 2 4 6 3 6 3 3 6 3 4 5 3 2 3 3 3 6 4
0 15 4 6 3 3 6 4 6 3 4 5 3 2 4 5 3
0 21 3 3 3 3 4 5 1 3 6 4 6 3 4 5 3 2 4 5 1 3 4
0 4 4 6 3 4
0 15 3 3 3 3 6 3 4 5 3 2 3 6 4 6 3
0 20 0 0 0 5 5 5 5 0 0 0 4 3 6 6 3 4 3 5 0 0
0 13 0 0 1 5 4 0 0 0 5 4 6 5 0
0 18 3 3 3 6 3 6 4 5 1 3 4 5 1 4 6 3 4 5
0 23 3 3 3 3 4 5 1 3 6 4 6 3 4 5 3 2 4 5 1 3 4 6 4
0 24 4 5 3 2 3 4 6 4 6 4 5 3 2 4 6 3 6 3 3 6 3 4 5 3
0 4 3 3 6 3
0 17 4 6 4 6 3 6 3 6 4 5 1 3 4 6 3 6 4
0 14 4 6 3 3 6 3 4 5 3 2 4 6 4 6
0 13 4 5 1 4 6 3 4 5 1 3 6 3 6
0 21 3 4 5 1 4 6 3 3 4 6 4 5 1 3 6 3 4 6 3 6 3
0 18 4 6 3 3 6 4 6 4 5 3 2 4 5 1 3 6 3 6
0 23 4 6 3 3 6 4 6 3 4 5 3 2 4 5 3 2 3 4 5 3 2 3 6
0 24 4 6 3 3 6 4 6 4 5 3 2 4 5 1 3 6 3 6 4 5 1 3 3 6
0 17 3 3 3 3 4 5 1 3 6 4 6 3 4 5 3 2 4
0 19 3 3 3 6 3 6 4 5 1 3 4 5 1 4 6 3 4 5 3
0 17 3 4 5 1 4 6 3 3 4 6 4 5 1 3 6 3 4
0 14 3 4 5 1 3 3 6 3 6 4 5 1 3 3
0 5 3 3 4 5 3
0 19 4 6 3 3 6 4 6 4 5 3 2 4 5 1 3 6 3 6 4
0 14 3 6 3 3 6 4 6 3 4 5 3 2 4 5
0 30 0 0 1 5 0 0 0 5 4 4 5 0 0 0 5 0 0 1 5 5 5 4 2 2 4 0 0 0 0 0
0 10 4 5 3 2 3 4 6 4 6 4
0 6 3 6 4 6 3 4
0 26 0 0 1 6 4 3 6 2 6 2 2 3 3 3 6 0 0 0 6 3 4 2 2 2 2 0
0 10 4 5 1 4 6 3 4 5 1 3
0 6 4 6 3 3 6 3
0 5 4 5 1 4 6
0 9 3 4 5 1 3 4 6 4 5
0 11 3 4 5 1 3 3 6 3 6 4 5
0 20 4 5 1 3 3 3 6 3 4 5 3 2 3 6 4 5 1 4 6 3
0 15 4 5 1 3 3 3 6 3 4 5 3 2 3 6 4
0 38 0 0 1 6 4 3 2 6 0 0 1 4 3 6 3 2 0 0 1 5 2 5 5 4 2 4 3 0 0 1 3 5 3 2 2 5 5 0
0 7 3 4 6 3 4 6 3
0 35 0 0 0 5 0 0 0 2 3 5 5 4 2 6 3 3 3 3 3 3 6 0 0 0 0 0 0 5 3 3 4 5 3 0 0
0 29 0 0 0 5 5 6 3 4 4 6 0 0 1 3 4 6 4 6 4 2 5 0 0 0 5 3 6 4 0
0 15 1 0 0 0 2 2 4 6 2 3 4 4 2 0 0
0 25 0 0 1 6 4 2 2 4 3 4 3 4 4 3 4 2 6 0 0 1 2 3 3 0 0
0 57 0 0 1 6 4 3 2 6 0 0 1 4 3 6 3 2 0 0 1 5 2 5 5 4 2 4 3 0 0 1 3 5 3 2 2 5 5 0 0 1 0 0 0 0 0 1 3 6 5 5 3 6 2 6 3 6 0
0 10 3 4 6 4 6 4 5 1 3 3
0 25 4 6 4 5 1 3 6 4 6 3 6 3 6 3 6 4 5 1 4 6 4 6 4 6 4
0 28 4 5 3 2 4 6 4 6 3 6 3 3 4 5 3 2 3 3 3 3 4 5 1 3 6 3 4 5
0 16 4 5 3 2 4 5 1 3 3 6 3 4 5 3 2 3
0 19 3 3 3 3 6 3 4 5 3 2 3 6 4 6 3 3 4 5 3
0 5 3 3 3 4 5
0 10 3 4 6 3 3 4 5 1 4 5
0 6 3 4 5 1 4 5
0 19 4 5 3 2 4 6 4 6 3 6 3 3 4 5 3 2 3 3 3
0 2 3 4
0 10 3 4 5 1 4 5 1 3 3 6
0 26 3 3 3 3 6 3 4 5 3 2 3 6 4 6 3 3 4 5 3 2 4 5 1 4 5 3
0 27 4 5 3 2 3 4 6 4 6 4 5 3 2 4 6 3 6 3 3 6 3 4 5 3 2 3 3
0 18 4 6 3 3 6 4 6 3 4 5 3 2 4 5 3 2 3 4
0 22 4 6 3 3 6 4 6 4 5 3 2 4 5 1 3 6 3 6 4 5 1 3
0 10 4 6 3 3 6 4 6 3 4 5
0 1 3
0 10 3 4 6 3 4 6 3 6 4 5
0 15 1 0 0 1 5 5 0 0 1 5 5 5 5 0 0
0 10 0 0 1 5 0 0 0 5 0 0
0 29 0 0 1 5 0 0 0 5 4 4 5 0 0 0 5 0 0 1 5 5 5 4 2 2 4 0 0 0 0
0 31 3 4 6 3 6 4 5 3 2 4 6 3 3 3 4 6 4 5 3 2 4 6 3 4 6 4 5 1 3 3 3
0 7 4 5 3 2 3 4 6
0 23 0 0 1 5 6 4 4 2 4 0 0 0 3 3 4 0 0 0 6 0 0 1 0
0 22 3 4 5 1 4 6 3 3 4 6 4 5 1 3 6 3 4 6 3 6 3 6
0 34 4 5 3 2 4 5 1 3 3 6 3 4 5 3 2 3 3 6 3 6 4 6 4 5 3 2 3 3 3 6 3 6 4 5
0 8 4 5 3 2 4 5 1 3
0 19 3 6 3 3 6 4 6 3 4 5 3 2 4 5 1 4 6 3 4
0 20 3 4 6 3 3 4 5 1 4 5 1 3 3 6 4 5 1 3 6 3
0 32 1 0 0 0 0 0 1 5 5 0 0 0 6 6 6 2 2 0 0 0 4 6 0 0 0 5 0 0 0 5 0 0
0 9 4 6 4 5 1 3 6 4 6
0 9 0 0 1 3 2 4 2 4 0
0 11 3 4 5 1 4 5 1 3 3 6 4
0 5 4 6 3 4 5
0 52 0 0 0 6 5 3 0 0 1 5 5 5 5 0 0 0 4 3 5 5 3 3 6 4 0 0 0 2 5 0 0 0 5 5 0 0 0 0 0 0 4 3 6 6 3 0 0 1 3 2 3 0
0 35 3 4 6 3 4 6 3 6 4 5 1 3 3 3 3 4 5 3 2 3 4 6 4 5 1 4 5 1 4 6 3 3 6 3 6
0 12 4 6 3 3 6 4 6 4 5 3 2 4
0 26 4 5 1 4 6 3 4 5 1 3 6 3 6 3 6 3 4 5 1 4 5 1 3 4 5 3
0 12 3 4 6 3 6 4 5 3 2 4 6 3
0 20 3 4 6 3 4 6 3 6 4 5 1 3 3 3 3 4 5 3 2 3
0 12 4 5 3 2 3 4 6 4 6 4 5 3
0 20 4 6 3 3 6 4 6 4 5 3 2 4 5 1 3 6 3 6 4 5
0 24 4 6 3 3 6 4 6 3 4 5 3 2 4 5 3 2 3 4 5 3 2 3 6 3
0 6 3 6 4 6 4 5
0 2 4 6
0 17 3 3 4 5 3 2 4 6 3 6 4 5 3 2 4 6 3
0 10 3 6 3 3 6 4 6 3 4 5
0 16 3 3 4 5 3 2 4 6 3 6 4 5 3 2 4 6
0 5 0 0 0 0 0
0 14 3 4 6 4 6 4 5 1 3 3 6 3 4 5
0 10 4 6 3 3 6 4 6 4 5 3
0 24 0 0 1 5 0 0 0 5 0 0 0 5 5 4 2 4 4 3 4 4 4 5 0 0
0 11 3 4 5 1 4 6 4 6 4 6 3
0 12 4 6 4 6 3 6 3 6 4 5 1 3
0 37 0 0 0 2 4 4 6 6 5 5 3 2 2 2 0 0 1 3 3 6 4 2 6 2 3 2 0 0 1 5 5 5 0 0 1 0 0
0 16 0 0 1 5 6 4 4 2 4 0 0 0 3 3 4 0
0 21 3 3 4 5 3 2 4 6 3 6 4 5 3 2 4 6 3 6 4 5 3
0 20 3 4 5 1 3 4 6 4 5 1 3 4 5 1 3 6 3 3 4 5
0 25 3 3 3 6 3 6 4 5 1 3 4 5 1 4 6 3 4 5 3 2 4 6 4 6 3
0 18 4 6 3 3 6 3 4 5 3 2 4 6 4 6 3 4 5 3
0 27 4 5 1 3 3 3 6 3 4 5 3 2 3 6 4 5 1 4 6 3 6 4 6 4 6 4 6
0 14 3 3 3 6 3 6 4 5 1 3 4 5 1 4
0 4 3 3 3 3
0 10 3 3 3 6 3 6 4 5 1 3
0 27 0 0 0 0 0 1 5 3 6 4 0 0 0 5 3 4 4 3 3 5 0 0 1 0 0 1 0
0 12 4 5 3 2 4 5 1 3 3 6 3 4
0 30 0 0 0 0 0 1 5 3 6 4 0 0 0 5 3 4 4 3 3 5 0 0 1 0 0 1 0 0 0 0
0 5 4 6 4 5 3
