1296 8
1 0 
1 5 0 0 2 0 2
1 93 6 2 5 2 4 4 2 4 4 2 5 4 5 2 2 5 5 5 2 4 5 5 4 2 5 2 5 4 5 5 0 0 0 4 5 5 6 6 6 6 6 6 6 6 6 6 3 3 3 3 0 0 0 0 0 6 6 6 6 6 6 3 3 0 6 0 4 4 6 6 6 6 6 6 6 6 6 6 3 3 3 3 5 4 3 3 0 6 0 4 6 0 1
1 31 6 6 6 6 6 6 3 3 3 3 0 2 5 4 4 5 2 5 4 2 4 5 4 4 5 3 4 5 6 0 1
1 82 6 6 2 4 5 2 5 4 5 5 5 2 5 2 5 4 5 3 3 3 5 4 5 5 5 3 3 5 0 0 0 3 4 5 3 3 3 0 6 0 4 6 4 3 3 3 3 0 0 0 6 6 6 6 6 6 3 3 6 6 6 6 6 6 6 6 6 6 3 3 3 3 0 0 0 0 0 0 0 2 7 7
1 19 5 5 0 5 0 0 0 4 5 6 5 0 0 0 0 4 5 0 1
1 74 6 6 6 6 6 6 6 6 6 6 3 3 3 3 3 5 6 6 6 6 6 6 6 6 6 6 3 3 5 6 6 6 6 6 6 6 6 6 6 0 6 0 4 6 4 3 5 2 5 0 0 3 3 5 0 5 4 5 6 5 0 0 0 0 0 5 0 4 5 2 4 5 0 1
1 33 2 4 5 2 5 4 4 5 5 2 2 4 5 4 5 2 4 5 5 4 3 3 3 3 4 5 4 6 4 5 2 7 0
1 100 6 6 3 3 5 6 6 3 3 3 3 3 5 4 3 4 5 6 6 6 6 6 6 6 6 3 3 0 0 6 6 6 6 6 6 6 6 6 6 3 3 3 3 0 0 6 6 6 6 6 6 3 3 3 0 6 0 4 6 6 6 6 6 3 3 3 3 3 5 6 6 6 6 3 3 3 3 0 0 0 0 0 4 3 3 3 3 0 6 0 4 4 2 3 3 5 4 5 0 1
1 31 5 6 5 0 0 4 5 6 5 0 0 0 3 3 4 5 5 3 3 3 3 5 0 0 0 0 0 4 5 7 2
1 12 2 5 0 0 0 3 5 0 4 5 0 1
1 3 5 0 1
1 33 2 4 5 2 5 0 0 0 0 0 5 4 5 6 5 0 0 4 5 2 5 0 0 0 0 0 4 5 2 4 5 0 1
1 2 7 7
1 37 6 2 4 4 4 2 2 5 4 2 4 5 5 0 0 0 0 0 5 0 3 5 4 5 6 2 4 4 2 5 4 4 4 4 3 4 5
1 31 5 5 0 0 0 0 5 0 0 0 0 0 4 5 2 5 5 0 0 3 4 5 6 5 5 0 4 5 6 0 1
1 15 6 5 0 0 3 3 3 4 5 6 6 3 5 0 1
1 3 4 0 1
1 28 2 5 0 0 3 4 5 6 5 5 0 0 0 5 0 0 0 0 5 0 3 4 5 6 2 2 0 7
1 55 2 2 5 5 5 4 2 4 4 5 2 2 5 4 4 5 5 0 0 0 0 0 4 5 6 5 3 5 0 3 4 5 2 4 4 4 4 2 5 0 0 0 0 5 0 0 0 3 4 5 2 3 4 5 7
1 1 0
1 4 6 5 0 1
1 32 6 4 5 4 3 3 3 3 3 5 4 3 3 3 3 5 5 3 3 3 5 0 0 0 3 4 5 5 0 7 7 0
1 2 2 7
1 15 2 4 5 5 5 0 0 0 4 5 7 0 0 7 7
1 39 5 3 4 5 2 5 5 4 5 4 2 2 2 4 4 4 2 4 5 5 5 0 0 5 0 0 0 0 0 5 0 0 0 0 0 4 5 0 1
1 33 5 2 4 4 4 5 5 2 5 3 5 0 0 0 4 5 6 6 2 4 4 5 5 4 2 5 5 5 5 4 5 0 1
1 16 4 3 3 3 3 7 3 3 3 3 7 6 4 6 0 1
1 78 4 2 4 2 5 5 4 2 4 5 5 4 2 4 4 5 4 2 4 4 3 3 5 0 0 0 0 0 3 4 5 2 5 0 0 0 3 4 5 2 4 5 5 2 5 5 2 5 4 5 4 2 4 4 5 5 4 3 5 0 0 0 0 0 3 5 0 0 0 0 5 0 0 0 4 5 0 1
1 18 2 5 0 0 0 0 5 0 0 0 0 0 5 0 0 3 4 5
1 76 3 4 5 2 4 5 5 2 5 5 2 5 4 5 4 2 5 4 5 5 5 0 0 0 0 0 5 0 0 0 0 3 5 0 0 0 0 0 3 4 5 5 5 3 5 0 5 0 0 5 0 0 0 0 3 4 5 4 0 6 0 4 6 4 3 3 0 0 0 0 0 0 7 7 7 0
1 30 5 3 5 5 0 0 0 5 0 5 0 0 0 0 0 4 5 6 5 0 5 4 5 6 2 3 4 5 4 7
1 12 5 2 3 5 0 0 4 5 7 2 7 7
1 47 2 5 0 0 5 5 0 0 0 0 5 0 0 0 5 0 0 0 0 0 4 5 2 3 3 5 0 4 5 2 3 5 3 3 4 5 6 3 5 0 0 3 3 4 5 0 1
1 42 6 4 5 6 4 3 3 3 3 0 0 0 0 0 4 3 3 0 6 0 4 4 6 6 6 6 3 3 4 5 4 3 3 0 6 0 4 4 2 2 2 7
1 24 5 3 5 0 0 3 4 5 6 5 5 0 0 0 0 0 5 4 5 0 7 7 0 7
1 41 2 4 5 2 4 5 4 2 5 4 5 2 5 2 4 5 5 5 3 4 5 2 5 0 0 0 0 0 3 4 5 5 0 0 3 4 5 2 7 7 0
1 26 5 4 5 6 2 5 0 4 5 6 5 0 0 5 4 5 2 2 4 4 5 5 4 5 0 1
1 11 5 3 5 0 0 0 0 4 5 0 1
1 2 0 1
1 5 2 7 2 0 7
1 12 2 5 0 0 0 3 4 5 6 4 6 7
1 11 4 3 3 3 3 2 0 4 4 0 1
1 23 5 5 5 0 0 0 3 5 4 5 6 4 5 6 5 0 0 0 0 4 5 0 1
1 70 5 3 5 0 0 5 0 0 0 0 0 5 0 0 0 0 3 4 5 6 6 3 3 3 3 3 0 6 0 4 6 4 3 3 3 3 0 0 0 0 6 6 6 6 3 3 5 6 6 6 6 6 6 6 6 6 6 6 3 4 3 3 3 0 6 0 4 4 0 1
1 57 2 5 0 0 0 0 0 5 0 3 3 3 4 5 6 6 6 3 3 3 3 0 0 0 0 4 3 3 3 3 3 0 0 0 0 0 6 6 6 6 6 6 0 0 0 0 0 6 6 6 6 6 6 3 5 0 1
1 41 6 6 6 6 6 6 3 3 3 3 3 7 4 3 3 3 0 6 0 4 6 4 5 5 0 0 0 0 0 3 3 5 0 0 0 0 4 5 6 0 1
1 20 2 5 4 5 2 2 5 4 5 4 5 0 4 5 6 3 4 5 0 1
1 38 2 4 4 5 4 2 4 5 4 5 2 4 5 5 0 0 3 4 5 5 4 5 6 5 0 0 3 5 0 0 0 0 0 3 4 5 0 1
1 6 6 6 5 2 0 0
1 12 2 3 3 3 3 4 5 0 2 0 7 0
1 39 6 4 3 3 0 0 6 6 6 6 6 6 6 6 6 6 3 3 3 3 5 3 3 3 3 0 0 0 0 0 4 3 3 3 3 0 6 0 1
1 4 2 4 5 7
1 20 4 5 3 3 3 5 0 0 0 0 4 5 2 5 4 5 4 5 0 1
1 8 6 3 3 3 4 5 0 1
1 38 2 3 3 4 5 6 2 5 3 5 0 5 3 4 5 6 5 0 0 0 0 0 5 0 0 0 0 0 5 0 0 0 0 3 4 5 0 1
1 49 6 5 0 0 0 5 0 0 0 5 4 5 5 4 5 5 3 4 5 6 2 4 4 4 4 2 5 2 4 4 2 5 5 2 5 5 5 3 5 0 0 0 0 3 5 4 5 0 1
1 24 6 3 5 0 0 0 0 0 3 4 5 2 4 4 5 3 4 5 5 6 7 2 7 2
1 25 2 5 4 4 5 4 4 5 6 2 5 5 4 5 4 2 5 5 4 4 2 4 5 0 1
1 26 6 2 4 5 4 5 3 5 0 0 0 0 0 4 5 6 2 2 4 4 5 4 4 5 0 0
1 62 5 3 3 3 4 5 5 3 4 5 6 6 6 6 6 6 6 6 6 6 3 0 0 6 6 6 6 6 6 6 6 6 6 2 0 4 4 4 2 5 5 4 2 4 5 4 2 2 4 5 5 4 4 2 5 5 4 5 7 2 7 0
1 22 4 5 4 5 6 5 0 0 0 0 4 5 6 4 5 5 3 3 4 5 0 1
1 6 4 5 4 5 7 7
1 15 6 5 0 0 0 0 0 3 3 5 4 5 5 0 1
1 9 5 5 0 0 0 0 0 4 5
1 9 6 3 3 3 3 4 5 0 1
1 22 6 5 5 0 0 0 0 5 0 0 0 5 0 0 0 0 0 3 4 5 0 1
1 12 4 6 5 0 3 3 4 5 6 6 0 1
1 5 6 5 4 5 7
1 14 5 6 2 5 0 0 5 0 0 3 3 4 5 0
1 10 6 2 3 3 5 3 4 5 0 1
1 10 5 3 3 4 5 7 7 7 7 2
1 51 6 3 5 0 3 5 0 0 0 0 3 4 5 4 3 3 3 3 3 7 4 3 3 3 3 3 5 6 6 6 6 6 6 6 6 6 6 3 3 3 3 3 7 5 2 3 4 5 5 0 1
1 24 2 3 5 0 0 0 5 0 0 0 5 5 0 0 0 0 0 4 5 7 7 7 7 7
1 15 6 2 3 3 5 0 0 0 0 0 3 4 5 0 1
1 29 2 5 2 5 4 5 4 4 3 5 0 0 0 0 5 0 0 0 0 0 5 0 0 3 4 5 6 0 2
1 4 6 6 0 1
1 27 2 4 2 4 2 5 4 5 3 3 5 0 0 0 0 0 5 0 0 0 0 4 5 6 6 0 1
1 39 2 2 5 5 5 5 5 0 0 0 0 0 5 0 0 0 0 5 0 5 0 0 4 5 6 4 5 2 5 0 0 0 0 3 3 4 5 0 1
1 41 6 6 6 6 6 6 3 3 3 6 6 6 6 6 6 6 6 6 6 5 4 3 3 5 4 3 3 3 3 0 6 0 4 4 6 6 3 4 5 2 0
1 10 6 4 5 3 5 0 4 5 0 1
1 15 6 6 6 5 0 0 5 0 0 0 0 0 4 5 4
1 1 7
1 14 5 5 0 0 0 0 4 5 3 4 5 5 0 1
1 42 6 6 6 6 6 6 6 6 6 6 3 0 0 0 4 3 3 3 5 6 6 6 6 3 3 3 3 3 0 0 0 0 0 4 3 0 0 0 7 2 7 0
1 25 3 5 3 3 3 4 5 2 5 0 0 0 0 0 3 5 0 0 0 4 5 4 7 7 7
1 30 6 4 5 6 5 5 0 0 3 4 5 2 5 0 0 0 5 0 0 5 0 4 5 5 3 3 4 5 0 1
1 10 2 5 0 5 4 5 4 2 0 7
1 57 2 5 0 0 0 3 3 5 0 0 0 3 4 5 2 4 2 4 2 5 4 2 5 5 0 3 3 3 4 5 6 4 5 2 5 0 5 0 0 0 3 4 5 6 5 0 0 0 3 3 5 4 5 2 7 7 0
1 20 5 6 3 5 0 0 3 4 5 2 5 3 3 4 5 7 0 7 2 7
1 18 2 5 5 5 0 3 5 0 0 0 0 0 4 5 5 3 4 5
1 14 6 6 6 5 0 5 0 0 0 3 4 5 0 1
1 3 2 7 7
1 13 5 5 4 5 2 5 0 0 0 4 5 0 1
1 8 5 3 5 0 4 5 0 1
1 14 2 5 0 0 0 0 3 3 4 5 7 0 7 7
1 23 2 5 5 5 4 5 2 4 5 4 4 5 2 5 2 4 3 4 5 7 7 2 2
1 6 6 3 4 5 7 7
1 39 6 2 5 4 4 2 5 4 2 5 4 2 4 5 5 4 5 2 4 5 2 3 5 0 0 0 5 0 0 5 0 0 0 0 4 5 0 2 2
1 44 6 6 6 6 6 6 6 6 6 6 0 0 0 0 4 3 3 3 3 6 5 0 0 0 0 5 0 0 0 0 4 5 2 5 0 0 0 0 0 3 4 5 0 1
1 28 5 0 0 0 0 0 5 5 0 0 4 5 6 3 4 5 5 0 3 5 0 4 5 6 5 4 5 0
1 7 6 5 3 4 5 0 1
1 44 6 2 4 5 4 4 2 5 2 4 2 4 5 5 4 5 3 3 4 5 2 3 5 0 0 0 0 0 3 3 4 5 6 3 3 5 0 4 5 7 7 7 0 7
1 29 6 6 2 4 5 4 4 2 4 4 2 5 5 5 2 4 5 4 5 2 5 3 5 5 0 4 5 7 7
1 31 4 3 3 3 3 3 0 6 0 4 6 4 3 0 6 0 4 6 0 6 6 6 6 3 0 0 0 3 3 0 7
1 26 6 5 4 5 6 2 4 4 5 5 0 0 0 0 5 0 0 3 4 5 5 4 5 2 7 7
1 6 6 2 7 7 7 7
1 3 6 0 1
1 19 6 6 6 3 3 3 5 0 0 0 0 3 4 5 6 4 5 4 0
1 47 4 3 3 3 3 3 7 6 6 6 6 6 6 6 6 6 6 3 3 3 0 0 4 0 6 0 4 6 4 3 3 0 0 0 0 4 3 3 3 3 0 6 0 4 4 0 1
1 19 5 3 5 0 4 5 6 5 0 5 0 0 0 0 0 4 5 0 1
0 17 2 5 5 5 5 2 4 4 5 4 2 5 3 5 0 3 5
0 45 2 4 5 4 5 5 2 4 5 5 5 2 4 5 4 3 5 0 0 0 4 5 2 5 4 4 4 4 2 2 3 5 0 0 0 3 5 0 0 5 0 0 0 0 0
0 59 2 4 4 5 4 5 2 5 5 5 2 5 4 5 5 5 2 5 5 4 5 4 5 6 6 6 6 6 6 6 6 3 3 0 0 0 0 0 4 5 4 3 0 0 0 2 3 5 0 0 0 0 0 5 0 0 0 0 0
0 20 6 3 5 5 4 5 6 2 5 0 0 0 0 5 0 5 0 3 3 4
0 40 2 4 5 4 5 5 2 4 5 5 5 2 4 5 4 3 5 0 0 0 4 5 2 5 4 4 4 4 2 2 3 5 0 0 0 3 5 0 0 5
0 4 6 2 4 4
0 13 6 2 5 0 3 3 3 5 0 0 0 0 0
0 16 2 2 4 4 4 4 2 5 4 5 5 2 4 4 4 4
0 27 2 5 0 0 0 0 3 5 0 0 3 4 5 2 3 3 5 0 0 0 0 5 0 0 0 0 0
0 24 2 3 3 5 0 0 4 5 2 5 0 3 5 5 0 0 0 0 0 4 5 2 5 3
0 14 6 5 0 0 0 0 3 3 3 4 5 6 2 3
0 43 2 4 5 4 3 3 3 0 4 3 3 3 5 6 6 6 6 3 3 3 0 6 0 4 4 4 3 3 3 3 3 2 0 4 6 4 3 2 0 4 4 2 5
0 16 2 3 3 3 3 5 0 0 0 0 4 5 2 5 5 5
0 14 6 4 2 4 5 5 4 5 2 5 3 5 0 0
0 39 4 2 4 5 5 5 2 4 2 4 5 4 5 5 3 3 5 0 0 0 4 5 2 2 2 5 5 2 5 5 5 4 5 2 5 0 0 5 0
0 25 5 3 3 3 4 5 2 5 4 4 4 2 2 3 5 0 0 0 0 5 4 5 6 2 5
0 13 2 5 0 0 0 3 5 0 0 5 0 0 0
0 15 6 5 2 2 2 4 5 5 4 4 2 2 3 5 0
0 10 2 3 3 3 3 5 0 0 0 0
0 8 2 3 3 5 0 0 3 4
0 31 2 4 4 5 5 5 2 5 5 4 4 5 2 5 5 4 2 4 4 5 3 5 3 3 4 5 2 3 3 5 0
0 20 6 5 5 3 4 5 2 5 4 4 2 2 4 2 4 2 5 5 5 5
0 16 5 4 3 3 0 0 0 0 2 5 5 0 0 0 0 0
0 18 5 3 3 3 4 5 2 5 4 4 4 2 2 3 5 0 0 0
0 16 2 3 5 0 5 0 0 0 0 5 0 0 5 0 0 0
0 62 2 4 5 4 3 3 3 0 4 3 3 3 5 6 6 6 6 3 3 3 0 6 0 4 4 4 3 3 3 3 3 2 0 4 6 4 3 2 0 4 4 2 5 2 4 5 4 2 5 4 5 5 5 2 4 5 2 5 4 3 3 3
0 24 6 4 2 4 5 5 4 5 2 5 3 5 0 0 0 0 0 4 5 4 3 2 0 4
0 9 6 2 5 0 3 3 3 5 0
0 34 2 4 5 4 3 3 3 3 0 0 4 3 3 3 3 3 2 0 4 4 4 3 3 3 3 3 0 4 3 2 3 5 3 4
0 7 6 2 5 5 0 0 0
0 40 2 3 3 3 3 5 0 0 0 0 4 5 2 5 5 5 4 5 5 0 0 0 3 3 4 5 6 2 4 4 5 4 4 2 5 4 4 2 5 5
0 2 2 3
0 35 6 5 0 0 3 4 5 4 3 3 3 3 3 2 0 4 4 3 3 3 0 0 6 6 6 6 7 4 2 3 5 0 0 3 5
0 16 6 3 5 0 0 0 3 5 0 5 0 0 4 5 2 5
0 10 2 2 5 5 5 5 5 2 2 4
0 25 5 0 0 0 5 0 0 0 3 3 3 4 5 2 5 5 5 5 2 2 2 4 5 2 5
0 44 6 6 2 4 2 5 4 4 5 2 4 5 4 5 5 2 4 5 5 0 3 3 5 0 0 0 0 0 4 5 6 2 3 5 0 0 0 0 5 0 0 0 0 0
0 31 2 5 4 4 4 4 3 3 5 0 0 0 0 0 5 4 5 4 2 5 5 2 2 2 5 4 4 5 2 5 5
0 42 5 3 3 3 4 5 2 5 4 4 4 2 2 3 5 0 0 0 0 5 4 5 6 2 5 5 4 4 5 2 4 5 5 5 2 4 4 4 2 5 4 4
0 49 2 4 5 4 3 3 3 0 4 3 3 3 5 6 6 6 6 3 3 3 0 6 0 4 4 4 3 3 3 3 3 2 0 4 6 4 3 2 0 4 4 2 5 2 4 5 4 2 5
0 8 6 2 4 4 5 2 5 2
0 12 6 5 0 0 4 5 4 2 5 3 3 3
0 13 2 4 4 3 5 0 0 0 0 0 5 0 0
0 15 6 2 3 5 0 0 5 0 0 0 0 0 5 0 0
0 33 2 4 5 4 3 3 3 3 0 0 4 3 3 3 3 3 2 0 4 4 4 3 3 3 3 3 0 4 3 2 3 5 3
0 38 5 3 3 3 4 5 2 5 4 4 4 2 2 3 5 0 0 0 0 5 4 5 6 2 5 5 4 4 5 2 4 5 5 5 2 4 4 4
0 10 3 4 5 2 5 0 0 5 0 0
0 3 2 5 0
0 17 5 3 5 0 0 0 0 5 0 0 0 4 5 5 2 5 4
0 5 2 5 4 4 4
0 33 5 3 5 0 0 0 0 5 0 0 0 4 5 5 2 5 4 4 5 4 2 5 4 2 5 4 5 4 4 2 4 2 3
0 6 2 5 0 0 0 0
0 12 6 3 5 0 5 3 3 4 5 2 5 3
0 12 2 5 4 4 5 4 2 5 2 5 4 2
0 13 2 5 0 0 0 0 3 5 0 0 5 0 0
0 29 2 4 5 4 5 5 2 4 5 5 5 2 4 5 4 3 5 0 0 0 4 5 2 5 4 4 4 4 2
0 46 2 3 3 5 0 0 3 4 5 3 3 3 3 3 5 4 3 3 3 0 6 0 4 6 4 3 3 3 3 0 0 0 6 5 3 5 0 0 0 4 5 2 5 0 0 0
0 36 6 4 3 3 3 3 5 3 3 3 0 6 0 4 6 4 3 3 3 3 4 3 2 0 4 4 2 3 3 5 0 0 5 0 0 0
0 36 6 6 2 4 2 5 4 4 5 2 4 5 4 5 5 2 4 5 5 0 3 3 5 0 0 0 0 0 4 5 6 2 3 5 0 0
0 33 6 2 5 0 3 3 3 5 0 0 0 0 0 4 5 4 2 5 5 2 5 5 5 4 5 2 4 4 5 5 4 2 4
0 5 4 6 2 5 5
0 40 3 3 3 3 6 6 3 5 6 4 3 0 0 0 0 0 4 3 3 3 3 7 4 3 3 0 6 0 4 4 2 4 5 2 5 3 5 0 0 0
0 34 2 5 4 5 5 5 5 0 0 0 5 0 0 0 0 3 3 5 0 0 4 5 2 3 5 0 0 0 3 5 0 0 0 4
0 10 2 4 5 4 4 4 2 5 5 4
0 45 2 5 4 2 5 4 2 5 4 4 4 4 4 5 6 3 5 0 5 0 4 5 4 3 3 3 3 3 5 6 6 6 6 6 6 6 6 3 3 3 5 2 5 0 0
0 5 2 5 2 4 4
0 14 6 5 0 5 0 0 0 3 3 3 4 5 2 5
0 14 6 5 0 0 4 5 4 2 5 3 3 3 5 0
0 46 6 3 5 0 0 0 0 0 4 5 6 3 5 0 0 0 0 5 0 0 0 0 3 4 5 2 4 5 2 5 5 5 4 4 2 4 4 5 5 2 5 5 5 0 0 3
0 5 2 5 3 3 3
0 46 2 4 5 4 5 5 2 4 5 5 5 2 4 5 4 3 5 0 0 0 4 5 2 5 4 4 4 4 2 2 3 5 0 0 0 3 5 0 0 5 0 0 0 0 0 4
0 39 6 5 0 0 3 4 5 4 3 3 3 3 3 2 0 4 4 3 3 3 0 0 6 6 6 6 7 4 2 3 5 0 0 3 5 0 0 0 0
0 21 6 2 5 5 0 0 0 0 5 0 3 4 5 2 5 0 0 0 5 0 0
0 11 5 4 3 3 0 0 0 0 2 5 5
0 6 4 3 3 2 0 4
0 22 6 2 3 5 0 0 5 0 0 0 0 0 5 0 0 0 0 5 0 0 0 0
0 14 2 5 0 0 0 0 3 5 0 0 5 0 0 0
0 39 3 3 3 3 6 6 3 5 6 4 3 0 0 0 0 0 4 3 3 3 3 7 4 3 3 0 6 0 4 4 2 4 5 2 5 3 5 0 0
0 18 5 3 5 0 0 0 0 5 0 0 0 4 5 5 2 5 4 4
0 16 6 2 4 4 5 2 5 4 4 4 5 4 5 2 5 0
0 3 2 4 2
0 38 6 6 2 4 2 5 4 4 5 2 4 5 4 5 5 2 4 5 5 0 3 3 5 0 0 0 0 0 4 5 6 2 3 5 0 0 0 0
0 10 6 5 0 0 4 5 4 2 5 3
0 12 4 3 3 3 3 0 0 2 4 4 4 2
0 21 4 6 4 5 2 4 5 5 5 4 2 5 5 2 5 4 5 5 2 5 4
0 35 2 5 2 4 3 4 5 6 6 6 6 6 6 3 3 3 3 2 0 4 6 6 6 6 6 6 6 3 3 5 2 2 2 4 4
0 18 6 6 6 6 6 6 6 6 6 6 4 3 3 3 3 2 0 4
0 17 6 5 0 5 0 0 0 3 3 3 4 5 2 5 5 0 5
0 7 2 3 3 5 0 0 4
0 6 2 5 5 5 2 4
0 23 6 5 5 3 4 5 2 5 4 4 2 2 4 2 4 2 5 5 5 5 3 5 0
0 13 2 5 5 5 5 2 4 4 5 4 2 5 3
0 27 5 3 3 3 4 5 2 5 4 4 4 2 2 3 5 0 0 0 0 5 4 5 6 2 5 5 4
0 12 2 2 5 5 5 5 5 2 2 4 2 4
0 7 2 5 4 2 5 4 2
0 18 5 4 3 3 0 0 0 0 2 5 5 0 0 0 0 0 3 5
0 32 2 5 5 4 5 2 5 4 5 4 2 4 5 5 4 3 4 5 6 6 6 6 6 6 3 3 3 0 0 2 5 0
0 32 6 2 5 5 0 0 0 0 5 0 3 4 5 2 5 0 0 0 5 0 0 0 3 3 4 5 2 3 3 3 5 4
0 22 5 3 5 0 0 0 0 5 0 0 0 4 5 5 2 5 4 4 5 4 2 5
0 44 2 4 5 4 3 3 3 0 4 3 3 3 5 6 6 6 6 3 3 3 0 6 0 4 4 4 3 3 3 3 3 2 0 4 6 4 3 2 0 4 4 2 5 2
0 3 2 3 5
0 16 6 5 5 3 4 5 2 5 4 4 2 2 4 2 4 2
0 14 2 5 5 5 5 2 4 4 5 4 2 5 3 5
0 5 2 3 3 5 0
0 14 2 5 2 5 5 4 4 2 5 4 2 5 4 4
0 47 2 3 3 5 0 0 3 4 5 3 3 3 3 3 5 4 3 3 3 0 6 0 4 6 4 3 3 3 3 0 0 0 6 5 3 5 0 0 0 4 5 2 5 0 0 0 3
0 14 2 5 0 0 5 0 0 0 0 4 5 2 5 0
0 11 6 5 5 3 4 5 2 5 4 4 2
0 9 6 2 3 5 0 0 0 0 0
0 17 2 5 0 0 0 0 3 5 0 0 3 4 5 2 3 3 5
0 29 2 3 3 3 3 5 0 0 0 0 4 5 2 5 5 5 4 5 5 0 0 0 3 3 4 5 6 2 4
0 13 6 3 4 5 2 3 3 5 0 0 0 3 4
0 26 2 5 4 5 5 5 5 0 0 0 5 0 0 0 0 3 3 5 0 0 4 5 2 3 5 0
0 21 6 2 5 0 3 3 3 5 0 0 0 0 0 4 5 4 2 5 5 2 5
0 5 2 2 5 5 5
0 2 2 5
0 13 6 4 2 4 5 5 4 5 2 5 3 5 0
0 4 4 2 5 4
0 17 6 2 3 5 0 0 5 0 0 0 0 0 5 0 0 0 0
0 9 3 4 5 2 5 0 0 5 0
0 12 6 3 4 5 2 3 3 5 0 0 0 3
0 13 2 4 5 4 5 5 2 4 5 5 5 2 4
0 32 2 5 4 4 4 4 3 3 5 0 0 0 0 0 5 4 5 4 2 5 5 2 2 2 5 4 4 5 2 5 5 4
0 32 5 3 5 0 0 0 0 5 0 0 0 4 5 5 2 5 4 4 5 4 2 5 4 2 5 4 5 4 4 2 4 2
0 11 6 3 5 5 4 5 6 2 5 0 0
0 9 2 5 5 5 2 4 5 2 4
0 10 2 5 2 4 4 4 5 2 4 4
0 32 2 5 0 0 0 3 5 0 0 5 0 0 0 3 4 5 2 2 4 5 5 2 4 2 5 0 0 0 0 0 5 0
0 17 6 5 0 0 4 5 4 2 5 3 3 3 5 0 0 0 0
0 25 5 3 5 0 0 0 0 5 0 0 0 4 5 5 2 5 4 4 5 4 2 5 4 2 5
0 31 6 5 0 0 3 4 5 4 3 3 3 3 3 2 0 4 4 3 3 3 0 0 6 6 6 6 7 4 2 3 5
0 11 2 3 3 5 0 0 4 5 2 5 0
0 24 3 5 0 0 0 0 0 3 5 0 0 0 0 0 4 5 2 5 0 0 0 0 3 4
0 20 6 2 3 3 5 0 3 4 5 6 2 4 5 4 5 5 2 4 4 4
0 40 4 2 4 5 5 5 2 4 2 4 5 4 5 5 3 3 5 0 0 0 4 5 2 2 2 5 5 2 5 5 5 4 5 2 5 0 0 5 0 5
0 17 2 5 0 0 0 0 3 5 0 0 5 0 0 0 0 0 5
0 11 4 2 4 4 2 4 5 2 4 4 4
0 5 2 5 0 0 0
0 35 2 5 0 0 0 3 5 0 0 5 0 0 0 3 4 5 2 2 4 5 5 2 4 2 5 0 0 0 0 0 5 0 0 0 5
0 14 6 4 5 2 5 5 4 2 4 5 4 2 5 5
0 19 6 3 5 0 0 0 3 5 0 5 0 0 4 5 2 5 0 0 0
0 5 2 5 2 4 3
0 9 5 5 0 4 5 2 5 0 0
0 55 2 4 5 4 3 3 3 0 4 3 3 3 5 6 6 6 6 3 3 3 0 6 0 4 4 4 3 3 3 3 3 2 0 4 6 4 3 2 0 4 4 2 5 2 4 5 4 2 5 4 5 5 5 2 4
0 25 2 4 5 4 5 5 2 4 5 5 5 2 4 5 4 3 5 0 0 0 4 5 2 5 4
0 15 2 5 0 0 0 0 3 5 0 0 5 0 0 0 0
0 6 2 4 4 2 2 4
0 32 3 3 3 3 6 6 3 5 6 4 3 0 0 0 0 0 4 3 3 3 3 7 4 3 3 0 6 0 4 4 2 4
0 54 2 4 5 4 5 5 2 4 5 5 5 2 4 5 4 3 5 0 0 0 4 5 2 5 4 4 4 4 2 2 3 5 0 0 0 3 5 0 0 5 0 0 0 0 0 4 5 6 2 2 5 4 4 2
0 6 6 2 5 0 3 3
0 34 2 5 0 0 0 3 5 0 0 5 0 0 0 3 4 5 2 2 4 5 5 2 4 2 5 0 0 0 0 0 5 0 0 0
0 39 6 4 3 3 3 3 5 3 3 3 0 6 0 4 6 4 3 3 3 3 4 3 2 0 4 4 2 3 3 5 0 0 5 0 0 0 0 3 4
0 36 6 5 0 0 3 4 5 4 3 3 3 3 3 2 0 4 4 3 3 3 0 0 6 6 6 6 7 4 2 3 5 0 0 3 5 0
0 15 2 5 4 4 4 4 3 3 5 0 0 0 0 0 5
0 17 6 2 4 4 5 2 5 2 4 4 2 5 3 5 0 0 0
0 18 4 5 6 2 3 4 5 2 5 4 4 5 5 2 2 2 5 3
0 48 2 4 4 5 4 5 2 5 5 5 2 5 4 5 5 5 2 5 5 4 5 4 5 6 6 6 6 6 6 6 6 3 3 0 0 0 0 0 4 5 4 3 0 0 0 2 3 5
0 47 6 3 5 0 0 0 0 0 4 5 6 3 5 0 0 0 0 5 0 0 0 0 3 4 5 2 4 5 2 5 5 5 4 4 2 4 4 5 5 2 5 5 5 0 0 3 4
0 24 2 5 0 0 5 0 0 0 0 4 5 2 5 0 5 0 0 0 0 5 0 0 0 3
0 45 2 4 5 4 3 3 3 0 4 3 3 3 5 6 6 6 6 3 3 3 0 6 0 4 4 4 3 3 3 3 3 2 0 4 6 4 3 2 0 4 4 2 5 2 4
0 6 2 5 2 4 4 4
0 61 2 4 5 4 5 5 2 4 5 5 5 2 4 5 4 3 5 0 0 0 4 5 2 5 4 4 4 4 2 2 3 5 0 0 0 3 5 0 0 5 0 0 0 0 0 4 5 6 2 2 5 4 4 2 5 4 4 4 3 3 4
0 23 4 5 6 2 3 4 5 2 5 4 4 5 5 2 2 2 5 3 3 5 0 3 4
0 36 6 3 5 0 0 0 0 0 4 5 6 3 5 0 0 0 0 5 0 0 0 0 3 4 5 2 4 5 2 5 5 5 4 4 2 4
0 35 2 3 3 3 3 5 0 0 0 0 4 5 2 5 5 5 4 5 5 0 0 0 3 3 4 5 6 2 4 4 5 4 4 2 5
0 18 6 2 5 5 0 0 0 0 5 0 3 4 5 2 5 0 0 0
0 36 3 3 3 3 6 6 3 5 6 4 3 0 0 0 0 0 4 3 3 3 3 7 4 3 3 0 6 0 4 4 2 4 5 2 5 3
0 7 4 6 2 5 5 2 4
0 32 4 2 4 5 5 5 2 4 2 4 5 4 5 5 3 3 5 0 0 0 4 5 2 2 2 5 5 2 5 5 5 4
0 30 2 5 4 5 5 5 5 0 0 0 5 0 0 0 0 3 3 5 0 0 4 5 2 3 5 0 0 0 3 5
0 18 2 5 4 2 4 5 4 3 3 3 4 5 5 2 5 0 0 0
0 4 6 2 3 4
0 11 2 4 2 4 4 5 5 4 2 2 5
0 49 2 4 4 5 4 5 2 5 5 5 2 5 4 5 5 5 2 5 5 4 5 4 5 6 6 6 6 6 6 6 6 3 3 0 0 0 0 0 4 5 4 3 0 0 0 2 3 5 0
0 21 2 5 0 0 5 0 0 0 0 4 5 2 5 0 5 0 0 0 0 5 0
0 44 4 2 4 5 5 5 2 4 2 4 5 4 5 5 3 3 5 0 0 0 4 5 2 2 2 5 5 2 5 5 5 4 5 2 5 0 0 5 0 5 0 0 0 0
0 17 2 3 3 3 3 4 5 2 5 0 0 4 5 2 5 5 5
0 3 2 5 5
0 31 2 5 0 0 0 4 5 6 5 0 0 5 0 0 0 5 0 0 5 0 0 0 4 5 2 5 5 0 0 5 4
0 19 2 3 3 5 0 0 4 5 2 5 0 3 5 5 0 0 0 0 0
0 19 6 3 5 5 4 5 6 2 5 0 0 0 0 5 0 5 0 3 3
0 42 2 5 0 0 0 0 3 5 0 0 3 4 5 2 3 3 5 0 0 0 0 5 0 0 0 0 0 5 0 0 4 5 5 3 4 5 5 2 5 0 0 0
0 5 2 5 0 0 5
0 6 2 2 5 5 5 5
0 46 6 6 2 4 2 5 4 4 5 2 4 5 4 5 5 2 4 5 5 0 3 3 5 0 0 0 0 0 4 5 6 2 3 5 0 0 0 0 5 0 0 0 0 0 5 5
0 23 6 2 4 4 5 2 5 4 4 4 5 4 5 2 5 0 0 0 0 0 5 0 3
0 21 6 2 4 4 5 4 2 2 4 5 5 5 3 5 0 0 0 4 5 2 3
0 11 2 3 5 0 5 0 0 0 0 5 0
0 50 4 2 4 5 5 5 2 4 2 4 5 4 5 5 3 3 5 0 0 0 4 5 2 2 2 5 5 2 5 5 5 4 5 2 5 0 0 5 0 5 0 0 0 0 0 5 0 0 0 0
0 25 2 5 0 0 0 3 5 0 0 5 0 0 0 3 4 5 2 2 4 5 5 2 4 2 5
0 30 6 5 0 0 3 4 5 4 3 3 3 3 3 2 0 4 4 3 3 3 0 0 6 6 6 6 7 4 2 3
0 29 2 5 4 5 5 5 5 0 0 0 5 0 0 0 0 3 3 5 0 0 4 5 2 3 5 0 0 0 3
0 37 6 4 3 3 3 3 5 3 3 3 0 6 0 4 6 4 3 3 3 3 4 3 2 0 4 4 2 3 3 5 0 0 5 0 0 0 0
0 33 6 6 6 6 3 3 3 3 0 0 4 0 0 0 4 0 0 4 3 3 3 3 7 4 3 3 3 0 0 0 6 2 5
0 34 5 0 0 0 0 3 3 4 5 3 3 6 6 6 6 6 6 3 3 3 3 0 0 0 0 2 5 0 0 0 0 3 5 0
0 14 4 6 3 5 0 0 0 0 4 5 2 4 2 5
0 6 6 2 3 3 5 0
0 41 6 3 5 0 0 0 0 0 4 5 6 3 5 0 0 0 0 5 0 0 0 0 3 4 5 2 4 5 2 5 5 5 4 4 2 4 4 5 5 2 5
0 7 6 2 3 5 0 0 5
0 29 6 5 0 5 0 0 0 3 3 3 4 5 2 5 5 0 5 0 0 5 0 0 0 4 5 2 3 3 4
0 18 4 2 5 4 5 2 5 5 4 5 4 2 5 3 3 5 0 0
0 13 6 3 5 5 4 5 6 2 5 0 0 0 0
0 18 6 2 3 3 5 0 3 4 5 6 2 4 5 4 5 5 2 4
0 6 2 3 3 3 3 5
0 10 2 3 3 5 0 0 4 5 2 5
0 13 6 5 5 3 4 5 2 5 4 4 2 2 4
0 23 6 2 5 0 3 3 3 5 0 0 0 0 0 4 5 4 2 5 5 2 5 5 5
0 51 4 2 4 5 5 5 2 4 2 4 5 4 5 5 3 3 5 0 0 0 4 5 2 2 2 5 5 2 5 5 5 4 5 2 5 0 0 5 0 5 0 0 0 0 0 5 0 0 0 0 4
0 4 2 5 5 0
0 16 2 4 4 3 5 0 0 0 0 0 5 0 0 0 3 3
0 15 2 5 5 5 5 2 4 4 5 4 2 5 3 5 0
0 2 2 4
0 35 5 3 5 0 0 0 0 5 0 0 0 4 5 5 2 5 4 4 5 4 2 5 4 2 5 4 5 4 4 2 4 2 3 3 3
0 45 4 3 3 2 0 4 4 4 3 3 0 6 6 6 6 6 6 6 6 6 6 3 3 3 2 0 4 4 4 3 3 3 3 3 5 6 6 2 5 0 0 5 0 0 0
0 63 2 4 5 4 3 3 3 0 4 3 3 3 5 6 6 6 6 3 3 3 0 6 0 4 4 4 3 3 3 3 3 2 0 4 6 4 3 2 0 4 4 2 5 2 4 5 4 2 5 4 5 5 5 2 4 5 2 5 4 3 3 3 5
0 34 2 4 5 4 5 5 2 4 5 5 5 2 4 5 4 3 5 0 0 0 4 5 2 5 4 4 4 4 2 2 3 5 0 0
0 15 6 2 4 4 5 2 5 2 4 4 2 5 3 5 0
0 10 2 5 5 5 2 4 5 2 4 4
0 8 2 5 5 5 5 2 4 4
0 19 4 5 6 2 3 4 5 2 5 4 4 5 5 2 2 2 5 3 3
0 47 2 4 4 5 4 5 2 5 5 5 2 5 4 5 5 5 2 5 5 4 5 4 5 6 6 6 6 6 6 6 6 3 3 0 0 0 0 0 4 5 4 3 0 0 0 2 3
0 9 2 3 3 3 3 5 0 0 0
0 17 2 5 0 0 5 0 0 0 0 4 5 2 5 0 5 0 0
0 22 6 2 4 4 5 4 2 2 4 5 5 5 3 5 0 0 0 4 5 2 3 3
0 29 2 3 3 3 3 4 5 4 6 3 5 0 0 0 0 0 4 5 2 3 5 0 3 5 0 5 0 0 4
0 60 2 4 5 4 5 5 2 4 5 5 5 2 4 5 4 3 5 0 0 0 4 5 2 5 4 4 4 4 2 2 3 5 0 0 0 3 5 0 0 5 0 0 0 0 0 4 5 6 2 2 5 4 4 2 5 4 4 4 3 3
0 4 2 2 4 4
0 9 6 3 4 5 2 3 3 5 0
0 30 4 2 4 5 5 5 2 4 2 4 5 4 5 5 3 3 5 0 0 0 4 5 2 2 2 5 5 2 5 5
0 60 2 4 5 4 3 3 3 0 4 3 3 3 5 6 6 6 6 3 3 3 0 6 0 4 4 4 3 3 3 3 3 2 0 4 6 4 3 2 0 4 4 2 5 2 4 5 4 2 5 4 5 5 5 2 4 5 2 5 4 3
0 19 6 5 0 5 0 0 0 3 3 3 4 5 2 5 5 0 5 0 0
0 3 2 3 3
0 7 6 4 5 2 5 5 4
0 9 2 5 0 0 5 0 0 0 0
0 20 6 6 3 4 5 4 3 3 3 3 3 0 0 4 3 3 3 2 0 4
0 12 6 2 3 3 5 0 3 4 5 6 2 4
0 10 2 5 4 2 5 4 2 5 4 4
0 15 5 4 3 3 0 0 0 0 2 5 5 0 0 0 0
0 10 6 2 4 4 5 2 5 2 4 4
0 9 2 5 5 5 2 4 2 5 2
0 10 2 3 5 0 5 0 0 0 0 5
0 43 4 2 4 5 5 5 2 4 2 4 5 4 5 5 3 3 5 0 0 0 4 5 2 2 2 5 5 2 5 5 5 4 5 2 5 0 0 5 0 5 0 0 0
0 36 6 6 6 6 6 6 6 6 6 6 3 3 3 0 0 0 4 3 3 3 3 7 6 6 6 6 6 6 4 3 4 2 5 0 0 4
0 14 3 3 0 5 5 0 0 0 0 4 5 2 3 4
0 4 2 5 5 4
0 41 6 6 2 4 2 5 4 4 5 2 4 5 4 5 5 2 4 5 5 0 3 3 5 0 0 0 0 0 4 5 6 2 3 5 0 0 0 0 5 0 0
0 20 2 3 3 3 3 4 5 4 6 3 5 0 0 0 0 0 4 5 2 3
0 9 2 4 4 2 2 4 2 4 4
0 5 6 2 3 3 5
0 9 6 2 4 5 2 3 3 3 4
0 19 4 6 3 3 3 3 3 4 5 2 4 5 2 4 5 5 5 2 5
0 12 2 5 5 5 2 4 2 5 2 5 5 0
0 13 2 5 4 2 5 4 2 5 4 4 4 4 4
0 23 6 2 3 5 0 0 5 0 0 0 0 0 5 0 0 0 0 5 0 0 0 0 0
0 11 6 2 5 5 0 0 0 0 5 0 3
0 34 2 4 5 4 3 3 3 0 4 3 3 3 5 6 6 6 6 3 3 3 0 6 0 4 4 4 3 3 3 3 3 2 0 4
0 35 4 2 4 5 5 5 2 4 2 4 5 4 5 5 3 3 5 0 0 0 4 5 2 2 2 5 5 2 5 5 5 4 5 2 5
0 9 6 5 0 0 4 5 4 2 5
0 24 6 2 5 0 3 3 3 5 0 0 0 0 0 4 5 4 2 5 5 2 5 5 5 4
0 12 6 2 5 5 0 0 0 0 5 0 3 4
0 49 2 3 3 5 0 0 3 4 5 3 3 3 3 3 5 4 3 3 3 0 6 0 4 6 4 3 3 3 3 0 0 0 6 5 3 5 0 0 0 4 5 2 5 0 0 0 3 5 4
0 24 2 5 0 0 0 0 3 5 0 0 3 4 5 2 3 3 5 0 0 0 0 5 0 0
0 37 5 3 3 3 4 5 2 5 4 4 4 2 2 3 5 0 0 0 0 5 4 5 6 2 5 5 4 4 5 2 4 5 5 5 2 4 4
0 21 4 6 3 3 3 3 3 4 5 2 4 5 2 4 5 5 5 2 5 5 4
0 24 5 3 5 0 0 0 0 5 0 0 0 4 5 5 2 5 4 4 5 4 2 5 4 2
0 19 5 3 3 3 4 5 2 5 4 4 4 2 2 3 5 0 0 0 0
0 25 6 2 5 5 0 0 0 0 5 0 3 4 5 2 5 0 0 0 5 0 0 0 3 3 4
0 11 5 4 5 2 2 2 4 5 4 2 3
0 14 2 2 4 4 4 4 2 5 4 5 5 2 4 4
0 69 4 3 3 2 0 4 4 4 3 3 0 6 6 6 6 6 6 6 6 6 6 3 3 3 2 0 4 4 4 3 3 3 3 3 5 6 6 2 5 0 0 5 0 0 0 0 4 5 6 6 6 6 6 6 6 6 0 0 4 3 3 5 4 3 3 3 2 0 4
0 4 2 2 5 5
0 4 2 5 5 5
0 12 5 0 0 4 5 6 5 4 5 2 3 3
0 18 2 5 0 0 0 0 3 5 0 0 5 0 0 0 0 0 5 0
0 7 5 6 2 5 3 5 0
0 57 2 4 5 4 5 5 2 4 5 5 5 2 4 5 4 3 5 0 0 0 4 5 2 5 4 4 4 4 2 2 3 5 0 0 0 3 5 0 0 5 0 0 0 0 0 4 5 6 2 2 5 4 4 2 5 4 4
0 6 2 2 4 4 4 4
0 7 2 5 5 0 0 0 4
0 12 6 5 5 0 0 0 0 5 4 5 2 4
0 20 2 5 5 5 5 2 4 4 5 4 2 5 3 5 0 3 5 0 0 4
0 9 6 3 5 5 4 5 6 2 5
0 28 6 5 0 5 0 0 0 3 3 3 4 5 2 5 5 0 5 0 0 5 0 0 0 4 5 2 3 3
0 25 2 3 3 5 0 0 4 5 2 5 0 3 5 5 0 0 0 0 0 4 5 2 5 3 4
0 13 4 6 3 5 0 0 0 0 4 5 2 4 2
0 15 6 2 5 5 0 0 0 0 5 0 3 4 5 2 5
0 6 6 2 4 2 2 2
0 39 2 4 5 4 5 5 2 4 5 5 5 2 4 5 4 3 5 0 0 0 4 5 2 5 4 4 4 4 2 2 3 5 0 0 0 3 5 0 0
0 6 2 5 5 0 0 0
0 14 5 4 3 3 0 0 0 0 2 5 5 0 0 0
0 28 6 5 5 3 4 5 2 5 4 4 2 2 4 2 4 2 5 5 5 5 3 5 0 0 0 0 5 0
0 20 6 2 5 5 0 0 0 0 5 0 3 4 5 2 5 0 0 0 5 0
0 7 2 3 3 5 0 0 0
0 28 4 2 4 5 5 5 2 4 2 4 5 4 5 5 3 3 5 0 0 0 4 5 2 2 2 5 5 2
0 15 2 3 3 5 0 0 4 5 2 5 0 3 5 5 0
0 23 5 4 3 3 0 0 0 0 2 5 5 0 0 0 0 0 3 5 0 0 0 0 0
0 55 2 4 5 4 5 5 2 4 5 5 5 2 4 5 4 3 5 0 0 0 4 5 2 5 4 4 4 4 2 2 3 5 0 0 0 3 5 0 0 5 0 0 0 0 0 4 5 6 2 2 5 4 4 2 5
0 15 2 5 2 5 5 4 4 2 5 4 2 5 4 4 4
0 19 2 5 0 0 0 3 5 0 0 5 0 0 0 3 4 5 2 2 4
0 53 4 3 3 3 0 6 0 4 6 6 6 3 3 3 3 3 0 6 0 4 6 3 3 5 6 6 6 6 3 5 6 6 6 6 6 6 6 6 6 6 3 3 3 3 2 0 4 6 2 5 0 0 0
0 19 2 5 0 0 5 0 0 0 0 4 5 2 5 0 5 0 0 0 0
0 10 6 2 3 3 5 3 4 5 2 5
0 36 2 5 0 0 0 3 5 0 0 5 0 0 0 3 4 5 2 2 4 5 5 2 4 2 5 0 0 0 0 0 5 0 0 0 5 0
0 29 2 5 0 0 0 0 3 5 0 0 3 4 5 2 3 3 5 0 0 0 0 5 0 0 0 0 0 5 0
0 30 2 5 0 0 0 0 3 5 0 0 3 4 5 2 3 3 5 0 0 0 0 5 0 0 0 0 0 5 0 0
0 41 4 3 3 2 0 4 4 4 3 3 0 6 6 6 6 6 6 6 6 6 6 3 3 3 2 0 4 4 4 3 3 3 3 3 5 6 6 2 5 0 0
0 12 6 2 4 4 5 2 5 2 4 4 2 5
0 37 2 3 3 3 3 5 0 0 0 0 4 5 2 5 5 5 4 5 5 0 0 0 3 3 4 5 6 2 4 4 5 4 4 2 5 4 4
0 4 2 4 2 4
0 27 2 5 0 0 0 4 5 6 5 0 0 5 0 0 0 5 0 0 5 0 0 0 4 5 2 5 5
0 13 2 5 4 4 4 4 3 3 5 0 0 0 0
0 22 4 5 6 2 3 4 5 2 5 4 4 5 5 2 2 2 5 3 3 5 0 3
0 29 2 4 4 5 5 5 2 5 5 4 4 5 2 5 5 4 2 4 4 5 3 5 3 3 4 5 2 3 3
0 18 6 3 5 5 4 5 6 2 5 0 0 0 0 5 0 5 0 3
0 12 2 3 5 0 5 0 0 0 0 5 0 0
0 21 2 5 0 0 0 0 3 5 0 0 5 0 0 0 0 0 5 0 0 0 0
0 14 2 5 5 4 2 4 4 4 2 2 5 5 5 4
0 18 4 6 3 5 0 0 0 0 4 5 2 4 2 5 5 5 4 4
0 14 2 5 4 4 2 2 4 5 4 4 2 4 2 3
0 7 2 2 5 5 5 5 5
0 9 2 4 4 3 5 0 0 0 0
0 19 6 2 3 5 0 0 5 0 0 0 0 0 5 0 0 0 0 5 0
0 9 4 2 5 4 5 2 5 5 4
0 23 2 5 0 0 5 0 0 0 0 4 5 2 5 0 5 0 0 0 0 5 0 0 0
0 14 4 6 3 3 3 3 3 4 5 2 4 5 2 4
0 56 2 4 4 5 4 5 2 5 5 5 2 5 4 5 5 5 2 5 5 4 5 4 5 6 6 6 6 6 6 6 6 3 3 0 0 0 0 0 4 5 4 3 0 0 0 2 3 5 0 0 0 0 0 5 0 0
0 16 2 5 0 0 5 0 0 0 0 4 5 2 5 0 5 0
0 7 5 4 5 2 2 2 4
0 24 5 4 3 3 0 0 0 0 2 5 5 0 0 0 0 0 3 5 0 0 0 0 0 4
0 32 6 5 5 3 4 5 2 5 4 4 2 2 4 2 4 2 5 5 5 5 3 5 0 0 0 0 5 0 5 0 0 0
0 15 3 4 5 2 5 0 0 5 0 0 0 5 0 0 3
0 13 5 0 0 4 5 6 5 4 5 2 3 3 4
0 33 2 4 4 5 5 5 2 5 5 4 4 5 2 5 5 4 2 4 4 5 3 5 3 3 4 5 2 3 3 5 0 3 4
0 22 2 5 4 2 4 5 4 3 3 3 4 5 5 2 5 0 0 0 3 3 3 4
0 8 5 6 2 5 3 5 0 3
0 35 3 3 3 3 6 6 3 5 6 4 3 0 0 0 0 0 4 3 3 3 3 7 4 3 3 0 6 0 4 4 2 4 5 2 5
0 7 2 4 4 2 2 4 2
0 10 2 5 4 4 4 4 3 3 5 0
0 4 2 4 4 3
0 13 2 2 5 5 5 5 5 2 2 4 2 4 4
0 11 5 3 3 3 4 5 2 5 4 4 4
0 30 2 4 5 4 5 5 2 4 5 5 5 2 4 5 4 3 5 0 0 0 4 5 2 5 4 4 4 4 2 2
0 17 4 6 2 5 5 2 4 5 5 5 5 2 5 5 0 0 0
0 67 2 4 5 4 3 3 3 0 4 3 3 3 5 6 6 6 6 3 3 3 0 6 0 4 4 4 3 3 3 3 3 2 0 4 6 4 3 2 0 4 4 2 5 2 4 5 4 2 5 4 5 5 5 2 4 5 2 5 4 3 3 3 5 0 0 0 4
0 39 6 6 2 4 2 5 4 4 5 2 4 5 4 5 5 2 4 5 5 0 3 3 5 0 0 0 0 0 4 5 6 2 3 5 0 0 0 0 5
0 17 2 3 5 0 5 0 0 0 0 5 0 0 5 0 0 0 0
0 4 6 2 4 2
0 44 2 5 4 2 5 4 2 5 4 4 4 4 4 5 6 3 5 0 5 0 4 5 4 3 3 3 3 3 5 6 6 6 6 6 6 6 6 3 3 3 5 2 5 0
0 40 2 5 0 0 0 0 3 5 0 0 3 4 5 2 3 3 5 0 0 0 0 5 0 0 0 0 0 5 0 0 4 5 5 3 4 5 5 2 5 0
0 19 2 4 5 4 3 3 3 3 0 0 4 3 3 3 3 3 2 0 4
0 42 3 3 3 3 6 6 3 5 6 4 3 0 0 0 0 0 4 3 3 3 3 7 4 3 3 0 6 0 4 4 2 4 5 2 5 3 5 0 0 0 0 5
0 7 6 2 3 3 5 3 4
0 13 6 2 3 4 5 5 5 3 4 5 2 5 2
0 37 6 6 2 4 2 5 4 4 5 2 4 5 4 5 5 2 4 5 5 0 3 3 5 0 0 0 0 0 4 5 6 2 3 5 0 0 0
0 12 2 5 2 5 5 4 4 2 5 4 2 5
0 20 5 0 0 0 5 0 0 0 3 3 3 4 5 2 5 5 5 5 2 2
0 9 2 4 4 5 5 5 2 5 5
0 19 2 4 4 5 5 5 2 5 5 4 4 5 2 5 5 4 2 4 4
0 15 6 3 5 5 4 5 6 2 5 0 0 0 0 5 0
0 45 6 6 2 4 2 5 4 4 5 2 4 5 4 5 5 2 4 5 5 0 3 3 5 0 0 0 0 0 4 5 6 2 3 5 0 0 0 0 5 0 0 0 0 0 5
0 22 2 5 4 4 2 2 4 5 4 4 2 4 2 3 5 0 0 0 4 5 2 4
0 26 6 2 4 4 5 4 2 2 4 5 5 5 3 5 0 0 0 4 5 2 3 3 5 5 0 0
0 8 6 2 5 5 0 0 0 0
0 45 2 3 3 5 0 0 3 4 5 3 3 3 3 3 5 4 3 3 3 0 6 0 4 6 4 3 3 3 3 0 0 0 6 5 3 5 0 0 0 4 5 2 5 0 0
0 5 2 2 4 4 4
0 16 2 2 5 5 5 5 5 2 2 4 2 4 4 4 4 3
0 46 2 5 4 2 5 4 2 5 4 4 4 4 4 5 6 3 5 0 5 0 4 5 4 3 3 3 3 3 5 6 6 6 6 6 6 6 6 3 3 3 5 2 5 0 0 0
0 3 2 5 2
0 25 6 4 3 3 3 3 5 3 3 3 0 6 0 4 6 4 3 3 3 3 4 3 2 0 4
0 19 2 5 5 5 5 2 4 4 5 4 2 5 3 5 0 3 5 0 0
0 11 2 3 3 3 3 4 5 2 5 0 0
0 9 6 2 5 0 0 0 5 0 0
0 16 6 4 2 4 5 5 4 5 2 5 3 5 0 0 0 0
0 10 6 2 5 0 3 3 3 5 0 0
0 21 2 5 4 2 4 5 4 3 3 3 4 5 5 2 5 0 0 0 3 3 3
0 6 4 2 4 4 2 4
0 55 2 4 4 5 4 5 2 5 5 5 2 5 4 5 5 5 2 5 5 4 5 4 5 6 6 6 6 6 6 6 6 3 3 0 0 0 0 0 4 5 4 3 0 0 0 2 3 5 0 0 0 0 0 5 0
0 18 2 5 2 4 4 4 5 2 4 4 5 2 4 2 5 4 4 4
0 7 6 2 5 0 0 0 5
0 14 2 5 5 5 2 4 2 5 2 5 5 0 5 0
0 19 3 5 0 0 0 0 0 3 5 0 0 0 0 0 4 5 2 5 0
0 16 6 2 4 4 5 2 5 2 4 4 2 5 3 5 0 0
0 22 2 5 0 0 0 0 3 5 0 0 5 0 0 0 0 0 5 0 0 0 0 4
0 21 2 3 3 3 3 4 5 4 6 3 5 0 0 0 0 0 4 5 2 3 5
0 8 2 4 4 3 5 0 0 0
0 31 2 5 4 5 5 5 5 0 0 0 5 0 0 0 0 3 3 5 0 0 4 5 2 3 5 0 0 0 3 5 0
0 27 2 5 4 4 4 4 3 3 5 0 0 0 0 0 5 4 5 4 2 5 5 2 2 2 5 4 4
0 6 2 5 2 4 3 4
0 34 6 5 0 0 3 4 5 4 3 3 3 3 3 2 0 4 4 3 3 3 0 0 6 6 6 6 7 4 2 3 5 0 0 3
0 17 5 3 3 3 4 5 2 5 4 4 4 2 2 3 5 0 0
0 11 4 3 3 3 3 0 0 2 4 4 4
0 24 2 4 5 4 5 5 2 4 5 5 5 2 4 5 4 3 5 0 0 0 4 5 2 5
0 31 2 4 5 4 3 3 3 3 0 0 4 3 3 3 3 3 2 0 4 4 4 3 3 3 3 3 0 4 3 2 3
0 23 2 5 4 4 4 4 3 3 5 0 0 0 0 0 5 4 5 4 2 5 5 2 2
0 27 2 5 4 5 5 5 5 0 0 0 5 0 0 0 0 3 3 5 0 0 4 5 2 3 5 0 0
0 6 2 5 3 3 3 4
0 33 2 3 3 3 3 4 5 4 6 3 5 0 0 0 0 0 4 5 2 3 5 0 3 5 0 5 0 0 4 5 2 3 4
0 42 6 3 5 0 0 0 0 0 4 5 6 3 5 0 0 0 0 5 0 0 0 0 3 4 5 2 4 5 2 5 5 5 4 4 2 4 4 5 5 2 5 5
0 9 2 5 2 5 5 4 4 2 5
0 30 5 0 0 0 0 3 3 4 5 3 3 6 6 6 6 6 6 3 3 3 3 0 0 0 0 2 5 0 0 0
0 33 5 6 6 6 6 6 6 6 6 6 6 3 3 0 6 6 6 6 6 6 6 6 3 5 3 3 3 3 5 6 2 3 4
0 20 4 5 6 2 3 4 5 2 5 4 4 5 5 2 2 2 5 3 3 5
0 11 2 2 5 5 5 5 5 2 2 4 2
0 12 2 4 4 3 5 0 0 0 0 0 5 0
0 33 6 6 6 6 6 6 6 6 6 6 3 3 3 0 0 0 4 3 3 3 3 7 6 6 6 6 6 6 4 3 4 2 5
0 43 6 6 2 4 2 5 4 4 5 2 4 5 4 5 5 2 4 5 5 0 3 3 5 0 0 0 0 0 4 5 6 2 3 5 0 0 0 0 5 0 0 0 0
0 10 4 2 4 4 2 4 5 2 4 4
0 7 2 5 4 4 4 4 3
0 59 2 4 5 4 5 5 2 4 5 5 5 2 4 5 4 3 5 0 0 0 4 5 2 5 4 4 4 4 2 2 3 5 0 0 0 3 5 0 0 5 0 0 0 0 0 4 5 6 2 2 5 4 4 2 5 4 4 4 3
0 13 4 3 3 3 3 0 0 2 4 4 4 2 5
0 18 2 4 4 5 5 5 2 5 5 4 4 5 2 5 5 4 2 4
0 65 2 4 5 4 3 3 3 0 4 3 3 3 5 6 6 6 6 3 3 3 0 6 0 4 4 4 3 3 3 3 3 2 0 4 6 4 3 2 0 4 4 2 5 2 4 5 4 2 5 4 5 5 5 2 4 5 2 5 4 3 3 3 5 0 0
0 13 2 5 4 4 5 4 2 5 2 5 4 2 2
0 10 6 2 5 5 0 0 0 0 5 0
0 14 2 5 0 0 0 3 5 0 0 5 0 0 0 3
0 22 4 2 5 4 5 2 5 5 4 5 4 2 5 3 3 5 0 0 4 5 2 4
0 5 2 5 4 2 4
0 28 6 4 3 3 3 3 5 3 3 3 0 6 0 4 6 4 3 3 3 3 4 3 2 0 4 4 2 3
0 16 2 5 2 4 4 4 5 2 4 4 5 2 4 2 5 4
0 4 2 3 3 5
0 13 2 5 0 0 5 0 0 0 0 4 5 2 5
0 16 2 3 3 3 3 4 5 2 5 0 0 4 5 2 5 5
0 5 4 2 4 4 2
0 11 2 5 5 4 2 4 4 4 2 2 5
0 12 6 2 5 0 3 3 3 5 0 0 0 0
0 37 6 5 0 3 3 3 4 5 6 6 6 6 6 6 6 6 5 6 6 6 6 6 6 3 0 0 0 0 0 4 3 3 3 3 2 0 4
0 33 6 5 5 3 4 5 2 5 4 4 2 2 4 2 4 2 5 5 5 5 3 5 0 0 0 0 5 0 5 0 0 0 5
0 18 3 5 0 0 0 0 0 3 5 0 0 0 0 0 4 5 2 5
0 15 6 2 4 4 5 2 5 4 4 4 5 4 5 2 5
0 15 4 3 3 3 3 0 0 2 4 4 4 2 5 4 4
0 25 2 3 3 3 3 4 5 4 6 3 5 0 0 0 0 0 4 5 2 3 5 0 3 5 0
0 14 4 2 4 4 2 4 5 2 4 4 4 2 5 4
0 8 5 5 0 4 5 2 5 0
0 6 5 6 2 5 3 5
0 7 2 3 5 0 0 3 4
0 10 2 5 5 4 2 4 4 4 2 2
0 17 2 5 5 5 2 4 2 5 2 5 5 0 5 0 0 0 0
0 19 5 4 3 3 0 0 0 0 2 5 5 0 0 0 0 0 3 5 0
0 22 6 5 5 3 4 5 2 5 4 4 2 2 4 2 4 2 5 5 5 5 3 5
0 29 2 5 0 0 0 3 5 0 0 5 0 0 0 3 4 5 2 2 4 5 5 2 4 2 5 0 0 0 0
0 11 2 5 2 5 5 4 4 2 5 4 2
0 17 6 5 2 2 2 4 5 5 4 4 2 2 3 5 0 0 0
0 39 2 5 0 0 0 0 3 5 0 0 3 4 5 2 3 3 5 0 0 0 0 5 0 0 0 0 0 5 0 0 4 5 5 3 4 5 5 2 5
0 25 6 5 5 3 4 5 2 5 4 4 2 2 4 2 4 2 5 5 5 5 3 5 0 0 0
0 31 2 4 5 4 5 5 2 4 5 5 5 2 4 5 4 3 5 0 0 0 4 5 2 5 4 4 4 4 2 2 3
0 16 2 5 4 2 4 5 4 3 3 3 4 5 5 2 5 0
0 8 6 2 3 5 0 0 5 0
0 23 2 3 3 3 3 4 5 4 6 3 5 0 0 0 0 0 4 5 2 3 5 0 3
0 17 6 6 2 4 2 5 4 4 5 2 4 5 4 5 5 2 4
0 6 6 4 5 2 5 5
0 12 6 2 3 3 5 3 4 5 2 5 0 0
0 11 6 3 5 0 5 3 3 4 5 2 5
0 8 2 5 5 5 2 4 2 5
0 51 2 4 4 5 4 5 2 5 5 5 2 5 4 5 5 5 2 5 5 4 5 4 5 6 6 6 6 6 6 6 6 3 3 0 0 0 0 0 4 5 4 3 0 0 0 2 3 5 0 0 0
0 12 6 5 5 3 4 5 2 5 4 4 2 2
0 14 2 2 5 5 5 5 5 2 2 4 2 4 4 4
0 24 2 5 5 5 5 2 4 4 5 4 2 5 3 5 0 3 5 0 0 4 5 5 2 4
0 58 2 4 5 4 5 5 2 4 5 5 5 2 4 5 4 3 5 0 0 0 4 5 2 5 4 4 4 4 2 2 3 5 0 0 0 3 5 0 0 5 0 0 0 0 0 4 5 6 2 2 5 4 4 2 5 4 4 4
0 25 6 2 4 4 5 4 2 2 4 5 5 5 3 5 0 0 0 4 5 2 3 3 5 5 0
0 21 5 4 3 3 0 0 0 0 2 5 5 0 0 0 0 0 3 5 0 0 0
0 38 6 4 3 3 3 3 5 3 3 3 0 6 0 4 6 4 3 3 3 3 4 3 2 0 4 4 2 3 3 5 0 0 5 0 0 0 0 3
0 43 2 5 4 2 5 4 2 5 4 4 4 4 4 5 6 3 5 0 5 0 4 5 4 3 3 3 3 3 5 6 6 6 6 6 6 6 6 3 3 3 5 2 5
0 30 2 5 2 5 5 4 4 2 5 4 2 5 4 4 4 5 0 0 3 4 5 6 3 4 5 2 5 4 4 4
0 32 6 5 0 0 3 4 5 4 3 3 3 3 3 2 0 4 4 3 3 3 0 0 6 6 6 6 7 4 2 3 5 0
0 17 2 2 5 5 5 5 5 2 2 4 2 4 4 4 4 3 4
0 10 4 3 3 3 3 0 0 2 4 4
0 5 6 2 5 0 0
0 15 4 6 3 5 0 0 0 0 4 5 2 4 2 5 5
0 9 2 3 3 3 3 4 5 2 5
0 12 2 5 0 0 0 0 3 5 0 0 5 0
0 26 4 2 4 5 5 5 2 4 2 4 5 4 5 5 3 3 5 0 0 0 4 5 2 2 2 5
0 8 2 5 2 5 5 4 4 2
0 21 2 5 0 0 0 0 3 5 0 0 3 4 5 2 3 3 5 0 0 0 0
0 22 5 0 0 0 5 0 0 0 3 3 3 4 5 2 5 5 5 5 2 2 2 4
0 8 6 6 2 4 2 5 4 4
0 10 6 3 4 5 2 3 3 5 0 0
0 34 2 5 2 5 5 4 4 2 5 4 2 5 4 4 4 5 0 0 3 4 5 6 3 4 5 2 5 4 4 4 4 2 5 4
0 16 2 5 5 5 5 2 4 4 5 4 2 5 3 5 0 3
0 44 6 3 5 0 0 0 0 0 4 5 6 3 5 0 0 0 0 5 0 0 0 0 3 4 5 2 4 5 2 5 5 5 4 4 2 4 4 5 5 2 5 5 5 0
0 18 2 5 0 0 0 0 3 5 0 0 3 4 5 2 3 3 5 0
0 18 4 2 4 4 2 4 5 2 4 4 4 2 5 4 4 3 3 4
0 12 2 5 0 0 0 0 3 5 0 0 3 4
0 8 6 4 5 2 5 4 4 4
0 5 6 2 3 5 0
0 36 2 5 2 4 3 4 5 6 6 6 6 6 6 3 3 3 3 2 0 4 6 6 6 6 6 6 6 3 3 5 2 2 2 4 4 4
0 10 2 5 0 0 0 3 5 0 0 5
0 17 5 4 3 3 0 0 0 0 2 5 5 0 0 0 0 0 3
0 18 2 5 5 5 2 4 2 5 2 5 5 0 5 0 0 0 0 0
0 9 4 6 6 2 3 5 5 0 5
0 8 4 2 4 5 5 5 2 4
0 16 2 5 4 4 4 4 3 3 5 0 0 0 0 0 5 4
0 9 2 4 4 5 4 5 2 5 5
0 14 2 5 4 4 5 4 2 5 2 5 4 2 2 5
0 16 6 5 2 2 2 4 5 5 4 4 2 2 3 5 0 0
0 17 6 3 4 5 2 3 3 5 0 0 0 3 4 5 2 3 4
0 5 2 5 5 5 5
0 14 2 4 4 3 5 0 0 0 0 0 5 0 0 0
0 47 4 2 4 5 5 5 2 4 2 4 5 4 5 5 3 3 5 0 0 0 4 5 2 2 2 5 5 2 5 5 5 4 5 2 5 0 0 5 0 5 0 0 0 0 0 5 0
0 6 2 5 0 0 5 0
0 11 2 5 0 0 0 3 5 0 0 5 0
0 8 2 4 4 5 4 5 2 5
0 15 2 5 0 0 0 3 5 0 0 5 0 0 0 3 4
0 5 2 5 2 5 5
0 7 6 4 5 2 5 4 4
0 40 2 4 5 4 3 3 3 0 4 3 3 3 5 6 6 6 6 3 3 3 0 6 0 4 4 4 3 3 3 3 3 2 0 4 6 4 3 2 0 4
0 5 2 4 4 3 5
0 4 6 6 2 4
0 14 6 2 4 4 5 2 5 2 4 4 2 5 3 5
0 7 2 3 3 5 0 0 3
0 17 6 2 5 5 0 0 0 0 5 0 3 4 5 2 5 0 0
0 11 6 3 4 5 2 3 3 5 0 0 0
0 13 6 4 5 2 5 5 4 2 4 5 4 2 5
0 37 2 5 2 4 3 4 5 6 6 6 6 6 6 3 3 3 3 2 0 4 6 6 6 6 6 6 6 3 3 5 2 2 2 4 4 4 2
0 16 5 3 5 0 0 0 0 5 0 0 0 4 5 5 2 5
0 45 4 2 4 5 5 5 2 4 2 4 5 4 5 5 3 3 5 0 0 0 4 5 2 2 2 5 5 2 5 5 5 4 5 2 5 0 0 5 0 5 0 0 0 0 0
0 10 2 5 0 0 5 0 0 0 0 4
0 16 6 3 5 0 5 3 3 4 5 2 5 3 4 5 2 3
0 8 6 5 5 3 4 5 2 5
0 33 2 5 2 5 5 4 4 2 5 4 2 5 4 4 4 5 0 0 3 4 5 6 3 4 5 2 5 4 4 4 4 2 5
0 12 6 6 6 6 6 6 3 3 3 2 0 4
0 31 2 5 5 4 5 2 5 4 5 4 2 4 5 5 4 3 4 5 6 6 6 6 6 6 3 3 3 0 0 2 5
0 31 2 5 0 0 0 3 5 0 0 5 0 0 0 3 4 5 2 2 4 5 5 2 4 2 5 0 0 0 0 0 5
0 13 3 4 5 2 5 0 0 5 0 0 0 5 0
0 6 2 2 5 5 2 2
0 28 5 3 3 3 4 5 2 5 4 4 4 2 2 3 5 0 0 0 0 5 4 5 6 2 5 5 4 4
0 31 6 2 5 5 0 0 0 0 5 0 3 4 5 2 5 0 0 0 5 0 0 0 3 3 4 5 2 3 3 3 5
0 12 2 5 5 5 5 2 4 4 5 4 2 5
0 3 2 3 4
0 34 2 5 2 4 3 4 5 6 6 6 6 6 6 3 3 3 3 2 0 4 6 6 6 6 6 6 6 3 3 5 2 2 2 4
0 15 2 4 4 3 5 0 0 0 0 0 5 0 0 0 3
0 14 6 2 3 3 5 3 4 5 2 5 0 0 3 4
0 12 2 5 5 4 2 4 4 4 2 2 5 5
0 15 2 5 0 0 0 0 3 5 0 0 3 4 5 2 3
0 26 6 5 5 3 4 5 2 5 4 4 2 2 4 2 4 2 5 5 5 5 3 5 0 0 0 0
0 23 2 3 3 5 0 0 4 5 2 5 0 3 5 5 0 0 0 0 0 4 5 2 5
0 37 3 3 3 3 6 6 3 5 6 4 3 0 0 0 0 0 4 3 3 3 3 7 4 3 3 0 6 0 4 4 2 4 5 2 5 3 5
0 13 5 4 3 3 0 0 0 0 2 5 5 0 0
0 12 2 5 0 0 0 3 5 0 0 5 0 0
0 22 6 2 4 4 5 2 5 4 4 4 5 4 5 2 5 0 0 0 0 0 5 0
0 17 6 2 4 4 5 2 5 4 4 4 5 4 5 2 5 0 0
0 40 4 3 3 2 0 4 4 4 3 3 0 6 6 6 6 6 6 6 6 6 6 3 3 3 2 0 4 4 4 3 3 3 3 3 5 6 6 2 5 0
0 46 4 2 4 5 5 5 2 4 2 4 5 4 5 5 3 3 5 0 0 0 4 5 2 2 2 5 5 2 5 5 5 4 5 2 5 0 0 5 0 5 0 0 0 0 0 5
0 24 6 2 4 4 5 4 2 2 4 5 5 5 3 5 0 0 0 4 5 2 3 3 5 5
0 6 2 5 0 0 0 4
0 8 2 5 4 2 5 4 2 5
0 12 2 4 4 5 4 5 2 5 5 5 2 5
0 12 6 4 5 2 5 4 4 4 5 2 4 4
0 43 6 5 0 0 3 4 5 4 3 3 3 3 3 2 0 4 4 3 3 3 0 0 6 6 6 6 7 4 2 3 5 0 0 3 5 0 0 0 0 4 5 2 3
0 28 2 5 0 0 0 0 3 5 0 0 3 4 5 2 3 3 5 0 0 0 0 5 0 0 0 0 0 5
0 8 4 6 6 2 3 5 5 0
0 6 6 2 5 5 0 0
0 3 4 2 4
0 16 4 6 3 5 0 0 0 0 4 5 2 4 2 5 5 5
0 28 2 5 0 0 0 3 5 0 0 5 0 0 0 3 4 5 2 2 4 5 5 2 4 2 5 0 0 0
0 6 4 6 4 5 2 4
0 4 5 6 2 5
0 10 4 6 6 2 3 5 5 0 5 4
0 8 2 2 5 5 5 5 5 2
0 17 5 0 0 0 5 0 0 0 3 3 3 4 5 2 5 5 5
0 7 2 5 0 0 0 0 3
0 15 6 3 5 0 0 0 3 4 5 6 6 2 5 3 3
0 24 6 5 0 5 0 0 0 3 3 3 4 5 2 5 5 0 5 0 0 5 0 0 0 4
0 16 6 3 5 5 4 5 6 2 5 0 0 0 0 5 0 5
0 22 3 5 0 0 0 0 0 3 5 0 0 0 0 0 4 5 2 5 0 0 0 0
0 30 6 5 5 3 4 5 2 5 4 4 2 2 4 2 4 2 5 5 5 5 3 5 0 0 0 0 5 0 5 0
0 6 6 6 2 4 2 5
0 36 2 5 5 4 5 2 5 4 5 4 2 4 5 5 4 3 4 5 6 6 6 6 6 6 3 3 3 0 0 2 5 0 0 0 0 0
0 8 2 4 5 4 5 5 2 4
0 37 2 4 5 4 5 5 2 4 5 5 5 2 4 5 4 3 5 0 0 0 4 5 2 5 4 4 4 4 2 2 3 5 0 0 0 3 5
0 13 4 2 5 4 5 2 5 5 4 5 4 2 5
0 14 4 2 5 4 5 2 5 5 4 5 4 2 5 3
0 13 2 3 3 5 0 0 4 5 2 5 0 3 5
0 8 6 2 5 0 3 3 3 5
0 5 6 2 5 0 3
0 25 6 2 4 4 5 2 5 4 4 4 5 4 5 2 5 0 0 0 0 0 5 0 3 3 4
0 38 2 3 3 3 3 5 0 0 0 0 4 5 2 5 5 5 4 5 5 0 0 0 3 3 4 5 6 2 4 4 5 4 4 2 5 4 4 2
0 15 2 5 4 2 4 5 4 3 3 3 4 5 5 2 5
0 7 4 2 5 4 5 2 5
0 5 6 2 3 3 4
0 12 5 4 3 3 0 0 0 0 2 5 5 0
0 10 6 2 3 5 0 0 0 0 0 4
0 44 2 3 3 5 0 0 3 4 5 3 3 3 3 3 5 4 3 3 3 0 6 0 4 6 4 3 3 3 3 0 0 0 6 5 3 5 0 0 0 4 5 2 5 0
0 21 6 5 5 3 4 5 2 5 4 4 2 2 4 2 4 2 5 5 5 5 3
0 7 2 5 5 4 2 4 4
0 4 6 4 2 4
0 31 5 3 5 0 0 0 0 5 0 0 0 4 5 5 2 5 4 4 5 4 2 5 4 2 5 4 5 4 4 2 4
0 18 6 5 0 0 4 5 4 2 5 3 3 3 5 0 0 0 0 0
0 37 2 5 5 4 5 2 5 4 5 4 2 4 5 5 4 3 4 5 6 6 6 6 6 6 3 3 3 0 0 2 5 0 0 0 0 0 5
0 17 2 4 4 5 5 5 2 5 5 4 4 5 2 5 5 4 2
0 35 6 6 2 4 2 5 4 4 5 2 4 5 4 5 5 2 4 5 5 0 3 3 5 0 0 0 0 0 4 5 6 2 3 5 0
0 43 2 5 0 0 0 0 3 5 0 0 3 4 5 2 3 3 5 0 0 0 0 5 0 0 0 0 0 5 0 0 4 5 5 3 4 5 5 2 5 0 0 0 3
0 15 4 6 4 5 2 4 5 5 5 4 2 5 5 2 5
0 11 6 2 3 5 0 0 5 0 0 0 0
0 5 2 3 5 0 5
0 4 6 2 5 5
0 22 6 2 5 5 0 0 0 0 5 0 3 4 5 2 5 0 0 0 5 0 0 0
0 35 2 4 5 4 5 5 2 4 5 5 5 2 4 5 4 3 5 0 0 0 4 5 2 5 4 4 4 4 2 2 3 5 0 0 0
0 41 2 5 0 0 0 0 3 5 0 0 3 4 5 2 3 3 5 0 0 0 0 5 0 0 0 0 0 5 0 0 4 5 5 3 4 5 5 2 5 0 0
0 3 2 4 4
0 7 2 5 2 5 5 4 4
0 39 2 5 5 4 5 2 5 4 5 4 2 4 5 5 4 3 4 5 6 6 6 6 6 6 3 3 3 0 0 2 5 0 0 0 0 0 5 0 4
0 10 2 5 4 4 5 4 2 5 2 5
0 33 6 6 2 4 2 5 4 4 5 2 4 5 4 5 5 2 4 5 5 0 3 3 5 0 0 0 0 0 4 5 6 2 3
0 26 5 3 5 0 0 0 0 5 0 0 0 4 5 5 2 5 4 4 5 4 2 5 4 2 5 4
0 14 2 5 4 4 4 4 3 3 5 0 0 0 0 0
0 13 6 2 3 3 5 3 4 5 2 5 0 0 3
0 20 6 3 5 0 0 0 3 5 0 5 0 0 4 5 2 5 0 0 0 4
0 34 2 5 5 4 5 2 5 4 5 4 2 4 5 5 4 3 4 5 6 6 6 6 6 6 3 3 3 0 0 2 5 0 0 0
0 33 6 6 6 3 5 0 0 0 0 0 3 5 4 5 6 4 3 0 0 0 0 0 4 3 3 5 4 3 3 3 2 0 4
0 8 5 3 3 3 4 5 2 5
0 20 4 6 4 5 2 4 5 5 5 4 2 5 5 2 5 4 5 5 2 5
0 9 2 2 5 5 2 2 4 4 4
0 13 2 5 5 4 2 4 4 4 2 2 5 5 5
0 22 2 5 4 4 4 4 3 3 5 0 0 0 0 0 5 4 5 4 2 5 5 2
0 18 6 3 5 0 0 0 3 5 0 5 0 0 4 5 2 5 0 0
0 15 2 5 5 5 2 4 2 5 2 5 5 0 5 0 0
0 6 6 3 4 5 2 3
0 17 6 5 5 3 4 5 2 5 4 4 2 2 4 2 4 2 5
0 3 2 5 3
0 4 6 2 5 0
0 18 6 2 4 4 5 2 5 2 4 4 2 5 3 5 0 0 0 0
0 12 6 2 3 5 0 0 5 0 0 0 0 0
0 9 2 5 4 2 5 4 2 5 4
0 14 5 5 0 0 0 0 3 3 3 3 4 5 2 3
0 15 6 5 0 5 0 0 0 3 3 3 4 5 2 5 5
0 34 6 4 3 3 3 3 5 3 3 3 0 6 0 4 6 4 3 3 3 3 4 3 2 0 4 4 2 3 3 5 0 0 5 0
0 14 3 4 5 2 5 0 0 5 0 0 0 5 0 0
0 19 6 2 4 4 5 2 5 4 4 4 5 4 5 2 5 0 0 0 0
0 14 4 6 4 5 2 4 5 5 5 4 2 5 5 2
0 12 4 6 3 5 0 0 0 0 4 5 2 4
0 20 2 4 4 5 4 5 2 5 5 5 2 5 4 5 5 5 2 5 5 4
0 9 2 3 3 5 0 0 0 3 4
0 34 6 3 5 0 0 0 0 0 4 5 6 3 5 0 0 0 0 5 0 0 0 0 3 4 5 2 4 5 2 5 5 5 4 4
0 16 4 2 5 4 5 2 5 5 4 5 4 2 5 3 3 5
0 28 2 4 5 4 5 5 2 4 5 5 5 2 4 5 4 3 5 0 0 0 4 5 2 5 4 4 4 4
0 7 2 5 5 5 5 2 4
0 57 2 4 4 5 4 5 2 5 5 5 2 5 4 5 5 5 2 5 5 4 5 4 5 6 6 6 6 6 6 6 6 3 3 0 0 0 0 0 4 5 4 3 0 0 0 2 3 5 0 0 0 0 0 5 0 0 0
0 11 2 5 4 4 5 4 2 5 2 5 4
0 12 2 5 5 4 5 2 5 4 5 4 2 4
0 20 3 5 0 0 0 0 0 3 5 0 0 0 0 0 4 5 2 5 0 0
0 42 6 6 2 4 2 5 4 4 5 2 4 5 4 5 5 2 4 5 5 0 3 3 5 0 0 0 0 0 4 5 6 2 3 5 0 0 0 0 5 0 0 0
0 16 6 5 0 0 4 5 4 2 5 3 3 3 5 0 0 0
0 23 3 5 0 0 0 0 0 3 5 0 0 0 0 0 4 5 2 5 0 0 0 0 3
0 58 2 4 5 4 3 3 3 0 4 3 3 3 5 6 6 6 6 3 3 3 0 6 0 4 4 4 3 3 3 3 3 2 0 4 6 4 3 2 0 4 4 2 5 2 4 5 4 2 5 4 5 5 5 2 4 5 2 5
0 20 4 6 2 5 5 2 4 5 5 5 5 2 5 5 0 0 0 0 0 4
0 39 2 3 3 3 3 5 0 0 0 0 4 5 2 5 5 5 4 5 5 0 0 0 3 3 4 5 6 2 4 4 5 4 4 2 5 4 4 2 5
0 27 4 2 4 5 5 5 2 4 2 4 5 4 5 5 3 3 5 0 0 0 4 5 2 2 2 5 5
0 4 2 4 4 2
0 8 6 2 4 4 5 2 5 4
0 7 2 2 4 4 4 4 2
0 5 5 6 2 5 3
0 35 2 5 2 5 5 4 4 2 5 4 2 5 4 4 4 5 0 0 3 4 5 6 3 4 5 2 5 4 4 4 4 2 5 4 4
0 9 2 2 5 5 5 5 5 2 2
0 19 2 5 5 5 2 4 2 5 2 5 5 0 5 0 0 0 0 0 4
0 39 2 5 2 4 3 4 5 6 6 6 6 6 6 3 3 3 3 2 0 4 6 6 6 6 6 6 6 3 3 5 2 2 2 4 4 4 2 5 3
0 11 4 6 3 3 3 3 3 4 5 2 4
0 41 2 4 5 4 5 5 2 4 5 5 5 2 4 5 4 3 5 0 0 0 4 5 2 5 4 4 4 4 2 2 3 5 0 0 0 3 5 0 0 5 0
0 27 4 3 3 2 0 4 4 4 3 3 0 6 6 6 6 6 6 6 6 6 6 3 3 3 2 0 4
0 13 4 6 4 5 2 4 5 5 5 4 2 5 5
0 10 6 4 2 4 5 5 4 5 2 5
0 17 2 4 4 3 5 0 0 0 0 0 5 0 0 0 3 3 4
0 30 2 5 4 4 4 4 3 3 5 0 0 0 0 0 5 4 5 4 2 5 5 2 2 2 5 4 4 5 2 5
0 34 6 6 2 4 2 5 4 4 5 2 4 5 4 5 5 2 4 5 5 0 3 3 5 0 0 0 0 0 4 5 6 2 3 5
0 12 2 4 2 4 4 5 5 4 2 2 5 4
0 22 2 5 0 0 5 0 0 0 0 4 5 2 5 0 5 0 0 0 0 5 0 0
0 16 6 3 4 5 2 3 3 5 0 0 0 3 4 5 2 3
0 8 2 5 5 4 2 4 4 4
0 19 2 5 4 2 4 5 4 3 3 3 4 5 5 2 5 0 0 0 3
0 14 6 2 3 4 5 5 5 3 4 5 2 5 2 4
0 20 2 5 4 2 4 5 4 3 3 3 4 5 5 2 5 0 0 0 3 3
0 16 5 3 3 3 4 5 2 5 4 4 4 2 2 3 5 0
0 8 6 2 3 3 5 0 3 4
0 4 2 2 5 4
0 8 2 2 5 5 2 2 4 4
0 10 2 4 4 3 5 0 0 0 0 0
0 16 6 3 5 0 0 0 3 4 5 6 6 2 5 3 3 3
0 6 2 3 3 3 3 4
0 24 2 5 0 0 0 3 5 0 0 5 0 0 0 3 4 5 2 2 4 5 5 2 4 2
0 11 2 5 4 2 5 4 2 5 4 4 4
0 26 2 5 0 0 0 3 5 0 0 5 0 0 0 3 4 5 2 2 4 5 5 2 4 2 5 0
0 7 3 4 5 2 5 0 0
0 15 2 3 3 3 3 5 0 0 0 0 4 5 2 5 5
0 18 6 5 2 2 2 4 5 5 4 4 2 2 3 5 0 0 0 0
0 23 5 3 5 0 0 0 0 5 0 0 0 4 5 5 2 5 4 4 5 4 2 5 4
0 23 6 5 0 5 0 0 0 3 3 3 4 5 2 5 5 0 5 0 0 5 0 0 0
0 7 2 5 0 0 5 0 0
0 8 6 3 4 5 2 3 3 5
0 21 2 5 4 4 4 4 3 3 5 0 0 0 0 0 5 4 5 4 2 5 5
0 14 4 6 2 5 5 2 4 5 5 5 5 2 5 5
0 10 2 3 3 3 3 4 5 2 5 0
0 4 2 3 5 0
0 10 6 5 5 3 4 5 2 5 4 4
0 15 2 3 3 3 3 4 5 2 5 0 0 4 5 2 5
0 26 2 5 0 0 0 0 3 5 0 0 3 4 5 2 3 3 5 0 0 0 0 5 0 0 0 0
0 37 4 2 4 5 5 5 2 4 2 4 5 4 5 5 3 3 5 0 0 0 4 5 2 2 2 5 5 2 5 5 5 4 5 2 5 0 0
0 51 4 3 3 3 0 6 0 4 6 6 6 3 3 3 3 3 0 6 0 4 6 3 3 5 6 6 6 6 3 5 6 6 6 6 6 6 6 6 6 6 3 3 3 3 2 0 4 6 2 5 0
0 7 6 3 4 5 2 3 3
0 64 2 4 5 4 3 3 3 0 4 3 3 3 5 6 6 6 6 3 3 3 0 6 0 4 4 4 3 3 3 3 3 2 0 4 6 4 3 2 0 4 4 2 5 2 4 5 4 2 5 4 5 5 5 2 4 5 2 5 4 3 3 3 5 0
0 20 4 6 3 3 3 3 3 4 5 2 4 5 2 4 5 5 5 2 5 5
0 30 6 4 3 3 3 3 5 3 3 3 0 6 0 4 6 4 3 3 3 3 4 3 2 0 4 4 2 3 3 5
0 38 3 3 3 3 6 6 3 5 6 4 3 0 0 0 0 0 4 3 3 3 3 7 4 3 3 0 6 0 4 4 2 4 5 2 5 3 5 0
0 22 6 5 0 5 0 0 0 3 3 3 4 5 2 5 5 0 5 0 0 5 0 0
0 15 6 5 0 0 4 5 4 2 5 3 3 3 5 0 0
0 10 2 5 5 5 2 4 2 5 2 5
0 16 6 5 0 5 0 0 0 3 3 3 4 5 2 5 5 0
0 15 4 2 4 4 2 4 5 2 4 4 4 2 5 4 4
0 11 6 4 5 2 5 4 4 4 5 2 4
0 5 4 5 6 2 3
0 33 6 4 3 3 3 3 5 3 3 3 0 6 0 4 6 4 3 3 3 3 4 3 2 0 4 4 2 3 3 5 0 0 5
0 34 6 6 6 6 3 3 3 3 0 0 4 0 0 0 4 0 0 4 3 3 3 3 7 4 3 3 3 0 0 0 6 2 5 4
0 24 2 5 4 4 4 4 3 3 5 0 0 0 0 0 5 4 5 4 2 5 5 2 2 2
0 34 6 5 5 3 4 5 2 5 4 4 2 2 4 2 4 2 5 5 5 5 3 5 0 0 0 0 5 0 5 0 0 0 5 4
0 5 2 4 2 4 4
0 10 2 5 0 0 0 0 3 5 0 0
0 21 4 5 6 2 3 4 5 2 5 4 4 5 5 2 2 2 5 3 3 5 0
0 16 2 4 4 5 5 5 2 5 5 4 4 5 2 5 5 4
0 9 2 5 2 4 4 4 5 2 4
0 24 6 5 5 3 4 5 2 5 4 4 2 2 4 2 4 2 5 5 5 5 3 5 0 0
0 6 6 4 5 2 5 4
0 6 6 2 5 0 0 0
0 5 2 5 5 4 2
0 33 6 5 0 0 3 4 5 4 3 3 3 3 3 2 0 4 4 3 3 3 0 0 6 6 6 6 7 4 2 3 5 0 0
0 38 6 5 0 0 3 4 5 4 3 3 3 3 3 2 0 4 4 3 3 3 0 0 6 6 6 6 7 4 2 3 5 0 0 3 5 0 0 0
0 17 6 3 5 0 0 0 3 5 0 5 0 0 4 5 2 5 0
0 37 6 3 5 0 0 0 0 0 4 5 6 3 5 0 0 0 0 5 0 0 0 0 3 4 5 2 4 5 2 5 5 5 4 4 2 4 4
0 31 2 5 0 0 0 0 3 5 0 0 3 4 5 2 3 3 5 0 0 0 0 5 0 0 0 0 0 5 0 0 4
0 5 2 4 4 2 2
0 12 5 3 3 3 4 5 2 5 4 4 4 2
0 47 6 6 6 6 6 6 6 3 3 3 3 0 6 0 4 6 6 6 6 6 3 3 3 3 0 0 3 3 3 3 3 0 6 0 4 6 4 3 3 0 6 0 4 6 5 2 3
0 38 2 4 5 4 5 5 2 4 5 5 5 2 4 5 4 3 5 0 0 0 4 5 2 5 4 4 4 4 2 2 3 5 0 0 0 3 5 0
0 16 2 5 5 5 2 4 2 5 2 5 5 0 5 0 0 0
0 24 2 3 3 3 3 4 5 4 6 3 5 0 0 0 0 0 4 5 2 3 5 0 3 5
0 8 6 2 4 5 2 3 3 3
0 14 2 3 3 3 3 5 0 0 0 0 4 5 2 5
0 34 5 3 5 0 0 0 0 5 0 0 0 4 5 5 2 5 4 4 5 4 2 5 4 2 5 4 5 4 4 2 4 2 3 3
0 5 2 3 5 0 0
0 5 2 5 0 0 4
0 9 6 2 4 4 5 2 5 2 4
0 32 2 4 4 5 5 5 2 5 5 4 4 5 2 5 5 4 2 4 4 5 3 5 3 3 4 5 2 3 3 5 0 3
0 21 6 2 4 4 5 2 5 4 4 4 5 4 5 2 5 0 0 0 0 0 5
0 9 2 5 4 4 5 4 2 5 2
0 44 2 5 0 0 0 0 3 5 0 0 3 4 5 2 3 3 5 0 0 0 0 5 0 0 0 0 0 5 0 0 4 5 5 3 4 5 5 2 5 0 0 0 3 4
0 5 4 3 2 0 4
0 3 2 2 5
0 8 2 3 3 5 0 0 0 3
0 19 2 5 5 5 2 4 5 2 4 4 4 5 2 5 4 5 5 2 4
0 22 2 5 0 0 0 0 3 5 0 0 3 4 5 2 3 3 5 0 0 0 0 5
0 20 6 5 0 5 0 0 0 3 3 3 4 5 2 5 5 0 5 0 0 5
0 52 4 3 3 3 0 6 0 4 6 6 6 3 3 3 3 3 0 6 0 4 6 3 3 5 6 6 6 6 3 5 6 6 6 6 6 6 6 6 6 6 3 3 3 3 2 0 4 6 2 5 0 0
0 23 6 2 5 5 0 0 0 0 5 0 3 4 5 2 5 0 0 0 5 0 0 0 3
0 11 6 5 0 0 4 5 4 2 5 3 3
0 33 2 5 5 4 5 2 5 4 5 4 2 4 5 5 4 3 4 5 6 6 6 6 6 6 3 3 3 0 0 2 5 0 0
0 3 6 2 5
0 14 6 3 5 0 0 0 3 4 5 6 6 2 5 3
0 51 2 4 5 4 5 5 2 4 5 5 5 2 4 5 4 3 5 0 0 0 4 5 2 5 4 4 4 4 2 2 3 5 0 0 0 3 5 0 0 5 0 0 0 0 0 4 5 6 2 2 5
0 4 6 2 3 3
0 16 3 4 5 2 5 0 0 5 0 0 0 5 0 0 3 3
0 13 4 2 4 4 2 4 5 2 4 4 4 2 5
0 14 2 5 2 4 4 4 5 2 4 4 5 2 4 2
0 13 6 3 5 0 5 3 3 4 5 2 5 3 4
0 8 3 4 5 2 5 0 0 5
0 10 4 5 6 2 3 4 5 2 5 4
0 43 5 5 0 4 5 2 5 0 0 0 4 5 4 3 0 6 6 6 6 3 3 3 3 3 0 0 0 0 6 6 6 6 6 6 3 0 3 3 3 3 2 0 4
0 7 2 5 5 5 2 4 2
0 17 4 6 3 5 0 0 0 0 4 5 2 4 2 5 5 5 4
0 19 5 0 0 0 5 0 0 0 3 3 3 4 5 2 5 5 5 5 2
0 41 2 3 3 3 3 5 0 0 0 0 4 5 2 5 5 5 4 5 5 0 0 0 3 3 4 5 6 2 4 4 5 4 4 2 5 4 4 2 5 5 4
0 12 2 5 4 4 4 4 3 3 5 0 0 0
0 19 6 2 5 0 3 3 3 5 0 0 0 0 0 4 5 4 2 5 5
0 19 2 4 4 5 4 5 2 5 5 5 2 5 4 5 5 5 2 5 5
0 13 6 2 4 4 5 2 5 2 4 4 2 5 3
0 11 4 5 6 2 3 4 5 2 5 4 4
0 24 6 2 4 4 5 2 5 4 4 4 5 4 5 2 5 0 0 0 0 0 5 0 3 3
0 12 5 4 5 2 2 2 4 5 4 2 3 4
0 4 2 5 2 4
0 7 4 6 6 2 3 5 5
0 27 5 0 0 0 5 0 0 0 3 3 3 4 5 2 5 5 5 5 2 2 2 4 5 2 5 0 4
0 7 2 2 5 4 2 4 4
0 8 2 5 5 4 5 2 5 4
0 57 6 3 5 0 0 0 0 0 4 5 6 3 5 0 0 0 0 5 0 0 0 0 3 4 5 2 4 5 2 5 5 5 4 4 2 4 4 5 5 2 5 5 5 0 0 3 4 5 4 5 3 3 3 3 2 0 4
0 29 6 2 5 5 0 0 0 0 5 0 3 4 5 2 5 0 0 0 5 0 0 0 3 3 4 5 2 3 3
0 52 2 4 5 4 5 5 2 4 5 5 5 2 4 5 4 3 5 0 0 0 4 5 2 5 4 4 4 4 2 2 3 5 0 0 0 3 5 0 0 5 0 0 0 0 0 4 5 6 2 2 5 4
0 8 2 3 3 3 3 5 0 0
0 12 6 2 3 4 5 5 5 3 4 5 2 5
0 33 2 2 4 4 4 4 2 5 4 5 5 2 4 4 4 4 5 6 5 0 0 0 0 3 4 5 6 6 6 6 2 0 4
0 19 4 6 2 5 5 2 4 5 5 5 5 2 5 5 0 0 0 0 0
0 54 2 4 4 5 4 5 2 5 5 5 2 5 4 5 5 5 2 5 5 4 5 4 5 6 6 6 6 6 6 6 6 3 3 0 0 0 0 0 4 5 4 3 0 0 0 2 3 5 0 0 0 0 0 5
0 17 6 3 5 0 0 0 3 4 5 6 6 2 5 3 3 3 4
0 25 2 5 0 0 0 0 3 5 0 0 3 4 5 2 3 3 5 0 0 0 0 5 0 0 0
0 17 3 4 5 2 5 0 0 5 0 0 0 5 0 0 3 3 4
0 11 6 6 2 4 2 5 4 4 5 2 4
0 20 5 3 3 3 4 5 2 5 4 4 4 2 2 3 5 0 0 0 0 5
0 10 2 4 4 5 4 5 2 5 5 5
0 14 2 4 4 5 5 5 2 5 5 4 4 5 2 5
0 47 2 5 4 2 5 4 2 5 4 4 4 4 4 5 6 3 5 0 5 0 4 5 4 3 3 3 3 3 5 6 6 6 6 6 6 6 6 3 3 3 5 2 5 0 0 0 4
0 17 6 3 5 0 5 3 3 4 5 2 5 3 4 5 2 3 4
0 18 6 2 4 4 5 2 5 4 4 4 5 4 5 2 5 0 0 0
0 12 3 4 5 2 5 0 0 5 0 0 0 5
0 11 6 4 2 4 5 5 4 5 2 5 3
0 44 6 5 0 0 3 4 5 4 3 3 3 3 3 2 0 4 4 3 3 3 0 0 6 6 6 6 7 4 2 3 5 0 0 3 5 0 0 0 0 4 5 2 3 4
0 26 5 0 0 0 5 0 0 0 3 3 3 4 5 2 5 5 5 5 2 2 2 4 5 2 5 0
0 12 2 5 4 2 5 4 2 5 4 4 4 4
0 20 2 5 0 0 5 0 0 0 0 4 5 2 5 0 5 0 0 0 0 5
0 16 6 2 5 5 0 0 0 0 5 0 3 4 5 2 5 0
0 31 6 5 5 3 4 5 2 5 4 4 2 2 4 2 4 2 5 5 5 5 3 5 0 0 0 0 5 0 5 0 0
0 31 6 3 5 0 0 0 0 0 4 5 6 3 5 0 0 0 0 5 0 0 0 0 3 4 5 2 4 5 2 5 5
0 28 2 3 3 3 3 4 5 4 6 3 5 0 0 0 0 0 4 5 2 3 5 0 3 5 0 5 0 0
0 10 6 2 4 4 5 2 5 4 4 4
0 13 6 6 5 0 0 0 3 3 4 5 6 2 4
0 32 6 3 5 0 0 0 0 0 4 5 6 3 5 0 0 0 0 5 0 0 0 0 3 4 5 2 4 5 2 5 5 5
0 48 2 3 3 5 0 0 3 4 5 3 3 3 3 3 5 4 3 3 3 0 6 0 4 6 4 3 3 3 3 0 0 0 6 5 3 5 0 0 0 4 5 2 5 0 0 0 3 5
0 8 2 5 0 0 0 3 5 0
0 15 5 5 0 0 0 0 3 3 3 3 4 5 2 3 3
0 28 2 4 4 5 5 5 2 5 5 4 4 5 2 5 5 4 2 4 4 5 3 5 3 3 4 5 2 3
0 42 4 2 4 5 5 5 2 4 2 4 5 4 5 5 3 3 5 0 0 0 4 5 2 2 2 5 5 2 5 5 5 4 5 2 5 0 0 5 0 5 0 0
0 7 6 2 3 5 0 0 0
0 14 4 3 3 3 3 0 0 2 4 4 4 2 5 4
0 13 2 5 2 5 5 4 4 2 5 4 2 5 4
0 8 4 2 5 4 5 2 5 5
0 16 6 5 0 0 3 4 5 4 3 3 3 3 3 2 0 4
0 4 2 5 2 5
0 18 4 6 2 5 5 2 4 5 5 5 5 2 5 5 0 0 0 0
0 32 2 4 5 4 3 3 3 3 0 0 4 3 3 3 3 3 2 0 4 4 4 3 3 3 3 3 0 4 3 2 3 5
0 15 6 5 0 0 0 0 3 3 3 4 5 6 2 3 4
0 8 2 2 4 4 4 4 2 5
0 13 2 2 4 4 4 4 2 5 4 5 5 2 4
0 4 4 6 2 5
0 9 4 3 3 3 3 0 0 2 4
0 28 2 5 4 5 5 5 5 0 0 0 5 0 0 0 0 3 3 5 0 0 4 5 2 3 5 0 0 0
0 24 6 5 5 0 0 5 0 3 4 5 6 4 3 3 7 4 3 3 3 3 3 2 0 4
0 26 2 5 0 0 0 4 5 6 5 0 0 5 0 0 0 5 0 0 5 0 0 0 4 5 2 5
0 33 6 3 5 0 0 0 0 0 4 5 6 3 5 0 0 0 0 5 0 0 0 0 3 4 5 2 4 5 2 5 5 5 4
0 9 2 5 5 4 2 4 4 4 2
0 13 6 4 5 2 5 4 4 4 5 2 4 4 4
0 10 2 5 2 5 5 4 4 2 5 4
0 14 2 3 5 0 5 0 0 0 0 5 0 0 5 0
0 12 6 3 5 5 4 5 6 2 5 0 0 0
0 53 2 4 4 5 4 5 2 5 5 5 2 5 4 5 5 5 2 5 5 4 5 4 5 6 6 6 6 6 6 6 6 3 3 0 0 0 0 0 4 5 4 3 0 0 0 2 3 5 0 0 0 0 0
0 32 2 4 5 4 5 5 2 4 5 5 5 2 4 5 4 3 5 0 0 0 4 5 2 5 4 4 4 4 2 2 3 5
0 25 2 5 4 4 4 4 3 3 5 0 0 0 0 0 5 4 5 4 2 5 5 2 2 2 5
0 10 6 2 5 0 0 0 5 0 0 0
0 31 5 3 3 3 4 5 2 5 4 4 4 2 2 3 5 0 0 0 0 5 4 5 6 2 5 5 4 4 5 2 4
0 8 2 3 5 0 5 0 0 0
0 11 2 5 0 0 0 0 3 5 0 0 3
0 8 6 4 5 2 5 5 4 2
0 10 5 5 0 4 5 2 5 0 0 0
0 12 2 5 4 4 2 2 4 5 4 4 2 4
0 60 2 4 4 5 4 5 2 5 5 5 2 5 4 5 5 5 2 5 5 4 5 4 5 6 6 6 6 6 6 6 6 3 3 0 0 0 0 0 4 5 4 3 0 0 0 2 3 5 0 0 0 0 0 5 0 0 0 0 0 4
0 6 4 5 6 2 3 4
0 41 4 2 4 5 5 5 2 4 2 4 5 4 5 5 3 3 5 0 0 0 4 5 2 2 2 5 5 2 5 5 5 4 5 2 5 0 0 5 0 5 0
0 20 6 2 4 4 5 2 5 2 4 4 2 5 3 5 0 0 0 0 3 4
0 6 2 5 2 5 5 4
0 22 5 4 3 3 0 0 0 0 2 5 5 0 0 0 0 0 3 5 0 0 0 0
0 18 2 5 0 0 5 0 0 0 0 4 5 2 5 0 5 0 0 0
0 18 5 0 0 0 5 0 0 0 3 3 3 4 5 2 5 5 5 5
0 4 2 5 3 3
0 27 2 4 5 4 5 5 2 4 5 5 5 2 4 5 4 3 5 0 0 0 4 5 2 5 4 4 4
0 17 2 5 2 4 4 4 5 2 4 4 5 2 4 2 5 4 4
0 7 6 2 4 2 2 2 4
0 7 2 3 3 3 3 5 0
0 14 6 2 3 5 0 0 5 0 0 0 0 0 5 0
0 6 2 5 4 2 5 4
0 7 6 2 4 5 2 3 3
0 52 2 4 4 5 4 5 2 5 5 5 2 5 4 5 5 5 2 5 5 4 5 4 5 6 6 6 6 6 6 6 6 3 3 0 0 0 0 0 4 5 4 3 0 0 0 2 3 5 0 0 0 0
0 46 4 3 3 2 0 4 4 4 3 3 0 6 6 6 6 6 6 6 6 6 6 3 3 3 2 0 4 4 4 3 3 3 3 3 5 6 6 2 5 0 0 5 0 0 0 0
0 8 2 4 4 2 2 4 2 4
0 40 2 5 2 4 3 4 5 6 6 6 6 6 6 3 3 3 3 2 0 4 6 6 6 6 6 6 6 3 3 5 2 2 2 4 4 4 2 5 3 4
0 9 6 2 3 5 0 0 5 0 0
0 18 2 5 4 4 2 2 4 5 4 4 2 4 2 3 5 0 0 0
0 32 6 6 6 6 6 6 6 6 6 6 3 0 0 0 0 0 6 6 6 6 6 6 6 6 3 3 3 3 3 2 0 4
0 4 4 2 4 4
0 17 4 5 6 2 3 4 5 2 5 4 4 5 5 2 2 2 5
0 45 2 3 3 3 3 5 0 0 0 0 4 5 2 5 5 5 4 5 5 0 0 0 3 3 4 5 6 2 4 4 5 4 4 2 5 4 4 2 5 5 4 5 5 2 4
0 26 5 3 3 3 4 5 2 5 4 4 4 2 2 3 5 0 0 0 0 5 4 5 6 2 5 5
0 22 2 4 5 4 4 4 2 5 5 4 5 3 4 5 6 3 3 3 3 2 0 4
0 26 2 5 4 4 4 4 3 3 5 0 0 0 0 0 5 4 5 4 2 5 5 2 2 2 5 4
0 4 2 5 4 2
0 10 6 2 3 5 0 0 5 0 0 0
0 39 4 3 3 3 3 5 4 3 5 4 3 0 0 4 3 3 7 0 6 0 4 6 5 3 5 0 0 0 0 3 5 5 0 0 0 4 5 2 4
0 31 4 2 4 5 5 5 2 4 2 4 5 4 5 5 3 3 5 0 0 0 4 5 2 2 2 5 5 2 5 5 5
0 15 2 5 0 0 5 0 0 0 0 4 5 2 5 0 5
0 11 6 2 4 4 5 2 5 2 4 4 2
0 35 6 4 3 3 3 3 5 3 3 3 0 6 0 4 6 4 3 3 3 3 4 3 2 0 4 4 2 3 3 5 0 0 5 0 0
0 40 6 6 2 4 2 5 4 4 5 2 4 5 4 5 5 2 4 5 5 0 3 3 5 0 0 0 0 0 4 5 6 2 3 5 0 0 0 0 5 0
0 16 6 4 5 2 5 5 4 2 4 5 4 2 5 5 5 5
0 9 4 5 6 2 3 4 5 2 5
0 15 6 4 5 2 5 5 4 2 4 5 4 2 5 5 5
0 13 3 3 0 5 5 0 0 0 0 4 5 2 3
0 24 6 2 3 5 0 0 5 0 0 0 0 0 5 0 0 0 0 5 0 0 0 0 0 4
0 16 2 5 4 4 2 2 4 5 4 4 2 4 2 3 5 0
0 6 2 5 5 4 2 4
0 27 6 5 0 5 0 0 0 3 3 3 4 5 2 5 5 0 5 0 0 5 0 0 0 4 5 2 3
0 3 6 2 4
0 33 2 5 0 0 0 3 5 0 0 5 0 0 0 3 4 5 2 2 4 5 5 2 4 2 5 0 0 0 0 0 5 0 0
0 11 2 5 5 5 2 4 5 2 4 4 4
0 11 5 0 0 4 5 6 5 4 5 2 3
0 5 6 2 4 2 2
0 8 2 5 0 0 5 0 0 0
0 50 4 3 3 3 0 6 0 4 6 6 6 3 3 3 3 3 0 6 0 4 6 3 3 5 6 6 6 6 3 5 6 6 6 6 6 6 6 6 6 6 3 3 3 3 2 0 4 6 2 5
0 28 6 2 5 5 0 0 0 0 5 0 3 4 5 2 5 0 0 0 5 0 0 0 3 3 4 5 2 3
0 6 2 5 4 4 4 4
0 43 4 3 3 2 0 4 4 4 3 3 0 6 6 6 6 6 6 6 6 6 6 3 3 3 2 0 4 4 4 3 3 3 3 3 5 6 6 2 5 0 0 5 0
0 20 5 4 3 3 0 0 0 0 2 5 5 0 0 0 0 0 3 5 0 0
0 18 2 3 3 5 0 0 4 5 2 5 0 3 5 5 0 0 0 0
0 38 2 5 5 4 5 2 5 4 5 4 2 4 5 5 4 3 4 5 6 6 6 6 6 6 3 3 3 0 0 2 5 0 0 0 0 0 5 0
0 5 2 5 5 5 2
0 20 2 5 0 0 0 0 3 5 0 0 3 4 5 2 3 3 5 0 0 0
0 28 2 5 2 5 5 4 4 2 5 4 2 5 4 4 4 5 0 0 3 4 5 6 3 4 5 2 5 4
0 6 3 4 5 2 5 0
0 19 6 5 2 2 2 4 5 5 4 4 2 2 3 5 0 0 0 0 4
0 6 2 2 5 4 2 4
0 7 6 2 4 4 5 2 5
0 19 6 4 5 2 5 5 4 2 4 5 4 2 5 5 5 5 5 3 4
0 36 5 3 3 3 4 5 2 5 4 4 4 2 2 3 5 0 0 0 0 5 4 5 6 2 5 5 4 4 5 2 4 5 5 5 2 4
0 5 4 6 6 2 3
0 9 2 3 5 0 5 0 0 0 0
0 11 6 2 5 0 3 3 3 5 0 0 0
0 3 6 2 3
0 36 2 4 5 4 5 5 2 4 5 5 5 2 4 5 4 3 5 0 0 0 4 5 2 5 4 4 4 4 2 2 3 5 0 0 0 3
0 39 5 3 3 3 4 5 2 5 4 4 4 2 2 3 5 0 0 0 0 5 4 5 6 2 5 5 4 4 5 2 4 5 5 5 2 4 4 4 2
0 28 5 0 0 0 0 3 3 4 5 3 3 6 6 6 6 6 6 3 3 3 3 0 0 0 0 2 5 0
0 6 2 3 5 0 5 0
0 31 2 5 2 5 5 4 4 2 5 4 2 5 4 4 4 5 0 0 3 4 5 6 3 4 5 2 5 4 4 4 4
0 18 6 4 5 2 5 5 4 2 4 5 4 2 5 5 5 5 5 3
0 15 5 0 0 0 5 0 0 0 3 3 3 4 5 2 5
0 34 6 6 6 6 6 6 6 6 6 6 3 3 3 0 0 0 4 3 3 3 3 7 6 6 6 6 6 6 4 3 4 2 5 0
0 15 2 3 5 0 5 0 0 0 0 5 0 0 5 0 0
0 12 6 2 5 0 0 0 5 0 0 0 0 4
0 20 6 2 5 0 3 3 3 5 0 0 0 0 0 4 5 4 2 5 5 2
0 17 6 4 5 2 5 5 4 2 4 5 4 2 5 5 5 5 5
0 30 2 5 0 0 0 3 5 0 0 5 0 0 0 3 4 5 2 2 4 5 5 2 4 2 5 0 0 0 0 0
0 12 4 2 4 4 2 4 5 2 4 4 4 2
0 50 6 6 6 6 6 6 6 3 3 3 3 0 6 0 4 6 6 6 6 6 3 3 3 3 0 0 3 3 3 3 3 0 6 0 4 6 4 3 3 0 6 0 4 6 5 2 3 3 3 4
0 6 6 2 3 5 0 0
0 19 6 5 0 0 4 5 4 2 5 3 3 3 5 0 0 0 0 0 4
0 47 4 3 3 2 0 4 4 4 3 3 0 6 6 6 6 6 6 6 6 6 6 3 3 3 2 0 4 4 4 3 3 3 3 3 5 6 6 2 5 0 0 5 0 0 0 0 4
0 7 6 2 3 3 5 0 3
0 30 2 5 0 0 0 4 5 6 5 0 0 5 0 0 0 5 0 0 5 0 0 0 4 5 2 5 5 0 0 5
0 12 2 3 3 5 0 0 4 5 2 5 0 3
0 41 3 3 3 3 6 6 3 5 6 4 3 0 0 0 0 0 4 3 3 3 3 7 4 3 3 0 6 0 4 4 2 4 5 2 5 3 5 0 0 0 0
0 13 2 4 4 5 4 5 2 5 5 5 2 5 4
0 15 2 5 5 5 2 4 5 2 4 4 4 5 2 5 4
0 18 2 3 5 0 5 0 0 0 0 5 0 0 5 0 0 0 0 4
0 17 2 5 4 4 2 2 4 5 4 4 2 4 2 3 5 0 0
0 17 4 2 4 4 2 4 5 2 4 4 4 2 5 4 4 3 3
0 8 4 3 3 3 3 2 0 4
0 7 2 2 5 5 2 2 4
0 15 2 5 4 4 2 2 4 5 4 4 2 4 2 3 5
0 14 2 3 3 5 0 0 4 5 2 5 0 3 5 5
0 15 4 2 5 4 5 2 5 5 4 5 4 2 5 3 3
0 43 2 3 3 5 0 0 3 4 5 3 3 3 3 3 5 4 3 3 3 0 6 0 4 6 4 3 3 3 3 0 0 0 6 5 3 5 0 0 0 4 5 2 5
0 30 2 4 4 5 5 5 2 5 5 4 4 5 2 5 5 4 2 4 4 5 3 5 3 3 4 5 2 3 3 5
0 7 5 4 5 6 6 2 4
0 17 2 5 4 2 4 5 4 3 3 3 4 5 5 2 5 0 0
0 12 6 4 2 4 5 5 4 5 2 5 3 5
0 5 2 3 3 3 3
0 38 2 5 2 4 3 4 5 6 6 6 6 6 6 3 3 3 3 2 0 4 6 6 6 6 6 6 6 3 3 5 2 2 2 4 4 4 2 5
0 15 2 5 4 4 5 4 2 5 2 5 4 2 2 5 4
0 56 4 3 3 3 0 6 0 4 6 6 6 3 3 3 3 3 0 6 0 4 6 3 3 5 6 6 6 6 3 5 6 6 6 6 6 6 6 6 6 6 3 3 3 3 2 0 4 6 2 5 0 0 0 3 3 4
0 21 6 5 0 5 0 0 0 3 3 3 4 5 2 5 5 0 5 0 0 5 0
0 6 2 5 5 5 5 2
0 5 2 5 4 4 2
0 9 6 2 4 4 5 2 5 4 4
0 6 2 4 5 4 2 4
0 4 2 5 4 4
0 32 2 5 4 5 5 5 5 0 0 0 5 0 0 0 0 3 3 5 0 0 4 5 2 3 5 0 0 0 3 5 0 0
0 15 6 4 2 4 5 5 4 5 2 5 3 5 0 0 0
0 9 4 2 4 5 5 5 2 4 2
0 11 3 4 5 2 5 0 0 5 0 0 0
0 16 4 6 4 5 2 4 5 5 5 4 2 5 5 2 5 4
0 25 2 5 4 5 5 5 5 0 0 0 5 0 0 0 0 3 3 5 0 0 4 5 2 3 5
0 17 4 2 5 4 5 2 5 5 4 5 4 2 5 3 3 5 0
0 30 2 3 3 3 3 5 0 0 0 0 4 5 2 5 5 5 4 5 5 0 0 0 3 3 4 5 6 2 4 4
0 15 2 2 4 4 4 4 2 5 4 5 5 2 4 4 4
0 29 6 5 5 3 4 5 2 5 4 4 2 2 4 2 4 2 5 5 5 5 3 5 0 0 0 0 5 0 5
0 29 2 5 0 0 0 4 5 6 5 0 0 5 0 0 0 5 0 0 5 0 0 0 4 5 2 5 5 0 0
0 42 4 3 3 2 0 4 4 4 3 3 0 6 6 6 6 6 6 6 6 6 6 3 3 3 2 0 4 4 4 3 3 3 3 3 5 6 6 2 5 0 0 5
0 5 2 2 5 4 2
0 11 2 4 4 3 5 0 0 0 0 0 5
0 29 4 2 4 5 5 5 2 4 2 4 5 4 5 5 3 3 5 0 0 0 4 5 2 2 2 5 5 2 5
0 15 2 4 4 5 5 5 2 5 5 4 4 5 2 5 5
0 19 4 2 5 4 5 2 5 5 4 5 4 2 5 3 3 5 0 0 4
0 43 5 3 3 3 4 5 2 5 4 4 4 2 2 3 5 0 0 0 0 5 4 5 6 2 5 5 4 4 5 2 4 5 5 5 2 4 4 4 2 5 4 4 4
0 15 5 3 3 3 4 5 2 5 4 4 4 2 2 3 5
0 9 2 5 4 4 4 4 3 3 5
0 12 4 6 4 5 2 4 5 5 5 4 2 5
0 7 2 5 0 0 0 3 5
0 7 2 5 4 4 2 2 4
0 29 2 5 2 5 5 4 4 2 5 4 2 5 4 4 4 5 0 0 3 4 5 6 3 4 5 2 5 4 4
0 9 2 2 5 4 2 4 4 2 4
0 24 6 2 5 5 0 0 0 0 5 0 3 4 5 2 5 0 0 0 5 0 0 0 3 3
0 21 5 0 0 0 5 0 0 0 3 3 3 4 5 2 5 5 5 5 2 2 2
0 29 6 4 3 3 3 3 5 3 3 3 0 6 0 4 6 4 3 3 3 3 4 3 2 0 4 4 2 3 3
0 14 6 3 5 5 4 5 6 2 5 0 0 0 0 5
0 12 2 3 3 3 3 4 5 2 5 0 0 4
0 3 2 5 4
0 14 5 3 3 3 4 5 2 5 4 4 4 2 2 3
0 16 2 5 0 0 0 0 3 5 0 0 3 4 5 2 3 3
0 26 2 3 3 3 3 4 5 4 6 3 5 0 0 0 0 0 4 5 2 3 5 0 3 5 0 5
0 10 5 4 3 3 0 0 0 0 2 5
0 31 6 4 3 3 3 3 5 3 3 3 0 6 0 4 6 4 3 3 3 3 4 3 2 0 4 4 2 3 3 5 0
0 32 6 4 3 3 3 3 5 3 3 3 0 6 0 4 6 4 3 3 3 3 4 3 2 0 4 4 2 3 3 5 0 0
0 16 4 6 2 5 5 2 4 5 5 5 5 2 5 5 0 0
0 8 6 2 5 0 0 0 5 0
0 6 2 3 5 0 0 3
0 30 6 3 5 0 0 0 0 0 4 5 6 3 5 0 0 0 0 5 0 0 0 0 3 4 5 2 4 5 2 5
0 47 4 3 3 3 0 6 0 4 6 6 6 3 3 3 3 3 0 6 0 4 6 3 3 5 6 6 6 6 3 5 6 6 6 6 6 6 6 6 6 6 3 3 3 3 2 0 4
0 27 6 5 5 3 4 5 2 5 4 4 2 2 4 2 4 2 5 5 5 5 3 5 0 0 0 0 5
0 9 4 2 4 4 2 4 5 2 4
0 24 2 5 4 5 5 5 5 0 0 0 5 0 0 0 0 3 3 5 0 0 4 5 2 3
0 23 2 5 0 0 0 3 5 0 0 5 0 0 0 3 4 5 2 2 4 5 5 2 4
0 33 5 0 0 0 0 3 3 4 5 3 3 6 6 6 6 6 6 3 3 3 3 0 0 0 0 2 5 0 0 0 0 3 5
0 6 2 3 3 5 0 0
0 32 5 6 6 6 6 6 6 6 6 6 6 3 3 0 6 6 6 6 6 6 6 6 3 5 3 3 3 3 5 6 2 3
0 53 2 4 5 4 5 5 2 4 5 5 5 2 4 5 4 3 5 0 0 0 4 5 2 5 4 4 4 4 2 2 3 5 0 0 0 3 5 0 0 5 0 0 0 0 0 4 5 6 2 2 5 4 4
0 54 4 3 3 3 0 6 0 4 6 6 6 3 3 3 3 3 0 6 0 4 6 3 3 5 6 6 6 6 3 5 6 6 6 6 6 6 6 6 6 6 3 3 3 3 2 0 4 6 2 5 0 0 0 3
0 5 2 2 5 5 2
0 8 2 5 0 0 0 0 3 5
0 9 6 2 4 4 5 4 2 2 4
0 11 2 4 4 5 4 5 2 5 5 5 2
0 22 6 4 5 2 5 5 4 2 4 5 4 2 5 5 5 5 5 3 4 5 2 4
0 7 6 2 5 0 3 3 3
0 19 2 5 0 0 0 0 3 5 0 0 3 4 5 2 3 3 5 0 0
0 8 2 4 4 5 5 5 2 5
0 10 6 3 5 5 4 5 6 2 5 0
0 23 4 2 5 4 5 2 5 5 4 5 4 2 5 3 3 5 0 0 4 5 2 4 4
0 32 5 0 0 0 0 3 3 4 5 3 3 6 6 6 6 6 6 3 3 3 3 0 0 0 0 2 5 0 0 0 0 3
0 14 2 5 5 5 2 4 5 2 4 4 4 5 2 5
0 32 2 3 3 3 3 4 5 4 6 3 5 0 0 0 0 0 4 5 2 3 5 0 3 5 0 5 0 0 4 5 2 3
0 38 4 2 4 5 5 5 2 4 2 4 5 4 5 5 3 3 5 0 0 0 4 5 2 2 2 5 5 2 5 5 5 4 5 2 5 0 0 5
0 21 6 2 3 5 0 0 5 0 0 0 0 0 5 0 0 0 0 5 0 0 0
0 20 2 3 3 5 0 0 4 5 2 5 0 3 5 5 0 0 0 0 0 4
0 9 6 5 5 3 4 5 2 5 4
0 19 6 2 5 5 0 0 0 0 5 0 3 4 5 2 5 0 0 0 5
0 32 2 5 2 5 5 4 4 2 5 4 2 5 4 4 4 5 0 0 3 4 5 6 3 4 5 2 5 4 4 4 4 2
0 9 2 2 4 4 4 4 2 5 4
0 59 2 4 5 4 3 3 3 0 4 3 3 3 5 6 6 6 6 3 3 3 0 6 0 4 4 4 3 3 3 3 3 2 0 4 6 4 3 2 0 4 4 2 5 2 4 5 4 2 5 4 5 5 5 2 4 5 2 5 4
0 8 6 2 3 5 0 0 0 0
0 13 6 5 2 2 2 4 5 5 4 4 2 2 3
0 22 6 2 5 0 3 3 3 5 0 0 0 0 0 4 5 4 2 5 5 2 5 5
0 20 2 5 4 4 4 4 3 3 5 0 0 0 0 0 5 4 5 4 2 5
0 27 2 5 0 0 0 3 5 0 0 5 0 0 0 3 4 5 2 2 4 5 5 2 4 2 5 0 0
0 20 6 2 3 5 0 0 5 0 0 0 0 0 5 0 0 0 0 5 0 0
0 19 2 5 4 4 2 2 4 5 4 4 2 4 2 3 5 0 0 0 4
0 6 6 2 4 5 2 3
0 8 2 5 4 4 4 4 3 3
0 18 2 4 4 5 4 5 2 5 5 5 2 5 4 5 5 5 2 5
0 36 5 3 5 0 0 0 0 5 0 0 0 4 5 5 2 5 4 4 5 4 2 5 4 2 5 4 5 4 4 2 4 2 3 3 3 4
0 27 5 0 0 0 0 3 3 4 5 3 3 6 6 6 6 6 6 3 3 3 3 0 0 0 0 2 5
0 9 6 2 5 5 0 0 0 0 5
0 3 2 2 4
0 19 6 5 5 3 4 5 2 5 4 4 2 2 4 2 4 2 5 5 5
0 47 6 6 2 4 2 5 4 4 5 2 4 5 4 5 5 2 4 5 5 0 3 3 5 0 0 0 0 0 4 5 6 2 3 5 0 0 0 0 5 0 0 0 0 0 5 5 4
0 13 2 3 5 0 5 0 0 0 0 5 0 0 5
0 20 2 5 0 0 0 0 3 5 0 0 5 0 0 0 0 0 5 0 0 0
0 13 6 3 5 0 0 0 3 4 5 6 6 2 5
0 55 4 3 3 3 0 6 0 4 6 6 6 3 3 3 3 3 0 6 0 4 6 3 3 5 6 6 6 6 3 5 6 6 6 6 6 6 6 6 6 6 3 3 3 3 2 0 4 6 2 5 0 0 0 3 3
0 6 4 6 6 2 3 5
0 23 2 5 0 0 0 0 3 5 0 0 3 4 5 2 3 3 5 0 0 0 0 5 0
0 17 2 3 3 5 0 0 4 5 2 5 0 3 5 5 0 0 0
0 20 6 2 4 4 5 2 5 4 4 4 5 4 5 2 5 0 0 0 0 0
0 36 4 2 4 5 5 5 2 4 2 4 5 4 5 5 3 3 5 0 0 0 4 5 2 2 2 5 5 2 5 5 5 4 5 2 5 0
0 5 6 6 2 4 2
0 7 2 3 5 0 5 0 0
0 37 6 5 0 0 3 4 5 4 3 3 3 3 3 2 0 4 4 3 3 3 0 0 6 6 6 6 7 4 2 3 5 0 0 3 5 0 0
0 18 6 5 0 5 0 0 0 3 3 3 4 5 2 5 5 0 5 0
0 27 2 3 3 3 3 4 5 4 6 3 5 0 0 0 0 0 4 5 2 3 5 0 3 5 0 5 0
0 35 5 0 0 0 0 3 3 4 5 3 3 6 6 6 6 6 6 3 3 3 3 0 0 0 0 2 5 0 0 0 0 3 5 0 4
0 16 6 2 3 5 0 0 5 0 0 0 0 0 5 0 0 0
0 43 2 4 5 4 5 5 2 4 5 5 5 2 4 5 4 3 5 0 0 0 4 5 2 5 4 4 4 4 2 2 3 5 0 0 0 3 5 0 0 5 0 0 0
0 22 4 3 3 3 3 0 0 0 0 4 3 3 0 0 0 4 3 3 3 2 0 4
0 22 2 3 3 3 3 4 5 4 6 3 5 0 0 0 0 0 4 5 2 3 5 0
0 25 2 5 0 0 5 0 0 0 0 4 5 2 5 0 5 0 0 0 0 5 0 0 0 3 4
0 19 6 2 4 4 5 2 5 2 4 4 2 5 3 5 0 0 0 0 3
0 43 6 3 5 0 0 0 0 0 4 5 6 3 5 0 0 0 0 5 0 0 0 0 3 4 5 2 4 5 2 5 5 5 4 4 2 4 4 5 5 2 5 5 5
0 9 2 4 5 4 4 4 2 5 5
0 13 2 5 2 4 4 4 5 2 4 4 5 2 4
0 7 6 6 2 4 2 5 4
0 45 6 3 5 0 0 0 0 0 4 5 6 3 5 0 0 0 0 5 0 0 0 0 3 4 5 2 4 5 2 5 5 5 4 4 2 4 4 5 5 2 5 5 5 0 0
0 8 2 2 5 4 2 4 4 2
0 31 5 0 0 0 0 3 3 4 5 3 3 6 6 6 6 6 6 3 3 3 3 0 0 0 0 2 5 0 0 0 0
0 44 4 3 3 2 0 4 4 4 3 3 0 6 6 6 6 6 6 6 6 6 6 3 3 3 2 0 4 4 4 3 3 3 3 3 5 6 6 2 5 0 0 5 0 0
0 4 2 5 0 0
0 40 6 5 0 0 3 4 5 4 3 3 3 3 3 2 0 4 4 3 3 3 0 0 6 6 6 6 7 4 2 3 5 0 0 3 5 0 0 0 0 4
0 10 5 3 3 3 4 5 2 5 4 4
0 8 2 4 5 4 4 4 2 5
0 41 5 3 3 3 4 5 2 5 4 4 4 2 2 3 5 0 0 0 0 5 4 5 6 2 5 5 4 4 5 2 4 5 5 5 2 4 4 4 2 5 4
0 17 6 4 2 4 5 5 4 5 2 5 3 5 0 0 0 0 0
0 21 3 5 0 0 0 0 0 3 5 0 0 0 0 0 4 5 2 5 0 0 0
0 11 6 2 5 0 0 0 5 0 0 0 0
0 40 5 3 3 3 4 5 2 5 4 4 4 2 2 3 5 0 0 0 0 5 4 5 6 2 5 5 4 4 5 2 4 5 5 5 2 4 4 4 2 5
0 13 4 6 2 5 5 2 4 5 5 5 5 2 5
0 17 6 3 5 5 4 5 6 2 5 0 0 0 0 5 0 5 0
0 27 6 2 5 0 3 3 3 5 0 0 0 0 0 4 5 4 2 5 5 2 5 5 5 4 5 2 4
0 50 2 4 5 4 3 3 3 0 4 3 3 3 5 6 6 6 6 3 3 3 0 6 0 4 4 4 3 3 3 3 3 2 0 4 6 4 3 2 0 4 4 2 5 2 4 5 4 2 5 4
0 9 2 5 0 0 0 3 5 0 0
0 5 2 5 4 2 5
0 44 2 4 5 4 5 5 2 4 5 5 5 2 4 5 4 3 5 0 0 0 4 5 2 5 4 4 4 4 2 2 3 5 0 0 0 3 5 0 0 5 0 0 0 0
0 15 2 5 2 4 4 4 5 2 4 4 5 2 4 2 5
0 27 6 2 4 4 5 4 2 2 4 5 5 5 3 5 0 0 0 4 5 2 3 3 5 5 0 0 4
0 19 2 5 0 0 0 0 3 5 0 0 5 0 0 0 0 0 5 0 0
0 33 2 4 5 4 5 5 2 4 5 5 5 2 4 5 4 3 5 0 0 0 4 5 2 5 4 4 4 4 2 2 3 5 0
0 18 6 4 2 4 5 5 4 5 2 5 3 5 0 0 0 0 0 4
0 49 4 2 4 5 5 5 2 4 2 4 5 4 5 5 3 3 5 0 0 0 4 5 2 2 2 5 5 2 5 5 5 4 5 2 5 0 0 5 0 5 0 0 0 0 0 5 0 0 0
0 6 2 5 0 0 0 3
0 18 6 2 5 0 3 3 3 5 0 0 0 0 0 4 5 4 2 5
0 15 6 5 5 3 4 5 2 5 4 4 2 2 4 2 4
0 18 2 5 5 5 5 2 4 4 5 4 2 5 3 5 0 3 5 0
0 11 5 5 0 4 5 2 5 0 0 0 4
0 27 6 3 5 0 0 0 0 0 4 5 6 3 5 0 0 0 0 5 0 0 0 0 3 4 5 2 4
0 66 2 4 5 4 3 3 3 0 4 3 3 3 5 6 6 6 6 3 3 3 0 6 0 4 4 4 3 3 3 3 3 2 0 4 6 4 3 2 0 4 4 2 5 2 4 5 4 2 5 4 5 5 5 2 4 5 2 5 4 3 3 3 5 0 0 0
0 4 6 2 3 5
0 49 6 6 6 6 6 6 6 3 3 3 3 0 6 0 4 6 6 6 6 6 3 3 3 3 0 0 3 3 3 3 3 0 6 0 4 6 4 3 3 0 6 0 4 6 5 2 3 3 3
0 15 5 5 0 0 5 0 0 0 0 5 0 4 5 2 4
0 18 6 5 5 3 4 5 2 5 4 4 2 2 4 2 4 2 5 5
0 5 3 4 5 2 5
0 18 6 2 3 5 0 0 5 0 0 0 0 0 5 0 0 0 0 5
0 14 6 2 5 0 3 3 3 5 0 0 0 0 0 4
0 9 2 5 0 0 0 0 3 5 0
0 13 6 5 0 0 4 5 4 2 5 3 3 3 5
0 9 5 3 3 3 4 5 2 5 4
0 5 6 4 5 2 5
0 20 2 4 4 3 5 0 0 0 0 0 5 0 0 0 3 3 4 5 2 4
0 15 2 2 5 5 5 5 5 2 2 4 2 4 4 4 4
0 42 2 4 5 4 5 5 2 4 5 5 5 2 4 5 4 3 5 0 0 0 4 5 2 5 4 4 4 4 2 2 3 5 0 0 0 3 5 0 0 5 0 0
0 19 6 2 3 3 5 0 3 4 5 6 2 4 5 4 5 5 2 4 4
0 35 6 6 6 6 6 6 6 6 6 6 3 3 3 0 0 0 4 3 3 3 3 7 6 6 6 6 6 6 4 3 4 2 5 0 0
0 3 4 2 5
0 33 2 5 4 5 5 5 5 0 0 0 5 0 0 0 0 3 3 5 0 0 4 5 2 3 5 0 0 0 3 5 0 0 0
0 37 2 5 0 0 0 3 5 0 0 5 0 0 0 3 4 5 2 2 4 5 5 2 4 2 5 0 0 0 0 0 5 0 0 0 5 0 4
0 13 5 3 3 3 4 5 2 5 4 4 4 2 2
0 48 4 2 4 5 5 5 2 4 2 4 5 4 5 5 3 3 5 0 0 0 4 5 2 2 2 5 5 2 5 5 5 4 5 2 5 0 0 5 0 5 0 0 0 0 0 5 0 0
0 61 2 4 5 4 3 3 3 0 4 3 3 3 5 6 6 6 6 3 3 3 0 6 0 4 4 4 3 3 3 3 3 2 0 4 6 4 3 2 0 4 4 2 5 2 4 5 4 2 5 4 5 5 5 2 4 5 2 5 4 3 3
0 7 2 4 4 3 5 0 0
0 14 6 5 5 3 4 5 2 5 4 4 2 2 4 2
0 28 6 2 5 0 3 3 3 5 0 0 0 0 0 4 5 4 2 5 5 2 5 5 5 4 5 2 4 4
0 29 5 0 0 0 0 3 3 4 5 3 3 6 6 6 6 6 6 3 3 3 3 0 0 0 0 2 5 0 0
0 50 2 4 4 5 4 5 2 5 5 5 2 5 4 5 5 5 2 5 5 4 5 4 5 6 6 6 6 6 6 6 6 3 3 0 0 0 0 0 4 5 4 3 0 0 0 2 3 5 0 0
0 13 2 5 4 4 2 2 4 5 4 4 2 4 2
0 20 2 5 2 4 3 4 5 6 6 6 6 6 6 3 3 3 3 2 0 4
0 15 4 6 2 5 5 2 4 5 5 5 5 2 5 5 0
0 11 2 5 5 5 2 4 2 5 2 5 5
0 6 6 2 3 3 5 3
0 56 2 4 5 4 5 5 2 4 5 5 5 2 4 5 4 3 5 0 0 0 4 5 2 5 4 4 4 4 2 2 3 5 0 0 0 3 5 0 0 5 0 0 0 0 0 4 5 6 2 2 5 4 4 2 5 4
0 13 2 5 5 5 2 4 2 5 2 5 5 0 5
0 58 2 4 4 5 4 5 2 5 5 5 2 5 4 5 5 5 2 5 5 4 5 4 5 6 6 6 6 6 6 6 6 3 3 0 0 0 0 0 4 5 4 3 0 0 0 2 3 5 0 0 0 0 0 5 0 0 0 0
0 6 2 4 4 3 5 0
0 21 5 3 3 3 4 5 2 5 4 4 4 2 2 3 5 0 0 0 0 5 4
0 16 2 5 0 0 0 0 3 5 0 0 5 0 0 0 0 0
0 48 6 6 6 6 6 6 6 3 3 3 3 0 6 0 4 6 6 6 6 6 3 3 3 3 0 0 3 3 3 3 3 0 6 0 4 6 4 3 3 0 6 0 4 6 5 2 3 3
0 10 2 4 4 5 5 5 2 5 5 4
0 7 2 5 5 4 5 2 5
0 9 5 6 2 5 3 5 0 3 4
0 5 6 2 5 5 0
0 13 6 2 3 5 0 0 5 0 0 0 0 0 5
0 11 2 5 0 0 0 0 3 5 0 0 5
0 30 6 2 5 5 0 0 0 0 5 0 3 4 5 2 5 0 0 0 5 0 0 0 3 3 4 5 2 3 3 3
0 10 4 2 4 5 5 5 2 4 2 4
0 7 5 5 0 4 5 2 5
0 11 2 3 3 3 3 5 0 0 0 0 4
0 23 6 2 4 4 5 4 2 2 4 5 5 5 3 5 0 0 0 4 5 2 3 3 5
0 11 2 5 4 4 4 4 3 3 5 0 0
0 17 2 3 3 3 3 5 0 0 0 0 4 5 2 5 5 5 4
0 27 2 5 2 5 5 4 4 2 5 4 2 5 4 4 4 5 0 0 3 4 5 6 3 4 5 2 5
0 36 2 3 3 3 3 5 0 0 0 0 4 5 2 5 5 5 4 5 5 0 0 0 3 3 4 5 6 2 4 4 5 4 4 2 5 4
0 6 4 6 2 5 5 2
0 16 4 2 4 4 2 4 5 2 4 4 4 2 5 4 4 3
0 16 5 0 0 0 5 0 0 0 3 3 3 4 5 2 5 5
0 39 4 3 3 2 0 4 4 4 3 3 0 6 6 6 6 6 6 6 6 6 6 3 3 3 2 0 4 4 4 3 3 3 3 3 5 6 6 2 5
0 6 6 5 2 2 2 4
0 8 2 5 4 4 5 4 2 5
0 28 2 5 0 0 0 4 5 6 5 0 0 5 0 0 0 5 0 0 5 0 0 0 4 5 2 5 5 0
0 11 6 2 3 3 5 3 4 5 2 5 0
0 35 2 5 5 4 5 2 5 4 5 4 2 4 5 5 4 3 4 5 6 6 6 6 6 6 3 3 3 0 0 2 5 0 0 0 0
0 43 3 3 3 3 6 6 3 5 6 4 3 0 0 0 0 0 4 3 3 3 3 7 4 3 3 0 6 0 4 4 2 4 5 2 5 3 5 0 0 0 0 5 4
0 14 6 5 2 2 2 4 5 5 4 4 2 2 3 5
0 5 2 5 5 0 0
0 11 2 4 4 5 5 5 2 5 5 4 4
0 16 2 3 3 5 0 0 4 5 2 5 0 3 5 5 0 0
0 9 6 4 5 2 5 5 4 2 4
0 26 2 4 5 4 5 5 2 4 5 5 5 2 4 5 4 3 5 0 0 0 4 5 2 5 4 4
0 6 2 5 4 4 2 2
0 35 6 3 5 0 0 0 0 0 4 5 6 3 5 0 0 0 0 5 0 0 0 0 3 4 5 2 4 5 2 5 5 5 4 4 2
0 18 2 3 3 3 3 4 5 2 5 0 0 4 5 2 5 5 5 4
0 4 2 3 3 3
0 16 5 5 0 0 0 0 3 3 3 3 4 5 2 3 3 4
