713 8
1 0 
1 141 3 7 3 7 3 7 4 1 4 1 4 1 4 1 4 3 3 3 4 5 3 7 3 3 4 5 3 3 4 5 4 4 4 3 0 0 0 4 1 0 0 7 5 4 7 5 4 1 7 5 7 4 1 4 7 5 4 1 7 5 3 3 3 3 4 1 7 7 4 1 5 5 5 4 7 7 4 1 4 1 5 7 7 4 1 4 3 4 4 4 4 1 4 1 4 3 7 4 1 0 0 0 4 7 5 5 5 4 1 7 5 3 5 7 5 3 3 3 3 4 1 4 7 5 4 1 4 1 7 5 7 5 3 3 4 1 4 1 4 3 7
1 78 4 1 0 0 0 0 0 4 4 3 1 1 1 1 1 1 1 1 5 5 5 5 4 1 0 0 0 0 0 0 0 2 4 1 4 3 7 4 1 0 0 0 0 2 2 2 2 4 1 4 1 4 3 3 0 0 0 0 4 1 4 1 2 2 2 2 4 1 4 1 4 1 4 1 4 3 7 7
1 67 4 1 0 0 4 1 4 3 3 7 5 5 7 4 1 5 5 5 7 5 4 7 3 5 5 4 1 4 1 4 1 4 3 2 5 5 1 7 4 4 2 2 7 7 4 4 7 5 3 3 4 1 5 7 4 1 5 5 3 3 4 7 4 1 4 3 7
1 20 4 1 4 1 4 1 0 0 0 0 2 4 1 4 1 4 1 4 3 7
1 1 7
1 104 4 1 0 4 1 0 0 0 0 7 5 7 5 4 1 4 7 5 3 3 3 3 5 7 5 5 7 5 3 3 3 7 5 4 1 4 7 5 5 7 4 1 5 3 3 3 5 4 1 4 3 4 1 4 1 4 3 3 7 3 3 4 5 3 7 4 1 4 1 0 0 7 4 1 3 3 3 3 7 4 1 5 4 1 4 1 4 3 3 7 3 7 3 7 1 4 1 4 1 4 1 4 3 7
1 36 5 1 1 1 5 5 5 5 5 2 2 2 2 2 4 1 4 3 3 7 3 7 3 7 2 2 2 3 1 1 3 7 3 7 3 7
1 53 4 1 0 0 0 0 0 0 2 2 2 2 4 1 4 1 4 1 4 1 4 3 0 0 0 0 4 1 4 1 2 4 1 4 1 4 1 4 1 4 3 4 4 4 4 1 5 1 5 5 5 1 7
1 24 5 5 1 5 4 4 4 7 2 2 2 2 2 2 4 1 4 1 4 3 7 7 3 7
1 28 1 1 2 2 2 1 5 4 1 1 5 1 1 7 4 4 1 4 1 4 3 4 4 4 2 2 2 2
1 78 4 1 0 0 0 0 0 4 1 7 5 4 7 3 5 5 4 7 7 4 7 5 5 3 3 3 7 4 1 5 7 5 4 1 5 4 1 4 1 4 1 4 1 4 3 5 1 5 2 4 4 4 4 4 4 1 0 0 4 1 0 0 1 4 1 4 1 4 1 4 3 5 5 1 5 5 5 1
1 175 4 4 3 5 1 4 1 4 4 3 7 4 7 3 3 3 5 4 1 4 7 5 7 4 1 4 1 5 3 3 7 3 3 5 5 5 7 4 1 3 3 4 7 4 1 3 4 1 4 1 4 1 4 1 4 3 4 1 4 7 5 3 3 3 3 3 3 7 3 3 7 4 1 5 5 7 3 3 3 4 1 4 1 4 1 4 1 4 3 4 1 4 1 0 2 2 4 3 4 3 4 1 0 7 7 4 1 3 7 4 7 7 7 5 4 7 5 3 3 3 5 7 7 4 1 3 3 5 3 3 3 3 7 5 4 7 5 4 1 4 3 7 4 1 4 1 4 7 7 4 1 4 7 4 7 5 4 1 4 1 4 3 0 0 0 0 0 0 4 4 3 3 7 3 7
1 128 4 1 0 0 0 0 0 0 0 7 5 7 7 5 5 5 5 7 4 7 5 5 4 1 5 7 4 1 4 1 5 5 7 4 1 5 4 7 5 5 7 4 1 4 1 4 1 4 3 5 5 5 5 7 4 7 7 4 1 7 3 3 3 3 4 1 4 1 5 7 5 5 3 3 3 3 4 1 4 1 4 1 4 1 4 1 4 3 7 7 1 2 2 2 5 1 1 5 5 1 5 5 1 1 5 1 4 4 4 4 4 4 4 4 4 4 3 7 3 3 4 5 3 3 4 5 3 7
1 74 0 0 0 4 1 0 7 5 4 1 5 4 1 4 1 4 1 4 3 2 2 2 2 1 4 1 4 3 7 0 0 0 0 4 1 4 1 4 1 4 3 4 1 0 0 0 4 4 4 4 1 4 1 4 3 0 0 4 4 4 1 4 1 4 1 4 3 3 7 3 3 4 5 7
1 73 4 1 4 3 7 0 0 0 0 0 4 4 1 4 1 4 1 4 3 0 0 0 0 4 1 0 4 1 4 4 4 4 3 3 3 4 5 3 3 4 5 2 2 2 2 5 3 3 4 5 3 3 4 5 3 7 0 0 4 4 4 1 4 3 0 0 0 4 4 1 4 3 7
1 25 4 1 4 1 4 1 4 1 4 3 5 3 2 2 1 5 5 1 5 3 3 4 5 3 7
1 53 2 2 1 5 3 7 7 5 4 1 4 7 4 1 5 5 4 7 5 4 4 1 4 1 4 1 4 3 5 2 2 5 1 1 1 2 2 4 4 4 4 4 3 7 3 7 3 7 3 3 4 5 7
1 216 4 1 4 1 0 0 4 1 7 4 1 4 1 4 1 7 4 1 3 3 3 3 5 5 4 7 3 3 3 3 3 4 1 4 7 7 3 3 3 3 5 5 7 5 5 5 4 1 4 4 3 0 0 1 4 3 3 3 4 5 3 7 3 7 3 3 4 5 1 5 4 1 0 0 0 0 0 7 7 5 3 4 1 4 1 4 1 4 1 4 3 0 0 0 7 5 4 1 5 7 4 1 4 1 7 5 7 5 5 5 3 3 3 4 7 4 4 1 4 1 4 1 4 1 4 3 0 0 0 7 5 3 3 5 5 7 5 3 3 5 5 7 3 3 3 3 7 5 5 5 4 1 4 7 5 7 5 7 3 3 3 4 7 4 1 4 7 7 5 5 5 7 7 5 4 1 4 1 4 3 7 1 1 5 1 4 4 4 4 4 5 4 4 4 4 1 4 1 4 1 4 3 5 1 5 4 1 4 1 4 1 4 1 4 3 7
1 69 2 2 2 4 1 4 1 4 1 4 3 0 0 0 0 0 0 2 2 2 4 1 4 1 4 1 4 1 4 3 1 5 2 2 7 2 2 7 4 4 4 4 4 2 2 2 1 5 0 0 0 0 0 0 0 1 4 1 4 1 4 1 4 3 7 1 1 1 7
0 9 0 0 0 0 0 4 1 4 1
0 4 0 0 0 0
0 23 0 0 0 7 5 5 5 5 7 7 5 5 4 7 4 1 3 3 3 7 4 1 7
0 155 4 1 4 1 4 1 2 2 2 4 1 4 1 4 1 4 3 3 2 2 2 5 7 3 3 3 5 4 1 5 7 3 4 1 5 4 1 7 4 1 7 3 3 3 3 5 4 1 4 1 4 1 4 1 4 3 0 4 1 7 5 7 4 1 7 5 5 4 7 7 5 7 5 5 3 3 5 7 5 4 7 5 5 4 1 7 5 5 5 7 5 7 4 1 3 3 3 3 4 4 1 4 1 4 1 4 1 4 3 7 0 0 0 0 0 0 7 3 3 3 4 1 5 7 5 5 7 3 5 5 4 7 4 1 4 1 3 3 3 7 7 7 4 1 3 3 3 3 4 1 5 4 1 4 1
0 4 4 1 0 0
0 47 4 1 4 1 4 3 4 4 4 4 1 5 1 5 0 4 1 4 1 7 4 1 4 1 7 3 3 3 3 3 5 7 5 7 3 3 3 3 4 1 4 7 5 4 1 5 7
0 80 0 0 4 1 7 4 1 5 7 4 1 7 4 1 4 1 4 3 7 4 1 4 1 5 4 4 4 1 4 3 0 0 0 0 4 1 7 3 3 3 3 3 3 3 3 7 7 5 7 5 4 1 4 7 5 7 3 3 3 3 3 3 3 3 3 7 3 3 3 3 3 4 1 4 1 4 1 4 1 4
0 36 1 1 1 5 0 4 1 0 0 0 0 0 0 0 7 4 1 4 1 4 7 5 4 7 5 5 5 7 4 1 4 1 4 1 4 1
0 32 1 1 1 5 0 4 1 0 0 0 0 0 0 0 7 4 1 4 1 4 7 5 4 7 5 5 5 7 4 1 4 1
0 10 0 0 0 0 4 1 0 0 4 1
0 77 7 3 3 3 5 4 1 7 5 3 3 3 7 4 7 5 7 5 4 1 7 4 1 4 1 5 5 7 5 4 1 4 3 4 1 4 1 4 1 4 4 4 1 4 1 4 1 4 3 2 2 4 1 4 1 4 1 4 3 4 1 0 0 0 0 7 7 5 5 4 4 4 7 4 1 7 5
0 158 4 1 4 1 4 1 2 2 2 4 1 4 1 4 1 4 3 3 2 2 2 5 7 3 3 3 5 4 1 5 7 3 4 1 5 4 1 7 4 1 7 3 3 3 3 5 4 1 4 1 4 1 4 1 4 3 0 4 1 7 5 7 4 1 7 5 5 4 7 7 5 7 5 5 3 3 5 7 5 4 7 5 5 4 1 7 5 5 5 7 5 7 4 1 3 3 3 3 4 4 1 4 1 4 1 4 1 4 3 7 0 0 0 0 0 0 7 3 3 3 4 1 5 7 5 5 7 3 5 5 4 7 4 1 4 1 3 3 3 7 7 7 4 1 3 3 3 3 4 1 5 4 1 4 1 4 1 4
0 32 0 0 4 1 7 4 1 5 7 4 1 7 4 1 4 1 4 3 7 4 1 4 1 5 4 4 4 1 4 3 0 0
0 21 0 0 0 7 5 5 5 5 7 7 5 5 4 7 4 1 3 3 3 7 4
0 179 4 1 4 1 4 1 2 2 2 4 1 4 1 4 1 4 3 3 2 2 2 5 7 3 3 3 5 4 1 5 7 3 4 1 5 4 1 7 4 1 7 3 3 3 3 5 4 1 4 1 4 1 4 1 4 3 0 4 1 7 5 7 4 1 7 5 5 4 7 7 5 7 5 5 3 3 5 7 5 4 7 5 5 4 1 7 5 5 5 7 5 7 4 1 3 3 3 3 4 4 1 4 1 4 1 4 1 4 3 7 0 0 0 0 0 0 7 3 3 3 4 1 5 7 5 5 7 3 5 5 4 7 4 1 4 1 3 3 3 7 7 7 4 1 3 3 3 3 4 1 5 4 1 4 1 4 1 4 3 1 5 5 5 2 7 0 0 0 4 1 0 0 0 0 4 1 4 1 4
0 40 0 0 0 0 4 1 0 0 4 1 7 7 3 3 3 3 3 3 3 5 5 7 4 1 5 4 1 5 7 4 1 4 1 5 4 1 4 7 7 4
0 9 0 0 4 1 7 4 1 5 7
0 12 0 0 0 4 1 1 4 1 4 1 4 1
0 81 4 1 4 1 4 1 2 2 2 4 1 4 1 4 1 4 3 3 2 2 2 5 7 3 3 3 5 4 1 5 7 3 4 1 5 4 1 7 4 1 7 3 3 3 3 5 4 1 4 1 4 1 4 1 4 3 0 4 1 7 5 7 4 1 7 5 5 4 7 7 5 7 5 5 3 3 5 7 5 4 7
0 69 2 2 2 2 2 2 2 2 3 3 4 5 3 7 3 7 3 3 4 5 3 3 4 5 3 7 3 3 4 5 1 1 1 0 0 0 4 1 4 1 4 1 3 3 3 4 5 2 1 1 5 4 1 0 0 0 0 0 0 0 0 7 3 3 3 7 4 1 4
0 62 0 0 4 1 7 4 1 5 7 4 1 7 4 1 4 1 4 3 7 4 1 4 1 5 4 4 4 1 4 3 0 0 0 0 4 1 7 3 3 3 3 3 3 3 3 7 7 5 7 5 4 1 4 7 5 7 3 3 3 3 3 3
0 43 0 0 0 0 4 1 0 0 4 1 7 7 3 3 3 3 3 3 3 5 5 7 4 1 5 4 1 5 7 4 1 4 1 5 4 1 4 7 7 4 1 5 5
0 106 4 1 7 7 3 3 3 3 3 3 3 3 5 7 5 3 3 5 4 7 4 1 4 1 7 7 5 5 4 7 7 5 4 1 7 7 5 3 3 3 3 4 1 4 1 4 3 4 1 7 5 5 7 7 3 3 3 3 3 3 4 7 5 7 4 1 5 7 4 1 4 3 7 4 1 4 1 5 3 7 5 5 4 1 5 4 4 1 4 3 2 2 2 4 4 4 4 7 4 1 4 1 0 0 0 0
0 25 4 1 4 1 4 3 4 4 4 4 1 5 1 5 0 4 1 4 1 7 4 1 4 1 7
0 44 0 0 0 0 0 4 1 4 1 4 1 4 1 4 3 4 4 3 4 4 4 1 0 0 0 0 0 0 0 2 2 2 4 3 7 4 1 4 1 4 1 4 3 0
0 10 0 4 4 4 4 1 4 1 4 1
0 77 4 1 4 1 4 1 2 2 2 4 1 4 1 4 1 4 3 3 2 2 2 5 7 3 3 3 5 4 1 5 7 3 4 1 5 4 1 7 4 1 7 3 3 3 3 5 4 1 4 1 4 1 4 1 4 3 0 4 1 7 5 7 4 1 7 5 5 4 7 7 5 7 5 5 3 3 5
0 38 4 1 4 1 4 3 4 4 4 4 1 5 1 5 0 4 1 4 1 7 4 1 4 1 7 3 3 3 3 3 5 7 5 7 3 3 3 3
0 42 0 0 4 1 7 4 1 5 7 4 1 7 4 1 4 1 4 3 7 4 1 4 1 5 4 4 4 1 4 3 0 0 0 0 4 1 7 3 3 3 3 3
0 115 4 1 4 1 4 1 2 2 2 4 1 4 1 4 1 4 3 3 2 2 2 5 7 3 3 3 5 4 1 5 7 3 4 1 5 4 1 7 4 1 7 3 3 3 3 5 4 1 4 1 4 1 4 1 4 3 0 4 1 7 5 7 4 1 7 5 5 4 7 7 5 7 5 5 3 3 5 7 5 4 7 5 5 4 1 7 5 5 5 7 5 7 4 1 3 3 3 3 4 4 1 4 1 4 1 4 1 4 3 7 0 0 0 0 0
0 19 4 4 4 4 5 5 1 5 5 1 1 5 7 0 4 3 4 1 0
0 31 4 4 4 4 5 5 1 5 5 1 1 5 7 0 4 3 4 1 0 0 0 0 0 0 0 4 1 4 1 4 1
0 18 4 1 4 1 4 3 4 4 4 4 1 5 1 5 0 4 1 4
0 9 0 0 0 7 5 5 5 5 7
0 182 4 1 4 1 4 1 2 2 2 4 1 4 1 4 1 4 3 3 2 2 2 5 7 3 3 3 5 4 1 5 7 3 4 1 5 4 1 7 4 1 7 3 3 3 3 5 4 1 4 1 4 1 4 1 4 3 0 4 1 7 5 7 4 1 7 5 5 4 7 7 5 7 5 5 3 3 5 7 5 4 7 5 5 4 1 7 5 5 5 7 5 7 4 1 3 3 3 3 4 4 1 4 1 4 1 4 1 4 3 7 0 0 0 0 0 0 7 3 3 3 4 1 5 7 5 5 7 3 5 5 4 7 4 1 4 1 3 3 3 7 7 7 4 1 3 3 3 3 4 1 5 4 1 4 1 4 1 4 3 1 5 5 5 2 7 0 0 0 4 1 0 0 0 0 4 1 4 1 4 1 4 1
0 30 4 1 4 1 4 3 4 4 4 4 1 5 1 5 0 4 1 4 1 7 4 1 4 1 7 3 3 3 3 3
0 49 0 0 0 7 5 5 5 5 7 7 5 5 4 7 4 1 3 3 3 7 4 1 7 4 1 5 7 3 3 3 4 1 4 1 4 1 4 3 0 0 0 0 4 1 4 1 7 5 4
0 74 0 0 0 7 5 5 5 5 7 7 5 5 4 7 4 1 3 3 3 7 4 1 7 4 1 5 7 3 3 3 4 1 4 1 4 1 4 3 0 0 0 0 4 1 4 1 7 5 4 1 3 3 3 4 7 4 7 3 3 4 3 1 1 7 1 1 3 1 1 1 1 0 0 0
0 40 0 0 0 7 5 5 5 5 7 7 5 5 4 7 4 1 3 3 3 7 4 1 7 4 1 5 7 3 3 3 4 1 4 1 4 1 4 3 0 0
0 28 4 4 4 4 5 5 1 5 5 1 1 5 7 0 4 3 4 1 0 0 0 0 0 0 0 4 1 4
0 84 4 1 4 1 4 3 4 4 4 4 1 5 1 5 0 4 1 4 1 7 4 1 4 1 7 3 3 3 3 3 5 7 5 7 3 3 3 3 4 1 4 7 5 4 1 5 7 4 1 5 7 5 4 4 7 5 5 5 4 1 7 5 3 3 3 3 5 4 1 7 7 4 1 5 4 1 5 4 1 4 1 4 1 4
0 26 0 0 0 7 5 5 5 5 7 7 5 5 4 7 4 1 3 3 3 7 4 1 7 4 1 5
0 33 4 1 4 1 4 3 4 4 4 4 1 5 1 5 0 4 1 4 1 7 4 1 4 1 7 3 3 3 3 3 5 7 5
0 105 4 1 4 1 4 1 2 2 2 4 1 4 1 4 1 4 3 3 2 2 2 5 7 3 3 3 5 4 1 5 7 3 4 1 5 4 1 7 4 1 7 3 3 3 3 5 4 1 4 1 4 1 4 1 4 3 0 4 1 7 5 7 4 1 7 5 5 4 7 7 5 7 5 5 3 3 5 7 5 4 7 5 5 4 1 7 5 5 5 7 5 7 4 1 3 3 3 3 4 4 1 4 1 4 1
0 68 4 1 4 1 4 1 2 2 2 4 1 4 1 4 1 4 3 3 2 2 2 5 7 3 3 3 5 4 1 5 7 3 4 1 5 4 1 7 4 1 7 3 3 3 3 5 4 1 4 1 4 1 4 1 4 3 0 4 1 7 5 7 4 1 7 5 5 4
0 4 0 4 4 4
0 12 4 1 0 0 0 4 1 7 5 4 1 7
0 74 4 1 4 1 4 1 2 2 2 4 1 4 1 4 1 4 3 3 2 2 2 5 7 3 3 3 5 4 1 5 7 3 4 1 5 4 1 7 4 1 7 3 3 3 3 5 4 1 4 1 4 1 4 1 4 3 0 4 1 7 5 7 4 1 7 5 5 4 7 7 5 7 5 5
0 53 0 0 4 1 7 4 1 5 7 4 1 7 4 1 4 1 4 3 7 4 1 4 1 5 4 4 4 1 4 3 0 0 0 0 4 1 7 3 3 3 3 3 3 3 3 7 7 5 7 5 4 1 4
0 50 0 0 0 0 0 4 1 4 1 4 1 4 1 4 3 4 4 3 4 4 4 1 0 0 0 0 0 0 0 2 2 2 4 3 7 4 1 4 1 4 1 4 3 0 0 0 4 1 4 1
0 33 0 0 0 7 5 5 5 5 7 7 5 5 4 7 4 1 3 3 3 7 4 1 7 4 1 5 7 3 3 3 4 1 4
0 46 0 0 0 7 5 5 5 5 7 7 5 5 4 7 4 1 3 3 3 7 4 1 7 4 1 5 7 3 3 3 4 1 4 1 4 1 4 3 0 0 0 0 4 1 4 1
0 3 0 0 0
0 12 0 4 4 4 4 1 4 1 4 1 4 1
0 19 0 0 0 0 4 1 0 0 4 1 7 7 3 3 3 3 3 3 3
0 87 4 1 4 1 4 1 2 2 2 4 1 4 1 4 1 4 3 3 2 2 2 5 7 3 3 3 5 4 1 5 7 3 4 1 5 4 1 7 4 1 7 3 3 3 3 5 4 1 4 1 4 1 4 1 4 3 0 4 1 7 5 7 4 1 7 5 5 4 7 7 5 7 5 5 3 3 5 7 5 4 7 5 5 4 1 7 5
0 86 0 0 0 7 5 5 5 5 7 7 5 5 4 7 4 1 3 3 3 7 4 1 7 4 1 5 7 3 3 3 4 1 4 1 4 1 4 3 0 0 0 0 4 1 4 1 7 5 4 1 3 3 3 4 7 4 7 3 3 4 3 1 1 7 1 1 3 1 1 1 1 0 0 0 4 1 7 5 5 7 4 1 7 5 7 3
0 59 4 1 4 1 4 3 4 4 4 4 1 5 1 5 0 4 1 4 1 7 4 1 4 1 7 3 3 3 3 3 5 7 5 7 3 3 3 3 4 1 4 7 5 4 1 5 7 4 1 5 7 5 4 4 7 5 5 5 4
0 34 4 4 4 4 5 5 1 5 5 1 1 5 7 0 4 3 4 1 0 0 0 0 0 0 0 4 1 4 1 4 1 4 3 0
0 18 4 1 0 0 0 4 1 7 5 4 1 7 4 1 5 7 5 3
0 44 0 0 4 1 7 4 1 5 7 4 1 7 4 1 4 1 4 3 7 4 1 4 1 5 4 4 4 1 4 3 0 0 0 0 4 1 7 3 3 3 3 3 3 3
0 47 4 1 0 0 0 4 1 7 5 4 1 7 4 1 5 7 5 3 3 3 3 5 7 4 1 5 3 3 3 3 3 3 3 4 7 3 3 3 5 7 7 3 3 7 4 1 4
0 5 0 0 0 4 1
0 53 4 1 0 0 0 4 1 7 5 4 1 7 4 1 5 7 5 3 3 3 3 5 7 4 1 5 3 3 3 3 3 3 3 4 7 3 3 3 5 7 7 3 3 7 4 1 4 1 4 1 4 1 4
0 46 0 0 0 0 0 4 1 4 1 4 1 4 1 4 3 4 4 3 4 4 4 1 0 0 0 0 0 0 0 2 2 2 4 3 7 4 1 4 1 4 1 4 3 0 0 0
0 37 0 0 0 0 4 1 0 0 4 1 7 7 3 3 3 3 3 3 3 5 5 7 4 1 5 4 1 5 7 4 1 4 1 5 4 1 4
0 9 0 0 0 4 1 1 4 1 4
0 5 0 0 0 0 2
0 49 0 0 4 1 7 4 1 5 7 4 1 7 4 1 4 1 4 3 7 4 1 4 1 5 4 4 4 1 4 3 0 0 0 0 4 1 7 3 3 3 3 3 3 3 3 7 7 5 7
0 39 0 0 4 1 7 4 1 5 7 4 1 7 4 1 4 1 4 3 7 4 1 4 1 5 4 4 4 1 4 3 0 0 0 0 4 1 7 3 3
0 31 0 0 0 0 0 4 1 4 1 4 1 4 1 4 3 4 4 3 4 4 4 1 0 0 0 0 0 0 0 2 2
0 63 4 1 4 1 4 1 2 2 2 4 1 4 1 4 1 4 3 3 2 2 2 5 7 3 3 3 5 4 1 5 7 3 4 1 5 4 1 7 4 1 7 3 3 3 3 5 4 1 4 1 4 1 4 1 4 3 0 4 1 7 5 7 4
0 54 0 0 0 7 5 5 5 5 7 7 5 5 4 7 4 1 3 3 3 7 4 1 7 4 1 5 7 3 3 3 4 1 4 1 4 1 4 3 0 0 0 0 4 1 4 1 7 5 4 1 3 3 3 4
0 133 4 1 4 1 4 1 2 2 2 4 1 4 1 4 1 4 3 3 2 2 2 5 7 3 3 3 5 4 1 5 7 3 4 1 5 4 1 7 4 1 7 3 3 3 3 5 4 1 4 1 4 1 4 1 4 3 0 4 1 7 5 7 4 1 7 5 5 4 7 7 5 7 5 5 3 3 5 7 5 4 7 5 5 4 1 7 5 5 5 7 5 7 4 1 3 3 3 3 4 4 1 4 1 4 1 4 1 4 3 7 0 0 0 0 0 0 7 3 3 3 4 1 5 7 5 5 7 3 5 5 4 7 4
0 48 0 0 0 0 0 4 1 4 1 4 1 4 1 4 3 4 4 3 4 4 4 1 0 0 0 0 0 0 0 2 2 2 4 3 7 4 1 4 1 4 1 4 3 0 0 0 4 1
0 11 0 4 4 4 4 1 4 1 4 1 4
0 34 1 1 1 5 0 4 1 0 0 0 0 0 0 0 7 4 1 4 1 4 7 5 4 7 5 5 5 7 4 1 4 1 4 1
0 22 4 4 4 4 5 5 1 5 5 1 1 5 7 0 4 3 4 1 0 0 0 0
0 139 4 1 4 1 4 1 2 2 2 4 1 4 1 4 1 4 3 3 2 2 2 5 7 3 3 3 5 4 1 5 7 3 4 1 5 4 1 7 4 1 7 3 3 3 3 5 4 1 4 1 4 1 4 1 4 3 0 4 1 7 5 7 4 1 7 5 5 4 7 7 5 7 5 5 3 3 5 7 5 4 7 5 5 4 1 7 5 5 5 7 5 7 4 1 3 3 3 3 4 4 1 4 1 4 1 4 1 4 3 7 0 0 0 0 0 0 7 3 3 3 4 1 5 7 5 5 7 3 5 5 4 7 4 1 4 1 3 3 3
0 76 0 0 4 1 7 4 1 5 7 4 1 7 4 1 4 1 4 3 7 4 1 4 1 5 4 4 4 1 4 3 0 0 0 0 4 1 7 3 3 3 3 3 3 3 3 7 7 5 7 5 4 1 4 7 5 7 3 3 3 3 3 3 3 3 3 7 3 3 3 3 3 4 1 4 1 4
0 107 4 1 4 1 4 1 2 2 2 4 1 4 1 4 1 4 3 3 2 2 2 5 7 3 3 3 5 4 1 5 7 3 4 1 5 4 1 7 4 1 7 3 3 3 3 5 4 1 4 1 4 1 4 1 4 3 0 4 1 7 5 7 4 1 7 5 5 4 7 7 5 7 5 5 3 3 5 7 5 4 7 5 5 4 1 7 5 5 5 7 5 7 4 1 3 3 3 3 4 4 1 4 1 4 1 4 1
0 7 0 0 0 7 5 5 5
0 76 4 1 4 1 4 3 4 4 4 4 1 5 1 5 0 4 1 4 1 7 4 1 4 1 7 3 3 3 3 3 5 7 5 7 3 3 3 3 4 1 4 7 5 4 1 5 7 4 1 5 7 5 4 4 7 5 5 5 4 1 7 5 3 3 3 3 5 4 1 7 7 4 1 5 4 1
0 20 4 1 4 1 4 3 4 4 4 4 1 5 1 5 0 4 1 4 1 7
0 10 4 1 0 0 0 4 1 7 4 7
0 22 0 0 0 7 5 5 5 5 7 7 5 5 4 7 4 1 3 3 3 7 4 1
0 17 1 1 1 5 0 4 1 0 0 0 0 0 0 0 7 4 1
0 3 0 0 4
0 149 4 1 4 1 4 1 2 2 2 4 1 4 1 4 1 4 3 3 2 2 2 5 7 3 3 3 5 4 1 5 7 3 4 1 5 4 1 7 4 1 7 3 3 3 3 5 4 1 4 1 4 1 4 1 4 3 0 4 1 7 5 7 4 1 7 5 5 4 7 7 5 7 5 5 3 3 5 7 5 4 7 5 5 4 1 7 5 5 5 7 5 7 4 1 3 3 3 3 4 4 1 4 1 4 1 4 1 4 3 7 0 0 0 0 0 0 7 3 3 3 4 1 5 7 5 5 7 3 5 5 4 7 4 1 4 1 3 3 3 7 7 7 4 1 3 3 3 3 4
0 49 4 1 4 1 4 3 4 4 4 4 1 5 1 5 0 4 1 4 1 7 4 1 4 1 7 3 3 3 3 3 5 7 5 7 3 3 3 3 4 1 4 7 5 4 1 5 7 4 1
0 157 4 1 4 1 4 1 2 2 2 4 1 4 1 4 1 4 3 3 2 2 2 5 7 3 3 3 5 4 1 5 7 3 4 1 5 4 1 7 4 1 7 3 3 3 3 5 4 1 4 1 4 1 4 1 4 3 0 4 1 7 5 7 4 1 7 5 5 4 7 7 5 7 5 5 3 3 5 7 5 4 7 5 5 4 1 7 5 5 5 7 5 7 4 1 3 3 3 3 4 4 1 4 1 4 1 4 1 4 3 7 0 0 0 0 0 0 7 3 3 3 4 1 5 7 5 5 7 3 5 5 4 7 4 1 4 1 3 3 3 7 7 7 4 1 3 3 3 3 4 1 5 4 1 4 1 4 1
0 71 4 1 4 1 4 3 4 4 4 4 1 5 1 5 0 4 1 4 1 7 4 1 4 1 7 3 3 3 3 3 5 7 5 7 3 3 3 3 4 1 4 7 5 4 1 5 7 4 1 5 7 5 4 4 7 5 5 5 4 1 7 5 3 3 3 3 5 4 1 7 7
0 18 0 0 0 0 4 1 2 2 2 4 1 4 3 4 1 0 0 0
0 75 0 0 4 1 7 4 1 5 7 4 1 7 4 1 4 1 4 3 7 4 1 4 1 5 4 4 4 1 4 3 0 0 0 0 4 1 7 3 3 3 3 3 3 3 3 7 7 5 7 5 4 1 4 7 5 7 3 3 3 3 3 3 3 3 3 7 3 3 3 3 3 4 1 4 1
0 7 1 1 1 5 0 4 1
0 7 4 1 0 0 0 4 1
0 138 4 1 4 1 4 1 2 2 2 4 1 4 1 4 1 4 3 3 2 2 2 5 7 3 3 3 5 4 1 5 7 3 4 1 5 4 1 7 4 1 7 3 3 3 3 5 4 1 4 1 4 1 4 1 4 3 0 4 1 7 5 7 4 1 7 5 5 4 7 7 5 7 5 5 3 3 5 7 5 4 7 5 5 4 1 7 5 5 5 7 5 7 4 1 3 3 3 3 4 4 1 4 1 4 1 4 1 4 3 7 0 0 0 0 0 0 7 3 3 3 4 1 5 7 5 5 7 3 5 5 4 7 4 1 4 1 3 3
0 57 0 0 4 1 7 4 1 5 7 4 1 7 4 1 4 1 4 3 7 4 1 4 1 5 4 4 4 1 4 3 0 0 0 0 4 1 7 3 3 3 3 3 3 3 3 7 7 5 7 5 4 1 4 7 5 7 3
0 41 4 1 0 0 0 4 1 7 5 4 1 7 4 1 5 7 5 3 3 3 3 5 7 4 1 5 3 3 3 3 3 3 3 4 7 3 3 3 5 7 7
0 20 4 4 4 4 5 5 1 5 5 1 1 5 7 0 4 3 4 1 0 0
0 70 0 0 4 1 7 4 1 5 7 4 1 7 4 1 4 1 4 3 7 4 1 4 1 5 4 4 4 1 4 3 0 0 0 0 4 1 7 3 3 3 3 3 3 3 3 7 7 5 7 5 4 1 4 7 5 7 3 3 3 3 3 3 3 3 3 7 3 3 3 3
0 103 4 1 7 7 3 3 3 3 3 3 3 3 5 7 5 3 3 5 4 7 4 1 4 1 7 7 5 5 4 7 7 5 4 1 7 7 5 3 3 3 3 4 1 4 1 4 3 4 1 7 5 5 7 7 3 3 3 3 3 3 4 7 5 7 4 1 5 7 4 1 4 3 7 4 1 4 1 5 3 7 5 5 4 1 5 4 4 1 4 3 2 2 2 4 4 4 4 7 4 1 4 1 0
0 145 4 1 4 1 4 1 2 2 2 4 1 4 1 4 1 4 3 3 2 2 2 5 7 3 3 3 5 4 1 5 7 3 4 1 5 4 1 7 4 1 7 3 3 3 3 5 4 1 4 1 4 1 4 1 4 3 0 4 1 7 5 7 4 1 7 5 5 4 7 7 5 7 5 5 3 3 5 7 5 4 7 5 5 4 1 7 5 5 5 7 5 7 4 1 3 3 3 3 4 4 1 4 1 4 1 4 1 4 3 7 0 0 0 0 0 0 7 3 3 3 4 1 5 7 5 5 7 3 5 5 4 7 4 1 4 1 3 3 3 7 7 7 4 1 3
0 28 4 1 0 0 0 4 1 7 5 4 1 7 4 1 5 7 5 3 3 3 3 5 7 4 1 5 3 3
0 44 0 0 0 7 5 5 5 5 7 7 5 5 4 7 4 1 3 3 3 7 4 1 7 4 1 5 7 3 3 3 4 1 4 1 4 1 4 3 0 0 0 0 4 1
0 43 4 1 4 1 4 3 4 4 4 4 1 5 1 5 0 4 1 4 1 7 4 1 4 1 7 3 3 3 3 3 5 7 5 7 3 3 3 3 4 1 4 7 5
0 17 4 1 0 0 0 4 1 7 4 7 5 5 7 5 5 5 7
0 6 0 4 4 4 4 1
0 8 1 1 1 5 0 4 1 0
0 96 7 3 3 3 5 4 1 7 5 3 3 3 7 4 7 5 7 5 4 1 7 4 1 4 1 5 5 7 5 4 1 4 3 4 1 4 1 4 1 4 4 4 1 4 1 4 1 4 3 2 2 4 1 4 1 4 1 4 3 4 1 0 0 0 0 7 7 5 5 4 4 4 7 4 1 7 5 7 4 1 7 5 3 3 3 5 5 4 1 4 1 4 1 4 1 4
0 37 0 0 0 7 5 5 5 5 7 7 5 5 4 7 4 1 3 3 3 7 4 1 7 4 1 5 7 3 3 3 4 1 4 1 4 1 4
0 46 4 1 0 0 0 4 1 7 5 4 1 7 4 1 5 7 5 3 3 3 3 5 7 4 1 5 3 3 3 3 3 3 3 4 7 3 3 3 5 7 7 3 3 7 4 1
0 21 1 1 1 5 0 4 1 0 0 0 0 0 0 0 7 4 1 4 1 4 7
0 89 0 0 0 7 5 5 5 5 7 7 5 5 4 7 4 1 3 3 3 7 4 1 7 4 1 5 7 3 3 3 4 1 4 1 4 1 4 3 0 0 0 0 4 1 4 1 7 5 4 1 3 3 3 4 7 4 7 3 3 4 3 1 1 7 1 1 3 1 1 1 1 0 0 0 4 1 7 5 5 7 4 1 7 5 7 3 3 3 3
0 90 7 3 3 3 5 4 1 7 5 3 3 3 7 4 7 5 7 5 4 1 7 4 1 4 1 5 5 7 5 4 1 4 3 4 1 4 1 4 1 4 4 4 1 4 1 4 1 4 3 2 2 4 1 4 1 4 1 4 3 4 1 0 0 0 0 7 7 5 5 4 4 4 7 4 1 7 5 7 4 1 7 5 3 3 3 5 5 4 1 4
0 24 4 4 4 4 5 5 1 5 5 1 1 5 7 0 4 3 4 1 0 0 0 0 0 0
0 63 7 3 3 3 5 4 1 7 5 3 3 3 7 4 7 5 7 5 4 1 7 4 1 4 1 5 5 7 5 4 1 4 3 4 1 4 1 4 1 4 4 4 1 4 1 4 1 4 3 2 2 4 1 4 1 4 1 4 3 4 1 0 0
0 8 0 0 0 7 5 5 5 5
0 75 7 3 3 3 5 4 1 7 5 3 3 3 7 4 7 5 7 5 4 1 7 4 1 4 1 5 5 7 5 4 1 4 3 4 1 4 1 4 1 4 4 4 1 4 1 4 1 4 3 2 2 4 1 4 1 4 1 4 3 4 1 0 0 0 0 7 7 5 5 4 4 4 7 4 1
0 29 4 1 4 1 4 3 4 4 4 4 1 5 1 5 0 4 1 4 1 7 4 1 4 1 7 3 3 3 3
0 92 4 1 4 1 4 1 2 2 2 4 1 4 1 4 1 4 3 3 2 2 2 5 7 3 3 3 5 4 1 5 7 3 4 1 5 4 1 7 4 1 7 3 3 3 3 5 4 1 4 1 4 1 4 1 4 3 0 4 1 7 5 7 4 1 7 5 5 4 7 7 5 7 5 5 3 3 5 7 5 4 7 5 5 4 1 7 5 5 5 7 5 7
0 37 0 0 4 1 7 4 1 5 7 4 1 7 4 1 4 1 4 3 7 4 1 4 1 5 4 4 4 1 4 3 0 0 0 0 4 1 7
0 23 1 1 1 5 0 4 1 0 0 0 0 0 0 0 7 4 1 4 1 4 7 5 4
0 20 0 0 0 0 4 1 2 2 2 4 1 4 3 4 1 0 0 0 0 0
0 68 4 1 4 1 4 3 4 4 4 4 1 5 1 5 0 4 1 4 1 7 4 1 4 1 7 3 3 3 3 3 5 7 5 7 3 3 3 3 4 1 4 7 5 4 1 5 7 4 1 5 7 5 4 4 7 5 5 5 4 1 7 5 3 3 3 3 5 4
0 50 4 1 4 1 4 3 4 4 4 4 1 5 1 5 0 4 1 4 1 7 4 1 4 1 7 3 3 3 3 3 5 7 5 7 3 3 3 3 4 1 4 7 5 4 1 5 7 4 1 5
0 180 4 1 4 1 4 1 2 2 2 4 1 4 1 4 1 4 3 3 2 2 2 5 7 3 3 3 5 4 1 5 7 3 4 1 5 4 1 7 4 1 7 3 3 3 3 5 4 1 4 1 4 1 4 1 4 3 0 4 1 7 5 7 4 1 7 5 5 4 7 7 5 7 5 5 3 3 5 7 5 4 7 5 5 4 1 7 5 5 5 7 5 7 4 1 3 3 3 3 4 4 1 4 1 4 1 4 1 4 3 7 0 0 0 0 0 0 7 3 3 3 4 1 5 7 5 5 7 3 5 5 4 7 4 1 4 1 3 3 3 7 7 7 4 1 3 3 3 3 4 1 5 4 1 4 1 4 1 4 3 1 5 5 5 2 7 0 0 0 4 1 0 0 0 0 4 1 4 1 4 1
0 129 4 1 4 1 4 1 2 2 2 4 1 4 1 4 1 4 3 3 2 2 2 5 7 3 3 3 5 4 1 5 7 3 4 1 5 4 1 7 4 1 7 3 3 3 3 5 4 1 4 1 4 1 4 1 4 3 0 4 1 7 5 7 4 1 7 5 5 4 7 7 5 7 5 5 3 3 5 7 5 4 7 5 5 4 1 7 5 5 5 7 5 7 4 1 3 3 3 3 4 4 1 4 1 4 1 4 1 4 3 7 0 0 0 0 0 0 7 3 3 3 4 1 5 7 5 5 7 3 5
0 51 0 0 0 0 4 1 0 0 4 1 7 7 3 3 3 3 3 3 3 5 5 7 4 1 5 4 1 5 7 4 1 4 1 5 4 1 4 7 7 4 1 5 5 7 5 7 5 4 1 4 1
0 38 0 0 4 1 7 4 1 5 7 4 1 7 4 1 4 1 4 3 7 4 1 4 1 5 4 4 4 1 4 3 0 0 0 0 4 1 7 3
0 76 7 3 3 3 5 4 1 7 5 3 3 3 7 4 7 5 7 5 4 1 7 4 1 4 1 5 5 7 5 4 1 4 3 4 1 4 1 4 1 4 4 4 1 4 1 4 1 4 3 2 2 4 1 4 1 4 1 4 3 4 1 0 0 0 0 7 7 5 5 4 4 4 7 4 1 7
0 77 0 0 0 7 5 5 5 5 7 7 5 5 4 7 4 1 3 3 3 7 4 1 7 4 1 5 7 3 3 3 4 1 4 1 4 1 4 3 0 0 0 0 4 1 4 1 7 5 4 1 3 3 3 4 7 4 7 3 3 4 3 1 1 7 1 1 3 1 1 1 1 0 0 0 4 1 7
0 27 0 0 0 0 0 4 1 4 1 4 1 4 1 4 3 4 4 3 4 4 4 1 0 0 0 0 0
0 31 4 1 4 1 4 3 4 4 4 4 1 5 1 5 0 4 1 4 1 7 4 1 4 1 7 3 3 3 3 3 5
0 69 7 3 3 3 5 4 1 7 5 3 3 3 7 4 7 5 7 5 4 1 7 4 1 4 1 5 5 7 5 4 1 4 3 4 1 4 1 4 1 4 4 4 1 4 1 4 1 4 3 2 2 4 1 4 1 4 1 4 3 4 1 0 0 0 0 7 7 5 5
0 30 0 0 0 0 4 1 0 0 0 1 4 3 4 1 4 1 4 1 4 3 4 1 4 1 0 0 4 1 1 4
0 16 0 0 0 7 5 5 5 5 7 7 5 5 4 7 4 1
0 78 4 1 4 1 4 1 2 2 2 4 1 4 1 4 1 4 3 3 2 2 2 5 7 3 3 3 5 4 1 5 7 3 4 1 5 4 1 7 4 1 7 3 3 3 3 5 4 1 4 1 4 1 4 1 4 3 0 4 1 7 5 7 4 1 7 5 5 4 7 7 5 7 5 5 3 3 5 7
0 136 4 1 4 1 4 1 2 2 2 4 1 4 1 4 1 4 3 3 2 2 2 5 7 3 3 3 5 4 1 5 7 3 4 1 5 4 1 7 4 1 7 3 3 3 3 5 4 1 4 1 4 1 4 1 4 3 0 4 1 7 5 7 4 1 7 5 5 4 7 7 5 7 5 5 3 3 5 7 5 4 7 5 5 4 1 7 5 5 5 7 5 7 4 1 3 3 3 3 4 4 1 4 1 4 1 4 1 4 3 7 0 0 0 0 0 0 7 3 3 3 4 1 5 7 5 5 7 3 5 5 4 7 4 1 4 1
0 35 0 0 0 0 4 1 2 2 2 4 1 4 3 4 1 0 0 0 0 0 0 0 0 0 0 4 4 1 4 1 4 1 4 1 4
0 178 4 1 4 1 4 1 2 2 2 4 1 4 1 4 1 4 3 3 2 2 2 5 7 3 3 3 5 4 1 5 7 3 4 1 5 4 1 7 4 1 7 3 3 3 3 5 4 1 4 1 4 1 4 1 4 3 0 4 1 7 5 7 4 1 7 5 5 4 7 7 5 7 5 5 3 3 5 7 5 4 7 5 5 4 1 7 5 5 5 7 5 7 4 1 3 3 3 3 4 4 1 4 1 4 1 4 1 4 3 7 0 0 0 0 0 0 7 3 3 3 4 1 5 7 5 5 7 3 5 5 4 7 4 1 4 1 3 3 3 7 7 7 4 1 3 3 3 3 4 1 5 4 1 4 1 4 1 4 3 1 5 5 5 2 7 0 0 0 4 1 0 0 0 0 4 1 4 1
0 43 4 1 0 0 0 4 1 7 5 4 1 7 4 1 5 7 5 3 3 3 3 5 7 4 1 5 3 3 3 3 3 3 3 4 7 3 3 3 5 7 7 3 3
0 26 4 1 0 0 0 4 1 7 5 4 1 7 4 1 5 7 5 3 3 3 3 5 7 4 1 5
0 40 4 1 0 0 0 4 1 7 5 4 1 7 4 1 5 7 5 3 3 3 3 5 7 4 1 5 3 3 3 3 3 3 3 4 7 3 3 3 5 7
0 98 4 1 4 1 4 1 2 2 2 4 1 4 1 4 1 4 3 3 2 2 2 5 7 3 3 3 5 4 1 5 7 3 4 1 5 4 1 7 4 1 7 3 3 3 3 5 4 1 4 1 4 1 4 1 4 3 0 4 1 7 5 7 4 1 7 5 5 4 7 7 5 7 5 5 3 3 5 7 5 4 7 5 5 4 1 7 5 5 5 7 5 7 4 1 3 3 3 3
0 73 0 0 0 7 5 5 5 5 7 7 5 5 4 7 4 1 3 3 3 7 4 1 7 4 1 5 7 3 3 3 4 1 4 1 4 1 4 3 0 0 0 0 4 1 4 1 7 5 4 1 3 3 3 4 7 4 7 3 3 4 3 1 1 7 1 1 3 1 1 1 1 0 0
0 60 4 1 4 1 4 1 2 2 2 4 1 4 1 4 1 4 3 3 2 2 2 5 7 3 3 3 5 4 1 5 7 3 4 1 5 4 1 7 4 1 7 3 3 3 3 5 4 1 4 1 4 1 4 1 4 3 0 4 1 7
0 150 4 1 4 1 4 1 2 2 2 4 1 4 1 4 1 4 3 3 2 2 2 5 7 3 3 3 5 4 1 5 7 3 4 1 5 4 1 7 4 1 7 3 3 3 3 5 4 1 4 1 4 1 4 1 4 3 0 4 1 7 5 7 4 1 7 5 5 4 7 7 5 7 5 5 3 3 5 7 5 4 7 5 5 4 1 7 5 5 5 7 5 7 4 1 3 3 3 3 4 4 1 4 1 4 1 4 1 4 3 7 0 0 0 0 0 0 7 3 3 3 4 1 5 7 5 5 7 3 5 5 4 7 4 1 4 1 3 3 3 7 7 7 4 1 3 3 3 3 4 1
0 7 0 0 0 0 2 2 2
0 9 0 0 0 4 1 4 1 4 1
0 154 4 1 4 1 4 1 2 2 2 4 1 4 1 4 1 4 3 3 2 2 2 5 7 3 3 3 5 4 1 5 7 3 4 1 5 4 1 7 4 1 7 3 3 3 3 5 4 1 4 1 4 1 4 1 4 3 0 4 1 7 5 7 4 1 7 5 5 4 7 7 5 7 5 5 3 3 5 7 5 4 7 5 5 4 1 7 5 5 5 7 5 7 4 1 3 3 3 3 4 4 1 4 1 4 1 4 1 4 3 7 0 0 0 0 0 0 7 3 3 3 4 1 5 7 5 5 7 3 5 5 4 7 4 1 4 1 3 3 3 7 7 7 4 1 3 3 3 3 4 1 5 4 1 4
0 30 0 0 0 0 4 1 0 0 4 1 7 7 3 3 3 3 3 3 3 5 5 7 4 1 5 4 1 5 7 4
0 26 0 0 0 0 4 1 0 0 4 1 7 7 3 3 3 3 3 3 3 5 5 7 4 1 5 4
0 32 0 0 0 7 5 5 5 5 7 7 5 5 4 7 4 1 3 3 3 7 4 1 7 4 1 5 7 3 3 3 4 1
0 56 2 2 2 2 2 2 2 2 3 3 4 5 3 7 3 7 3 3 4 5 3 3 4 5 3 7 3 3 4 5 1 1 1 0 0 0 4 1 4 1 4 1 3 3 3 4 5 2 1 1 5 4 1 0 0 0
0 96 4 1 4 1 4 1 2 2 2 4 1 4 1 4 1 4 3 3 2 2 2 5 7 3 3 3 5 4 1 5 7 3 4 1 5 4 1 7 4 1 7 3 3 3 3 5 4 1 4 1 4 1 4 1 4 3 0 4 1 7 5 7 4 1 7 5 5 4 7 7 5 7 5 5 3 3 5 7 5 4 7 5 5 4 1 7 5 5 5 7 5 7 4 1 3 3
0 6 0 0 0 7 5 5
0 60 0 0 0 7 5 5 5 5 7 7 5 5 4 7 4 1 3 3 3 7 4 1 7 4 1 5 7 3 3 3 4 1 4 1 4 1 4 3 0 0 0 0 4 1 4 1 7 5 4 1 3 3 3 4 7 4 7 3 3 4
0 26 4 1 0 0 0 4 1 7 4 7 5 5 7 5 5 5 7 4 1 4 1 4 1 4 1 4
0 24 0 0 0 0 4 1 2 2 2 4 1 4 3 4 1 0 0 0 0 0 0 0 0 0
0 94 4 1 4 1 4 1 2 2 2 4 1 4 1 4 1 4 3 3 2 2 2 5 7 3 3 3 5 4 1 5 7 3 4 1 5 4 1 7 4 1 7 3 3 3 3 5 4 1 4 1 4 1 4 1 4 3 0 4 1 7 5 7 4 1 7 5 5 4 7 7 5 7 5 5 3 3 5 7 5 4 7 5 5 4 1 7 5 5 5 7 5 7 4 1
0 5 4 1 0 0 0
0 51 4 4 4 4 5 5 1 5 5 1 1 5 7 0 4 3 4 1 0 0 0 0 0 0 0 4 1 4 1 4 1 4 3 0 0 0 0 0 0 0 0 2 2 2 2 4 1 4 1 4 1
0 7 0 0 0 0 4 1 2
0 134 4 1 4 1 4 1 2 2 2 4 1 4 1 4 1 4 3 3 2 2 2 5 7 3 3 3 5 4 1 5 7 3 4 1 5 4 1 7 4 1 7 3 3 3 3 5 4 1 4 1 4 1 4 1 4 3 0 4 1 7 5 7 4 1 7 5 5 4 7 7 5 7 5 5 3 3 5 7 5 4 7 5 5 4 1 7 5 5 5 7 5 7 4 1 3 3 3 3 4 4 1 4 1 4 1 4 1 4 3 7 0 0 0 0 0 0 7 3 3 3 4 1 5 7 5 5 7 3 5 5 4 7 4 1
0 33 0 0 4 1 7 4 1 5 7 4 1 7 4 1 4 1 4 3 7 4 1 4 1 5 4 4 4 1 4 3 0 0 0
0 27 0 0 0 0 4 1 0 0 0 1 4 3 4 1 4 1 4 1 4 3 4 1 4 1 0 0 4
0 67 4 1 4 1 4 3 4 4 4 4 1 5 1 5 0 4 1 4 1 7 4 1 4 1 7 3 3 3 3 3 5 7 5 7 3 3 3 3 4 1 4 7 5 4 1 5 7 4 1 5 7 5 4 4 7 5 5 5 4 1 7 5 3 3 3 3 5
0 130 4 1 4 1 4 1 2 2 2 4 1 4 1 4 1 4 3 3 2 2 2 5 7 3 3 3 5 4 1 5 7 3 4 1 5 4 1 7 4 1 7 3 3 3 3 5 4 1 4 1 4 1 4 1 4 3 0 4 1 7 5 7 4 1 7 5 5 4 7 7 5 7 5 5 3 3 5 7 5 4 7 5 5 4 1 7 5 5 5 7 5 7 4 1 3 3 3 3 4 4 1 4 1 4 1 4 1 4 3 7 0 0 0 0 0 0 7 3 3 3 4 1 5 7 5 5 7 3 5 5
0 64 4 1 4 1 4 1 2 2 2 4 1 4 1 4 1 4 3 3 2 2 2 5 7 3 3 3 5 4 1 5 7 3 4 1 5 4 1 7 4 1 7 3 3 3 3 5 4 1 4 1 4 1 4 1 4 3 0 4 1 7 5 7 4 1
0 57 4 1 4 1 4 1 2 2 2 4 1 4 1 4 1 4 3 3 2 2 2 5 7 3 3 3 5 4 1 5 7 3 4 1 5 4 1 7 4 1 7 3 3 3 3 5 4 1 4 1 4 1 4 1 4 3 0
0 31 0 0 0 0 4 1 0 0 4 1 7 7 3 3 3 3 3 3 3 5 5 7 4 1 5 4 1 5 7 4 1
0 35 1 1 1 5 0 4 1 0 0 0 0 0 0 0 7 4 1 4 1 4 7 5 4 7 5 5 5 7 4 1 4 1 4 1 4
0 23 0 0 0 0 0 4 1 4 1 4 1 4 1 4 3 4 4 3 4 4 4 1 0
0 86 7 3 3 3 5 4 1 7 5 3 3 3 7 4 7 5 7 5 4 1 7 4 1 4 1 5 5 7 5 4 1 4 3 4 1 4 1 4 1 4 4 4 1 4 1 4 1 4 3 2 2 4 1 4 1 4 1 4 3 4 1 0 0 0 0 7 7 5 5 4 4 4 7 4 1 7 5 7 4 1 7 5 3 3 3 5
0 41 0 0 0 7 5 5 5 5 7 7 5 5 4 7 4 1 3 3 3 7 4 1 7 4 1 5 7 3 3 3 4 1 4 1 4 1 4 3 0 0 0
0 27 4 4 4 4 5 5 1 5 5 1 1 5 7 0 4 3 4 1 0 0 0 0 0 0 0 4 1
0 25 4 4 4 4 5 5 1 5 5 1 1 5 7 0 4 3 4 1 0 0 0 0 0 0 0
0 46 0 0 0 0 4 1 0 0 4 1 7 7 3 3 3 3 3 3 3 5 5 7 4 1 5 4 1 5 7 4 1 4 1 5 4 1 4 7 7 4 1 5 5 7 5 7
0 34 0 0 0 7 5 5 5 5 7 7 5 5 4 7 4 1 3 3 3 7 4 1 7 4 1 5 7 3 3 3 4 1 4 1
0 38 4 4 4 4 5 5 1 5 5 1 1 5 7 0 4 3 4 1 0 0 0 0 0 0 0 4 1 4 1 4 1 4 3 0 0 0 0 0
0 141 4 1 4 1 4 1 2 2 2 4 1 4 1 4 1 4 3 3 2 2 2 5 7 3 3 3 5 4 1 5 7 3 4 1 5 4 1 7 4 1 7 3 3 3 3 5 4 1 4 1 4 1 4 1 4 3 0 4 1 7 5 7 4 1 7 5 5 4 7 7 5 7 5 5 3 3 5 7 5 4 7 5 5 4 1 7 5 5 5 7 5 7 4 1 3 3 3 3 4 4 1 4 1 4 1 4 1 4 3 7 0 0 0 0 0 0 7 3 3 3 4 1 5 7 5 5 7 3 5 5 4 7 4 1 4 1 3 3 3 7 7
0 29 0 0 0 0 0 4 1 4 1 4 1 4 1 4 3 4 4 3 4 4 4 1 0 0 0 0 0 0 0
0 25 0 0 0 0 4 1 2 2 2 4 1 4 3 4 1 0 0 0 0 0 0 0 0 0 0
0 4 0 0 0 4
0 41 2 2 2 2 2 2 2 2 3 3 4 5 3 7 3 7 3 3 4 5 3 3 4 5 3 7 3 3 4 5 1 1 1 0 0 0 4 1 4 1 4
0 57 2 2 2 2 2 2 2 2 3 3 4 5 3 7 3 7 3 3 4 5 3 3 4 5 3 7 3 3 4 5 1 1 1 0 0 0 4 1 4 1 4 1 3 3 3 4 5 2 1 1 5 4 1 0 0 0 0
0 8 4 1 0 0 0 4 1 7
0 34 2 2 2 2 2 2 2 2 3 3 4 5 3 7 3 7 3 3 4 5 3 3 4 5 3 7 3 3 4 5 1 1 1 0
0 10 1 1 1 5 0 4 1 0 0 0
0 21 4 4 4 4 5 5 1 5 5 1 1 5 7 0 4 3 4 1 0 0 0
0 23 0 0 0 0 4 1 2 2 2 4 1 4 3 4 1 0 0 0 0 0 0 0 0
0 30 1 1 1 5 0 4 1 0 0 0 0 0 0 0 7 4 1 4 1 4 7 5 4 7 5 5 5 7 4 1
0 153 4 1 4 1 4 1 2 2 2 4 1 4 1 4 1 4 3 3 2 2 2 5 7 3 3 3 5 4 1 5 7 3 4 1 5 4 1 7 4 1 7 3 3 3 3 5 4 1 4 1 4 1 4 1 4 3 0 4 1 7 5 7 4 1 7 5 5 4 7 7 5 7 5 5 3 3 5 7 5 4 7 5 5 4 1 7 5 5 5 7 5 7 4 1 3 3 3 3 4 4 1 4 1 4 1 4 1 4 3 7 0 0 0 0 0 0 7 3 3 3 4 1 5 7 5 5 7 3 5 5 4 7 4 1 4 1 3 3 3 7 7 7 4 1 3 3 3 3 4 1 5 4 1
0 32 0 0 0 0 4 1 0 0 4 1 7 7 3 3 3 3 3 3 3 5 5 7 4 1 5 4 1 5 7 4 1 4
0 14 4 1 0 0 0 4 1 7 5 4 1 7 4 1
0 84 4 1 4 1 4 1 2 2 2 4 1 4 1 4 1 4 3 3 2 2 2 5 7 3 3 3 5 4 1 5 7 3 4 1 5 4 1 7 4 1 7 3 3 3 3 5 4 1 4 1 4 1 4 1 4 3 0 4 1 7 5 7 4 1 7 5 5 4 7 7 5 7 5 5 3 3 5 7 5 4 7 5 5 4
0 35 0 0 4 1 7 4 1 5 7 4 1 7 4 1 4 1 4 3 7 4 1 4 1 5 4 4 4 1 4 3 0 0 0 0 4
0 93 4 1 4 1 4 1 2 2 2 4 1 4 1 4 1 4 3 3 2 2 2 5 7 3 3 3 5 4 1 5 7 3 4 1 5 4 1 7 4 1 7 3 3 3 3 5 4 1 4 1 4 1 4 1 4 3 0 4 1 7 5 7 4 1 7 5 5 4 7 7 5 7 5 5 3 3 5 7 5 4 7 5 5 4 1 7 5 5 5 7 5 7 4
0 42 4 4 4 4 5 5 1 5 5 1 1 5 7 0 4 3 4 1 0 0 0 0 0 0 0 4 1 4 1 4 1 4 3 0 0 0 0 0 0 0 0 2
0 97 4 1 4 1 4 1 2 2 2 4 1 4 1 4 1 4 3 3 2 2 2 5 7 3 3 3 5 4 1 5 7 3 4 1 5 4 1 7 4 1 7 3 3 3 3 5 4 1 4 1 4 1 4 1 4 3 0 4 1 7 5 7 4 1 7 5 5 4 7 7 5 7 5 5 3 3 5 7 5 4 7 5 5 4 1 7 5 5 5 7 5 7 4 1 3 3 3
0 87 0 0 0 7 5 5 5 5 7 7 5 5 4 7 4 1 3 3 3 7 4 1 7 4 1 5 7 3 3 3 4 1 4 1 4 1 4 3 0 0 0 0 4 1 4 1 7 5 4 1 3 3 3 4 7 4 7 3 3 4 3 1 1 7 1 1 3 1 1 1 1 0 0 0 4 1 7 5 5 7 4 1 7 5 7 3 3
0 88 0 0 0 7 5 5 5 5 7 7 5 5 4 7 4 1 3 3 3 7 4 1 7 4 1 5 7 3 3 3 4 1 4 1 4 1 4 3 0 0 0 0 4 1 4 1 7 5 4 1 3 3 3 4 7 4 7 3 3 4 3 1 1 7 1 1 3 1 1 1 1 0 0 0 4 1 7 5 5 7 4 1 7 5 7 3 3 3
0 13 4 1 0 0 0 4 1 7 4 7 5 5 7
0 95 7 3 3 3 5 4 1 7 5 3 3 3 7 4 7 5 7 5 4 1 7 4 1 4 1 5 5 7 5 4 1 4 3 4 1 4 1 4 1 4 4 4 1 4 1 4 1 4 3 2 2 4 1 4 1 4 1 4 3 4 1 0 0 0 0 7 7 5 5 4 4 4 7 4 1 7 5 7 4 1 7 5 3 3 3 5 5 4 1 4 1 4 1 4 1
0 45 0 0 0 7 5 5 5 5 7 7 5 5 4 7 4 1 3 3 3 7 4 1 7 4 1 5 7 3 3 3 4 1 4 1 4 1 4 3 0 0 0 0 4 1 4
0 13 0 0 0 7 5 5 5 5 7 7 5 5 4
0 121 4 1 4 1 4 1 2 2 2 4 1 4 1 4 1 4 3 3 2 2 2 5 7 3 3 3 5 4 1 5 7 3 4 1 5 4 1 7 4 1 7 3 3 3 3 5 4 1 4 1 4 1 4 1 4 3 0 4 1 7 5 7 4 1 7 5 5 4 7 7 5 7 5 5 3 3 5 7 5 4 7 5 5 4 1 7 5 5 5 7 5 7 4 1 3 3 3 3 4 4 1 4 1 4 1 4 1 4 3 7 0 0 0 0 0 0 7 3 3 3 4
0 78 7 3 3 3 5 4 1 7 5 3 3 3 7 4 7 5 7 5 4 1 7 4 1 4 1 5 5 7 5 4 1 4 3 4 1 4 1 4 1 4 4 4 1 4 1 4 1 4 3 2 2 4 1 4 1 4 1 4 3 4 1 0 0 0 0 7 7 5 5 4 4 4 7 4 1 7 5 7
0 5 1 1 1 5 0
0 70 4 1 4 1 4 3 4 4 4 4 1 5 1 5 0 4 1 4 1 7 4 1 4 1 7 3 3 3 3 3 5 7 5 7 3 3 3 3 4 1 4 7 5 4 1 5 7 4 1 5 7 5 4 4 7 5 5 5 4 1 7 5 3 3 3 3 5 4 1 7
0 44 4 1 4 1 4 3 4 4 4 4 1 5 1 5 0 4 1 4 1 7 4 1 4 1 7 3 3 3 3 3 5 7 5 7 3 3 3 3 4 1 4 7 5 4
0 3 4 1 0
0 79 0 0 0 7 5 5 5 5 7 7 5 5 4 7 4 1 3 3 3 7 4 1 7 4 1 5 7 3 3 3 4 1 4 1 4 1 4 3 0 0 0 0 4 1 4 1 7 5 4 1 3 3 3 4 7 4 7 3 3 4 3 1 1 7 1 1 3 1 1 1 1 0 0 0 4 1 7 5 5
0 80 7 3 3 3 5 4 1 7 5 3 3 3 7 4 7 5 7 5 4 1 7 4 1 4 1 5 5 7 5 4 1 4 3 4 1 4 1 4 1 4 4 4 1 4 1 4 1 4 3 2 2 4 1 4 1 4 1 4 3 4 1 0 0 0 0 7 7 5 5 4 4 4 7 4 1 7 5 7 4 1
0 152 4 1 4 1 4 1 2 2 2 4 1 4 1 4 1 4 3 3 2 2 2 5 7 3 3 3 5 4 1 5 7 3 4 1 5 4 1 7 4 1 7 3 3 3 3 5 4 1 4 1 4 1 4 1 4 3 0 4 1 7 5 7 4 1 7 5 5 4 7 7 5 7 5 5 3 3 5 7 5 4 7 5 5 4 1 7 5 5 5 7 5 7 4 1 3 3 3 3 4 4 1 4 1 4 1 4 1 4 3 7 0 0 0 0 0 0 7 3 3 3 4 1 5 7 5 5 7 3 5 5 4 7 4 1 4 1 3 3 3 7 7 7 4 1 3 3 3 3 4 1 5 4
0 6 0 0 0 0 4 1
0 8 0 0 0 4 1 1 4 1
0 47 0 0 0 0 0 4 1 4 1 4 1 4 1 4 3 4 4 3 4 4 4 1 0 0 0 0 0 0 0 2 2 2 4 3 7 4 1 4 1 4 1 4 3 0 0 0 4
0 37 2 2 2 2 2 2 2 2 3 3 4 5 3 7 3 7 3 3 4 5 3 3 4 5 3 7 3 3 4 5 1 1 1 0 0 0 4
0 69 4 1 4 1 4 1 2 2 2 4 1 4 1 4 1 4 3 3 2 2 2 5 7 3 3 3 5 4 1 5 7 3 4 1 5 4 1 7 4 1 7 3 3 3 3 5 4 1 4 1 4 1 4 1 4 3 0 4 1 7 5 7 4 1 7 5 5 4 7
0 85 7 3 3 3 5 4 1 7 5 3 3 3 7 4 7 5 7 5 4 1 7 4 1 4 1 5 5 7 5 4 1 4 3 4 1 4 1 4 1 4 4 4 1 4 1 4 1 4 3 2 2 4 1 4 1 4 1 4 3 4 1 0 0 0 0 7 7 5 5 4 4 4 7 4 1 7 5 7 4 1 7 5 3 3 3
0 51 4 1 4 1 4 3 4 4 4 4 1 5 1 5 0 4 1 4 1 7 4 1 4 1 7 3 3 3 3 3 5 7 5 7 3 3 3 3 4 1 4 7 5 4 1 5 7 4 1 5 7
0 48 4 1 0 0 0 4 1 7 5 4 1 7 4 1 5 7 5 3 3 3 3 5 7 4 1 5 3 3 3 3 3 3 3 4 7 3 3 3 5 7 7 3 3 7 4 1 4 1
0 54 4 4 4 4 5 5 1 5 5 1 1 5 7 0 4 3 4 1 0 0 0 0 0 0 0 4 1 4 1 4 1 4 3 0 0 0 0 0 0 0 0 2 2 2 2 4 1 4 1 4 1 4 1 4
0 56 4 1 4 1 4 3 4 4 4 4 1 5 1 5 0 4 1 4 1 7 4 1 4 1 7 3 3 3 3 3 5 7 5 7 3 3 3 3 4 1 4 7 5 4 1 5 7 4 1 5 7 5 4 4 7 5
0 65 4 1 4 1 4 3 4 4 4 4 1 5 1 5 0 4 1 4 1 7 4 1 4 1 7 3 3 3 3 3 5 7 5 7 3 3 3 3 4 1 4 7 5 4 1 5 7 4 1 5 7 5 4 4 7 5 5 5 4 1 7 5 3 3 3
0 47 0 0 0 0 4 1 0 0 4 1 7 7 3 3 3 3 3 3 3 5 5 7 4 1 5 4 1 5 7 4 1 4 1 5 4 1 4 7 7 4 1 5 5 7 5 7 5
0 100 4 1 4 1 4 1 2 2 2 4 1 4 1 4 1 4 3 3 2 2 2 5 7 3 3 3 5 4 1 5 7 3 4 1 5 4 1 7 4 1 7 3 3 3 3 5 4 1 4 1 4 1 4 1 4 3 0 4 1 7 5 7 4 1 7 5 5 4 7 7 5 7 5 5 3 3 5 7 5 4 7 5 5 4 1 7 5 5 5 7 5 7 4 1 3 3 3 3 4 4
0 37 1 1 1 5 0 4 1 0 0 0 0 0 0 0 7 4 1 4 1 4 7 5 4 7 5 5 5 7 4 1 4 1 4 1 4 1 4
0 14 1 1 1 5 0 4 1 0 0 0 0 0 0 0
0 30 4 1 0 0 0 4 1 7 5 4 1 7 4 1 5 7 5 3 3 3 3 5 7 4 1 5 3 3 3 3
0 36 0 0 4 1 7 4 1 5 7 4 1 7 4 1 4 1 4 3 7 4 1 4 1 5 4 4 4 1 4 3 0 0 0 0 4 1
0 30 0 0 0 0 4 1 2 2 2 4 1 4 3 4 1 0 0 0 0 0 0 0 0 0 0 4 4 1 4 1
0 8 0 0 0 0 2 2 2 4
0 6 0 0 4 1 7 4
0 147 4 1 4 1 4 1 2 2 2 4 1 4 1 4 1 4 3 3 2 2 2 5 7 3 3 3 5 4 1 5 7 3 4 1 5 4 1 7 4 1 7 3 3 3 3 5 4 1 4 1 4 1 4 1 4 3 0 4 1 7 5 7 4 1 7 5 5 4 7 7 5 7 5 5 3 3 5 7 5 4 7 5 5 4 1 7 5 5 5 7 5 7 4 1 3 3 3 3 4 4 1 4 1 4 1 4 1 4 3 7 0 0 0 0 0 0 7 3 3 3 4 1 5 7 5 5 7 3 5 5 4 7 4 1 4 1 3 3 3 7 7 7 4 1 3 3 3
0 53 0 0 0 7 5 5 5 5 7 7 5 5 4 7 4 1 3 3 3 7 4 1 7 4 1 5 7 3 3 3 4 1 4 1 4 1 4 3 0 0 0 0 4 1 4 1 7 5 4 1 3 3 3
0 36 4 1 4 1 4 3 4 4 4 4 1 5 1 5 0 4 1 4 1 7 4 1 4 1 7 3 3 3 3 3 5 7 5 7 3 3
0 2 0 4
0 72 4 1 4 1 4 1 2 2 2 4 1 4 1 4 1 4 3 3 2 2 2 5 7 3 3 3 5 4 1 5 7 3 4 1 5 4 1 7 4 1 7 3 3 3 3 5 4 1 4 1 4 1 4 1 4 3 0 4 1 7 5 7 4 1 7 5 5 4 7 7 5 7
0 46 0 0 4 1 7 4 1 5 7 4 1 7 4 1 4 1 4 3 7 4 1 4 1 5 4 4 4 1 4 3 0 0 0 0 4 1 7 3 3 3 3 3 3 3 3 7
0 27 0 0 0 0 4 1 2 2 2 4 1 4 3 4 1 0 0 0 0 0 0 0 0 0 0 4 4
0 14 0 0 0 0 0 4 1 4 1 4 1 4 1 4
0 61 0 0 4 1 7 4 1 5 7 4 1 7 4 1 4 1 4 3 7 4 1 4 1 5 4 4 4 1 4 3 0 0 0 0 4 1 7 3 3 3 3 3 3 3 3 7 7 5 7 5 4 1 4 7 5 7 3 3 3 3 3
0 15 0 0 0 7 5 5 5 5 7 7 5 5 4 7 4
0 82 4 1 4 1 4 3 4 4 4 4 1 5 1 5 0 4 1 4 1 7 4 1 4 1 7 3 3 3 3 3 5 7 5 7 3 3 3 3 4 1 4 7 5 4 1 5 7 4 1 5 7 5 4 4 7 5 5 5 4 1 7 5 3 3 3 3 5 4 1 7 7 4 1 5 4 1 5 4 1 4 1 4
0 10 0 0 0 4 1 4 1 4 1 4
0 9 0 0 0 0 4 1 0 0 0
0 27 0 0 0 7 5 5 5 5 7 7 5 5 4 7 4 1 3 3 3 7 4 1 7 4 1 5 7
0 7 0 0 0 0 0 4 1
0 90 0 0 0 7 5 5 5 5 7 7 5 5 4 7 4 1 3 3 3 7 4 1 7 4 1 5 7 3 3 3 4 1 4 1 4 1 4 3 0 0 0 0 4 1 4 1 7 5 4 1 3 3 3 4 7 4 7 3 3 4 3 1 1 7 1 1 3 1 1 1 1 0 0 0 4 1 7 5 5 7 4 1 7 5 7 3 3 3 3 4
0 62 4 1 4 1 4 1 2 2 2 4 1 4 1 4 1 4 3 3 2 2 2 5 7 3 3 3 5 4 1 5 7 3 4 1 5 4 1 7 4 1 7 3 3 3 3 5 4 1 4 1 4 1 4 1 4 3 0 4 1 7 5 7
0 64 0 0 4 1 7 4 1 5 7 4 1 7 4 1 4 1 4 3 7 4 1 4 1 5 4 4 4 1 4 3 0 0 0 0 4 1 7 3 3 3 3 3 3 3 3 7 7 5 7 5 4 1 4 7 5 7 3 3 3 3 3 3 3 3
0 11 0 0 0 0 4 1 2 2 2 4 1
0 48 0 0 0 7 5 5 5 5 7 7 5 5 4 7 4 1 3 3 3 7 4 1 7 4 1 5 7 3 3 3 4 1 4 1 4 1 4 3 0 0 0 0 4 1 4 1 7 5
0 14 4 1 0 0 0 4 1 7 4 7 5 5 7 5
0 8 0 0 0 0 0 4 1 4
0 41 4 1 4 1 4 3 4 4 4 4 1 5 1 5 0 4 1 4 1 7 4 1 4 1 7 3 3 3 3 3 5 7 5 7 3 3 3 3 4 1 4
0 9 1 1 1 5 0 4 1 0 0
0 9 4 1 0 0 0 4 1 7 4
0 21 4 1 0 0 0 4 1 7 4 7 5 5 7 5 5 5 7 4 1 4 1
0 28 0 0 0 0 4 1 0 0 4 1 7 7 3 3 3 3 3 3 3 5 5 7 4 1 5 4 1 5
0 169 4 1 4 1 4 1 2 2 2 4 1 4 1 4 1 4 3 3 2 2 2 5 7 3 3 3 5 4 1 5 7 3 4 1 5 4 1 7 4 1 7 3 3 3 3 5 4 1 4 1 4 1 4 1 4 3 0 4 1 7 5 7 4 1 7 5 5 4 7 7 5 7 5 5 3 3 5 7 5 4 7 5 5 4 1 7 5 5 5 7 5 7 4 1 3 3 3 3 4 4 1 4 1 4 1 4 1 4 3 7 0 0 0 0 0 0 7 3 3 3 4 1 5 7 5 5 7 3 5 5 4 7 4 1 4 1 3 3 3 7 7 7 4 1 3 3 3 3 4 1 5 4 1 4 1 4 1 4 3 1 5 5 5 2 7 0 0 0 4
0 43 0 0 0 7 5 5 5 5 7 7 5 5 4 7 4 1 3 3 3 7 4 1 7 4 1 5 7 3 3 3 4 1 4 1 4 1 4 3 0 0 0 0 4
0 10 0 0 0 0 4 1 2 2 2 4
0 29 0 0 0 0 4 1 0 0 0 1 4 3 4 1 4 1 4 1 4 3 4 1 4 1 0 0 4 1 1
0 68 0 0 4 1 7 4 1 5 7 4 1 7 4 1 4 1 4 3 7 4 1 4 1 5 4 4 4 1 4 3 0 0 0 0 4 1 7 3 3 3 3 3 3 3 3 7 7 5 7 5 4 1 4 7 5 7 3 3 3 3 3 3 3 3 3 7 3 3
0 36 4 4 4 4 5 5 1 5 5 1 1 5 7 0 4 3 4 1 0 0 0 0 0 0 0 4 1 4 1 4 1 4 3 0 0 0
0 11 0 0 0 7 5 5 5 5 7 7 5
0 59 4 1 4 1 4 1 2 2 2 4 1 4 1 4 1 4 3 3 2 2 2 5 7 3 3 3 5 4 1 5 7 3 4 1 5 4 1 7 4 1 7 3 3 3 3 5 4 1 4 1 4 1 4 1 4 3 0 4 1
0 22 4 1 0 0 0 4 1 7 5 4 1 7 4 1 5 7 5 3 3 3 3 5
0 29 0 0 0 0 4 1 0 0 4 1 7 7 3 3 3 3 3 3 3 5 5 7 4 1 5 4 1 5 7
0 70 4 1 4 1 4 1 2 2 2 4 1 4 1 4 1 4 3 3 2 2 2 5 7 3 3 3 5 4 1 5 7 3 4 1 5 4 1 7 4 1 7 3 3 3 3 5 4 1 4 1 4 1 4 1 4 3 0 4 1 7 5 7 4 1 7 5 5 4 7 7
0 58 4 1 4 1 4 3 4 4 4 4 1 5 1 5 0 4 1 4 1 7 4 1 4 1 7 3 3 3 3 3 5 7 5 7 3 3 3 3 4 1 4 7 5 4 1 5 7 4 1 5 7 5 4 4 7 5 5 5
0 40 4 1 4 1 4 3 4 4 4 4 1 5 1 5 0 4 1 4 1 7 4 1 4 1 7 3 3 3 3 3 5 7 5 7 3 3 3 3 4 1
0 111 4 1 4 1 4 1 2 2 2 4 1 4 1 4 1 4 3 3 2 2 2 5 7 3 3 3 5 4 1 5 7 3 4 1 5 4 1 7 4 1 7 3 3 3 3 5 4 1 4 1 4 1 4 1 4 3 0 4 1 7 5 7 4 1 7 5 5 4 7 7 5 7 5 5 3 3 5 7 5 4 7 5 5 4 1 7 5 5 5 7 5 7 4 1 3 3 3 3 4 4 1 4 1 4 1 4 1 4 3 7 0
0 28 0 0 0 0 4 1 0 0 0 1 4 3 4 1 4 1 4 1 4 3 4 1 4 1 0 0 4 1
0 13 0 4 4 4 4 1 4 1 4 1 4 1 4
0 4 0 0 0 7
0 112 4 1 4 1 4 1 2 2 2 4 1 4 1 4 1 4 3 3 2 2 2 5 7 3 3 3 5 4 1 5 7 3 4 1 5 4 1 7 4 1 7 3 3 3 3 5 4 1 4 1 4 1 4 1 4 3 0 4 1 7 5 7 4 1 7 5 5 4 7 7 5 7 5 5 3 3 5 7 5 4 7 5 5 4 1 7 5 5 5 7 5 7 4 1 3 3 3 3 4 4 1 4 1 4 1 4 1 4 3 7 0 0
0 91 0 0 0 7 5 5 5 5 7 7 5 5 4 7 4 1 3 3 3 7 4 1 7 4 1 5 7 3 3 3 4 1 4 1 4 1 4 3 0 0 0 0 4 1 4 1 7 5 4 1 3 3 3 4 7 4 7 3 3 4 3 1 1 7 1 1 3 1 1 1 1 0 0 0 4 1 7 5 5 7 4 1 7 5 7 3 3 3 3 4 1
0 72 4 1 4 1 4 3 4 4 4 4 1 5 1 5 0 4 1 4 1 7 4 1 4 1 7 3 3 3 3 3 5 7 5 7 3 3 3 3 4 1 4 7 5 4 1 5 7 4 1 5 7 5 4 4 7 5 5 5 4 1 7 5 3 3 3 3 5 4 1 7 7 4
0 17 0 0 0 0 4 1 2 2 2 4 1 4 3 4 1 0 0
0 175 4 1 4 1 4 1 2 2 2 4 1 4 1 4 1 4 3 3 2 2 2 5 7 3 3 3 5 4 1 5 7 3 4 1 5 4 1 7 4 1 7 3 3 3 3 5 4 1 4 1 4 1 4 1 4 3 0 4 1 7 5 7 4 1 7 5 5 4 7 7 5 7 5 5 3 3 5 7 5 4 7 5 5 4 1 7 5 5 5 7 5 7 4 1 3 3 3 3 4 4 1 4 1 4 1 4 1 4 3 7 0 0 0 0 0 0 7 3 3 3 4 1 5 7 5 5 7 3 5 5 4 7 4 1 4 1 3 3 3 7 7 7 4 1 3 3 3 3 4 1 5 4 1 4 1 4 1 4 3 1 5 5 5 2 7 0 0 0 4 1 0 0 0 0 4
0 113 4 1 7 7 3 3 3 3 3 3 3 3 5 7 5 3 3 5 4 7 4 1 4 1 7 7 5 5 4 7 7 5 4 1 7 7 5 3 3 3 3 4 1 4 1 4 3 4 1 7 5 5 7 7 3 3 3 3 3 3 4 7 5 7 4 1 5 7 4 1 4 3 7 4 1 4 1 5 3 7 5 5 4 1 5 4 4 1 4 3 2 2 2 4 4 4 4 7 4 1 4 1 0 0 0 0 2 2 2 2 4 1 4
0 29 0 0 0 0 4 1 2 2 2 4 1 4 3 4 1 0 0 0 0 0 0 0 0 0 0 4 4 1 4
0 146 4 1 4 1 4 1 2 2 2 4 1 4 1 4 1 4 3 3 2 2 2 5 7 3 3 3 5 4 1 5 7 3 4 1 5 4 1 7 4 1 7 3 3 3 3 5 4 1 4 1 4 1 4 1 4 3 0 4 1 7 5 7 4 1 7 5 5 4 7 7 5 7 5 5 3 3 5 7 5 4 7 5 5 4 1 7 5 5 5 7 5 7 4 1 3 3 3 3 4 4 1 4 1 4 1 4 1 4 3 7 0 0 0 0 0 0 7 3 3 3 4 1 5 7 5 5 7 3 5 5 4 7 4 1 4 1 3 3 3 7 7 7 4 1 3 3
0 15 4 1 0 0 0 4 1 7 5 4 1 7 4 1 5
0 8 0 0 0 0 4 1 0 0
0 122 4 1 4 1 4 1 2 2 2 4 1 4 1 4 1 4 3 3 2 2 2 5 7 3 3 3 5 4 1 5 7 3 4 1 5 4 1 7 4 1 7 3 3 3 3 5 4 1 4 1 4 1 4 1 4 3 0 4 1 7 5 7 4 1 7 5 5 4 7 7 5 7 5 5 3 3 5 7 5 4 7 5 5 4 1 7 5 5 5 7 5 7 4 1 3 3 3 3 4 4 1 4 1 4 1 4 1 4 3 7 0 0 0 0 0 0 7 3 3 3 4 1
0 166 4 1 4 1 4 1 2 2 2 4 1 4 1 4 1 4 3 3 2 2 2 5 7 3 3 3 5 4 1 5 7 3 4 1 5 4 1 7 4 1 7 3 3 3 3 5 4 1 4 1 4 1 4 1 4 3 0 4 1 7 5 7 4 1 7 5 5 4 7 7 5 7 5 5 3 3 5 7 5 4 7 5 5 4 1 7 5 5 5 7 5 7 4 1 3 3 3 3 4 4 1 4 1 4 1 4 1 4 3 7 0 0 0 0 0 0 7 3 3 3 4 1 5 7 5 5 7 3 5 5 4 7 4 1 4 1 3 3 3 7 7 7 4 1 3 3 3 3 4 1 5 4 1 4 1 4 1 4 3 1 5 5 5 2 7 0
0 171 4 1 4 1 4 1 2 2 2 4 1 4 1 4 1 4 3 3 2 2 2 5 7 3 3 3 5 4 1 5 7 3 4 1 5 4 1 7 4 1 7 3 3 3 3 5 4 1 4 1 4 1 4 1 4 3 0 4 1 7 5 7 4 1 7 5 5 4 7 7 5 7 5 5 3 3 5 7 5 4 7 5 5 4 1 7 5 5 5 7 5 7 4 1 3 3 3 3 4 4 1 4 1 4 1 4 1 4 3 7 0 0 0 0 0 0 7 3 3 3 4 1 5 7 5 5 7 3 5 5 4 7 4 1 4 1 3 3 3 7 7 7 4 1 3 3 3 3 4 1 5 4 1 4 1 4 1 4 3 1 5 5 5 2 7 0 0 0 4 1 0
0 23 4 1 0 0 0 4 1 7 5 4 1 7 4 1 5 7 5 3 3 3 3 5 7
0 61 4 1 4 1 4 3 4 4 4 4 1 5 1 5 0 4 1 4 1 7 4 1 4 1 7 3 3 3 3 3 5 7 5 7 3 3 3 3 4 1 4 7 5 4 1 5 7 4 1 5 7 5 4 4 7 5 5 5 4 1 7
0 37 4 1 0 0 0 4 1 7 5 4 1 7 4 1 5 7 5 3 3 3 3 5 7 4 1 5 3 3 3 3 3 3 3 4 7 3 3
0 15 4 1 4 1 4 3 4 4 4 4 1 5 1 5 0
0 78 0 0 0 7 5 5 5 5 7 7 5 5 4 7 4 1 3 3 3 7 4 1 7 4 1 5 7 3 3 3 4 1 4 1 4 1 4 3 0 0 0 0 4 1 4 1 7 5 4 1 3 3 3 4 7 4 7 3 3 4 3 1 1 7 1 1 3 1 1 1 1 0 0 0 4 1 7 5
0 14 0 0 4 1 7 4 1 5 7 4 1 7 4 1
0 56 0 0 4 1 7 4 1 5 7 4 1 7 4 1 4 1 4 3 7 4 1 4 1 5 4 4 4 1 4 3 0 0 0 0 4 1 7 3 3 3 3 3 3 3 3 7 7 5 7 5 4 1 4 7 5 7
0 50 0 0 0 0 4 1 0 0 4 1 7 7 3 3 3 3 3 3 3 5 5 7 4 1 5 4 1 5 7 4 1 4 1 5 4 1 4 7 7 4 1 5 5 7 5 7 5 4 1 4
0 34 0 0 0 0 4 1 2 2 2 4 1 4 3 4 1 0 0 0 0 0 0 0 0 0 0 4 4 1 4 1 4 1 4 1
0 33 0 0 0 0 4 1 0 0 4 1 7 7 3 3 3 3 3 3 3 5 5 7 4 1 5 4 1 5 7 4 1 4 1
0 32 0 0 0 0 4 1 0 0 0 1 4 3 4 1 4 1 4 1 4 3 4 1 4 1 0 0 4 1 1 4 1 4
0 42 4 1 0 0 0 4 1 7 5 4 1 7 4 1 5 7 5 3 3 3 3 5 7 4 1 5 3 3 3 3 3 3 3 4 7 3 3 3 5 7 7 3
0 80 0 0 0 7 5 5 5 5 7 7 5 5 4 7 4 1 3 3 3 7 4 1 7 4 1 5 7 3 3 3 4 1 4 1 4 1 4 3 0 0 0 0 4 1 4 1 7 5 4 1 3 3 3 4 7 4 7 3 3 4 3 1 1 7 1 1 3 1 1 1 1 0 0 0 4 1 7 5 5 7
0 80 4 1 4 1 4 1 2 2 2 4 1 4 1 4 1 4 3 3 2 2 2 5 7 3 3 3 5 4 1 5 7 3 4 1 5 4 1 7 4 1 7 3 3 3 3 5 4 1 4 1 4 1 4 1 4 3 0 4 1 7 5 7 4 1 7 5 5 4 7 7 5 7 5 5 3 3 5 7 5 4
0 11 4 1 0 0 0 4 1 7 5 4 1
0 119 4 1 4 1 4 1 2 2 2 4 1 4 1 4 1 4 3 3 2 2 2 5 7 3 3 3 5 4 1 5 7 3 4 1 5 4 1 7 4 1 7 3 3 3 3 5 4 1 4 1 4 1 4 1 4 3 0 4 1 7 5 7 4 1 7 5 5 4 7 7 5 7 5 5 3 3 5 7 5 4 7 5 5 4 1 7 5 5 5 7 5 7 4 1 3 3 3 3 4 4 1 4 1 4 1 4 1 4 3 7 0 0 0 0 0 0 7 3 3
0 81 7 3 3 3 5 4 1 7 5 3 3 3 7 4 7 5 7 5 4 1 7 4 1 4 1 5 5 7 5 4 1 4 3 4 1 4 1 4 1 4 4 4 1 4 1 4 1 4 3 2 2 4 1 4 1 4 1 4 3 4 1 0 0 0 0 7 7 5 5 4 4 4 7 4 1 7 5 7 4 1 7
0 54 2 2 2 2 2 2 2 2 3 3 4 5 3 7 3 7 3 3 4 5 3 3 4 5 3 7 3 3 4 5 1 1 1 0 0 0 4 1 4 1 4 1 3 3 3 4 5 2 1 1 5 4 1 0
0 126 4 1 4 1 4 1 2 2 2 4 1 4 1 4 1 4 3 3 2 2 2 5 7 3 3 3 5 4 1 5 7 3 4 1 5 4 1 7 4 1 7 3 3 3 3 5 4 1 4 1 4 1 4 1 4 3 0 4 1 7 5 7 4 1 7 5 5 4 7 7 5 7 5 5 3 3 5 7 5 4 7 5 5 4 1 7 5 5 5 7 5 7 4 1 3 3 3 3 4 4 1 4 1 4 1 4 1 4 3 7 0 0 0 0 0 0 7 3 3 3 4 1 5 7 5 5
0 51 0 0 0 7 5 5 5 5 7 7 5 5 4 7 4 1 3 3 3 7 4 1 7 4 1 5 7 3 3 3 4 1 4 1 4 1 4 3 0 0 0 0 4 1 4 1 7 5 4 1 3
0 42 2 2 2 2 2 2 2 2 3 3 4 5 3 7 3 7 3 3 4 5 3 3 4 5 3 7 3 3 4 5 1 1 1 0 0 0 4 1 4 1 4 1
0 76 0 0 0 7 5 5 5 5 7 7 5 5 4 7 4 1 3 3 3 7 4 1 7 4 1 5 7 3 3 3 4 1 4 1 4 1 4 3 0 0 0 0 4 1 4 1 7 5 4 1 3 3 3 4 7 4 7 3 3 4 3 1 1 7 1 1 3 1 1 1 1 0 0 0 4 1
0 109 4 1 7 7 3 3 3 3 3 3 3 3 5 7 5 3 3 5 4 7 4 1 4 1 7 7 5 5 4 7 7 5 4 1 7 7 5 3 3 3 3 4 1 4 1 4 3 4 1 7 5 5 7 7 3 3 3 3 3 3 4 7 5 7 4 1 5 7 4 1 4 3 7 4 1 4 1 5 3 7 5 5 4 1 5 4 4 1 4 3 2 2 2 4 4 4 4 7 4 1 4 1 0 0 0 0 2 2 2
0 27 0 0 0 0 4 1 0 0 4 1 7 7 3 3 3 3 3 3 3 5 5 7 4 1 5 4 1
0 79 0 0 4 1 7 4 1 5 7 4 1 7 4 1 4 1 4 3 7 4 1 4 1 5 4 4 4 1 4 3 0 0 0 0 4 1 7 3 3 3 3 3 3 3 3 7 7 5 7 5 4 1 4 7 5 7 3 3 3 3 3 3 3 3 3 7 3 3 3 3 3 4 1 4 1 4 1 4 1
0 35 0 0 0 0 4 1 0 0 4 1 7 7 3 3 3 3 3 3 3 5 5 7 4 1 5 4 1 5 7 4 1 4 1 5 4
0 71 0 0 4 1 7 4 1 5 7 4 1 7 4 1 4 1 4 3 7 4 1 4 1 5 4 4 4 1 4 3 0 0 0 0 4 1 7 3 3 3 3 3 3 3 3 7 7 5 7 5 4 1 4 7 5 7 3 3 3 3 3 3 3 3 3 7 3 3 3 3 3
0 114 4 1 4 1 4 1 2 2 2 4 1 4 1 4 1 4 3 3 2 2 2 5 7 3 3 3 5 4 1 5 7 3 4 1 5 4 1 7 4 1 7 3 3 3 3 5 4 1 4 1 4 1 4 1 4 3 0 4 1 7 5 7 4 1 7 5 5 4 7 7 5 7 5 5 3 3 5 7 5 4 7 5 5 4 1 7 5 5 5 7 5 7 4 1 3 3 3 3 4 4 1 4 1 4 1 4 1 4 3 7 0 0 0 0
0 151 4 1 4 1 4 1 2 2 2 4 1 4 1 4 1 4 3 3 2 2 2 5 7 3 3 3 5 4 1 5 7 3 4 1 5 4 1 7 4 1 7 3 3 3 3 5 4 1 4 1 4 1 4 1 4 3 0 4 1 7 5 7 4 1 7 5 5 4 7 7 5 7 5 5 3 3 5 7 5 4 7 5 5 4 1 7 5 5 5 7 5 7 4 1 3 3 3 3 4 4 1 4 1 4 1 4 1 4 3 7 0 0 0 0 0 0 7 3 3 3 4 1 5 7 5 5 7 3 5 5 4 7 4 1 4 1 3 3 3 7 7 7 4 1 3 3 3 3 4 1 5
0 19 4 1 4 1 4 3 4 4 4 4 1 5 1 5 0 4 1 4 1
0 1 0
0 11 0 0 0 4 1 1 4 1 4 1 4
0 48 4 1 4 1 4 3 4 4 4 4 1 5 1 5 0 4 1 4 1 7 4 1 4 1 7 3 3 3 3 3 5 7 5 7 3 3 3 3 4 1 4 7 5 4 1 5 7 4
0 71 7 3 3 3 5 4 1 7 5 3 3 3 7 4 7 5 7 5 4 1 7 4 1 4 1 5 5 7 5 4 1 4 3 4 1 4 1 4 1 4 4 4 1 4 1 4 1 4 3 2 2 4 1 4 1 4 1 4 3 4 1 0 0 0 0 7 7 5 5 4 4
0 172 4 1 4 1 4 1 2 2 2 4 1 4 1 4 1 4 3 3 2 2 2 5 7 3 3 3 5 4 1 5 7 3 4 1 5 4 1 7 4 1 7 3 3 3 3 5 4 1 4 1 4 1 4 1 4 3 0 4 1 7 5 7 4 1 7 5 5 4 7 7 5 7 5 5 3 3 5 7 5 4 7 5 5 4 1 7 5 5 5 7 5 7 4 1 3 3 3 3 4 4 1 4 1 4 1 4 1 4 3 7 0 0 0 0 0 0 7 3 3 3 4 1 5 7 5 5 7 3 5 5 4 7 4 1 4 1 3 3 3 7 7 7 4 1 3 3 3 3 4 1 5 4 1 4 1 4 1 4 3 1 5 5 5 2 7 0 0 0 4 1 0 0
0 92 0 0 0 7 5 5 5 5 7 7 5 5 4 7 4 1 3 3 3 7 4 1 7 4 1 5 7 3 3 3 4 1 4 1 4 1 4 3 0 0 0 0 4 1 4 1 7 5 4 1 3 3 3 4 7 4 7 3 3 4 3 1 1 7 1 1 3 1 1 1 1 0 0 0 4 1 7 5 5 7 4 1 7 5 7 3 3 3 3 4 1 4
0 16 0 0 0 0 4 1 2 2 2 4 1 4 3 4 1 0
0 66 4 1 4 1 4 3 4 4 4 4 1 5 1 5 0 4 1 4 1 7 4 1 4 1 7 3 3 3 3 3 5 7 5 7 3 3 3 3 4 1 4 7 5 4 1 5 7 4 1 5 7 5 4 4 7 5 5 5 4 1 7 5 3 3 3 3
0 60 2 2 2 2 2 2 2 2 3 3 4 5 3 7 3 7 3 3 4 5 3 3 4 5 3 7 3 3 4 5 1 1 1 0 0 0 4 1 4 1 4 1 3 3 3 4 5 2 1 1 5 4 1 0 0 0 0 0 0 0
0 39 4 1 0 0 0 4 1 7 5 4 1 7 4 1 5 7 5 3 3 3 3 5 7 4 1 5 3 3 3 3 3 3 3 4 7 3 3 3 5
0 13 4 1 0 0 0 4 1 7 5 4 1 7 4
0 75 0 0 0 7 5 5 5 5 7 7 5 5 4 7 4 1 3 3 3 7 4 1 7 4 1 5 7 3 3 3 4 1 4 1 4 1 4 3 0 0 0 0 4 1 4 1 7 5 4 1 3 3 3 4 7 4 7 3 3 4 3 1 1 7 1 1 3 1 1 1 1 0 0 0 4
0 29 0 0 0 7 5 5 5 5 7 7 5 5 4 7 4 1 3 3 3 7 4 1 7 4 1 5 7 3 3
0 58 0 0 4 1 7 4 1 5 7 4 1 7 4 1 4 1 4 3 7 4 1 4 1 5 4 4 4 1 4 3 0 0 0 0 4 1 7 3 3 3 3 3 3 3 3 7 7 5 7 5 4 1 4 7 5 7 3 3
0 25 4 1 0 0 0 4 1 7 5 4 1 7 4 1 5 7 5 3 3 3 3 5 7 4 1
0 11 0 0 0 0 4 1 0 0 0 1 4
0 13 0 0 0 0 0 4 1 4 1 4 1 4 1
0 5 0 0 0 7 5
0 44 4 1 0 0 0 4 1 7 5 4 1 7 4 1 5 7 5 3 3 3 3 5 7 4 1 5 3 3 3 3 3 3 3 4 7 3 3 3 5 7 7 3 3 7
0 125 4 1 4 1 4 1 2 2 2 4 1 4 1 4 1 4 3 3 2 2 2 5 7 3 3 3 5 4 1 5 7 3 4 1 5 4 1 7 4 1 7 3 3 3 3 5 4 1 4 1 4 1 4 1 4 3 0 4 1 7 5 7 4 1 7 5 5 4 7 7 5 7 5 5 3 3 5 7 5 4 7 5 5 4 1 7 5 5 5 7 5 7 4 1 3 3 3 3 4 4 1 4 1 4 1 4 1 4 3 7 0 0 0 0 0 0 7 3 3 3 4 1 5 7 5
0 59 0 0 0 7 5 5 5 5 7 7 5 5 4 7 4 1 3 3 3 7 4 1 7 4 1 5 7 3 3 3 4 1 4 1 4 1 4 3 0 0 0 0 4 1 4 1 7 5 4 1 3 3 3 4 7 4 7 3 3
0 65 2 2 2 2 2 2 2 2 3 3 4 5 3 7 3 7 3 3 4 5 3 3 4 5 3 7 3 3 4 5 1 1 1 0 0 0 4 1 4 1 4 1 3 3 3 4 5 2 1 1 5 4 1 0 0 0 0 0 0 0 0 7 3 3 3
0 48 4 4 4 4 5 5 1 5 5 1 1 5 7 0 4 3 4 1 0 0 0 0 0 0 0 4 1 4 1 4 1 4 3 0 0 0 0 0 0 0 0 2 2 2 2 4 1 4
0 9 0 0 0 0 4 1 0 0 4
0 99 4 1 4 1 4 1 2 2 2 4 1 4 1 4 1 4 3 3 2 2 2 5 7 3 3 3 5 4 1 5 7 3 4 1 5 4 1 7 4 1 7 3 3 3 3 5 4 1 4 1 4 1 4 1 4 3 0 4 1 7 5 7 4 1 7 5 5 4 7 7 5 7 5 5 3 3 5 7 5 4 7 5 5 4 1 7 5 5 5 7 5 7 4 1 3 3 3 3 4
0 32 4 1 4 1 4 3 4 4 4 4 1 5 1 5 0 4 1 4 1 7 4 1 4 1 7 3 3 3 3 3 5 7
0 106 4 1 4 1 4 1 2 2 2 4 1 4 1 4 1 4 3 3 2 2 2 5 7 3 3 3 5 4 1 5 7 3 4 1 5 4 1 7 4 1 7 3 3 3 3 5 4 1 4 1 4 1 4 1 4 3 0 4 1 7 5 7 4 1 7 5 5 4 7 7 5 7 5 5 3 3 5 7 5 4 7 5 5 4 1 7 5 5 5 7 5 7 4 1 3 3 3 3 4 4 1 4 1 4 1 4
0 88 7 3 3 3 5 4 1 7 5 3 3 3 7 4 7 5 7 5 4 1 7 4 1 4 1 5 5 7 5 4 1 4 3 4 1 4 1 4 1 4 4 4 1 4 1 4 1 4 3 2 2 4 1 4 1 4 1 4 3 4 1 0 0 0 0 7 7 5 5 4 4 4 7 4 1 7 5 7 4 1 7 5 3 3 3 5 5 4
0 65 4 1 4 1 4 1 2 2 2 4 1 4 1 4 1 4 3 3 2 2 2 5 7 3 3 3 5 4 1 5 7 3 4 1 5 4 1 7 4 1 7 3 3 3 3 5 4 1 4 1 4 1 4 1 4 3 0 4 1 7 5 7 4 1 7
0 17 0 0 0 0 4 1 0 0 4 1 7 7 3 3 3 3 3
0 6 0 0 0 4 1 1
0 53 4 1 4 1 4 3 4 4 4 4 1 5 1 5 0 4 1 4 1 7 4 1 4 1 7 3 3 3 3 3 5 7 5 7 3 3 3 3 4 1 4 7 5 4 1 5 7 4 1 5 7 5 4
0 123 4 1 4 1 4 1 2 2 2 4 1 4 1 4 1 4 3 3 2 2 2 5 7 3 3 3 5 4 1 5 7 3 4 1 5 4 1 7 4 1 7 3 3 3 3 5 4 1 4 1 4 1 4 1 4 3 0 4 1 7 5 7 4 1 7 5 5 4 7 7 5 7 5 5 3 3 5 7 5 4 7 5 5 4 1 7 5 5 5 7 5 7 4 1 3 3 3 3 4 4 1 4 1 4 1 4 1 4 3 7 0 0 0 0 0 0 7 3 3 3 4 1 5
0 31 0 0 0 0 4 1 2 2 2 4 1 4 3 4 1 0 0 0 0 0 0 0 0 0 0 4 4 1 4 1 4
0 28 0 0 0 0 0 4 1 4 1 4 1 4 1 4 3 4 4 3 4 4 4 1 0 0 0 0 0 0
0 49 0 0 0 0 0 4 1 4 1 4 1 4 1 4 3 4 4 3 4 4 4 1 0 0 0 0 0 0 0 2 2 2 4 3 7 4 1 4 1 4 1 4 3 0 0 0 4 1 4
0 31 1 1 1 5 0 4 1 0 0 0 0 0 0 0 7 4 1 4 1 4 7 5 4 7 5 5 5 7 4 1 4
0 25 0 0 0 0 4 1 0 0 4 1 7 7 3 3 3 3 3 3 3 5 5 7 4 1 5
0 111 4 1 7 7 3 3 3 3 3 3 3 3 5 7 5 3 3 5 4 7 4 1 4 1 7 7 5 5 4 7 7 5 4 1 7 7 5 3 3 3 3 4 1 4 1 4 3 4 1 7 5 5 7 7 3 3 3 3 3 3 4 7 5 7 4 1 5 7 4 1 4 3 7 4 1 4 1 5 3 7 5 5 4 1 5 4 4 1 4 3 2 2 2 4 4 4 4 7 4 1 4 1 0 0 0 0 2 2 2 2 4
0 10 0 0 0 4 1 1 4 1 4 1
0 173 4 1 4 1 4 1 2 2 2 4 1 4 1 4 1 4 3 3 2 2 2 5 7 3 3 3 5 4 1 5 7 3 4 1 5 4 1 7 4 1 7 3 3 3 3 5 4 1 4 1 4 1 4 1 4 3 0 4 1 7 5 7 4 1 7 5 5 4 7 7 5 7 5 5 3 3 5 7 5 4 7 5 5 4 1 7 5 5 5 7 5 7 4 1 3 3 3 3 4 4 1 4 1 4 1 4 1 4 3 7 0 0 0 0 0 0 7 3 3 3 4 1 5 7 5 5 7 3 5 5 4 7 4 1 4 1 3 3 3 7 7 7 4 1 3 3 3 3 4 1 5 4 1 4 1 4 1 4 3 1 5 5 5 2 7 0 0 0 4 1 0 0 0
0 32 0 0 0 0 4 1 2 2 2 4 1 4 3 4 1 0 0 0 0 0 0 0 0 0 0 4 4 1 4 1 4 1
0 12 4 1 0 0 0 4 1 7 4 7 5 5
0 58 4 1 4 1 4 1 2 2 2 4 1 4 1 4 1 4 3 3 2 2 2 5 7 3 3 3 5 4 1 5 7 3 4 1 5 4 1 7 4 1 7 3 3 3 3 5 4 1 4 1 4 1 4 1 4 3 0 4
0 27 1 1 1 5 0 4 1 0 0 0 0 0 0 0 7 4 1 4 1 4 7 5 4 7 5 5 5
0 27 4 1 4 1 4 3 4 4 4 4 1 5 1 5 0 4 1 4 1 7 4 1 4 1 7 3 3
0 20 4 1 0 0 0 4 1 7 5 4 1 7 4 1 5 7 5 3 3 3
0 46 4 1 4 1 4 3 4 4 4 4 1 5 1 5 0 4 1 4 1 7 4 1 4 1 7 3 3 3 3 3 5 7 5 7 3 3 3 3 4 1 4 7 5 4 1 5
0 78 0 0 4 1 7 4 1 5 7 4 1 7 4 1 4 1 4 3 7 4 1 4 1 5 4 4 4 1 4 3 0 0 0 0 4 1 7 3 3 3 3 3 3 3 3 7 7 5 7 5 4 1 4 7 5 7 3 3 3 3 3 3 3 3 3 7 3 3 3 3 3 4 1 4 1 4 1 4
0 91 7 3 3 3 5 4 1 7 5 3 3 3 7 4 7 5 7 5 4 1 7 4 1 4 1 5 5 7 5 4 1 4 3 4 1 4 1 4 1 4 4 4 1 4 1 4 1 4 3 2 2 4 1 4 1 4 1 4 3 4 1 0 0 0 0 7 7 5 5 4 4 4 7 4 1 7 5 7 4 1 7 5 3 3 3 5 5 4 1 4 1
0 16 0 0 0 0 4 1 0 0 4 1 7 7 3 3 3 3
0 60 0 0 4 1 7 4 1 5 7 4 1 7 4 1 4 1 4 3 7 4 1 4 1 5 4 4 4 1 4 3 0 0 0 0 4 1 7 3 3 3 3 3 3 3 3 7 7 5 7 5 4 1 4 7 5 7 3 3 3 3
0 6 0 0 0 4 1 4
0 64 2 2 2 2 2 2 2 2 3 3 4 5 3 7 3 7 3 3 4 5 3 3 4 5 3 7 3 3 4 5 1 1 1 0 0 0 4 1 4 1 4 1 3 3 3 4 5 2 1 1 5 4 1 0 0 0 0 0 0 0 0 7 3 3
0 45 4 4 4 4 5 5 1 5 5 1 1 5 7 0 4 3 4 1 0 0 0 0 0 0 0 4 1 4 1 4 1 4 3 0 0 0 0 0 0 0 0 2 2 2 2
0 69 4 1 4 1 4 3 4 4 4 4 1 5 1 5 0 4 1 4 1 7 4 1 4 1 7 3 3 3 3 3 5 7 5 7 3 3 3 3 4 1 4 7 5 4 1 5 7 4 1 5 7 5 4 4 7 5 5 5 4 1 7 5 3 3 3 3 5 4 1
0 14 0 0 0 0 4 1 0 0 4 1 7 7 3 3
0 65 0 0 4 1 7 4 1 5 7 4 1 7 4 1 4 1 4 3 7 4 1 4 1 5 4 4 4 1 4 3 0 0 0 0 4 1 7 3 3 3 3 3 3 3 3 7 7 5 7 5 4 1 4 7 5 7 3 3 3 3 3 3 3 3 3
0 60 4 1 4 1 4 3 4 4 4 4 1 5 1 5 0 4 1 4 1 7 4 1 4 1 7 3 3 3 3 3 5 7 5 7 3 3 3 3 4 1 4 7 5 4 1 5 7 4 1 5 7 5 4 4 7 5 5 5 4 1
0 26 0 0 0 0 4 1 0 0 0 1 4 3 4 1 4 1 4 1 4 3 4 1 4 1 0 0
0 54 4 1 4 1 4 3 4 4 4 4 1 5 1 5 0 4 1 4 1 7 4 1 4 1 7 3 3 3 3 3 5 7 5 7 3 3 3 3 4 1 4 7 5 4 1 5 7 4 1 5 7 5 4 4
0 82 7 3 3 3 5 4 1 7 5 3 3 3 7 4 7 5 7 5 4 1 7 4 1 4 1 5 5 7 5 4 1 4 3 4 1 4 1 4 1 4 4 4 1 4 1 4 1 4 3 2 2 4 1 4 1 4 1 4 3 4 1 0 0 0 0 7 7 5 5 4 4 4 7 4 1 7 5 7 4 1 7 5
0 81 0 0 0 7 5 5 5 5 7 7 5 5 4 7 4 1 3 3 3 7 4 1 7 4 1 5 7 3 3 3 4 1 4 1 4 1 4 3 0 0 0 0 4 1 4 1 7 5 4 1 3 3 3 4 7 4 7 3 3 4 3 1 1 7 1 1 3 1 1 1 1 0 0 0 4 1 7 5 5 7 4
0 79 4 1 4 1 4 3 4 4 4 4 1 5 1 5 0 4 1 4 1 7 4 1 4 1 7 3 3 3 3 3 5 7 5 7 3 3 3 3 4 1 4 7 5 4 1 5 7 4 1 5 7 5 4 4 7 5 5 5 4 1 7 5 3 3 3 3 5 4 1 7 7 4 1 5 4 1 5 4 1
0 42 0 0 0 0 4 1 0 0 4 1 7 7 3 3 3 3 3 3 3 5 5 7 4 1 5 4 1 5 7 4 1 4 1 5 4 1 4 7 7 4 1 5
0 6 4 1 0 0 0 4
0 4 0 0 4 1
0 20 0 0 0 0 4 1 0 0 4 1 7 7 3 3 3 3 3 3 3 5
0 33 0 0 0 0 4 1 2 2 2 4 1 4 3 4 1 0 0 0 0 0 0 0 0 0 0 4 4 1 4 1 4 1 4
0 30 0 0 0 0 0 4 1 4 1 4 1 4 1 4 3 4 4 3 4 4 4 1 0 0 0 0 0 0 0 2
0 142 4 1 4 1 4 1 2 2 2 4 1 4 1 4 1 4 3 3 2 2 2 5 7 3 3 3 5 4 1 5 7 3 4 1 5 4 1 7 4 1 7 3 3 3 3 5 4 1 4 1 4 1 4 1 4 3 0 4 1 7 5 7 4 1 7 5 5 4 7 7 5 7 5 5 3 3 5 7 5 4 7 5 5 4 1 7 5 5 5 7 5 7 4 1 3 3 3 3 4 4 1 4 1 4 1 4 1 4 3 7 0 0 0 0 0 0 7 3 3 3 4 1 5 7 5 5 7 3 5 5 4 7 4 1 4 1 3 3 3 7 7 7
0 39 4 1 4 1 4 3 4 4 4 4 1 5 1 5 0 4 1 4 1 7 4 1 4 1 7 3 3 3 3 3 5 7 5 7 3 3 3 3 4
0 67 4 1 4 1 4 1 2 2 2 4 1 4 1 4 1 4 3 3 2 2 2 5 7 3 3 3 5 4 1 5 7 3 4 1 5 4 1 7 4 1 7 3 3 3 3 5 4 1 4 1 4 1 4 1 4 3 0 4 1 7 5 7 4 1 7 5 5
0 37 4 4 4 4 5 5 1 5 5 1 1 5 7 0 4 3 4 1 0 0 0 0 0 0 0 4 1 4 1 4 1 4 3 0 0 0 0
0 92 7 3 3 3 5 4 1 7 5 3 3 3 7 4 7 5 7 5 4 1 7 4 1 4 1 5 5 7 5 4 1 4 3 4 1 4 1 4 1 4 4 4 1 4 1 4 1 4 3 2 2 4 1 4 1 4 1 4 3 4 1 0 0 0 0 7 7 5 5 4 4 4 7 4 1 7 5 7 4 1 7 5 3 3 3 5 5 4 1 4 1 4
0 55 4 1 4 1 4 3 4 4 4 4 1 5 1 5 0 4 1 4 1 7 4 1 4 1 7 3 3 3 3 3 5 7 5 7 3 3 3 3 4 1 4 7 5 4 1 5 7 4 1 5 7 5 4 4 7
0 67 7 3 3 3 5 4 1 7 5 3 3 3 7 4 7 5 7 5 4 1 7 4 1 4 1 5 5 7 5 4 1 4 3 4 1 4 1 4 1 4 4 4 1 4 1 4 1 4 3 2 2 4 1 4 1 4 1 4 3 4 1 0 0 0 0 7 7
0 120 4 1 4 1 4 1 2 2 2 4 1 4 1 4 1 4 3 3 2 2 2 5 7 3 3 3 5 4 1 5 7 3 4 1 5 4 1 7 4 1 7 3 3 3 3 5 4 1 4 1 4 1 4 1 4 3 0 4 1 7 5 7 4 1 7 5 5 4 7 7 5 7 5 5 3 3 5 7 5 4 7 5 5 4 1 7 5 5 5 7 5 7 4 1 3 3 3 3 4 4 1 4 1 4 1 4 1 4 3 7 0 0 0 0 0 0 7 3 3 3
0 89 7 3 3 3 5 4 1 7 5 3 3 3 7 4 7 5 7 5 4 1 7 4 1 4 1 5 5 7 5 4 1 4 3 4 1 4 1 4 1 4 4 4 1 4 1 4 1 4 3 2 2 4 1 4 1 4 1 4 3 4 1 0 0 0 0 7 7 5 5 4 4 4 7 4 1 7 5 7 4 1 7 5 3 3 3 5 5 4 1
0 9 0 0 0 0 4 1 2 2 2
0 140 4 1 4 1 4 1 2 2 2 4 1 4 1 4 1 4 3 3 2 2 2 5 7 3 3 3 5 4 1 5 7 3 4 1 5 4 1 7 4 1 7 3 3 3 3 5 4 1 4 1 4 1 4 1 4 3 0 4 1 7 5 7 4 1 7 5 5 4 7 7 5 7 5 5 3 3 5 7 5 4 7 5 5 4 1 7 5 5 5 7 5 7 4 1 3 3 3 3 4 4 1 4 1 4 1 4 1 4 3 7 0 0 0 0 0 0 7 3 3 3 4 1 5 7 5 5 7 3 5 5 4 7 4 1 4 1 3 3 3 7
0 85 4 1 4 1 4 1 2 2 2 4 1 4 1 4 1 4 3 3 2 2 2 5 7 3 3 3 5 4 1 5 7 3 4 1 5 4 1 7 4 1 7 3 3 3 3 5 4 1 4 1 4 1 4 1 4 3 0 4 1 7 5 7 4 1 7 5 5 4 7 7 5 7 5 5 3 3 5 7 5 4 7 5 5 4 1
0 16 0 0 4 1 7 4 1 5 7 4 1 7 4 1 4 1
0 47 4 4 4 4 5 5 1 5 5 1 1 5 7 0 4 3 4 1 0 0 0 0 0 0 0 4 1 4 1 4 1 4 3 0 0 0 0 0 0 0 0 2 2 2 2 4 1
0 35 4 1 4 1 4 3 4 4 4 4 1 5 1 5 0 4 1 4 1 7 4 1 4 1 7 3 3 3 3 3 5 7 5 7 3
0 10 0 0 0 0 4 1 0 0 0 1
0 62 7 3 3 3 5 4 1 7 5 3 3 3 7 4 7 5 7 5 4 1 7 4 1 4 1 5 5 7 5 4 1 4 3 4 1 4 1 4 1 4 4 4 1 4 1 4 1 4 3 2 2 4 1 4 1 4 1 4 3 4 1 0
0 24 4 1 0 0 0 4 1 7 5 4 1 7 4 1 5 7 5 3 3 3 3 5 7 4
0 24 0 0 0 7 5 5 5 5 7 7 5 5 4 7 4 1 3 3 3 7 4 1 7 4
0 7 0 0 0 0 4 1 0
0 59 0 0 4 1 7 4 1 5 7 4 1 7 4 1 4 1 4 3 7 4 1 4 1 5 4 4 4 1 4 3 0 0 0 0 4 1 7 3 3 3 3 3 3 3 3 7 7 5 7 5 4 1 4 7 5 7 3 3 3
0 80 4 1 4 1 4 3 4 4 4 4 1 5 1 5 0 4 1 4 1 7 4 1 4 1 7 3 3 3 3 3 5 7 5 7 3 3 3 3 4 1 4 7 5 4 1 5 7 4 1 5 7 5 4 4 7 5 5 5 4 1 7 5 3 3 3 3 5 4 1 7 7 4 1 5 4 1 5 4 1 4
0 31 0 0 0 0 4 1 0 0 0 1 4 3 4 1 4 1 4 1 4 3 4 1 4 1 0 0 4 1 1 4 1
0 79 4 1 4 1 4 1 2 2 2 4 1 4 1 4 1 4 3 3 2 2 2 5 7 3 3 3 5 4 1 5 7 3 4 1 5 4 1 7 4 1 7 3 3 3 3 5 4 1 4 1 4 1 4 1 4 3 0 4 1 7 5 7 4 1 7 5 5 4 7 7 5 7 5 5 3 3 5 7 5
0 49 4 4 4 4 5 5 1 5 5 1 1 5 7 0 4 3 4 1 0 0 0 0 0 0 0 4 1 4 1 4 1 4 3 0 0 0 0 0 0 0 0 2 2 2 2 4 1 4 1
0 35 4 1 0 0 0 4 1 7 5 4 1 7 4 1 5 7 5 3 3 3 3 5 7 4 1 5 3 3 3 3 3 3 3 4 7
0 86 4 1 4 1 4 1 2 2 2 4 1 4 1 4 1 4 3 3 2 2 2 5 7 3 3 3 5 4 1 5 7 3 4 1 5 4 1 7 4 1 7 3 3 3 3 5 4 1 4 1 4 1 4 1 4 3 0 4 1 7 5 7 4 1 7 5 5 4 7 7 5 7 5 5 3 3 5 7 5 4 7 5 5 4 1 7
0 66 0 0 4 1 7 4 1 5 7 4 1 7 4 1 4 1 4 3 7 4 1 4 1 5 4 4 4 1 4 3 0 0 0 0 4 1 7 3 3 3 3 3 3 3 3 7 7 5 7 5 4 1 4 7 5 7 3 3 3 3 3 3 3 3 3 7
0 84 0 0 0 7 5 5 5 5 7 7 5 5 4 7 4 1 3 3 3 7 4 1 7 4 1 5 7 3 3 3 4 1 4 1 4 1 4 3 0 0 0 0 4 1 4 1 7 5 4 1 3 3 3 4 7 4 7 3 3 4 3 1 1 7 1 1 3 1 1 1 1 0 0 0 4 1 7 5 5 7 4 1 7 5
0 9 4 1 0 0 0 4 1 7 5
0 15 4 1 0 0 0 4 1 7 4 7 5 5 7 5 5
0 62 4 1 4 1 4 3 4 4 4 4 1 5 1 5 0 4 1 4 1 7 4 1 4 1 7 3 3 3 3 3 5 7 5 7 3 3 3 3 4 1 4 7 5 4 1 5 7 4 1 5 7 5 4 4 7 5 5 5 4 1 7 5
0 90 4 1 4 1 4 1 2 2 2 4 1 4 1 4 1 4 3 3 2 2 2 5 7 3 3 3 5 4 1 5 7 3 4 1 5 4 1 7 4 1 7 3 3 3 3 5 4 1 4 1 4 1 4 1 4 3 0 4 1 7 5 7 4 1 7 5 5 4 7 7 5 7 5 5 3 3 5 7 5 4 7 5 5 4 1 7 5 5 5 7
0 119 4 1 7 7 3 3 3 3 3 3 3 3 5 7 5 3 3 5 4 7 4 1 4 1 7 7 5 5 4 7 7 5 4 1 7 7 5 3 3 3 3 4 1 4 1 4 3 4 1 7 5 5 7 7 3 3 3 3 3 3 4 7 5 7 4 1 5 7 4 1 4 3 7 4 1 4 1 5 3 7 5 5 4 1 5 4 4 1 4 3 2 2 2 4 4 4 4 7 4 1 4 1 0 0 0 0 2 2 2 2 4 1 4 3 4 1 4 1 0
0 25 0 0 0 0 4 1 0 0 0 1 4 3 4 1 4 1 4 1 4 3 4 1 4 1 0
0 17 0 0 0 7 5 5 5 5 7 7 5 5 4 7 4 1 3
0 42 0 0 0 7 5 5 5 5 7 7 5 5 4 7 4 1 3 3 3 7 4 1 7 4 1 5 7 3 3 3 4 1 4 1 4 1 4 3 0 0 0 0
0 93 7 3 3 3 5 4 1 7 5 3 3 3 7 4 7 5 7 5 4 1 7 4 1 4 1 5 5 7 5 4 1 4 3 4 1 4 1 4 1 4 4 4 1 4 1 4 1 4 3 2 2 4 1 4 1 4 1 4 3 4 1 0 0 0 0 7 7 5 5 4 4 4 7 4 1 7 5 7 4 1 7 5 3 3 3 5 5 4 1 4 1 4 1
0 35 4 4 4 4 5 5 1 5 5 1 1 5 7 0 4 3 4 1 0 0 0 0 0 0 0 4 1 4 1 4 1 4 3 0 0
0 50 4 4 4 4 5 5 1 5 5 1 1 5 7 0 4 3 4 1 0 0 0 0 0 0 0 4 1 4 1 4 1 4 3 0 0 0 0 0 0 0 0 2 2 2 2 4 1 4 1 4
0 31 4 1 0 0 0 4 1 7 5 4 1 7 4 1 5 7 5 3 3 3 3 5 7 4 1 5 3 3 3 3 3
0 28 1 1 1 5 0 4 1 0 0 0 0 0 0 0 7 4 1 4 1 4 7 5 4 7 5 5 5 7
0 7 0 4 4 4 4 1 4
0 59 2 2 2 2 2 2 2 2 3 3 4 5 3 7 3 7 3 3 4 5 3 3 4 5 3 7 3 3 4 5 1 1 1 0 0 0 4 1 4 1 4 1 3 3 3 4 5 2 1 1 5 4 1 0 0 0 0 0 0
0 55 0 0 0 7 5 5 5 5 7 7 5 5 4 7 4 1 3 3 3 7 4 1 7 4 1 5 7 3 3 3 4 1 4 1 4 1 4 3 0 0 0 0 4 1 4 1 7 5 4 1 3 3 3 4 7
0 51 4 1 0 0 0 4 1 7 5 4 1 7 4 1 5 7 5 3 3 3 3 5 7 4 1 5 3 3 3 3 3 3 3 4 7 3 3 3 5 7 7 3 3 7 4 1 4 1 4 1 4
0 72 0 0 0 7 5 5 5 5 7 7 5 5 4 7 4 1 3 3 3 7 4 1 7 4 1 5 7 3 3 3 4 1 4 1 4 1 4 3 0 0 0 0 4 1 4 1 7 5 4 1 3 3 3 4 7 4 7 3 3 4 3 1 1 7 1 1 3 1 1 1 1 0
0 38 0 0 0 0 4 1 0 0 4 1 7 7 3 3 3 3 3 3 3 5 5 7 4 1 5 4 1 5 7 4 1 4 1 5 4 1 4 7
0 148 4 1 4 1 4 1 2 2 2 4 1 4 1 4 1 4 3 3 2 2 2 5 7 3 3 3 5 4 1 5 7 3 4 1 5 4 1 7 4 1 7 3 3 3 3 5 4 1 4 1 4 1 4 1 4 3 0 4 1 7 5 7 4 1 7 5 5 4 7 7 5 7 5 5 3 3 5 7 5 4 7 5 5 4 1 7 5 5 5 7 5 7 4 1 3 3 3 3 4 4 1 4 1 4 1 4 1 4 3 7 0 0 0 0 0 0 7 3 3 3 4 1 5 7 5 5 7 3 5 5 4 7 4 1 4 1 3 3 3 7 7 7 4 1 3 3 3 3
0 22 0 0 0 0 4 1 0 0 4 1 7 7 3 3 3 3 3 3 3 5 5 7
0 15 0 0 4 1 7 4 1 5 7 4 1 7 4 1 4
0 10 0 0 4 1 7 4 1 5 7 4
0 22 4 1 0 0 0 4 1 7 4 7 5 5 7 5 5 5 7 4 1 4 1 4
0 64 4 1 4 1 4 3 4 4 4 4 1 5 1 5 0 4 1 4 1 7 4 1 4 1 7 3 3 3 3 3 5 7 5 7 3 3 3 3 4 1 4 7 5 4 1 5 7 4 1 5 7 5 4 4 7 5 5 5 4 1 7 5 3 3
0 15 4 4 4 4 5 5 1 5 5 1 1 5 7 0 4
0 34 0 0 4 1 7 4 1 5 7 4 1 7 4 1 4 1 4 3 7 4 1 4 1 5 4 4 4 1 4 3 0 0 0 0
0 118 4 1 4 1 4 1 2 2 2 4 1 4 1 4 1 4 3 3 2 2 2 5 7 3 3 3 5 4 1 5 7 3 4 1 5 4 1 7 4 1 7 3 3 3 3 5 4 1 4 1 4 1 4 1 4 3 0 4 1 7 5 7 4 1 7 5 5 4 7 7 5 7 5 5 3 3 5 7 5 4 7 5 5 4 1 7 5 5 5 7 5 7 4 1 3 3 3 3 4 4 1 4 1 4 1 4 1 4 3 7 0 0 0 0 0 0 7 3
0 12 0 0 0 0 0 4 1 4 1 4 1 4
0 5 0 4 4 4 4
0 10 0 0 0 0 0 4 1 4 1 4
0 10 0 0 0 7 5 5 5 5 7 7
0 34 4 1 0 0 0 4 1 7 5 4 1 7 4 1 5 7 5 3 3 3 3 5 7 4 1 5 3 3 3 3 3 3 3 4
0 77 4 1 4 1 4 3 4 4 4 4 1 5 1 5 0 4 1 4 1 7 4 1 4 1 7 3 3 3 3 3 5 7 5 7 3 3 3 3 4 1 4 7 5 4 1 5 7 4 1 5 7 5 4 4 7 5 5 5 4 1 7 5 3 3 3 3 5 4 1 7 7 4 1 5 4 1 5
0 144 4 1 4 1 4 1 2 2 2 4 1 4 1 4 1 4 3 3 2 2 2 5 7 3 3 3 5 4 1 5 7 3 4 1 5 4 1 7 4 1 7 3 3 3 3 5 4 1 4 1 4 1 4 1 4 3 0 4 1 7 5 7 4 1 7 5 5 4 7 7 5 7 5 5 3 3 5 7 5 4 7 5 5 4 1 7 5 5 5 7 5 7 4 1 3 3 3 3 4 4 1 4 1 4 1 4 1 4 3 7 0 0 0 0 0 0 7 3 3 3 4 1 5 7 5 5 7 3 5 5 4 7 4 1 4 1 3 3 3 7 7 7 4 1
0 22 1 1 1 5 0 4 1 0 0 0 0 0 0 0 7 4 1 4 1 4 7 5
0 62 2 2 2 2 2 2 2 2 3 3 4 5 3 7 3 7 3 3 4 5 3 3 4 5 3 7 3 3 4 5 1 1 1 0 0 0 4 1 4 1 4 1 3 3 3 4 5 2 1 1 5 4 1 0 0 0 0 0 0 0 0 7
0 128 4 1 4 1 4 1 2 2 2 4 1 4 1 4 1 4 3 3 2 2 2 5 7 3 3 3 5 4 1 5 7 3 4 1 5 4 1 7 4 1 7 3 3 3 3 5 4 1 4 1 4 1 4 1 4 3 0 4 1 7 5 7 4 1 7 5 5 4 7 7 5 7 5 5 3 3 5 7 5 4 7 5 5 4 1 7 5 5 5 7 5 7 4 1 3 3 3 3 4 4 1 4 1 4 1 4 1 4 3 7 0 0 0 0 0 0 7 3 3 3 4 1 5 7 5 5 7 3
0 15 0 0 0 0 4 1 0 0 4 1 7 7 3 3 3
0 16 4 1 0 0 0 4 1 7 5 4 1 7 4 1 5 7
0 22 0 0 0 0 4 1 2 2 2 4 1 4 3 4 1 0 0 0 0 0 0 0
0 24 0 0 0 0 4 1 0 0 4 1 7 7 3 3 3 3 3 3 3 5 5 7 4 1
0 12 0 0 0 0 4 1 2 2 2 4 1 4
0 117 4 1 4 1 4 1 2 2 2 4 1 4 1 4 1 4 3 3 2 2 2 5 7 3 3 3 5 4 1 5 7 3 4 1 5 4 1 7 4 1 7 3 3 3 3 5 4 1 4 1 4 1 4 1 4 3 0 4 1 7 5 7 4 1 7 5 5 4 7 7 5 7 5 5 3 3 5 7 5 4 7 5 5 4 1 7 5 5 5 7 5 7 4 1 3 3 3 3 4 4 1 4 1 4 1 4 1 4 3 7 0 0 0 0 0 0 7
0 89 4 1 4 1 4 1 2 2 2 4 1 4 1 4 1 4 3 3 2 2 2 5 7 3 3 3 5 4 1 5 7 3 4 1 5 4 1 7 4 1 7 3 3 3 3 5 4 1 4 1 4 1 4 1 4 3 0 4 1 7 5 7 4 1 7 5 5 4 7 7 5 7 5 5 3 3 5 7 5 4 7 5 5 4 1 7 5 5 5
0 36 2 2 2 2 2 2 2 2 3 3 4 5 3 7 3 7 3 3 4 5 3 3 4 5 3 7 3 3 4 5 1 1 1 0 0 0
0 3 0 4 4
0 12 0 0 4 1 7 4 1 5 7 4 1 7
0 113 4 1 4 1 4 1 2 2 2 4 1 4 1 4 1 4 3 3 2 2 2 5 7 3 3 3 5 4 1 5 7 3 4 1 5 4 1 7 4 1 7 3 3 3 3 5 4 1 4 1 4 1 4 1 4 3 0 4 1 7 5 7 4 1 7 5 5 4 7 7 5 7 5 5 3 3 5 7 5 4 7 5 5 4 1 7 5 5 5 7 5 7 4 1 3 3 3 3 4 4 1 4 1 4 1 4 1 4 3 7 0 0 0
0 67 2 2 2 2 2 2 2 2 3 3 4 5 3 7 3 7 3 3 4 5 3 3 4 5 3 7 3 3 4 5 1 1 1 0 0 0 4 1 4 1 4 1 3 3 3 4 5 2 1 1 5 4 1 0 0 0 0 0 0 0 0 7 3 3 3 7 4
0 28 0 0 0 0 4 1 2 2 2 4 1 4 3 4 1 0 0 0 0 0 0 0 0 0 0 4 4 1
0 156 4 1 4 1 4 1 2 2 2 4 1 4 1 4 1 4 3 3 2 2 2 5 7 3 3 3 5 4 1 5 7 3 4 1 5 4 1 7 4 1 7 3 3 3 3 5 4 1 4 1 4 1 4 1 4 3 0 4 1 7 5 7 4 1 7 5 5 4 7 7 5 7 5 5 3 3 5 7 5 4 7 5 5 4 1 7 5 5 5 7 5 7 4 1 3 3 3 3 4 4 1 4 1 4 1 4 1 4 3 7 0 0 0 0 0 0 7 3 3 3 4 1 5 7 5 5 7 3 5 5 4 7 4 1 4 1 3 3 3 7 7 7 4 1 3 3 3 3 4 1 5 4 1 4 1 4
0 52 4 4 4 4 5 5 1 5 5 1 1 5 7 0 4 3 4 1 0 0 0 0 0 0 0 4 1 4 1 4 1 4 3 0 0 0 0 0 0 0 0 2 2 2 2 4 1 4 1 4 1 4
0 41 0 0 0 0 4 1 0 0 4 1 7 7 3 3 3 3 3 3 3 5 5 7 4 1 5 4 1 5 7 4 1 4 1 5 4 1 4 7 7 4 1
0 36 0 0 0 7 5 5 5 5 7 7 5 5 4 7 4 1 3 3 3 7 4 1 7 4 1 5 7 3 3 3 4 1 4 1 4 1
0 45 4 1 4 1 4 3 4 4 4 4 1 5 1 5 0 4 1 4 1 7 4 1 4 1 7 3 3 3 3 3 5 7 5 7 3 3 3 3 4 1 4 7 5 4 1
0 21 0 0 0 0 4 1 2 2 2 4 1 4 3 4 1 0 0 0 0 0 0
0 110 4 1 7 7 3 3 3 3 3 3 3 3 5 7 5 3 3 5 4 7 4 1 4 1 7 7 5 5 4 7 7 5 4 1 7 7 5 3 3 3 3 4 1 4 1 4 3 4 1 7 5 5 7 7 3 3 3 3 3 3 4 7 5 7 4 1 5 7 4 1 4 3 7 4 1 4 1 5 3 7 5 5 4 1 5 4 4 1 4 3 2 2 2 4 4 4 4 7 4 1 4 1 0 0 0 0 2 2 2 2
0 44 4 4 4 4 5 5 1 5 5 1 1 5 7 0 4 3 4 1 0 0 0 0 0 0 0 4 1 4 1 4 1 4 3 0 0 0 0 0 0 0 0 2 2 2
0 43 0 0 4 1 7 4 1 5 7 4 1 7 4 1 4 1 4 3 7 4 1 4 1 5 4 4 4 1 4 3 0 0 0 0 4 1 7 3 3 3 3 3 3
0 42 4 1 4 1 4 3 4 4 4 4 1 5 1 5 0 4 1 4 1 7 4 1 4 1 7 3 3 3 3 3 5 7 5 7 3 3 3 3 4 1 4 7
0 8 0 0 4 1 7 4 1 5
0 22 4 1 4 1 4 3 4 4 4 4 1 5 1 5 0 4 1 4 1 7 4 1
0 28 4 1 4 1 4 3 4 4 4 4 1 5 1 5 0 4 1 4 1 7 4 1 4 1 7 3 3 3
0 13 1 1 1 5 0 4 1 0 0 0 0 0 0
0 47 0 0 0 7 5 5 5 5 7 7 5 5 4 7 4 1 3 3 3 7 4 1 7 4 1 5 7 3 3 3 4 1 4 1 4 1 4 3 0 0 0 0 4 1 4 1 7
0 16 4 1 4 1 4 3 4 4 4 4 1 5 1 5 0 4
0 48 0 0 0 0 4 1 0 0 4 1 7 7 3 3 3 3 3 3 3 5 5 7 4 1 5 4 1 5 7 4 1 4 1 5 4 1 4 7 7 4 1 5 5 7 5 7 5 4
0 48 0 0 4 1 7 4 1 5 7 4 1 7 4 1 4 1 4 3 7 4 1 4 1 5 4 4 4 1 4 3 0 0 0 0 4 1 7 3 3 3 3 3 3 3 3 7 7 5
0 7 0 0 0 4 1 1 4
0 20 0 0 0 7 5 5 5 5 7 7 5 5 4 7 4 1 3 3 3 7
0 49 0 0 0 0 4 1 0 0 4 1 7 7 3 3 3 3 3 3 3 5 5 7 4 1 5 4 1 5 7 4 1 4 1 5 4 1 4 7 7 4 1 5 5 7 5 7 5 4 1
0 63 4 1 4 1 4 3 4 4 4 4 1 5 1 5 0 4 1 4 1 7 4 1 4 1 7 3 3 3 3 3 5 7 5 7 3 3 3 3 4 1 4 7 5 4 1 5 7 4 1 5 7 5 4 4 7 5 5 5 4 1 7 5 3
0 73 7 3 3 3 5 4 1 7 5 3 3 3 7 4 7 5 7 5 4 1 7 4 1 4 1 5 5 7 5 4 1 4 3 4 1 4 1 4 1 4 4 4 1 4 1 4 1 4 3 2 2 4 1 4 1 4 1 4 3 4 1 0 0 0 0 7 7 5 5 4 4 4 7
0 11 0 0 0 0 0 4 1 4 1 4 1
0 5 0 0 0 0 0
0 66 4 1 4 1 4 1 2 2 2 4 1 4 1 4 1 4 3 3 2 2 2 5 7 3 3 3 5 4 1 5 7 3 4 1 5 4 1 7 4 1 7 3 3 3 3 5 4 1 4 1 4 1 4 1 4 3 0 4 1 7 5 7 4 1 7 5
0 8 0 0 0 4 1 4 1 4
0 40 2 2 2 2 2 2 2 2 3 3 4 5 3 7 3 7 3 3 4 5 3 3 4 5 3 7 3 3 4 5 1 1 1 0 0 0 4 1 4 1
0 31 0 0 4 1 7 4 1 5 7 4 1 7 4 1 4 1 4 3 7 4 1 4 1 5 4 4 4 1 4 3 0
0 38 4 1 0 0 0 4 1 7 5 4 1 7 4 1 5 7 5 3 3 3 3 5 7 4 1 5 3 3 3 3 3 3 3 4 7 3 3 3
0 8 0 0 0 0 4 1 2 2
0 52 0 0 4 1 7 4 1 5 7 4 1 7 4 1 4 1 4 3 7 4 1 4 1 5 4 4 4 1 4 3 0 0 0 0 4 1 7 3 3 3 3 3 3 3 3 7 7 5 7 5 4 1
0 45 4 1 0 0 0 4 1 7 5 4 1 7 4 1 5 7 5 3 3 3 3 5 7 4 1 5 3 3 3 3 3 3 3 4 7 3 3 3 5 7 7 3 3 7 4
0 33 4 1 0 0 0 4 1 7 5 4 1 7 4 1 5 7 5 3 3 3 3 5 7 4 1 5 3 3 3 3 3 3 3
0 33 1 1 1 5 0 4 1 0 0 0 0 0 0 0 7 4 1 4 1 4 7 5 4 7 5 5 5 7 4 1 4 1 4
0 11 1 1 1 5 0 4 1 0 0 0 0
0 58 2 2 2 2 2 2 2 2 3 3 4 5 3 7 3 7 3 3 4 5 3 3 4 5 3 7 3 3 4 5 1 1 1 0 0 0 4 1 4 1 4 1 3 3 3 4 5 2 1 1 5 4 1 0 0 0 0 0
0 26 4 1 4 1 4 3 4 4 4 4 1 5 1 5 0 4 1 4 1 7 4 1 4 1 7 3
0 102 4 1 4 1 4 1 2 2 2 4 1 4 1 4 1 4 3 3 2 2 2 5 7 3 3 3 5 4 1 5 7 3 4 1 5 4 1 7 4 1 7 3 3 3 3 5 4 1 4 1 4 1 4 1 4 3 0 4 1 7 5 7 4 1 7 5 5 4 7 7 5 7 5 5 3 3 5 7 5 4 7 5 5 4 1 7 5 5 5 7 5 7 4 1 3 3 3 3 4 4 1 4
0 183 4 1 4 1 4 1 2 2 2 4 1 4 1 4 1 4 3 3 2 2 2 5 7 3 3 3 5 4 1 5 7 3 4 1 5 4 1 7 4 1 7 3 3 3 3 5 4 1 4 1 4 1 4 1 4 3 0 4 1 7 5 7 4 1 7 5 5 4 7 7 5 7 5 5 3 3 5 7 5 4 7 5 5 4 1 7 5 5 5 7 5 7 4 1 3 3 3 3 4 4 1 4 1 4 1 4 1 4 3 7 0 0 0 0 0 0 7 3 3 3 4 1 5 7 5 5 7 3 5 5 4 7 4 1 4 1 3 3 3 7 7 7 4 1 3 3 3 3 4 1 5 4 1 4 1 4 1 4 3 1 5 5 5 2 7 0 0 0 4 1 0 0 0 0 4 1 4 1 4 1 4 1 4
0 45 0 0 4 1 7 4 1 5 7 4 1 7 4 1 4 1 4 3 7 4 1 4 1 5 4 4 4 1 4 3 0 0 0 0 4 1 7 3 3 3 3 3 3 3 3
0 14 0 0 0 7 5 5 5 5 7 7 5 5 4 7
0 55 0 0 4 1 7 4 1 5 7 4 1 7 4 1 4 1 4 3 7 4 1 4 1 5 4 4 4 1 4 3 0 0 0 0 4 1 7 3 3 3 3 3 3 3 3 7 7 5 7 5 4 1 4 7 5
0 167 4 1 4 1 4 1 2 2 2 4 1 4 1 4 1 4 3 3 2 2 2 5 7 3 3 3 5 4 1 5 7 3 4 1 5 4 1 7 4 1 7 3 3 3 3 5 4 1 4 1 4 1 4 1 4 3 0 4 1 7 5 7 4 1 7 5 5 4 7 7 5 7 5 5 3 3 5 7 5 4 7 5 5 4 1 7 5 5 5 7 5 7 4 1 3 3 3 3 4 4 1 4 1 4 1 4 1 4 3 7 0 0 0 0 0 0 7 3 3 3 4 1 5 7 5 5 7 3 5 5 4 7 4 1 4 1 3 3 3 7 7 7 4 1 3 3 3 3 4 1 5 4 1 4 1 4 1 4 3 1 5 5 5 2 7 0 0
0 50 0 0 4 1 7 4 1 5 7 4 1 7 4 1 4 1 4 3 7 4 1 4 1 5 4 4 4 1 4 3 0 0 0 0 4 1 7 3 3 3 3 3 3 3 3 7 7 5 7 5
0 29 4 1 0 0 0 4 1 7 5 4 1 7 4 1 5 7 5 3 3 3 3 5 7 4 1 5 3 3 3
0 104 4 1 7 7 3 3 3 3 3 3 3 3 5 7 5 3 3 5 4 7 4 1 4 1 7 7 5 5 4 7 7 5 4 1 7 7 5 3 3 3 3 4 1 4 1 4 3 4 1 7 5 5 7 7 3 3 3 3 3 3 4 7 5 7 4 1 5 7 4 1 4 3 7 4 1 4 1 5 3 7 5 5 4 1 5 4 4 1 4 3 2 2 2 4 4 4 4 7 4 1 4 1 0 0
0 32 0 0 0 0 0 4 1 4 1 4 1 4 1 4 3 4 4 3 4 4 4 1 0 0 0 0 0 0 0 2 2 2
0 103 4 1 4 1 4 1 2 2 2 4 1 4 1 4 1 4 3 3 2 2 2 5 7 3 3 3 5 4 1 5 7 3 4 1 5 4 1 7 4 1 7 3 3 3 3 5 4 1 4 1 4 1 4 1 4 3 0 4 1 7 5 7 4 1 7 5 5 4 7 7 5 7 5 5 3 3 5 7 5 4 7 5 5 4 1 7 5 5 5 7 5 7 4 1 3 3 3 3 4 4 1 4 1
0 18 0 0 0 0 4 1 0 0 4 1 7 7 3 3 3 3 3 3
0 91 4 1 4 1 4 1 2 2 2 4 1 4 1 4 1 4 3 3 2 2 2 5 7 3 3 3 5 4 1 5 7 3 4 1 5 4 1 7 4 1 7 3 3 3 3 5 4 1 4 1 4 1 4 1 4 3 0 4 1 7 5 7 4 1 7 5 5 4 7 7 5 7 5 5 3 3 5 7 5 4 7 5 5 4 1 7 5 5 5 7 5
0 104 4 1 4 1 4 1 2 2 2 4 1 4 1 4 1 4 3 3 2 2 2 5 7 3 3 3 5 4 1 5 7 3 4 1 5 4 1 7 4 1 7 3 3 3 3 5 4 1 4 1 4 1 4 1 4 3 0 4 1 7 5 7 4 1 7 5 5 4 7 7 5 7 5 5 3 3 5 7 5 4 7 5 5 4 1 7 5 5 5 7 5 7 4 1 3 3 3 3 4 4 1 4 1 4
0 25 1 1 1 5 0 4 1 0 0 0 0 0 0 0 7 4 1 4 1 4 7 5 4 7 5
0 55 2 2 2 2 2 2 2 2 3 3 4 5 3 7 3 7 3 3 4 5 3 3 4 5 3 7 3 3 4 5 1 1 1 0 0 0 4 1 4 1 4 1 3 3 3 4 5 2 1 1 5 4 1 0 0
0 37 4 1 4 1 4 3 4 4 4 4 1 5 1 5 0 4 1 4 1 7 4 1 4 1 7 3 3 3 3 3 5 7 5 7 3 3 3
0 27 4 1 0 0 0 4 1 7 5 4 1 7 4 1 5 7 5 3 3 3 3 5 7 4 1 5 3
0 64 7 3 3 3 5 4 1 7 5 3 3 3 7 4 7 5 7 5 4 1 7 4 1 4 1 5 5 7 5 4 1 4 3 4 1 4 1 4 1 4 4 4 1 4 1 4 1 4 3 2 2 4 1 4 1 4 1 4 3 4 1 0 0 0
0 83 4 1 4 1 4 1 2 2 2 4 1 4 1 4 1 4 3 3 2 2 2 5 7 3 3 3 5 4 1 5 7 3 4 1 5 4 1 7 4 1 7 3 3 3 3 5 4 1 4 1 4 1 4 1 4 3 0 4 1 7 5 7 4 1 7 5 5 4 7 7 5 7 5 5 3 3 5 7 5 4 7 5 5
0 11 0 0 0 0 4 1 0 0 4 1 7
0 83 4 1 4 1 4 3 4 4 4 4 1 5 1 5 0 4 1 4 1 7 4 1 4 1 7 3 3 3 3 3 5 7 5 7 3 3 3 3 4 1 4 7 5 4 1 5 7 4 1 5 7 5 4 4 7 5 5 5 4 1 7 5 3 3 3 3 5 4 1 7 7 4 1 5 4 1 5 4 1 4 1 4 1
0 17 0 0 4 1 7 4 1 5 7 4 1 7 4 1 4 1 4
0 143 4 1 4 1 4 1 2 2 2 4 1 4 1 4 1 4 3 3 2 2 2 5 7 3 3 3 5 4 1 5 7 3 4 1 5 4 1 7 4 1 7 3 3 3 3 5 4 1 4 1 4 1 4 1 4 3 0 4 1 7 5 7 4 1 7 5 5 4 7 7 5 7 5 5 3 3 5 7 5 4 7 5 5 4 1 7 5 5 5 7 5 7 4 1 3 3 3 3 4 4 1 4 1 4 1 4 1 4 3 7 0 0 0 0 0 0 7 3 3 3 4 1 5 7 5 5 7 3 5 5 4 7 4 1 4 1 3 3 3 7 7 7 4
0 45 0 0 0 0 0 4 1 4 1 4 1 4 1 4 3 4 4 3 4 4 4 1 0 0 0 0 0 0 0 2 2 2 4 3 7 4 1 4 1 4 1 4 3 0 0
0 44 0 0 0 0 4 1 0 0 4 1 7 7 3 3 3 3 3 3 3 5 5 7 4 1 5 4 1 5 7 4 1 4 1 5 4 1 4 7 7 4 1 5 5 7
0 95 4 1 4 1 4 1 2 2 2 4 1 4 1 4 1 4 3 3 2 2 2 5 7 3 3 3 5 4 1 5 7 3 4 1 5 4 1 7 4 1 7 3 3 3 3 5 4 1 4 1 4 1 4 1 4 3 0 4 1 7 5 7 4 1 7 5 5 4 7 7 5 7 5 5 3 3 5 7 5 4 7 5 5 4 1 7 5 5 5 7 5 7 4 1 3
0 25 0 0 0 7 5 5 5 5 7 7 5 5 4 7 4 1 3 3 3 7 4 1 7 4 1
0 79 7 3 3 3 5 4 1 7 5 3 3 3 7 4 7 5 7 5 4 1 7 4 1 4 1 5 5 7 5 4 1 4 3 4 1 4 1 4 1 4 4 4 1 4 1 4 1 4 3 2 2 4 1 4 1 4 1 4 3 4 1 0 0 0 0 7 7 5 5 4 4 4 7 4 1 7 5 7 4
0 22 1 1 5 1 1 4 3 2 2 5 5 1 7 1 5 1 1 4 1 4 1 0
0 94 7 3 3 3 5 4 1 7 5 3 3 3 7 4 7 5 7 5 4 1 7 4 1 4 1 5 5 7 5 4 1 4 3 4 1 4 1 4 1 4 4 4 1 4 1 4 1 4 3 2 2 4 1 4 1 4 1 4 3 4 1 0 0 0 0 7 7 5 5 4 4 4 7 4 1 7 5 7 4 1 7 5 3 3 3 5 5 4 1 4 1 4 1 4
0 20 4 1 0 0 0 4 1 7 4 7 5 5 7 5 5 5 7 4 1 4
0 35 2 2 2 2 2 2 2 2 3 3 4 5 3 7 3 7 3 3 4 5 3 3 4 5 3 7 3 3 4 5 1 1 1 0 0
0 76 4 1 4 1 4 1 2 2 2 4 1 4 1 4 1 4 3 3 2 2 2 5 7 3 3 3 5 4 1 5 7 3 4 1 5 4 1 7 4 1 7 3 3 3 3 5 4 1 4 1 4 1 4 1 4 3 0 4 1 7 5 7 4 1 7 5 5 4 7 7 5 7 5 5 3 3
0 31 0 0 0 7 5 5 5 5 7 7 5 5 4 7 4 1 3 3 3 7 4 1 7 4 1 5 7 3 3 3 4
0 50 4 1 0 0 0 4 1 7 5 4 1 7 4 1 5 7 5 3 3 3 3 5 7 4 1 5 3 3 3 3 3 3 3 4 7 3 3 3 5 7 7 3 3 7 4 1 4 1 4 1
0 23 4 1 0 0 0 4 1 7 4 7 5 5 7 5 5 5 7 4 1 4 1 4 1
0 131 4 1 4 1 4 1 2 2 2 4 1 4 1 4 1 4 3 3 2 2 2 5 7 3 3 3 5 4 1 5 7 3 4 1 5 4 1 7 4 1 7 3 3 3 3 5 4 1 4 1 4 1 4 1 4 3 0 4 1 7 5 7 4 1 7 5 5 4 7 7 5 7 5 5 3 3 5 7 5 4 7 5 5 4 1 7 5 5 5 7 5 7 4 1 3 3 3 3 4 4 1 4 1 4 1 4 1 4 3 7 0 0 0 0 0 0 7 3 3 3 4 1 5 7 5 5 7 3 5 5 4
0 112 4 1 7 7 3 3 3 3 3 3 3 3 5 7 5 3 3 5 4 7 4 1 4 1 7 7 5 5 4 7 7 5 4 1 7 7 5 3 3 3 3 4 1 4 1 4 3 4 1 7 5 5 7 7 3 3 3 3 3 3 4 7 5 7 4 1 5 7 4 1 4 3 7 4 1 4 1 5 3 7 5 5 4 1 5 4 4 1 4 3 2 2 2 4 4 4 4 7 4 1 4 1 0 0 0 0 2 2 2 2 4 1
0 36 0 0 0 0 4 1 0 0 4 1 7 7 3 3 3 3 3 3 3 5 5 7 4 1 5 4 1 5 7 4 1 4 1 5 4 1
0 39 0 0 0 0 4 1 0 0 4 1 7 7 3 3 3 3 3 3 3 5 5 7 4 1 5 4 1 5 7 4 1 4 1 5 4 1 4 7 7
0 82 4 1 4 1 4 1 2 2 2 4 1 4 1 4 1 4 3 3 2 2 2 5 7 3 3 3 5 4 1 5 7 3 4 1 5 4 1 7 4 1 7 3 3 3 3 5 4 1 4 1 4 1 4 1 4 3 0 4 1 7 5 7 4 1 7 5 5 4 7 7 5 7 5 5 3 3 5 7 5 4 7 5
0 70 7 3 3 3 5 4 1 7 5 3 3 3 7 4 7 5 7 5 4 1 7 4 1 4 1 5 5 7 5 4 1 4 3 4 1 4 1 4 1 4 4 4 1 4 1 4 1 4 3 2 2 4 1 4 1 4 1 4 3 4 1 0 0 0 0 7 7 5 5 4
0 168 4 1 4 1 4 1 2 2 2 4 1 4 1 4 1 4 3 3 2 2 2 5 7 3 3 3 5 4 1 5 7 3 4 1 5 4 1 7 4 1 7 3 3 3 3 5 4 1 4 1 4 1 4 1 4 3 0 4 1 7 5 7 4 1 7 5 5 4 7 7 5 7 5 5 3 3 5 7 5 4 7 5 5 4 1 7 5 5 5 7 5 7 4 1 3 3 3 3 4 4 1 4 1 4 1 4 1 4 3 7 0 0 0 0 0 0 7 3 3 3 4 1 5 7 5 5 7 3 5 5 4 7 4 1 4 1 3 3 3 7 7 7 4 1 3 3 3 3 4 1 5 4 1 4 1 4 1 4 3 1 5 5 5 2 7 0 0 0
0 6 0 0 0 0 0 4
0 12 0 0 0 0 4 1 0 0 4 1 7 7
0 18 4 1 0 0 0 4 1 7 4 7 5 5 7 5 5 5 7 4
0 17 4 1 0 0 0 4 1 7 5 4 1 7 4 1 5 7 5
0 20 1 1 1 5 0 4 1 0 0 0 0 0 0 0 7 4 1 4 1 4
0 33 0 0 0 0 0 4 1 4 1 4 1 4 1 4 3 4 4 3 4 4 4 1 0 0 0 0 0 0 0 2 2 2 4
0 177 4 1 4 1 4 1 2 2 2 4 1 4 1 4 1 4 3 3 2 2 2 5 7 3 3 3 5 4 1 5 7 3 4 1 5 4 1 7 4 1 7 3 3 3 3 5 4 1 4 1 4 1 4 1 4 3 0 4 1 7 5 7 4 1 7 5 5 4 7 7 5 7 5 5 3 3 5 7 5 4 7 5 5 4 1 7 5 5 5 7 5 7 4 1 3 3 3 3 4 4 1 4 1 4 1 4 1 4 3 7 0 0 0 0 0 0 7 3 3 3 4 1 5 7 5 5 7 3 5 5 4 7 4 1 4 1 3 3 3 7 7 7 4 1 3 3 3 3 4 1 5 4 1 4 1 4 1 4 3 1 5 5 5 2 7 0 0 0 4 1 0 0 0 0 4 1 4
0 13 0 0 0 0 4 1 0 0 4 1 7 7 3
0 23 4 1 4 1 4 3 4 4 4 4 1 5 1 5 0 4 1 4 1 7 4 1 4
0 74 0 0 4 1 7 4 1 5 7 4 1 7 4 1 4 1 4 3 7 4 1 4 1 5 4 4 4 1 4 3 0 0 0 0 4 1 7 3 3 3 3 3 3 3 3 7 7 5 7 5 4 1 4 7 5 7 3 3 3 3 3 3 3 3 3 7 3 3 3 3 3 4 1 4
0 18 1 1 1 5 0 4 1 0 0 0 0 0 0 0 7 4 1 4
0 24 1 1 1 5 0 4 1 0 0 0 0 0 0 0 7 4 1 4 1 4 7 5 4 7
0 17 4 1 4 1 4 3 4 4 4 4 1 5 1 5 0 4 1
0 77 0 0 4 1 7 4 1 5 7 4 1 7 4 1 4 1 4 3 7 4 1 4 1 5 4 4 4 1 4 3 0 0 0 0 4 1 7 3 3 3 3 3 3 3 3 7 7 5 7 5 4 1 4 7 5 7 3 3 3 3 3 3 3 3 3 7 3 3 3 3 3 4 1 4 1 4 1
0 75 4 1 4 1 4 3 4 4 4 4 1 5 1 5 0 4 1 4 1 7 4 1 4 1 7 3 3 3 3 3 5 7 5 7 3 3 3 3 4 1 4 7 5 4 1 5 7 4 1 5 7 5 4 4 7 5 5 5 4 1 7 5 3 3 3 3 5 4 1 7 7 4 1 5 4
0 10 4 1 0 0 0 4 1 7 5 4
0 68 2 2 2 2 2 2 2 2 3 3 4 5 3 7 3 7 3 3 4 5 3 3 4 5 3 7 3 3 4 5 1 1 1 0 0 0 4 1 4 1 4 1 3 3 3 4 5 2 1 1 5 4 1 0 0 0 0 0 0 0 0 7 3 3 3 7 4 1
0 19 4 1 0 0 0 4 1 7 5 4 1 7 4 1 5 7 5 3 3
0 9 0 4 4 4 4 1 4 1 4
0 51 0 0 0 0 0 4 1 4 1 4 1 4 1 4 3 4 4 3 4 4 4 1 0 0 0 0 0 0 0 2 2 2 4 3 7 4 1 4 1 4 1 4 3 0 0 0 4 1 4 1 4
0 8 0 4 4 4 4 1 4 1
0 24 4 1 0 0 0 4 1 7 4 7 5 5 7 5 5 5 7 4 1 4 1 4 1 4
0 11 4 1 0 0 0 4 1 7 4 7 5
0 53 4 4 4 4 5 5 1 5 5 1 1 5 7 0 4 3 4 1 0 0 0 0 0 0 0 4 1 4 1 4 1 4 3 0 0 0 0 0 0 0 0 2 2 2 2 4 1 4 1 4 1 4 1
0 12 1 1 1 5 0 4 1 0 0 0 0 0
0 66 2 2 2 2 2 2 2 2 3 3 4 5 3 7 3 7 3 3 4 5 3 3 4 5 3 7 3 3 4 5 1 1 1 0 0 0 4 1 4 1 4 1 3 3 3 4 5 2 1 1 5 4 1 0 0 0 0 0 0 0 0 7 3 3 3 7
0 16 1 1 1 5 0 4 1 0 0 0 0 0 0 0 7 4
0 21 4 1 0 0 0 4 1 7 5 4 1 7 4 1 5 7 5 3 3 3 3
0 25 4 1 0 0 0 4 1 7 4 7 5 5 7 5 5 5 7 4 1 4 1 4 1 4 1
0 58 0 0 0 7 5 5 5 5 7 7 5 5 4 7 4 1 3 3 3 7 4 1 7 4 1 5 7 3 3 3 4 1 4 1 4 1 4 3 0 0 0 0 4 1 4 1 7 5 4 1 3 3 3 4 7 4 7 3
0 19 4 1 0 0 0 4 1 7 4 7 5 5 7 5 5 5 7 4 1
0 7 0 0 4 1 7 4 1
0 87 7 3 3 3 5 4 1 7 5 3 3 3 7 4 7 5 7 5 4 1 7 4 1 4 1 5 5 7 5 4 1 4 3 4 1 4 1 4 1 4 4 4 1 4 1 4 1 4 3 2 2 4 1 4 1 4 1 4 3 4 1 0 0 0 0 7 7 5 5 4 4 4 7 4 1 7 5 7 4 1 7 5 3 3 3 5 5
0 39 0 0 0 7 5 5 5 5 7 7 5 5 4 7 4 1 3 3 3 7 4 1 7 4 1 5 7 3 3 3 4 1 4 1 4 1 4 3 0
0 41 0 0 4 1 7 4 1 5 7 4 1 7 4 1 4 1 4 3 7 4 1 4 1 5 4 4 4 1 4 3 0 0 0 0 4 1 7 3 3 3 3
0 108 4 1 7 7 3 3 3 3 3 3 3 3 5 7 5 3 3 5 4 7 4 1 4 1 7 7 5 5 4 7 7 5 4 1 7 7 5 3 3 3 3 4 1 4 1 4 3 4 1 7 5 5 7 7 3 3 3 3 3 3 4 7 5 7 4 1 5 7 4 1 4 3 7 4 1 4 1 5 3 7 5 5 4 1 5 4 4 1 4 3 2 2 2 4 4 4 4 7 4 1 4 1 0 0 0 0 2 2
0 71 4 1 4 1 4 1 2 2 2 4 1 4 1 4 1 4 3 3 2 2 2 5 7 3 3 3 5 4 1 5 7 3 4 1 5 4 1 7 4 1 7 3 3 3 3 5 4 1 4 1 4 1 4 1 4 3 0 4 1 7 5 7 4 1 7 5 5 4 7 7 5
0 78 4 1 4 1 4 3 4 4 4 4 1 5 1 5 0 4 1 4 1 7 4 1 4 1 7 3 3 3 3 3 5 7 5 7 3 3 3 3 4 1 4 7 5 4 1 5 7 4 1 5 7 5 4 4 7 5 5 5 4 1 7 5 3 3 3 3 5 4 1 7 7 4 1 5 4 1 5 4
0 39 4 4 4 4 5 5 1 5 5 1 1 5 7 0 4 3 4 1 0 0 0 0 0 0 0 4 1 4 1 4 1 4 3 0 0 0 0 0 0
0 73 4 1 4 1 4 3 4 4 4 4 1 5 1 5 0 4 1 4 1 7 4 1 4 1 7 3 3 3 3 3 5 7 5 7 3 3 3 3 4 1 4 7 5 4 1 5 7 4 1 5 7 5 4 4 7 5 5 5 4 1 7 5 3 3 3 3 5 4 1 7 7 4 1
0 63 2 2 2 2 2 2 2 2 3 3 4 5 3 7 3 7 3 3 4 5 3 3 4 5 3 7 3 3 4 5 1 1 1 0 0 0 4 1 4 1 4 1 3 3 3 4 5 2 1 1 5 4 1 0 0 0 0 0 0 0 0 7 3
0 124 4 1 4 1 4 1 2 2 2 4 1 4 1 4 1 4 3 3 2 2 2 5 7 3 3 3 5 4 1 5 7 3 4 1 5 4 1 7 4 1 7 3 3 3 3 5 4 1 4 1 4 1 4 1 4 3 0 4 1 7 5 7 4 1 7 5 5 4 7 7 5 7 5 5 3 3 5 7 5 4 7 5 5 4 1 7 5 5 5 7 5 7 4 1 3 3 3 3 4 4 1 4 1 4 1 4 1 4 3 7 0 0 0 0 0 0 7 3 3 3 4 1 5 7
0 43 4 4 4 4 5 5 1 5 5 1 1 5 7 0 4 3 4 1 0 0 0 0 0 0 0 4 1 4 1 4 1 4 3 0 0 0 0 0 0 0 0 2 2
0 34 4 1 4 1 4 3 4 4 4 4 1 5 1 5 0 4 1 4 1 7 4 1 4 1 7 3 3 3 3 3 5 7 5 7
0 61 2 2 2 2 2 2 2 2 3 3 4 5 3 7 3 7 3 3 4 5 3 3 4 5 3 7 3 3 4 5 1 1 1 0 0 0 4 1 4 1 4 1 3 3 3 4 5 2 1 1 5 4 1 0 0 0 0 0 0 0 0
0 13 0 0 0 4 1 1 4 1 4 1 4 1 4
0 39 2 2 2 2 2 2 2 2 3 3 4 5 3 7 3 7 3 3 4 5 3 3 4 5 3 7 3 3 4 5 1 1 1 0 0 0 4 1 4
0 21 4 1 4 1 4 3 4 4 4 4 1 5 1 5 0 4 1 4 1 7 4
0 12 0 0 0 7 5 5 5 5 7 7 5 5
0 18 0 0 0 7 5 5 5 5 7 7 5 5 4 7 4 1 3 3
0 132 4 1 4 1 4 1 2 2 2 4 1 4 1 4 1 4 3 3 2 2 2 5 7 3 3 3 5 4 1 5 7 3 4 1 5 4 1 7 4 1 7 3 3 3 3 5 4 1 4 1 4 1 4 1 4 3 0 4 1 7 5 7 4 1 7 5 5 4 7 7 5 7 5 5 3 3 5 7 5 4 7 5 5 4 1 7 5 5 5 7 5 7 4 1 3 3 3 3 4 4 1 4 1 4 1 4 1 4 3 7 0 0 0 0 0 0 7 3 3 3 4 1 5 7 5 5 7 3 5 5 4 7
0 6 1 1 1 5 0 4
0 66 7 3 3 3 5 4 1 7 5 3 3 3 7 4 7 5 7 5 4 1 7 4 1 4 1 5 5 7 5 4 1 4 3 4 1 4 1 4 1 4 4 4 1 4 1 4 1 4 3 2 2 4 1 4 1 4 1 4 3 4 1 0 0 0 0 7
0 32 4 4 4 4 5 5 1 5 5 1 1 5 7 0 4 3 4 1 0 0 0 0 0 0 0 4 1 4 1 4 1 4
0 45 0 0 0 0 4 1 0 0 4 1 7 7 3 3 3 3 3 3 3 5 5 7 4 1 5 4 1 5 7 4 1 4 1 5 4 1 4 7 7 4 1 5 5 7 5
0 108 4 1 4 1 4 1 2 2 2 4 1 4 1 4 1 4 3 3 2 2 2 5 7 3 3 3 5 4 1 5 7 3 4 1 5 4 1 7 4 1 7 3 3 3 3 5 4 1 4 1 4 1 4 1 4 3 0 4 1 7 5 7 4 1 7 5 5 4 7 7 5 7 5 5 3 3 5 7 5 4 7 5 5 4 1 7 5 5 5 7 5 7 4 1 3 3 3 3 4 4 1 4 1 4 1 4 1 4
0 71 2 2 2 2 2 2 2 2 3 3 4 5 3 7 3 7 3 3 4 5 3 3 4 5 3 7 3 3 4 5 1 1 1 0 0 0 4 1 4 1 4 1 3 3 3 4 5 2 1 1 5 4 1 0 0 0 0 0 0 0 0 7 3 3 3 7 4 1 4 1 4
0 41 4 4 4 4 5 5 1 5 5 1 1 5 7 0 4 3 4 1 0 0 0 0 0 0 0 4 1 4 1 4 1 4 3 0 0 0 0 0 0 0 0
0 52 4 1 4 1 4 3 4 4 4 4 1 5 1 5 0 4 1 4 1 7 4 1 4 1 7 3 3 3 3 3 5 7 5 7 3 3 3 3 4 1 4 7 5 4 1 5 7 4 1 5 7 5
0 82 0 0 0 7 5 5 5 5 7 7 5 5 4 7 4 1 3 3 3 7 4 1 7 4 1 5 7 3 3 3 4 1 4 1 4 1 4 3 0 0 0 0 4 1 4 1 7 5 4 1 3 3 3 4 7 4 7 3 3 4 3 1 1 7 1 1 3 1 1 1 1 0 0 0 4 1 7 5 5 7 4 1
0 105 4 1 7 7 3 3 3 3 3 3 3 3 5 7 5 3 3 5 4 7 4 1 4 1 7 7 5 5 4 7 7 5 4 1 7 7 5 3 3 3 3 4 1 4 1 4 3 4 1 7 5 5 7 7 3 3 3 3 3 3 4 7 5 7 4 1 5 7 4 1 4 3 7 4 1 4 1 5 3 7 5 5 4 1 5 4 4 1 4 3 2 2 2 4 4 4 4 7 4 1 4 1 0 0 0
0 21 0 0 0 0 4 1 0 0 4 1 7 7 3 3 3 3 3 3 3 5 5
0 181 4 1 4 1 4 1 2 2 2 4 1 4 1 4 1 4 3 3 2 2 2 5 7 3 3 3 5 4 1 5 7 3 4 1 5 4 1 7 4 1 7 3 3 3 3 5 4 1 4 1 4 1 4 1 4 3 0 4 1 7 5 7 4 1 7 5 5 4 7 7 5 7 5 5 3 3 5 7 5 4 7 5 5 4 1 7 5 5 5 7 5 7 4 1 3 3 3 3 4 4 1 4 1 4 1 4 1 4 3 7 0 0 0 0 0 0 7 3 3 3 4 1 5 7 5 5 7 3 5 5 4 7 4 1 4 1 3 3 3 7 7 7 4 1 3 3 3 3 4 1 5 4 1 4 1 4 1 4 3 1 5 5 5 2 7 0 0 0 4 1 0 0 0 0 4 1 4 1 4 1 4
0 116 4 1 4 1 4 1 2 2 2 4 1 4 1 4 1 4 3 3 2 2 2 5 7 3 3 3 5 4 1 5 7 3 4 1 5 4 1 7 4 1 7 3 3 3 3 5 4 1 4 1 4 1 4 1 4 3 0 4 1 7 5 7 4 1 7 5 5 4 7 7 5 7 5 5 3 3 5 7 5 4 7 5 5 4 1 7 5 5 5 7 5 7 4 1 3 3 3 3 4 4 1 4 1 4 1 4 1 4 3 7 0 0 0 0 0 0
0 137 4 1 4 1 4 1 2 2 2 4 1 4 1 4 1 4 3 3 2 2 2 5 7 3 3 3 5 4 1 5 7 3 4 1 5 4 1 7 4 1 7 3 3 3 3 5 4 1 4 1 4 1 4 1 4 3 0 4 1 7 5 7 4 1 7 5 5 4 7 7 5 7 5 5 3 3 5 7 5 4 7 5 5 4 1 7 5 5 5 7 5 7 4 1 3 3 3 3 4 4 1 4 1 4 1 4 1 4 3 7 0 0 0 0 0 0 7 3 3 3 4 1 5 7 5 5 7 3 5 5 4 7 4 1 4 1 3
0 30 4 4 4 4 5 5 1 5 5 1 1 5 7 0 4 3 4 1 0 0 0 0 0 0 0 4 1 4 1 4
0 56 0 0 0 7 5 5 5 5 7 7 5 5 4 7 4 1 3 3 3 7 4 1 7 4 1 5 7 3 3 3 4 1 4 1 4 1 4 3 0 0 0 0 4 1 4 1 7 5 4 1 3 3 3 4 7 4
0 26 0 0 0 0 4 1 2 2 2 4 1 4 3 4 1 0 0 0 0 0 0 0 0 0 0 4
0 176 4 1 4 1 4 1 2 2 2 4 1 4 1 4 1 4 3 3 2 2 2 5 7 3 3 3 5 4 1 5 7 3 4 1 5 4 1 7 4 1 7 3 3 3 3 5 4 1 4 1 4 1 4 1 4 3 0 4 1 7 5 7 4 1 7 5 5 4 7 7 5 7 5 5 3 3 5 7 5 4 7 5 5 4 1 7 5 5 5 7 5 7 4 1 3 3 3 3 4 4 1 4 1 4 1 4 1 4 3 7 0 0 0 0 0 0 7 3 3 3 4 1 5 7 5 5 7 3 5 5 4 7 4 1 4 1 3 3 3 7 7 7 4 1 3 3 3 3 4 1 5 4 1 4 1 4 1 4 3 1 5 5 5 2 7 0 0 0 4 1 0 0 0 0 4 1
0 30 0 0 0 7 5 5 5 5 7 7 5 5 4 7 4 1 3 3 3 7 4 1 7 4 1 5 7 3 3 3
0 5 0 0 4 1 7
0 57 4 1 4 1 4 3 4 4 4 4 1 5 1 5 0 4 1 4 1 7 4 1 4 1 7 3 3 3 3 3 5 7 5 7 3 3 3 3 4 1 4 7 5 4 1 5 7 4 1 5 7 5 4 4 7 5 5
0 73 4 1 4 1 4 1 2 2 2 4 1 4 1 4 1 4 3 3 2 2 2 5 7 3 3 3 5 4 1 5 7 3 4 1 5 4 1 7 4 1 7 3 3 3 3 5 4 1 4 1 4 1 4 1 4 3 0 4 1 7 5 7 4 1 7 5 5 4 7 7 5 7 5
0 26 0 0 0 0 0 4 1 4 1 4 1 4 1 4 3 4 4 3 4 4 4 1 0 0 0 0
0 46 4 4 4 4 5 5 1 5 5 1 1 5 7 0 4 3 4 1 0 0 0 0 0 0 0 4 1 4 1 4 1 4 3 0 0 0 0 0 0 0 0 2 2 2 2 4
0 14 4 4 4 4 5 5 1 5 5 1 1 5 7 0
0 29 1 1 1 5 0 4 1 0 0 0 0 0 0 0 7 4 1 4 1 4 7 5 4 7 5 5 5 7 4
0 23 0 0 0 0 4 1 0 0 4 1 7 7 3 3 3 3 3 3 3 5 5 7 4
0 23 4 4 4 4 5 5 1 5 5 1 1 5 7 0 4 3 4 1 0 0 0 0 0
0 73 0 0 4 1 7 4 1 5 7 4 1 7 4 1 4 1 4 3 7 4 1 4 1 5 4 4 4 1 4 3 0 0 0 0 4 1 7 3 3 3 3 3 3 3 3 7 7 5 7 5 4 1 4 7 5 7 3 3 3 3 3 3 3 3 3 7 3 3 3 3 3 4 1
0 81 4 1 4 1 4 3 4 4 4 4 1 5 1 5 0 4 1 4 1 7 4 1 4 1 7 3 3 3 3 3 5 7 5 7 3 3 3 3 4 1 4 7 5 4 1 5 7 4 1 5 7 5 4 4 7 5 5 5 4 1 7 5 3 3 3 3 5 4 1 7 7 4 1 5 4 1 5 4 1 4 1
0 6 0 0 0 0 2 2
0 69 0 0 4 1 7 4 1 5 7 4 1 7 4 1 4 1 4 3 7 4 1 4 1 5 4 4 4 1 4 3 0 0 0 0 4 1 7 3 3 3 3 3 3 3 3 7 7 5 7 5 4 1 4 7 5 7 3 3 3 3 3 3 3 3 3 7 3 3 3
0 7 0 0 0 4 1 4 1
0 88 4 1 4 1 4 1 2 2 2 4 1 4 1 4 1 4 3 3 2 2 2 5 7 3 3 3 5 4 1 5 7 3 4 1 5 4 1 7 4 1 7 3 3 3 3 5 4 1 4 1 4 1 4 1 4 3 0 4 1 7 5 7 4 1 7 5 5 4 7 7 5 7 5 5 3 3 5 7 5 4 7 5 5 4 1 7 5 5
0 52 0 0 0 7 5 5 5 5 7 7 5 5 4 7 4 1 3 3 3 7 4 1 7 4 1 5 7 3 3 3 4 1 4 1 4 1 4 3 0 0 0 0 4 1 4 1 7 5 4 1 3 3
0 57 0 0 0 7 5 5 5 5 7 7 5 5 4 7 4 1 3 3 3 7 4 1 7 4 1 5 7 3 3 3 4 1 4 1 4 1 4 3 0 0 0 0 4 1 4 1 7 5 4 1 3 3 3 4 7 4 7
0 24 4 1 4 1 4 3 4 4 4 4 1 5 1 5 0 4 1 4 1 7 4 1 4 1
0 74 4 1 4 1 4 3 4 4 4 4 1 5 1 5 0 4 1 4 1 7 4 1 4 1 7 3 3 3 3 3 5 7 5 7 3 3 3 3 4 1 4 7 5 4 1 5 7 4 1 5 7 5 4 4 7 5 5 5 4 1 7 5 3 3 3 3 5 4 1 7 7 4 1 5
0 174 4 1 4 1 4 1 2 2 2 4 1 4 1 4 1 4 3 3 2 2 2 5 7 3 3 3 5 4 1 5 7 3 4 1 5 4 1 7 4 1 7 3 3 3 3 5 4 1 4 1 4 1 4 1 4 3 0 4 1 7 5 7 4 1 7 5 5 4 7 7 5 7 5 5 3 3 5 7 5 4 7 5 5 4 1 7 5 5 5 7 5 7 4 1 3 3 3 3 4 4 1 4 1 4 1 4 1 4 3 7 0 0 0 0 0 0 7 3 3 3 4 1 5 7 5 5 7 3 5 5 4 7 4 1 4 1 3 3 3 7 7 7 4 1 3 3 3 3 4 1 5 4 1 4 1 4 1 4 3 1 5 5 5 2 7 0 0 0 4 1 0 0 0 0
0 49 4 1 0 0 0 4 1 7 5 4 1 7 4 1 5 7 5 3 3 3 3 5 7 4 1 5 3 3 3 3 3 3 3 4 7 3 3 3 5 7 7 3 3 7 4 1 4 1 4
0 65 7 3 3 3 5 4 1 7 5 3 3 3 7 4 7 5 7 5 4 1 7 4 1 4 1 5 5 7 5 4 1 4 3 4 1 4 1 4 1 4 4 4 1 4 1 4 1 4 3 2 2 4 1 4 1 4 1 4 3 4 1 0 0 0 0
0 170 4 1 4 1 4 1 2 2 2 4 1 4 1 4 1 4 3 3 2 2 2 5 7 3 3 3 5 4 1 5 7 3 4 1 5 4 1 7 4 1 7 3 3 3 3 5 4 1 4 1 4 1 4 1 4 3 0 4 1 7 5 7 4 1 7 5 5 4 7 7 5 7 5 5 3 3 5 7 5 4 7 5 5 4 1 7 5 5 5 7 5 7 4 1 3 3 3 3 4 4 1 4 1 4 1 4 1 4 3 7 0 0 0 0 0 0 7 3 3 3 4 1 5 7 5 5 7 3 5 5 4 7 4 1 4 1 3 3 3 7 7 7 4 1 3 3 3 3 4 1 5 4 1 4 1 4 1 4 3 1 5 5 5 2 7 0 0 0 4 1
0 28 0 0 0 7 5 5 5 5 7 7 5 5 4 7 4 1 3 3 3 7 4 1 7 4 1 5 7 3
0 19 0 0 0 7 5 5 5 5 7 7 5 5 4 7 4 1 3 3 3
0 68 7 3 3 3 5 4 1 7 5 3 3 3 7 4 7 5 7 5 4 1 7 4 1 4 1 5 5 7 5 4 1 4 3 4 1 4 1 4 1 4 4 4 1 4 1 4 1 4 3 2 2 4 1 4 1 4 1 4 3 4 1 0 0 0 0 7 7 5
0 11 0 0 4 1 7 4 1 5 7 4 1
0 52 0 0 0 0 4 1 0 0 4 1 7 7 3 3 3 3 3 3 3 5 5 7 4 1 5 4 1 5 7 4 1 4 1 5 4 1 4 7 7 4 1 5 5 7 5 7 5 4 1 4 1 4
0 19 1 1 1 5 0 4 1 0 0 0 0 0 0 0 7 4 1 4 1
0 15 1 1 1 5 0 4 1 0 0 0 0 0 0 0 7
0 75 4 1 4 1 4 1 2 2 2 4 1 4 1 4 1 4 3 3 2 2 2 5 7 3 3 3 5 4 1 5 7 3 4 1 5 4 1 7 4 1 7 3 3 3 3 5 4 1 4 1 4 1 4 1 4 3 0 4 1 7 5 7 4 1 7 5 5 4 7 7 5 7 5 5 3
0 51 0 0 4 1 7 4 1 5 7 4 1 7 4 1 4 1 4 3 7 4 1 4 1 5 4 4 4 1 4 3 0 0 0 0 4 1 7 3 3 3 3 3 3 3 3 7 7 5 7 5 4
0 101 4 1 4 1 4 1 2 2 2 4 1 4 1 4 1 4 3 3 2 2 2 5 7 3 3 3 5 4 1 5 7 3 4 1 5 4 1 7 4 1 7 3 3 3 3 5 4 1 4 1 4 1 4 1 4 3 0 4 1 7 5 7 4 1 7 5 5 4 7 7 5 7 5 5 3 3 5 7 5 4 7 5 5 4 1 7 5 5 5 7 5 7 4 1 3 3 3 3 4 4 1
0 85 0 0 0 7 5 5 5 5 7 7 5 5 4 7 4 1 3 3 3 7 4 1 7 4 1 5 7 3 3 3 4 1 4 1 4 1 4 3 0 0 0 0 4 1 4 1 7 5 4 1 3 3 3 4 7 4 7 3 3 4 3 1 1 7 1 1 3 1 1 1 1 0 0 0 4 1 7 5 5 7 4 1 7 5 7
0 61 4 1 4 1 4 1 2 2 2 4 1 4 1 4 1 4 3 3 2 2 2 5 7 3 3 3 5 4 1 5 7 3 4 1 5 4 1 7 4 1 7 3 3 3 3 5 4 1 4 1 4 1 4 1 4 3 0 4 1 7 5
0 2 0 0
0 54 0 0 4 1 7 4 1 5 7 4 1 7 4 1 4 1 4 3 7 4 1 4 1 5 4 4 4 1 4 3 0 0 0 0 4 1 7 3 3 3 3 3 3 3 3 7 7 5 7 5 4 1 4 7
0 34 0 0 0 0 4 1 0 0 4 1 7 7 3 3 3 3 3 3 3 5 5 7 4 1 5 4 1 5 7 4 1 4 1 5
0 26 4 4 4 4 5 5 1 5 5 1 1 5 7 0 4 3 4 1 0 0 0 0 0 0 0 4
0 36 4 1 0 0 0 4 1 7 5 4 1 7 4 1 5 7 5 3 3 3 3 5 7 4 1 5 3 3 3 3 3 3 3 4 7 3
0 24 0 0 0 0 0 4 1 4 1 4 1 4 1 4 3 4 4 3 4 4 4 1 0 0
0 107 4 1 7 7 3 3 3 3 3 3 3 3 5 7 5 3 3 5 4 7 4 1 4 1 7 7 5 5 4 7 7 5 4 1 7 7 5 3 3 3 3 4 1 4 1 4 3 4 1 7 5 5 7 7 3 3 3 3 3 3 4 7 5 7 4 1 5 7 4 1 4 3 7 4 1 4 1 5 3 7 5 5 4 1 5 4 4 1 4 3 2 2 2 4 4 4 4 7 4 1 4 1 0 0 0 0 2
0 19 0 0 0 0 4 1 2 2 2 4 1 4 3 4 1 0 0 0 0
0 26 1 1 1 5 0 4 1 0 0 0 0 0 0 0 7 4 1 4 1 4 7 5 4 7 5 5
0 29 4 4 4 4 5 5 1 5 5 1 1 5 7 0 4 3 4 1 0 0 0 0 0 0 0 4 1 4 1
0 13 0 0 4 1 7 4 1 5 7 4 1 7 4
0 32 4 1 0 0 0 4 1 7 5 4 1 7 4 1 5 7 5 3 3 3 3 5 7 4 1 5 3 3 3 3 3 3
0 72 0 0 4 1 7 4 1 5 7 4 1 7 4 1 4 1 4 3 7 4 1 4 1 5 4 4 4 1 4 3 0 0 0 0 4 1 7 3 3 3 3 3 3 3 3 7 7 5 7 5 4 1 4 7 5 7 3 3 3 3 3 3 3 3 3 7 3 3 3 3 3 4
0 67 0 0 4 1 7 4 1 5 7 4 1 7 4 1 4 1 4 3 7 4 1 4 1 5 4 4 4 1 4 3 0 0 0 0 4 1 7 3 3 3 3 3 3 3 3 7 7 5 7 5 4 1 4 7 5 7 3 3 3 3 3 3 3 3 3 7 3
0 40 0 0 4 1 7 4 1 5 7 4 1 7 4 1 4 1 4 3 7 4 1 4 1 5 4 4 4 1 4 3 0 0 0 0 4 1 7 3 3 3
0 50 0 0 0 7 5 5 5 5 7 7 5 5 4 7 4 1 3 3 3 7 4 1 7 4 1 5 7 3 3 3 4 1 4 1 4 1 4 3 0 0 0 0 4 1 4 1 7 5 4 1
0 25 0 0 0 0 0 4 1 4 1 4 1 4 1 4 3 4 4 3 4 4 4 1 0 0 0
0 40 4 4 4 4 5 5 1 5 5 1 1 5 7 0 4 3 4 1 0 0 0 0 0 0 0 4 1 4 1 4 1 4 3 0 0 0 0 0 0 0
0 84 7 3 3 3 5 4 1 7 5 3 3 3 7 4 7 5 7 5 4 1 7 4 1 4 1 5 5 7 5 4 1 4 3 4 1 4 1 4 1 4 4 4 1 4 1 4 1 4 3 2 2 4 1 4 1 4 1 4 3 4 1 0 0 0 0 7 7 5 5 4 4 4 7 4 1 7 5 7 4 1 7 5 3 3
0 83 7 3 3 3 5 4 1 7 5 3 3 3 7 4 7 5 7 5 4 1 7 4 1 4 1 5 5 7 5 4 1 4 3 4 1 4 1 4 1 4 4 4 1 4 1 4 1 4 3 2 2 4 1 4 1 4 1 4 3 4 1 0 0 0 0 7 7 5 5 4 4 4 7 4 1 7 5 7 4 1 7 5 3
0 38 2 2 2 2 2 2 2 2 3 3 4 5 3 7 3 7 3 3 4 5 3 3 4 5 3 7 3 3 4 5 1 1 1 0 0 0 4 1
0 35 0 0 0 7 5 5 5 5 7 7 5 5 4 7 4 1 3 3 3 7 4 1 7 4 1 5 7 3 3 3 4 1 4 1 4
0 5 0 0 0 0 4
0 127 4 1 4 1 4 1 2 2 2 4 1 4 1 4 1 4 3 3 2 2 2 5 7 3 3 3 5 4 1 5 7 3 4 1 5 4 1 7 4 1 7 3 3 3 3 5 4 1 4 1 4 1 4 1 4 3 0 4 1 7 5 7 4 1 7 5 5 4 7 7 5 7 5 5 3 3 5 7 5 4 7 5 5 4 1 7 5 5 5 7 5 7 4 1 3 3 3 3 4 4 1 4 1 4 1 4 1 4 3 7 0 0 0 0 0 0 7 3 3 3 4 1 5 7 5 5 7
0 63 0 0 4 1 7 4 1 5 7 4 1 7 4 1 4 1 4 3 7 4 1 4 1 5 4 4 4 1 4 3 0 0 0 0 4 1 7 3 3 3 3 3 3 3 3 7 7 5 7 5 4 1 4 7 5 7 3 3 3 3 3 3 3
0 72 7 3 3 3 5 4 1 7 5 3 3 3 7 4 7 5 7 5 4 1 7 4 1 4 1 5 5 7 5 4 1 4 3 4 1 4 1 4 1 4 4 4 1 4 1 4 1 4 3 2 2 4 1 4 1 4 1 4 3 4 1 0 0 0 0 7 7 5 5 4 4 4
0 16 4 1 0 0 0 4 1 7 4 7 5 5 7 5 5 5
0 70 2 2 2 2 2 2 2 2 3 3 4 5 3 7 3 7 3 3 4 5 3 3 4 5 3 7 3 3 4 5 1 1 1 0 0 0 4 1 4 1 4 1 3 3 3 4 5 2 1 1 5 4 1 0 0 0 0 0 0 0 0 7 3 3 3 7 4 1 4 1
0 83 0 0 0 7 5 5 5 5 7 7 5 5 4 7 4 1 3 3 3 7 4 1 7 4 1 5 7 3 3 3 4 1 4 1 4 1 4 3 0 0 0 0 4 1 4 1 7 5 4 1 3 3 3 4 7 4 7 3 3 4 3 1 1 7 1 1 3 1 1 1 1 0 0 0 4 1 7 5 5 7 4 1 7
0 47 0 0 4 1 7 4 1 5 7 4 1 7 4 1 4 1 4 3 7 4 1 4 1 5 4 4 4 1 4 3 0 0 0 0 4 1 7 3 3 3 3 3 3 3 3 7 7
0 135 4 1 4 1 4 1 2 2 2 4 1 4 1 4 1 4 3 3 2 2 2 5 7 3 3 3 5 4 1 5 7 3 4 1 5 4 1 7 4 1 7 3 3 3 3 5 4 1 4 1 4 1 4 1 4 3 0 4 1 7 5 7 4 1 7 5 5 4 7 7 5 7 5 5 3 3 5 7 5 4 7 5 5 4 1 7 5 5 5 7 5 7 4 1 3 3 3 3 4 4 1 4 1 4 1 4 1 4 3 7 0 0 0 0 0 0 7 3 3 3 4 1 5 7 5 5 7 3 5 5 4 7 4 1 4
0 74 7 3 3 3 5 4 1 7 5 3 3 3 7 4 7 5 7 5 4 1 7 4 1 4 1 5 5 7 5 4 1 4 3 4 1 4 1 4 1 4 4 4 1 4 1 4 1 4 3 2 2 4 1 4 1 4 1 4 3 4 1 0 0 0 0 7 7 5 5 4 4 4 7 4
0 52 4 1 0 0 0 4 1 7 5 4 1 7 4 1 5 7 5 3 3 3 3 5 7 4 1 5 3 3 3 3 3 3 3 4 7 3 3 3 5 7 7 3 3 7 4 1 4 1 4 1 4 1
