790 8
1 28 2 2 6 0 3 3 3 3 0 7 6 0 0 7 6 7 5 4 5 4 5 4 5 4 6 4 4 0
1 38 4 1 1 1 1 6 0 0 3 3 0 0 7 6 3 3 3 3 7 6 0 3 3 7 6 7 5 4 5 4 5 4 5 4 6 4 4 0
1 54 4 1 1 1 0 1 1 1 1 6 0 6 4 5 6 5 5 6 4 5 6 5 5 5 5 6 4 5 6 5 5 6 4 5 6 5 2 2 2 2 2 7 5 4 5 4 5 4 5 4 6 4 4 0
1 19 2 2 0 1 3 5 6 0 2 2 7 5 4 5 4 6 4 4 0
1 51 6 0 6 4 5 6 5 5 6 4 5 6 5 6 4 5 6 5 2 2 2 2 2 2 2 6 4 5 6 5 5 5 6 4 5 6 5 6 4 5 6 5 5 5 6 4 3 6 4 4 0
1 32 3 5 3 5 4 1 1 1 1 6 0 3 3 3 7 6 3 3 0 7 6 3 3 3 3 7 6 7 6 4 4 0
1 51 3 5 0 1 1 1 1 6 0 3 3 3 3 3 3 0 3 7 6 0 0 3 3 3 3 3 3 3 7 6 3 3 3 3 0 7 6 0 3 3 3 7 6 6 4 3 3 6 4 4 0
1 14 3 5 6 0 3 3 7 6 3 3 6 4 4 0
1 13 2 2 6 0 7 5 4 5 4 6 4 4 0
1 6 6 0 6 4 4 0
1 34 2 2 3 5 6 0 3 3 3 0 7 6 0 7 6 3 3 3 0 3 3 3 3 7 6 7 6 3 3 6 4 3 4 0
1 30 6 0 0 0 3 3 3 3 3 7 6 7 6 0 0 7 6 3 3 3 3 3 3 7 6 7 6 4 4 0
1 24 4 1 1 1 1 3 5 4 1 6 0 7 5 4 5 4 5 4 5 4 6 4 4 0
1 17 3 5 3 5 4 1 1 6 0 6 4 6 4 3 3 4 0
1 27 2 2 4 6 0 7 6 3 3 3 7 6 0 0 0 7 6 3 3 3 3 0 0 7 6 4 0
1 34 6 0 7 6 3 3 3 3 0 3 3 3 7 6 0 3 3 7 6 7 6 7 5 4 5 4 5 4 5 4 6 4 4 0
1 31 2 2 0 1 4 1 1 1 1 3 5 6 0 3 0 0 7 6 0 7 6 0 7 6 7 6 7 6 4 4 0
1 26 2 2 6 0 0 7 6 3 3 0 0 7 6 0 7 6 0 7 6 7 5 4 6 4 4 0
1 17 0 1 1 1 4 1 3 5 6 0 2 2 2 6 4 4 0
1 13 6 0 3 3 3 0 0 7 6 7 6 4 0
1 27 2 2 4 1 1 3 5 0 1 1 6 0 0 0 3 3 3 7 6 3 3 3 7 6 3 4 0
1 35 0 1 0 1 1 1 1 3 5 4 1 1 1 6 0 7 6 3 3 3 7 6 7 5 4 5 4 5 4 5 4 6 4 4 0
1 44 4 1 1 4 1 1 1 2 2 6 0 2 6 4 5 6 6 4 5 6 5 5 6 4 5 6 2 2 2 2 2 7 5 4 5 4 5 4 5 4 6 4 4 0
1 32 0 1 1 1 1 1 4 1 1 1 6 0 6 4 5 6 5 6 4 5 6 5 5 5 6 4 5 6 5 3 4 0
1 33 4 1 1 1 1 2 2 4 1 2 2 6 0 2 2 2 2 2 2 2 7 5 4 5 4 5 4 5 4 6 4 4 0
1 21 3 5 2 2 6 0 7 6 7 6 7 6 6 4 3 6 4 6 4 4 0
1 15 6 0 0 3 7 6 7 6 7 5 4 6 4 4 0
1 25 3 5 2 2 0 1 1 1 2 2 6 0 2 2 7 5 4 5 4 5 4 6 4 4 0
1 19 4 1 6 0 0 7 6 3 3 3 3 3 3 0 3 7 6 4 0
1 15 6 0 0 3 3 3 3 3 3 7 6 6 4 4 0
1 19 0 1 1 1 2 2 6 0 7 5 4 5 4 5 4 6 4 4 0
1 12 4 1 1 6 0 7 5 4 6 4 4 0
1 26 0 1 1 1 1 1 2 2 4 1 3 5 6 0 2 2 2 2 2 7 5 4 6 4 4 0
1 28 4 1 1 1 1 0 1 1 0 1 1 1 0 1 1 1 1 6 0 6 4 3 6 4 6 4 4 0
1 11 4 1 1 6 0 0 0 7 6 4 0
1 18 4 1 6 0 2 2 2 2 2 2 2 6 4 5 6 5 4 0
1 15 3 5 6 0 2 2 2 2 7 5 4 6 4 4 0
1 29 4 1 1 6 0 3 3 3 3 3 3 3 3 3 3 3 7 6 0 0 7 6 7 5 4 6 4 4 0
1 10 2 2 3 5 6 0 6 4 4 0
1 32 4 1 1 0 1 4 1 1 1 1 6 0 6 4 5 6 5 5 5 5 6 4 5 6 5 5 5 5 3 3 4 0
1 39 4 1 1 1 1 0 1 1 3 5 6 0 3 3 3 3 0 7 6 3 3 7 6 3 0 7 6 3 7 6 7 5 4 5 4 6 4 4 0
1 21 4 1 1 0 1 1 1 2 2 2 2 6 0 6 4 6 4 6 4 4 0
1 16 0 1 1 1 1 1 6 0 6 4 3 3 6 4 4 0
1 27 0 1 1 1 4 1 1 1 1 6 0 3 3 7 6 7 6 3 7 6 7 5 4 6 4 4 0
0 33 2 2 3 5 6 0 6 4 5 6 5 6 4 5 6 5 5 5 6 4 5 6 6 4 5 6 5 5 5 7 6 4 4
0 12 3 5 3 5 0 1 1 1 1 1 0 1
0 9 6 0 2 2 7 5 4 5 4
0 16 4 1 1 1 1 0 1 1 1 6 0 7 5 4 6 4
0 37 3 5 3 5 0 1 1 1 1 1 0 1 1 1 1 6 0 3 3 3 7 6 3 3 3 3 0 3 3 3 7 6 3 3 3 3 3
0 9 3 5 2 2 6 0 6 4 5
0 16 3 5 2 2 6 0 6 4 5 6 5 5 5 6 4 5
0 8 3 5 3 5 0 1 1 1
0 22 0 1 1 3 5 6 0 0 0 0 7 6 0 7 6 0 0 0 7 6 7 6
0 5 6 0 3 3 3
0 9 0 1 1 1 1 1 0 1 1
0 13 3 5 3 5 3 5 6 0 7 5 4 5 4
0 14 4 1 1 1 0 1 1 1 1 2 2 6 0 4
0 7 2 2 6 0 0 3 3
0 6 0 1 6 0 0 7
0 13 4 1 1 1 1 0 1 1 1 6 0 7 5
0 7 3 5 6 0 7 6 3
0 19 3 5 4 1 6 0 0 0 3 3 3 3 3 3 3 7 6 7 6
0 14 3 5 3 5 3 5 6 0 7 5 4 5 4 5
0 35 3 5 4 1 0 1 1 1 1 1 4 6 0 3 0 7 6 3 3 7 6 7 6 0 3 0 7 6 7 5 4 5 4 6 4
0 11 4 1 2 2 4 1 1 6 0 2 4
0 5 6 0 6 4 5
0 3 3 5 3
0 12 2 2 4 1 2 2 3 5 6 0 3 3
0 11 6 0 3 3 3 7 6 0 7 6 0
0 9 0 1 1 1 4 1 1 1 1
0 14 0 1 1 1 1 1 0 1 1 3 5 6 0 2
0 9 4 1 2 2 4 1 1 6 0
0 7 0 1 6 0 0 7 6
0 25 0 1 1 1 1 1 3 5 3 5 6 0 0 7 6 0 7 6 7 5 4 5 4 5 4
0 12 2 2 3 5 6 0 0 3 3 3 3 7
0 2 2 2
0 14 6 0 3 3 3 7 6 0 7 6 0 3 3 7
0 7 2 2 4 1 2 2 3
0 10 6 0 3 3 3 7 6 0 7 6
0 7 0 1 1 1 1 1 0
0 10 2 2 3 5 6 0 6 4 5 6
0 21 0 1 1 1 1 6 0 0 0 0 7 6 0 0 3 7 6 0 0 0 7
0 10 4 1 1 1 1 0 1 1 1 6
0 17 2 2 3 5 6 0 6 4 5 6 5 6 4 5 6 5 5
0 3 0 1 6
0 16 6 0 3 3 3 7 6 0 7 6 0 3 3 7 6 6
0 16 0 1 1 1 1 1 3 5 3 5 6 0 0 7 6 0
0 34 3 5 2 2 6 0 6 4 5 6 5 5 5 6 4 5 6 6 4 5 6 5 5 5 5 6 4 5 6 5 5 5 7 5
0 7 3 5 3 5 3 5 6
0 20 0 1 1 1 1 1 6 0 6 4 5 6 5 5 5 6 4 6 4 4
0 29 3 5 3 5 0 1 1 1 1 1 0 1 1 1 1 6 0 3 3 3 7 6 3 3 3 3 0 3 3
0 15 6 0 6 4 5 6 6 4 5 6 5 5 5 5 6
0 9 3 5 4 1 6 0 7 5 4
0 14 6 0 3 3 7 6 7 5 4 5 4 5 4 6
0 5 6 0 2 2 7
0 14 3 5 3 5 0 1 1 1 1 1 0 1 1 1
0 5 3 5 2 2 6
0 13 4 1 1 1 2 2 2 2 6 0 3 3 7
0 8 3 5 6 0 7 6 3 3
0 8 2 2 6 0 2 2 2 6
0 7 3 5 4 1 0 1 1
0 16 0 1 1 1 1 0 1 1 1 0 1 4 6 0 3 6
0 17 0 1 6 0 0 7 6 3 3 3 3 7 6 0 3 3 3
0 17 0 1 1 1 1 1 6 0 6 4 5 6 5 5 5 6 4
0 15 6 0 3 0 7 6 7 5 4 5 4 5 4 5 4
0 7 3 5 6 0 7 5 4
0 10 6 0 6 4 5 6 6 4 5 6
0 11 0 1 1 1 1 1 0 1 1 3 5
0 9 4 1 1 1 2 2 2 2 6
0 15 2 2 3 5 6 0 0 3 3 3 3 7 6 7 6
0 25 3 5 3 5 0 1 1 1 1 1 0 1 1 1 1 6 0 3 3 3 7 6 3 3 3
0 20 3 5 3 5 3 5 0 1 6 0 3 3 3 7 6 0 7 6 3 6
0 7 6 0 2 2 7 5 4
0 5 6 0 2 6 4
0 12 3 5 3 5 3 5 6 0 7 5 4 5
0 9 3 5 4 1 0 1 1 1 1
0 38 4 1 1 2 2 3 5 6 0 2 2 2 2 6 4 5 6 5 5 5 5 6 4 5 6 6 4 5 6 5 5 5 5 6 4 5 6 5
0 7 6 0 2 6 4 5 6
0 22 4 1 1 1 1 2 2 0 1 1 6 0 7 5 4 5 4 5 4 5 4 6
0 18 2 2 3 5 6 0 0 3 3 3 3 7 6 7 6 0 7 6
0 6 3 5 3 5 0 1
0 11 2 2 3 5 0 1 6 0 2 2 2
0 12 3 5 6 0 7 6 6 4 3 3 3 4
0 2 4 4
0 18 4 1 1 2 2 3 5 6 0 2 2 2 2 6 4 5 6 5
0 31 3 5 2 2 6 0 6 4 5 6 5 5 5 6 4 5 6 6 4 5 6 5 5 5 5 6 4 5 6 5 5
0 12 4 1 1 1 0 1 1 1 1 2 2 6
0 13 0 1 6 0 0 7 6 3 3 3 3 7 6
0 16 2 2 2 2 2 2 6 0 0 0 7 6 7 6 4 4
0 23 0 1 6 0 0 7 6 3 3 3 3 7 6 0 3 3 3 0 7 6 7 6 4
0 11 3 5 4 1 0 1 1 1 1 1 4
0 8 3 5 4 1 6 0 7 5
0 33 3 5 3 5 0 1 1 1 1 1 0 1 1 1 1 6 0 3 3 3 7 6 3 3 3 3 0 3 3 3 7 6 3
0 23 2 2 6 0 0 3 3 3 3 3 7 6 7 6 7 5 4 5 4 5 4 5 4
0 18 0 1 1 3 5 6 0 0 0 0 7 6 0 7 6 0 0 0
0 3 6 0 2
0 13 6 0 2 6 4 5 6 5 5 5 5 6 4
0 12 4 1 1 1 2 2 2 2 6 0 3 3
0 13 2 2 3 5 0 1 6 0 2 2 2 2 6
0 6 2 2 2 2 2 2
0 20 0 1 1 1 1 1 0 1 1 3 5 6 0 2 2 2 2 2 2 2
0 18 0 1 6 0 0 7 6 3 3 3 3 7 6 0 3 3 3 0
0 8 0 1 1 1 1 6 0 0
0 22 0 1 1 1 1 1 3 5 3 5 6 0 0 7 6 0 7 6 7 5 4 5
0 15 4 1 1 2 2 3 5 6 0 2 2 2 2 6 4
0 18 6 0 6 4 5 6 6 4 5 6 5 5 5 5 6 4 6 4
0 28 3 5 2 2 6 0 6 4 5 6 5 5 5 6 4 5 6 6 4 5 6 5 5 5 5 6 4 5
0 24 2 2 3 5 6 0 6 4 5 6 5 6 4 5 6 5 5 5 6 4 5 6 6 4
0 22 0 1 1 1 1 6 0 0 0 0 7 6 0 0 3 7 6 0 0 0 7 6
0 20 2 2 6 0 2 2 2 6 4 5 6 6 4 6 4 6 4 6 4 4
0 9 3 5 6 0 7 5 4 5 4
0 6 6 0 2 2 7 5
0 6 0 1 1 1 1 0
0 4 3 5 3 5
0 8 4 1 1 1 2 2 2 2
0 6 3 5 2 2 6 0
0 11 3 5 3 5 0 1 1 1 1 1 0
0 38 3 5 3 5 0 1 1 1 1 1 0 1 1 1 1 6 0 3 3 3 7 6 3 3 3 3 0 3 3 3 7 6 3 3 3 3 3 0
0 9 0 1 1 1 1 0 1 1 1
0 11 4 1 1 1 1 0 1 1 1 6 0
0 18 3 5 4 1 0 1 1 1 1 1 4 6 0 3 0 7 6 3
0 12 6 0 2 6 4 5 6 5 5 5 5 6
0 11 2 2 2 2 2 2 6 0 0 0 7
0 20 4 1 0 1 1 1 1 6 0 2 2 2 2 6 4 5 6 5 5 4
0 11 0 1 1 3 5 6 0 0 0 0 7
0 15 0 1 1 1 1 1 0 1 1 3 5 6 0 2 2
0 10 3 5 3 5 3 5 0 1 6 0
0 3 3 5 6
0 41 3 5 3 5 0 1 1 1 1 1 0 1 1 1 1 6 0 3 3 3 7 6 3 3 3 3 0 3 3 3 7 6 3 3 3 3 3 0 7 6 6
0 15 3 5 3 5 3 5 6 0 7 5 4 5 4 5 4
0 23 0 1 1 1 1 1 0 1 1 3 5 6 0 2 2 2 2 2 2 2 2 2 2
0 27 0 1 1 1 1 1 3 5 3 5 6 0 0 7 6 0 7 6 7 5 4 5 4 5 4 6 4
0 10 2 2 6 0 2 2 2 6 4 5
0 13 2 2 6 0 0 3 3 3 3 3 7 6 7
0 25 0 1 1 1 1 1 0 1 1 3 5 6 0 2 2 2 2 2 2 2 2 2 2 2 2
0 32 3 5 2 2 6 0 6 4 5 6 5 5 5 6 4 5 6 6 4 5 6 5 5 5 5 6 4 5 6 5 5 5
0 21 3 5 3 5 3 5 0 1 6 0 3 3 3 7 6 0 7 6 3 6 4
0 11 6 0 6 4 5 6 6 4 5 6 5
0 18 0 1 1 1 1 1 0 1 1 3 5 6 0 2 2 2 2 2
0 9 6 0 0 0 7 6 7 6 4
0 43 3 5 3 5 0 1 1 1 1 1 0 1 1 1 1 6 0 3 3 3 7 6 3 3 3 3 0 3 3 3 7 6 3 3 3 3 3 0 7 6 6 4 4
0 8 2 2 3 5 6 0 6 4
0 10 3 5 3 5 3 5 6 0 7 5
0 22 3 5 3 5 3 5 0 1 6 0 3 3 3 7 6 0 7 6 3 6 4 4
0 14 3 5 4 1 6 0 0 0 3 3 3 3 3 3
0 8 3 5 4 1 0 1 1 1
0 14 0 1 1 1 1 0 1 1 1 0 1 4 6 0
0 22 0 1 6 0 0 7 6 3 3 3 3 7 6 0 3 3 3 0 7 6 7 6
0 17 0 1 1 1 1 0 1 1 1 0 1 4 6 0 3 6 4
0 24 3 5 3 5 0 1 1 1 1 1 0 1 1 1 1 6 0 3 3 3 7 6 3 3
0 25 2 2 3 5 6 0 0 3 3 3 3 7 6 7 6 0 7 6 7 5 4 5 4 5 4
0 14 4 4 1 1 1 3 5 6 0 7 5 4 6 4
0 11 2 2 6 0 2 2 2 6 4 5 6
0 11 0 1 6 0 0 7 6 3 3 3 3
0 12 0 1 1 1 1 1 0 1 1 3 5 6
0 17 6 0 2 6 4 5 6 5 5 5 5 6 4 5 6 5 5
0 12 0 1 1 1 1 6 0 0 0 0 7 6
0 15 2 2 3 5 6 0 6 4 5 6 5 6 4 5 6
0 13 4 1 1 1 0 1 1 1 1 2 2 6 0
0 6 6 0 0 0 7 6
0 8 4 1 1 1 0 1 1 1
0 42 3 5 3 5 0 1 1 1 1 1 0 1 1 1 1 6 0 3 3 3 7 6 3 3 3 3 0 3 3 3 7 6 3 3 3 3 3 0 7 6 6 4
0 36 4 1 1 2 2 3 5 6 0 2 2 2 2 6 4 5 6 5 5 5 5 6 4 5 6 6 4 5 6 5 5 5 5 6 4 5
0 34 3 5 3 5 0 1 1 1 1 1 0 1 1 1 1 6 0 3 3 3 7 6 3 3 3 3 0 3 3 3 7 6 3 3
0 12 2 2 6 0 2 2 2 6 4 5 6 6
0 7 4 1 1 1 1 2 2
0 33 3 5 4 1 6 0 0 0 3 3 3 3 3 3 3 7 6 7 6 7 6 7 6 7 5 4 5 4 5 4 6 4 4
0 3 6 0 0
0 23 0 1 1 1 1 1 3 5 3 5 6 0 0 7 6 0 7 6 7 5 4 5 4
0 24 3 5 2 2 6 0 6 4 5 6 5 5 5 6 4 5 6 6 4 5 6 5 5 5
0 4 4 1 1 2
0 31 3 5 3 5 0 1 1 1 1 1 0 1 1 1 1 6 0 3 3 3 7 6 3 3 3 3 0 3 3 3 7
0 17 3 5 3 5 0 1 1 1 1 1 0 1 1 1 1 6 0
0 11 2 2 4 1 2 2 3 5 6 0 3
0 4 6 0 6 4
0 3 4 1 1
0 14 6 0 6 4 5 6 6 4 5 6 5 5 5 5
0 15 0 1 1 1 1 1 6 0 6 4 5 6 5 5 5
0 9 6 0 3 0 7 6 7 5 4
0 21 4 1 1 1 1 2 2 0 1 1 6 0 7 5 4 5 4 5 4 5 4
0 31 4 1 1 2 2 3 5 6 0 2 2 2 2 6 4 5 6 5 5 5 5 6 4 5 6 6 4 5 6 5 5
0 19 0 1 1 1 1 1 0 1 1 3 5 6 0 2 2 2 2 2 2
0 13 6 0 3 3 7 6 7 5 4 5 4 5 4
0 5 3 5 4 1 0
0 4 2 2 6 0
0 5 2 2 4 1 2
0 13 4 4 1 1 1 3 5 6 0 7 5 4 6
0 11 3 5 2 2 6 0 6 4 5 6 5
0 14 3 5 6 0 7 5 4 5 4 5 4 6 4 4
0 16 0 1 1 1 1 1 0 1 1 3 5 6 0 2 2 2
0 17 3 5 2 2 6 0 6 4 5 6 5 5 5 6 4 5 6
0 40 3 5 3 5 0 1 1 1 1 1 0 1 1 1 1 6 0 3 3 3 7 6 3 3 3 3 0 3 3 3 7 6 3 3 3 3 3 0 7 6
0 11 2 2 3 5 6 0 0 3 3 3 3
0 24 2 2 6 0 0 3 3 3 3 3 7 6 7 6 7 5 4 5 4 5 4 5 4 6
0 19 2 2 3 5 6 0 0 3 3 3 3 7 6 7 6 0 7 6 7
0 18 4 1 1 1 2 2 2 2 6 0 3 3 7 6 6 4 3 6
0 4 4 1 0 1
0 7 0 1 1 1 1 0 1
0 23 4 1 1 2 2 3 5 6 0 2 2 2 2 6 4 5 6 5 5 5 5 6 4
0 25 3 5 2 2 6 0 6 4 5 6 5 5 5 6 4 5 6 6 4 5 6 5 5 5 5
0 17 6 0 3 0 7 6 7 5 4 5 4 5 4 5 4 6 4
0 29 3 5 4 1 0 1 1 1 1 1 4 6 0 3 0 7 6 3 3 7 6 7 6 0 3 0 7 6 7
0 3 3 5 4
0 21 0 1 6 0 0 7 6 3 3 3 3 7 6 0 3 3 3 0 7 6 7
0 11 3 5 6 0 7 6 6 4 3 3 3
0 14 0 1 1 3 5 6 0 0 0 0 7 6 0 7
0 10 6 0 3 3 7 6 7 5 4 5
0 16 2 2 3 5 0 1 6 0 2 2 2 2 6 4 3 6
0 4 3 5 6 0
0 5 0 1 1 1 4
0 19 0 1 1 1 1 0 1 1 1 0 1 4 6 0 3 6 4 3 3
0 10 0 1 1 1 1 1 6 0 6 4
0 13 3 5 4 1 6 0 0 0 3 3 3 3 3
0 8 2 2 2 2 2 2 6 0
0 19 4 1 1 1 1 2 2 0 1 1 6 0 7 5 4 5 4 5 4
0 7 0 1 1 1 1 1 6
0 5 4 1 1 2 2
0 20 0 1 1 1 1 0 1 1 1 0 1 4 6 0 3 6 4 3 3 4
0 6 3 5 6 0 7 5
0 7 3 5 2 2 6 0 6
0 18 6 0 2 6 4 5 6 5 5 5 5 6 4 5 6 5 5 3
0 9 2 2 2 2 2 2 6 0 0
0 18 6 0 6 4 5 6 6 4 5 6 5 3 6 4 6 4 3 4
0 10 0 1 6 0 0 7 6 3 3 3
0 7 4 1 0 1 1 1 1
0 4 6 0 3 0
0 12 3 5 6 0 7 5 4 5 4 5 4 6
0 20 4 1 1 1 1 2 2 0 1 1 6 0 7 5 4 5 4 5 4 5
0 11 0 1 1 1 1 1 6 0 6 4 5
0 36 3 5 4 1 0 1 1 1 1 1 4 6 0 3 0 7 6 3 3 7 6 7 6 0 3 0 7 6 7 5 4 5 4 6 4 4
0 13 0 1 1 1 1 6 0 0 0 0 7 6 0
0 7 3 5 4 1 6 0 7
0 13 3 5 2 2 6 0 6 4 5 6 5 5 5
0 6 4 1 1 1 1 0
0 10 4 1 1 1 1 2 2 0 1 1
0 16 2 2 3 5 6 0 6 4 5 6 5 6 4 5 6 5
0 7 2 2 6 0 2 2 2
0 4 3 5 2 2
0 33 4 1 1 2 2 3 5 6 0 2 2 2 2 6 4 5 6 5 5 5 5 6 4 5 6 6 4 5 6 5 5 5 5
0 12 3 5 4 1 0 1 1 1 1 1 4 6
0 39 4 1 1 2 2 3 5 6 0 2 2 2 2 6 4 5 6 5 5 5 5 6 4 5 6 6 4 5 6 5 5 5 5 6 4 5 6 5 5
0 7 3 5 4 1 6 0 0
0 30 3 5 4 1 6 0 0 0 3 3 3 3 3 3 3 7 6 7 6 7 6 7 6 7 5 4 5 4 5 4
0 23 3 5 2 2 6 0 6 4 5 6 5 5 5 6 4 5 6 6 4 5 6 5 5
0 11 4 1 1 1 2 2 2 2 6 0 3
0 30 2 2 3 5 6 0 0 3 3 3 3 7 6 7 6 0 7 6 7 5 4 5 4 5 4 5 4 6 4 4
0 6 6 0 3 3 7 6
0 12 0 1 1 1 1 1 6 0 6 4 5 6
0 4 4 1 2 2
0 6 2 2 3 5 0 1
0 21 2 2 3 5 6 0 6 4 5 6 5 6 4 5 6 5 5 5 6 4 5
0 19 0 1 1 1 1 6 0 0 0 0 7 6 0 0 3 7 6 0 0
0 5 4 1 1 1 0
0 20 2 2 3 5 6 0 6 4 5 6 5 6 4 5 6 5 5 5 6 4
0 7 2 2 3 5 0 1 6
0 7 6 0 0 0 7 6 7
0 26 3 5 4 1 0 1 1 1 1 1 4 6 0 3 0 7 6 3 3 7 6 7 6 0 3 0
0 9 2 2 4 1 2 2 3 5 6
0 27 2 2 3 5 6 0 6 4 5 6 5 6 4 5 6 5 5 5 6 4 5 6 6 4 5 6 5
0 9 6 0 3 3 7 6 7 5 4
0 5 6 0 0 0 7
0 6 0 1 1 1 1 1
0 3 4 1 2
0 12 4 1 1 2 2 3 5 6 0 2 2 2
0 23 3 5 4 1 0 1 1 1 1 1 4 6 0 3 0 7 6 3 3 7 6 7 6
0 31 3 5 4 1 0 1 1 1 1 1 4 6 0 3 0 7 6 3 3 7 6 7 6 0 3 0 7 6 7 5 4
0 13 0 1 1 1 1 1 6 0 6 4 5 6 5
0 27 0 1 1 1 1 1 0 1 1 3 5 6 0 2 2 2 2 2 2 2 2 2 2 2 2 3 3
0 22 4 1 1 2 2 3 5 6 0 2 2 2 2 6 4 5 6 5 5 5 5 6
0 18 3 5 3 5 3 5 6 0 7 5 4 5 4 5 4 6 4 4
0 6 3 5 6 0 7 6
0 5 2 2 6 0 0
0 9 4 1 1 2 2 3 5 6 0
0 18 0 1 1 1 4 1 1 1 1 6 0 7 6 7 5 4 6 4
0 28 0 1 1 1 1 1 3 5 3 5 6 0 0 7 6 0 7 6 7 5 4 5 4 5 4 6 4 4
0 5 0 1 6 0 0
0 40 4 1 1 2 2 3 5 6 0 2 2 2 2 6 4 5 6 5 5 5 5 6 4 5 6 6 4 5 6 5 5 5 5 6 4 5 6 5 5 4
0 12 3 5 4 1 6 0 0 0 3 3 3 3
0 15 3 5 4 1 0 1 1 1 1 1 4 6 0 3 0
0 19 6 0 6 4 5 6 6 4 5 6 5 5 5 5 6 4 6 4 3
0 19 4 1 1 1 2 2 2 2 6 0 3 3 7 6 6 4 3 6 4
0 4 6 0 2 2
0 23 0 1 1 3 5 6 0 0 0 0 7 6 0 7 6 0 0 0 7 6 7 6 3
0 13 6 0 3 0 7 6 7 5 4 5 4 5 4
0 34 4 1 1 2 2 3 5 6 0 2 2 2 2 6 4 5 6 5 5 5 5 6 4 5 6 6 4 5 6 5 5 5 5 6
0 10 6 0 0 0 7 6 7 6 4 4
0 18 0 1 1 1 1 1 6 0 6 4 5 6 5 5 5 6 4 6
0 11 4 1 1 2 2 3 5 6 0 2 2
0 12 4 1 0 1 1 1 1 6 0 2 2 2
0 7 6 0 3 0 7 6 7
0 15 0 1 1 1 1 1 3 5 3 5 6 0 0 7 6
0 3 2 2 4
0 14 4 1 1 1 2 2 2 2 6 0 3 3 7 6
0 12 4 1 1 1 1 2 2 0 1 1 6 0
0 7 0 1 1 3 5 6 0
0 2 0 1
0 10 0 1 1 1 1 1 0 1 1 3
0 13 2 2 3 5 6 0 6 4 5 6 5 6 4
0 1 0
0 13 4 1 1 2 2 3 5 6 0 2 2 2 2
0 8 6 0 3 0 7 6 7 5
0 30 3 5 4 1 0 1 1 1 1 1 4 6 0 3 0 7 6 3 3 7 6 7 6 0 3 0 7 6 7 5
0 9 4 1 1 1 1 0 1 1 1
0 8 4 4 1 1 1 3 5 6
0 7 4 4 1 1 1 3 5
0 32 3 5 4 1 6 0 0 0 3 3 3 3 3 3 3 7 6 7 6 7 6 7 6 7 5 4 5 4 5 4 6 4
0 27 4 1 1 2 2 3 5 6 0 2 2 2 2 6 4 5 6 5 5 5 5 6 4 5 6 6 4
0 24 0 1 1 1 1 1 0 1 1 3 5 6 0 2 2 2 2 2 2 2 2 2 2 2
0 16 3 5 3 5 0 1 1 1 1 1 0 1 1 1 1 6
0 28 0 1 1 1 1 1 0 1 1 3 5 6 0 2 2 2 2 2 2 2 2 2 2 2 2 3 3 4
0 15 3 5 2 2 6 0 6 4 5 6 5 5 5 6 4
0 6 3 5 4 1 0 1
0 18 3 5 3 5 3 5 0 1 6 0 3 3 3 7 6 0 7 6
0 3 4 1 0
0 16 0 1 1 1 1 1 6 0 6 4 5 6 5 5 5 6
0 20 2 2 3 5 0 1 6 0 2 2 2 2 6 4 3 6 4 6 4 4
0 8 2 2 6 0 0 3 3 3
0 30 2 2 3 5 6 0 6 4 5 6 5 6 4 5 6 5 5 5 6 4 5 6 6 4 5 6 5 5 5 7
0 8 3 5 6 0 7 6 6 4
0 13 2 2 4 1 2 2 3 5 6 0 3 3 4
0 19 0 1 1 1 1 1 6 0 6 4 5 6 5 5 5 6 4 6 4
0 17 4 1 1 1 2 2 2 2 6 0 3 3 7 6 6 4 3
0 16 4 1 0 1 1 1 1 6 0 2 2 2 2 6 4 5
0 28 3 5 4 1 6 0 0 0 3 3 3 3 3 3 3 7 6 7 6 7 6 7 6 7 5 4 5 4
0 11 3 5 3 5 3 5 6 0 7 5 4
0 8 0 1 6 0 0 7 6 3
0 25 2 2 6 0 0 3 3 3 3 3 7 6 7 6 7 5 4 5 4 5 4 5 4 6 4
0 12 6 0 6 4 5 6 6 4 5 6 5 5
0 7 2 2 3 5 6 0 0
0 12 6 0 3 3 3 7 6 0 7 6 0 3
0 13 4 1 1 1 1 2 2 0 1 1 6 0 7
0 10 6 0 2 6 4 5 6 5 5 5
0 17 2 2 3 5 0 1 6 0 2 2 2 2 6 4 3 6 4
0 26 4 1 1 2 2 3 5 6 0 2 2 2 2 6 4 5 6 5 5 5 5 6 4 5 6 6
0 8 6 0 3 3 7 6 7 5
0 10 0 1 1 1 1 1 3 5 3 5
0 26 3 5 2 2 6 0 6 4 5 6 5 5 5 6 4 5 6 6 4 5 6 5 5 5 5 6
0 10 2 2 3 5 6 0 0 3 3 3
0 26 2 2 3 5 6 0 6 4 5 6 5 6 4 5 6 5 5 5 6 4 5 6 6 4 5 6
0 15 6 0 6 4 5 6 6 4 5 6 5 3 6 4 6
0 10 2 2 6 0 0 3 3 3 3 3
0 3 2 2 3
0 16 3 5 3 5 3 5 0 1 6 0 3 3 3 7 6 0
0 37 3 5 2 2 6 0 6 4 5 6 5 5 5 6 4 5 6 6 4 5 6 5 5 5 5 6 4 5 6 5 5 5 7 5 4 6 4
0 8 3 5 4 1 6 0 0 0
0 17 4 1 1 1 1 0 1 1 1 6 0 7 5 4 6 4 4
0 9 3 5 3 5 3 5 0 1 6
0 28 2 2 3 5 6 0 6 4 5 6 5 6 4 5 6 5 5 5 6 4 5 6 6 4 5 6 5 5
0 6 3 5 4 1 6 0
0 16 4 1 1 1 2 2 2 2 6 0 3 3 7 6 6 4
0 9 2 2 3 5 6 0 0 3 3
0 6 3 5 3 5 3 5
0 22 3 5 3 5 0 1 1 1 1 1 0 1 1 1 1 6 0 3 3 3 7 6
0 5 4 1 2 2 4
0 26 0 1 1 1 1 1 0 1 1 3 5 6 0 2 2 2 2 2 2 2 2 2 2 2 2 3
0 17 0 1 1 1 1 6 0 0 0 0 7 6 0 0 3 7 6
0 20 3 5 4 1 6 0 0 0 3 3 3 3 3 3 3 7 6 7 6 7
0 17 0 1 1 3 5 6 0 0 0 0 7 6 0 7 6 0 0
0 28 2 2 3 5 6 0 0 3 3 3 3 7 6 7 6 0 7 6 7 5 4 5 4 5 4 5 4 6
0 17 6 0 3 3 3 7 6 0 7 6 0 3 3 7 6 6 4
0 27 3 5 4 1 0 1 1 1 1 1 4 6 0 3 0 7 6 3 3 7 6 7 6 0 3 0 7
0 10 3 5 4 1 6 0 0 0 3 3
0 20 0 1 1 3 5 6 0 0 0 0 7 6 0 7 6 0 0 0 7 6
0 8 0 1 1 1 1 0 1 1
0 18 4 1 1 1 1 2 2 0 1 1 6 0 7 5 4 5 4 5
0 20 2 2 3 5 6 0 0 3 3 3 3 7 6 7 6 0 7 6 7 5
0 8 0 1 1 3 5 6 0 0
0 12 0 1 1 1 1 0 1 1 1 0 1 4
0 22 3 5 4 1 6 0 0 0 3 3 3 3 3 3 3 7 6 7 6 7 6 7
0 5 2 2 3 5 0
0 13 6 0 3 3 3 7 6 0 7 6 0 3 3
0 26 2 2 6 0 0 3 3 3 3 3 7 6 7 6 7 5 4 5 4 5 4 5 4 6 4 4
0 3 2 2 6
0 22 3 5 2 2 6 0 6 4 5 6 5 5 5 6 4 5 6 6 4 5 6 5
0 10 3 5 4 1 0 1 1 1 1 1
0 14 2 2 6 0 2 2 2 6 4 5 6 6 4 6
0 19 4 1 0 1 1 1 1 6 0 2 2 2 2 6 4 5 6 5 5
0 10 0 1 1 1 4 1 1 1 1 6
0 23 4 1 1 1 1 2 2 0 1 1 6 0 7 5 4 5 4 5 4 5 4 6 4
0 5 4 1 1 1 2
0 5 4 1 1 1 1
0 17 3 5 4 1 0 1 1 1 1 1 4 6 0 3 0 7 6
0 36 3 5 2 2 6 0 6 4 5 6 5 5 5 6 4 5 6 6 4 5 6 5 5 5 5 6 4 5 6 5 5 5 7 5 4 6
0 6 2 2 4 1 2 2
0 17 4 1 0 1 1 1 1 6 0 2 2 2 2 6 4 5 6
0 17 3 5 3 5 3 5 0 1 6 0 3 3 3 7 6 0 7
0 29 2 2 3 5 6 0 0 3 3 3 3 7 6 7 6 0 7 6 7 5 4 5 4 5 4 5 4 6 4
0 7 0 1 1 1 1 1 3
0 5 4 1 0 1 1
0 10 4 1 2 2 4 1 1 6 0 2
0 10 3 5 2 2 6 0 6 4 5 6
0 10 4 1 0 1 1 1 1 6 0 2
0 1 4
0 14 4 1 1 1 1 2 2 0 1 1 6 0 7 5
0 13 0 1 1 1 1 1 3 5 3 5 6 0 0
0 24 4 1 1 1 1 2 2 0 1 1 6 0 7 5 4 5 4 5 4 5 4 6 4 4
0 15 0 1 1 1 1 6 0 0 0 0 7 6 0 0 3
0 26 3 5 3 5 0 1 1 1 1 1 0 1 1 1 1 6 0 3 3 3 7 6 3 3 3 3
0 12 6 0 3 0 7 6 7 5 4 5 4 5
0 10 3 5 6 0 7 6 6 4 3 3
0 38 3 5 2 2 6 0 6 4 5 6 5 5 5 6 4 5 6 6 4 5 6 5 5 5 5 6 4 5 6 5 5 5 7 5 4 6 4 4
0 10 4 4 1 1 1 3 5 6 0 7
0 15 6 0 3 3 3 7 6 0 7 6 0 3 3 7 6
0 4 2 2 2 2
0 19 0 1 6 0 0 7 6 3 3 3 3 7 6 0 3 3 3 0 7
0 16 6 0 2 6 4 5 6 5 5 5 5 6 4 5 6 5
0 8 0 1 1 1 1 1 3 5
0 12 0 1 1 1 4 1 1 1 1 6 0 7
0 24 2 2 3 5 6 0 0 3 3 3 3 7 6 7 6 0 7 6 7 5 4 5 4 5
0 5 6 0 3 3 7
0 10 2 2 4 1 2 2 3 5 6 0
0 5 4 4 1 1 1
0 7 4 1 2 2 4 1 1
0 12 3 5 6 0 7 6 3 3 6 4 6 4
0 18 2 2 3 5 6 0 6 4 5 6 5 6 4 5 6 5 5 5
0 6 6 0 6 4 5 6
0 12 0 1 1 1 1 1 3 5 3 5 6 0
0 4 3 5 4 1
0 11 2 2 6 0 0 3 3 3 3 3 7
0 15 4 1 0 1 1 1 1 6 0 2 2 2 2 6 4
0 20 3 5 3 5 0 1 1 1 1 1 0 1 1 1 1 6 0 3 3 3
0 14 3 5 4 1 0 1 1 1 1 1 4 6 0 3
0 15 2 2 2 2 2 2 6 0 0 0 7 6 7 6 4
0 15 2 2 3 5 0 1 6 0 2 2 2 2 6 4 3
0 7 4 1 1 1 2 2 2
0 14 0 1 6 0 0 7 6 3 3 3 3 7 6 0
0 18 2 2 6 0 0 3 3 3 3 3 7 6 7 6 7 5 4 5
0 32 2 2 3 5 6 0 6 4 5 6 5 6 4 5 6 5 5 5 6 4 5 6 6 4 5 6 5 5 5 7 6 4
0 6 0 1 1 1 4 1
0 2 3 5
0 18 6 0 3 3 3 7 6 0 7 6 0 3 3 7 6 6 4 4
0 6 4 1 1 2 2 3
0 9 2 2 6 0 2 2 2 6 4
0 13 4 1 0 1 1 1 1 6 0 2 2 2 2
0 39 3 5 3 5 0 1 1 1 1 1 0 1 1 1 1 6 0 3 3 3 7 6 3 3 3 3 0 3 3 3 7 6 3 3 3 3 3 0 7
0 12 0 1 6 0 0 7 6 3 3 3 3 7
0 6 6 0 3 3 3 7
0 15 3 5 3 5 0 1 1 1 1 1 0 1 1 1 1
0 8 6 0 6 4 5 6 6 4
0 13 0 1 1 3 5 6 0 0 0 0 7 6 0
0 17 3 5 4 1 6 0 0 0 3 3 3 3 3 3 3 7 6
0 18 3 5 2 2 6 0 6 4 5 6 5 5 5 6 4 5 6 6
0 12 2 2 2 2 2 2 6 0 0 0 7 6
0 8 4 1 1 1 1 2 2 0
0 12 4 4 1 1 1 3 5 6 0 7 5 4
0 21 4 1 1 1 2 2 2 2 6 0 3 3 7 6 6 4 3 6 4 3 4
0 13 0 1 1 1 1 1 0 1 1 3 5 6 0
0 32 3 5 3 5 0 1 1 1 1 1 0 1 1 1 1 6 0 3 3 3 7 6 3 3 3 3 0 3 3 3 7 6
0 16 6 0 6 4 5 6 6 4 5 6 5 5 5 5 6 4
0 21 4 1 1 2 2 3 5 6 0 2 2 2 2 6 4 5 6 5 5 5 5
0 21 3 5 4 1 6 0 0 0 3 3 3 3 3 3 3 7 6 7 6 7 6
0 32 3 5 4 1 0 1 1 1 1 1 4 6 0 3 0 7 6 3 3 7 6 7 6 0 3 0 7 6 7 5 4 5
0 13 3 5 4 1 0 1 1 1 1 1 4 6 0
0 14 3 5 3 5 3 5 0 1 6 0 3 3 3 7
0 12 2 2 3 5 0 1 6 0 2 2 2 2
0 3 4 4 1
0 16 6 0 6 4 5 6 6 4 5 6 5 3 6 4 6 4
0 15 4 4 1 1 1 3 5 6 0 7 5 4 6 4 4
0 3 3 5 2
0 15 3 5 4 1 6 0 0 0 3 3 3 3 3 3 3
0 29 3 5 2 2 6 0 6 4 5 6 5 5 5 6 4 5 6 6 4 5 6 5 5 5 5 6 4 5 6
0 19 2 2 3 5 0 1 6 0 2 2 2 2 6 4 3 6 4 6 4
0 18 0 1 1 1 1 0 1 1 1 0 1 4 6 0 3 6 4 3
0 20 2 2 6 0 0 3 3 3 3 3 7 6 7 6 7 5 4 5 4 5
0 4 6 0 3 3
0 28 3 5 3 5 0 1 1 1 1 1 0 1 1 1 1 6 0 3 3 3 7 6 3 3 3 3 0 3
0 19 0 1 1 1 4 1 1 1 1 6 0 7 6 7 5 4 6 4 4
0 8 4 1 2 2 4 1 1 6
0 25 3 5 4 1 0 1 1 1 1 1 4 6 0 3 0 7 6 3 3 7 6 7 6 0 3
0 14 4 1 0 1 1 1 1 6 0 2 2 2 2 6
0 37 4 1 1 2 2 3 5 6 0 2 2 2 2 6 4 5 6 5 5 5 5 6 4 5 6 6 4 5 6 5 5 5 5 6 4 5 6
0 20 6 0 6 4 5 6 6 4 5 6 5 5 5 5 6 4 6 4 3 4
0 11 0 1 1 1 1 1 3 5 3 5 6
0 11 6 0 3 0 7 6 7 5 4 5 4
0 28 3 5 4 1 0 1 1 1 1 1 4 6 0 3 0 7 6 3 3 7 6 7 6 0 3 0 7 6
0 25 3 5 4 1 6 0 0 0 3 3 3 3 3 3 3 7 6 7 6 7 6 7 6 7 5
0 17 6 0 6 4 5 6 6 4 5 6 5 3 6 4 6 4 3
0 6 6 0 3 0 7 6
0 23 2 2 3 5 6 0 0 3 3 3 3 7 6 7 6 0 7 6 7 5 4 5 4
0 14 3 5 2 2 6 0 6 4 5 6 5 5 5 6
0 8 0 1 1 1 1 1 0 1
0 15 0 1 1 3 5 6 0 0 0 0 7 6 0 7 6
0 15 6 0 2 6 4 5 6 5 5 5 5 6 4 5 6
0 19 3 5 3 5 0 1 1 1 1 1 0 1 1 1 1 6 0 3 3
0 12 3 5 2 2 6 0 6 4 5 6 5 5
0 11 2 2 3 5 6 0 6 4 5 6 5
0 13 3 5 6 0 7 5 4 5 4 5 4 6 4
0 9 4 1 1 1 1 2 2 0 1
0 25 2 2 3 5 6 0 6 4 5 6 5 6 4 5 6 5 5 5 6 4 5 6 6 4 5
0 16 6 0 3 0 7 6 7 5 4 5 4 5 4 5 4 6
0 19 0 1 1 3 5 6 0 0 0 0 7 6 0 7 6 0 0 0 7
0 9 2 2 3 5 0 1 6 0 2
0 13 3 5 3 5 0 1 1 1 1 1 0 1 1
0 18 2 2 6 0 2 2 2 6 4 5 6 6 4 6 4 6 4 6
0 5 2 2 6 0 2
0 15 3 5 3 5 3 5 0 1 6 0 3 3 3 7 6
0 9 0 1 1 3 5 6 0 0 0
0 13 2 2 2 2 2 2 6 0 0 0 7 6 7
0 34 3 5 4 1 0 1 1 1 1 1 4 6 0 3 0 7 6 3 3 7 6 7 6 0 3 0 7 6 7 5 4 5 4 6
0 15 2 2 6 0 2 2 2 6 4 5 6 6 4 6 4
0 19 4 1 1 2 2 3 5 6 0 2 2 2 2 6 4 5 6 5 5
0 14 2 2 3 5 6 0 6 4 5 6 5 6 4 5
0 15 2 2 6 0 0 3 3 3 3 3 7 6 7 6 7
0 27 3 5 2 2 6 0 6 4 5 6 5 5 5 6 4 5 6 6 4 5 6 5 5 5 5 6 4
0 16 6 0 3 3 7 6 7 5 4 5 4 5 4 6 4 4
0 13 6 0 6 4 5 6 6 4 5 6 5 5 5
0 9 3 5 6 0 7 6 6 4 3
0 13 2 2 3 5 6 0 0 3 3 3 3 7 6
0 17 4 1 1 1 1 2 2 0 1 1 6 0 7 5 4 5 4
0 9 3 5 3 5 3 5 6 0 7
0 6 4 1 1 1 0 1
0 23 2 2 3 5 6 0 6 4 5 6 5 6 4 5 6 5 5 5 6 4 5 6 6
0 26 0 1 1 1 1 1 3 5 3 5 6 0 0 7 6 0 7 6 7 5 4 5 4 5 4 6
0 24 3 5 4 1 6 0 0 0 3 3 3 3 3 3 3 7 6 7 6 7 6 7 6 7
0 11 3 5 3 5 3 5 0 1 6 0 3
0 18 2 2 3 5 0 1 6 0 2 2 2 2 6 4 3 6 4 6
0 10 3 5 3 5 0 1 1 1 1 1
0 14 4 1 1 1 1 0 1 1 1 6 0 7 5 4
0 4 6 0 0 0
0 14 2 2 3 5 0 1 6 0 2 2 2 2 6 4
0 11 3 5 6 0 7 5 4 5 4 5 4
0 7 3 5 6 0 7 6 6
0 7 2 2 2 2 2 2 6
0 8 6 0 2 6 4 5 6 5
0 10 0 1 1 1 1 0 1 1 1 0
0 21 3 5 4 1 0 1 1 1 1 1 4 6 0 3 0 7 6 3 3 7 6
0 4 4 4 1 1
0 13 6 0 6 4 5 6 6 4 5 6 5 3 6
0 31 2 2 3 5 6 0 6 4 5 6 5 6 4 5 6 5 5 5 6 4 5 6 6 4 5 6 5 5 5 7 6
0 11 4 1 1 1 1 2 2 0 1 1 6
0 18 3 5 4 1 6 0 0 0 3 3 3 3 3 3 3 7 6 7
0 6 0 1 1 3 5 6
0 14 6 0 6 4 5 6 6 4 5 6 5 3 6 4
0 4 6 0 2 6
0 12 6 0 6 4 5 6 6 4 5 6 5 3
0 22 3 5 4 1 0 1 1 1 1 1 4 6 0 3 0 7 6 3 3 7 6 7
0 7 4 1 1 1 0 1 1
0 16 0 1 1 1 1 6 0 0 0 0 7 6 0 0 3 7
0 26 2 2 3 5 6 0 0 3 3 3 3 7 6 7 6 0 7 6 7 5 4 5 4 5 4 5
0 6 2 2 3 5 6 0
0 26 3 5 4 1 6 0 0 0 3 3 3 3 3 3 3 7 6 7 6 7 6 7 6 7 5 4
0 16 3 5 4 1 0 1 1 1 1 1 4 6 0 3 0 7
0 20 4 1 1 2 2 3 5 6 0 2 2 2 2 6 4 5 6 5 5 5
0 9 6 0 3 3 3 7 6 0 7
0 6 2 2 6 0 0 3
0 20 0 1 1 1 1 6 0 0 0 0 7 6 0 0 3 7 6 0 0 0
0 23 3 5 4 1 6 0 0 0 3 3 3 3 3 3 3 7 6 7 6 7 6 7 6
0 27 2 2 3 5 6 0 0 3 3 3 3 7 6 7 6 0 7 6 7 5 4 5 4 5 4 5 4
0 5 6 0 3 0 7
0 10 0 1 1 1 1 6 0 0 0 0
0 10 6 0 3 0 7 6 7 5 4 5
0 15 0 1 1 1 1 0 1 1 1 0 1 4 6 0 3
0 5 2 2 2 2 2
0 5 2 2 6 0 4
0 12 4 1 1 1 1 0 1 1 1 6 0 7
0 2 4 1
0 7 6 0 3 3 7 6 7
0 15 4 1 1 1 2 2 2 2 6 0 3 3 7 6 6
0 3 6 0 6
0 27 3 5 4 1 6 0 0 0 3 3 3 3 3 3 3 7 6 7 6 7 6 7 6 7 5 4 5
0 17 6 0 6 4 5 6 6 4 5 6 5 5 5 5 6 4 6
0 8 6 0 2 2 7 5 4 5
0 13 3 5 6 0 7 6 3 3 6 4 6 4 4
0 3 2 2 2
0 21 0 1 1 3 5 6 0 0 0 0 7 6 0 7 6 0 0 0 7 6 7
0 9 4 4 1 1 1 3 5 6 0
0 9 0 1 6 0 0 7 6 3 3
0 11 4 1 0 1 1 1 1 6 0 2 2
0 5 6 0 6 4 3
0 5 2 2 3 5 6
0 14 2 2 6 0 0 3 3 3 3 3 7 6 7 6
0 9 3 5 6 0 7 6 3 3 6
0 8 2 2 3 5 6 0 0 3
0 10 0 1 1 3 5 6 0 0 0 0
0 10 3 5 6 0 7 5 4 5 4 5
0 15 0 1 1 1 4 1 1 1 1 6 0 7 6 7 5
0 14 0 1 1 1 1 1 6 0 6 4 5 6 5 5
0 4 2 2 4 1
0 17 0 1 1 1 1 1 3 5 3 5 6 0 0 7 6 0 7
0 6 6 0 2 6 4 5
0 16 2 2 6 0 2 2 2 6 4 5 6 6 4 6 4 6
0 21 0 1 1 1 1 1 3 5 3 5 6 0 0 7 6 0 7 6 7 5 4
0 7 6 0 6 4 5 6 6
0 20 3 5 4 1 0 1 1 1 1 1 4 6 0 3 0 7 6 3 3 7
0 8 4 1 1 2 2 3 5 6
0 17 0 1 1 1 4 1 1 1 1 6 0 7 6 7 5 4 6
0 17 0 1 1 1 1 1 0 1 1 3 5 6 0 2 2 2 2
0 3 6 0 3
0 4 4 1 1 1
0 11 4 1 1 1 0 1 1 1 1 2 2
0 4 0 1 1 1
0 8 3 5 6 0 7 5 4 5
0 14 0 1 1 1 1 6 0 0 0 0 7 6 0 0
0 16 0 1 1 1 4 1 1 1 1 6 0 7 6 7 5 4
0 7 0 1 1 1 1 6 0
0 14 2 2 3 5 6 0 0 3 3 3 3 7 6 7
0 6 4 1 1 1 2 2
0 7 3 5 3 5 0 1 1
0 22 2 2 6 0 0 3 3 3 3 3 7 6 7 6 7 5 4 5 4 5 4 5
0 17 4 1 1 2 2 3 5 6 0 2 2 2 2 6 4 5 6
0 8 3 5 2 2 6 0 6 4
0 19 3 5 4 1 0 1 1 1 1 1 4 6 0 3 0 7 6 3 3
0 10 4 1 1 1 0 1 1 1 1 2
0 19 3 5 2 2 6 0 6 4 5 6 5 5 5 6 4 5 6 6 4
0 6 0 1 1 1 1 6
0 22 0 1 1 1 1 1 0 1 1 3 5 6 0 2 2 2 2 2 2 2 2 2
0 14 0 1 1 1 1 1 3 5 3 5 6 0 0 7
0 11 6 0 3 3 7 6 7 5 4 5 4
0 9 0 1 1 1 1 1 6 0 6
0 10 3 5 4 1 6 0 7 5 4 6
0 13 3 5 3 5 3 5 0 1 6 0 3 3 3
0 35 3 5 3 5 0 1 1 1 1 1 0 1 1 1 1 6 0 3 3 3 7 6 3 3 3 3 0 3 3 3 7 6 3 3 3
0 11 6 0 2 6 4 5 6 5 5 5 5
0 19 6 0 2 6 4 5 6 5 5 5 5 6 4 5 6 5 5 3 4
0 1 3
0 4 0 1 6 0
0 15 0 1 6 0 0 7 6 3 3 3 3 7 6 0 3
0 15 4 1 1 1 1 2 2 0 1 1 6 0 7 5 4
0 10 6 0 2 2 7 5 4 5 4 6
0 14 6 0 2 6 4 5 6 5 5 5 5 6 4 5
0 11 0 1 1 1 1 6 0 0 0 0 7
0 6 6 0 6 4 3 4
0 9 4 1 0 1 1 1 1 6 0
0 8 4 1 0 1 1 1 1 6
0 25 4 1 1 2 2 3 5 6 0 2 2 2 2 6 4 5 6 5 5 5 5 6 4 5 6
0 6 4 4 1 1 1 3
0 23 0 1 1 1 1 6 0 0 0 0 7 6 0 0 3 7 6 0 0 0 7 6 3
0 14 0 1 1 1 4 1 1 1 1 6 0 7 6 7
0 30 3 5 3 5 0 1 1 1 1 1 0 1 1 1 1 6 0 3 3 3 7 6 3 3 3 3 0 3 3 3
0 9 0 1 1 1 1 1 3 5 3
0 4 2 2 3 5
0 7 0 1 1 1 4 1 1
0 7 4 1 1 1 1 0 1
0 12 6 0 2 2 7 5 4 5 4 6 4 4
0 33 3 5 2 2 6 0 6 4 5 6 5 5 5 6 4 5 6 6 4 5 6 5 5 5 5 6 4 5 6 5 5 5 7
0 20 0 1 6 0 0 7 6 3 3 3 3 7 6 0 3 3 3 0 7 6
0 29 2 2 3 5 6 0 6 4 5 6 5 6 4 5 6 5 5 5 6 4 5 6 6 4 5 6 5 5 5
0 11 3 5 6 0 7 6 3 3 6 4 6
0 7 2 2 3 5 6 0 6
0 21 2 2 3 5 6 0 0 3 3 3 3 7 6 7 6 0 7 6 7 5 4
0 15 4 1 1 1 1 0 1 1 1 6 0 7 5 4 6
0 16 4 1 1 2 2 3 5 6 0 2 2 2 2 6 4 5
0 19 2 2 6 0 2 2 2 6 4 5 6 6 4 6 4 6 4 6 4
0 27 3 5 3 5 0 1 1 1 1 1 0 1 1 1 1 6 0 3 3 3 7 6 3 3 3 3 0
0 22 2 2 3 5 6 0 6 4 5 6 5 6 4 5 6 5 5 5 6 4 5 6
0 5 3 5 4 1 6
0 5 0 1 1 1 1
0 13 2 2 6 0 2 2 2 6 4 5 6 6 4
0 16 3 5 4 1 6 0 0 0 3 3 3 3 3 3 3 7
0 16 2 2 6 0 0 3 3 3 3 3 7 6 7 6 7 5
0 17 2 2 6 0 2 2 2 6 4 5 6 6 4 6 4 6 4
0 16 4 1 1 1 1 2 2 0 1 1 6 0 7 5 4 5
0 12 2 2 6 0 0 3 3 3 3 3 7 6
0 11 4 4 1 1 1 3 5 6 0 7 5
0 11 3 5 4 1 6 0 0 0 3 3 3
0 22 2 2 3 5 6 0 0 3 3 3 3 7 6 7 6 0 7 6 7 5 4 5
0 10 4 1 1 2 2 3 5 6 0 2
0 24 0 1 1 3 5 6 0 0 0 0 7 6 0 7 6 0 0 0 7 6 7 6 3 4
0 19 3 5 3 5 3 5 0 1 6 0 3 3 3 7 6 0 7 6 3
0 9 2 2 6 0 0 3 3 3 3
0 6 4 1 1 1 1 2
0 10 2 2 3 5 0 1 6 0 2 2
0 10 2 2 2 2 2 2 6 0 0 0
0 23 3 5 3 5 0 1 1 1 1 1 0 1 1 1 1 6 0 3 3 3 7 6 3
0 20 3 5 2 2 6 0 6 4 5 6 5 5 5 6 4 5 6 6 4 5
0 3 0 1 1
0 6 4 1 0 1 1 1
0 16 0 1 6 0 0 7 6 3 3 3 3 7 6 0 3 3
0 24 0 1 6 0 0 7 6 3 3 3 3 7 6 0 3 3 3 0 7 6 7 6 4 4
0 28 4 1 1 2 2 3 5 6 0 2 2 2 2 6 4 5 6 5 5 5 5 6 4 5 6 6 4 5
0 11 0 1 1 1 4 1 1 1 1 6 0
0 9 2 2 3 5 6 0 6 4 5
0 8 6 0 0 0 7 6 7 6
0 12 3 5 4 1 6 0 7 5 4 6 4 4
0 1 2
0 20 4 1 1 1 2 2 2 2 6 0 3 3 7 6 6 4 3 6 4 3
0 12 0 1 1 3 5 6 0 0 0 0 7 6
0 10 4 1 1 1 2 2 2 2 6 0
0 18 0 1 1 1 1 1 3 5 3 5 6 0 0 7 6 0 7 6
0 32 4 1 1 2 2 3 5 6 0 2 2 2 2 6 4 5 6 5 5 5 5 6 4 5 6 6 4 5 6 5 5 5
0 29 3 5 4 1 6 0 0 0 3 3 3 3 3 3 3 7 6 7 6 7 6 7 6 7 5 4 5 4 5
0 8 2 2 4 1 2 2 3 5
0 8 0 1 1 1 4 1 1 1
0 31 3 5 4 1 6 0 0 0 3 3 3 3 3 3 3 7 6 7 6 7 6 7 6 7 5 4 5 4 5 4 6
0 8 2 2 3 5 0 1 6 0
0 24 4 1 1 2 2 3 5 6 0 2 2 2 2 6 4 5 6 5 5 5 5 6 4 5
0 12 3 5 3 5 3 5 0 1 6 0 3 3
0 36 3 5 3 5 0 1 1 1 1 1 0 1 1 1 1 6 0 3 3 3 7 6 3 3 3 3 0 3 3 3 7 6 3 3 3 3
0 7 6 0 3 3 3 7 6
0 14 2 2 2 2 2 2 6 0 0 0 7 6 7 6
0 5 0 1 1 3 5
0 9 6 0 2 6 4 5 6 5 5
0 35 4 1 1 2 2 3 5 6 0 2 2 2 2 6 4 5 6 5 5 5 5 6 4 5 6 6 4 5 6 5 5 5 5 6 4
0 19 2 2 6 0 0 3 3 3 3 3 7 6 7 6 7 5 4 5 4
0 8 6 0 3 3 3 7 6 0
0 21 3 5 3 5 0 1 1 1 1 1 0 1 1 1 1 6 0 3 3 3 7
0 9 4 1 1 1 0 1 1 1 1
0 5 3 5 3 5 0
0 19 0 1 1 1 1 1 3 5 3 5 6 0 0 7 6 0 7 6 7
0 15 6 0 3 3 7 6 7 5 4 5 4 5 4 6 4
0 21 2 2 6 0 0 3 3 3 3 3 7 6 7 6 7 5 4 5 4 5 4
0 29 4 1 1 2 2 3 5 6 0 2 2 2 2 6 4 5 6 5 5 5 5 6 4 5 6 6 4 5 6
0 11 3 5 4 1 6 0 7 5 4 6 4
0 1 6
0 13 0 1 1 1 1 0 1 1 1 0 1 4 6
0 9 3 5 4 1 6 0 0 0 3
0 17 2 2 6 0 0 3 3 3 3 3 7 6 7 6 7 5 4
0 20 0 1 1 1 1 1 3 5 3 5 6 0 0 7 6 0 7 6 7 5
0 10 3 5 6 0 7 6 3 3 6 4
0 24 0 1 1 1 1 6 0 0 0 0 7 6 0 0 3 7 6 0 0 0 7 6 3 4
0 16 3 5 3 5 3 5 6 0 7 5 4 5 4 5 4 6
0 16 2 2 3 5 6 0 0 3 3 3 3 7 6 7 6 0
0 8 0 1 1 1 1 1 6 0
0 17 2 2 3 5 6 0 0 3 3 3 3 7 6 7 6 0 7
0 9 6 0 6 4 5 6 6 4 5
0 21 0 1 1 1 1 1 0 1 1 3 5 6 0 2 2 2 2 2 2 2 2
0 21 3 5 2 2 6 0 6 4 5 6 5 5 5 6 4 5 6 6 4 5 6
0 30 3 5 2 2 6 0 6 4 5 6 5 5 5 6 4 5 6 6 4 5 6 5 5 5 5 6 4 5 6 5
0 18 4 1 0 1 1 1 1 6 0 2 2 2 2 6 4 5 6 5
0 5 3 5 3 5 3
0 35 3 5 2 2 6 0 6 4 5 6 5 5 5 6 4 5 6 6 4 5 6 5 5 5 5 6 4 5 6 5 5 5 7 5 4
0 8 3 5 3 5 3 5 0 1
0 14 4 1 1 2 2 3 5 6 0 2 2 2 2 6
0 4 0 1 1 3
0 2 6 0
0 16 0 1 1 3 5 6 0 0 0 0 7 6 0 7 6 0
0 8 3 5 3 5 3 5 6 0
0 18 3 5 3 5 0 1 1 1 1 1 0 1 1 1 1 6 0 3
0 9 3 5 3 5 0 1 1 1 1
0 11 6 0 2 2 7 5 4 5 4 6 4
0 24 0 1 1 1 1 1 3 5 3 5 6 0 0 7 6 0 7 6 7 5 4 5 4 5
0 24 3 5 4 1 0 1 1 1 1 1 4 6 0 3 0 7 6 3 3 7 6 7 6 0
0 6 4 1 2 2 4 1
0 12 2 2 3 5 6 0 6 4 5 6 5 6
0 13 0 1 1 1 4 1 1 1 1 6 0 7 6
0 18 0 1 1 1 1 6 0 0 0 0 7 6 0 0 3 7 6 0
0 17 3 5 3 5 3 5 6 0 7 5 4 5 4 5 4 6 4
0 30 4 1 1 2 2 3 5 6 0 2 2 2 2 6 4 5 6 5 5 5 5 6 4 5 6 6 4 5 6 5
0 14 6 0 3 0 7 6 7 5 4 5 4 5 4 5
0 7 4 1 1 2 2 3 5
0 6 2 2 6 0 2 2
0 8 4 1 1 1 1 0 1 1
0 9 0 1 1 1 1 6 0 0 0
0 7 3 5 3 5 3 5 0
0 12 6 0 3 3 7 6 7 5 4 5 4 5
0 33 3 5 4 1 0 1 1 1 1 1 4 6 0 3 0 7 6 3 3 7 6 7 6 0 3 0 7 6 7 5 4 5 4
0 11 0 1 1 1 1 0 1 1 1 0 1
0 5 3 5 6 0 7
0 19 2 2 3 5 6 0 6 4 5 6 5 6 4 5 6 5 5 5 6
0 18 6 0 3 0 7 6 7 5 4 5 4 5 4 5 4 6 4 4
