1504 8
1 0 
1 24 2 4 1 4 3 7 4 4 4 4 7 4 4 7 7 7 2 0 7 1 0 1 2 2
1 8 2 0 7 1 2 0 1 2
1 15 4 1 1 4 3 3 3 2 2 2 0 3 3 3 3
1 10 2 2 2 2 2 3 3 3 3 3
1 9 4 4 4 0 3 3 3 3 3
1 12 4 4 4 2 2 3 1 4 3 7 0 3
1 9 2 0 0 7 1 2 7 1 2
1 8 0 0 2 7 1 7 1 2
1 12 4 1 4 2 4 4 2 2 7 7 0 0
1 6 2 2 3 3 3 3
1 10 4 4 4 4 1 2 0 0 0 1
1 25 1 4 1 4 1 4 1 4 2 2 1 2 4 4 4 4 7 1 3 2 2 0 7 1 2
1 2 0 3
1 16 4 4 2 1 1 2 4 4 4 4 2 0 7 1 0 1
1 9 4 4 4 4 7 2 2 0 0
1 16 2 4 4 3 2 4 4 4 7 2 7 2 3 3 3 3
1 38 2 4 4 4 2 4 1 7 2 0 7 1 2 2 2 5 3 2 5 3 1 2 2 2 3 3 5 3 1 5 3 5 5 3 1 5 3 5
1 8 0 0 7 1 0 1 0 1
1 6 0 0 0 1 7 1
1 30 2 2 7 6 6 2 1 2 5 3 1 5 3 2 5 3 1 5 3 1 5 3 1 5 3 2 5 3 5 3
1 39 0 3 5 3 1 5 3 5 5 3 1 5 3 5 2 5 3 1 1 6 3 2 3 6 5 3 1 5 3 1 5 3 5 5 3 5 5 3 1
1 18 4 4 4 4 4 4 2 4 4 2 3 3 3 1 4 1 4 2
1 15 2 4 7 7 3 1 4 2 4 4 4 0 0 2 2
1 28 4 4 4 4 7 2 4 4 4 1 3 3 3 1 4 2 0 7 5 3 1 3 6 6 2 5 3 1
1 26 4 4 7 1 1 2 2 2 2 0 0 6 2 3 6 3 2 2 3 2 3 7 3 2 6 2
1 13 1 1 1 2 4 4 2 0 2 0 1 7 1
1 11 4 4 4 4 1 0 0 2 2 3 2
1 3 1 1 1
1 7 6 0 6 0 6 0 1
1 7 6 0 1 6 0 6 0
1 4 6 0 1 1
1 7 2 4 4 2 3 3 3
1 10 1 7 1 2 0 2 2 2 7 1
1 6 7 7 3 7 2 1
1 10 4 3 3 3 3 1 0 3 3 3
1 13 4 1 4 4 7 1 1 0 0 0 1 7 1
1 27 7 7 7 1 2 3 5 3 1 5 3 1 5 3 1 5 3 1 5 3 1 5 3 1 7 0 7
1 65 4 4 2 1 2 4 4 4 4 2 0 7 5 3 2 5 3 5 5 3 2 5 3 1 5 3 2 7 3 5 3 2 5 3 1 5 3 1 5 3 1 5 3 1 5 3 1 5 3 1 5 3 2 1 6 3 5 3 1 5 3 1 2 3 2
1 19 2 2 0 2 2 3 6 1 6 3 6 6 2 3 2 2 5 3 2
1 13 2 0 3 3 2 2 5 3 1 2 3 3 2
1 3 0 0 2
1 13 4 7 7 2 1 7 1 0 0 0 1 7 1
1 19 4 4 4 4 4 4 4 4 2 4 4 4 1 2 0 0 2 0 1
1 18 4 4 1 2 4 4 1 1 1 4 1 4 2 0 2 2 2 2
1 19 2 4 4 4 4 1 4 1 4 1 4 2 0 0 1 0 1 2 2
1 11 4 4 7 2 7 2 2 2 3 3 3
1 18 0 7 3 5 3 2 2 6 0 5 3 2 5 3 1 5 3 2
1 9 2 4 2 2 0 0 2 7 1
1 12 2 2 2 2 0 0 0 1 0 1 0 1
1 11 2 4 4 2 7 2 2 0 7 1 2
1 14 2 2 2 4 4 4 4 7 2 2 0 7 1 2
1 3 2 2 0
1 22 4 4 4 1 1 2 2 0 5 3 5 2 2 7 1 5 3 1 5 3 1 1
1 5 2 0 0 7 1
1 5 6 0 1 6 0
1 22 4 4 1 1 2 4 4 4 1 7 1 4 4 4 4 1 3 3 2 2 0 2
1 21 2 4 4 4 4 4 1 7 1 4 4 4 4 2 0 0 0 1 7 1 2
1 9 2 4 4 4 7 2 3 3 3
1 24 0 1 7 5 3 1 7 5 3 2 5 3 5 5 3 1 5 3 1 5 3 2 3 2
1 23 4 4 4 2 4 4 2 2 0 5 3 2 5 3 1 5 3 1 7 3 2 6 2
1 2 6 0
1 13 3 3 3 1 1 2 2 0 2 2 2 7 1
1 25 2 4 4 4 4 4 4 4 3 1 4 3 1 4 1 4 7 7 2 2 3 3 3 3 3
1 11 4 4 1 4 1 4 1 4 1 4 2
1 7 2 2 3 3 3 3 3
1 13 4 4 4 4 4 1 1 2 0 7 1 0 1
1 11 4 4 4 4 7 1 2 0 0 1 0
1 4 2 0 3 3
1 28 4 4 4 1 2 7 2 4 4 4 4 3 2 1 7 4 7 1 2 1 2 0 2 2 0 1 7 1
1 19 2 3 2 2 2 2 7 3 2 6 3 2 5 3 5 5 3 2 1
1 27 0 0 5 3 1 5 3 5 5 3 1 5 3 1 5 3 2 0 5 3 1 5 3 1 5 3 5
1 5 2 0 7 2 2
1 50 2 4 4 4 4 2 1 6 2 2 5 3 1 5 3 1 5 3 2 5 3 5 1 5 3 1 5 3 1 1 5 3 5 5 3 1 5 3 5 5 3 2 2 6 2 2 3 3 2 6
1 10 1 1 4 1 4 3 0 3 3 3
1 5 1 1 6 0 1
1 58 4 4 4 1 1 2 3 3 6 5 3 5 5 3 1 5 3 1 2 2 3 3 2 3 2 0 2 3 3 3 3 5 3 1 5 3 1 5 3 2 5 3 1 5 3 5 5 3 2 5 3 2 5 3 2 5 3 1
1 23 3 1 4 1 4 3 1 4 1 4 1 4 3 3 3 2 4 4 1 1 1 2 3
1 6 1 6 0 6 0 1
1 4 2 3 3 3
1 6 6 0 6 0 6 0
1 11 2 4 3 1 4 3 7 7 7 0 0
1 26 7 4 4 1 7 1 4 4 4 4 3 1 4 1 4 1 4 1 1 4 2 0 2 0 1 2
1 6 1 1 6 0 6 0
1 12 2 2 2 0 7 1 7 1 7 1 0 1
1 10 4 3 3 1 4 3 4 4 2 3
1 16 2 4 4 4 2 4 4 7 7 1 0 0 0 1 7 1
1 22 0 0 6 2 5 3 1 3 0 5 3 1 5 3 1 5 3 2 5 3 1 0
1 15 2 2 1 2 2 1 7 1 1 4 3 1 4 2 0
1 8 2 0 0 7 1 2 0 1
1 17 2 2 4 1 3 1 4 1 4 1 4 7 7 2 0 0 2
1 19 1 4 1 4 3 4 4 4 4 4 3 1 4 3 7 2 0 3 3
1 10 2 4 2 1 1 7 2 2 0 2
1 14 4 4 4 4 2 3 1 4 1 4 2 2 0 2
1 6 2 0 3 3 3 3
1 18 1 4 3 1 4 1 4 1 4 3 1 2 2 2 2 0 7 1
1 2 0 0
1 16 4 4 2 1 4 3 3 1 4 3 3 3 2 0 0 2
1 20 2 2 2 0 1 6 2 6 5 3 1 5 3 1 5 3 1 2 2 2
1 23 4 4 3 3 3 2 4 4 4 2 1 1 4 4 4 4 0 0 0 1 7 1 2
1 15 4 4 1 4 4 4 2 2 2 0 7 6 2 0 3
1 21 4 4 4 4 7 2 3 3 1 4 3 2 4 2 7 1 2 3 3 3 3
1 2 1 1
1 10 2 2 2 4 2 3 3 3 3 3
1 11 4 4 1 7 2 2 0 2 2 7 1
1 11 7 2 2 2 2 4 4 4 7 7 0
1 7 2 0 0 1 0 1 2
1 67 2 4 4 2 1 4 2 2 2 7 5 3 2 5 3 1 5 3 1 5 3 2 2 3 3 5 3 1 5 3 5 5 3 5 7 5 3 5 3 5 3 1 5 3 5 5 3 5 5 3 5 5 3 5 5 3 5 5 3 1 1 6 6 2 2 6 6
1 9 2 2 4 1 0 0 2 7 1
1 13 2 4 4 4 1 1 2 0 3 3 3 3 3
1 6 6 0 6 0 1 1
1 22 4 4 4 7 1 4 1 1 4 4 4 1 2 1 1 0 0 2 2 2 7 1
1 26 2 0 6 2 5 3 1 5 3 1 5 3 2 5 3 1 5 3 1 0 2 3 3 1 2 6
1 24 4 4 1 2 3 1 4 1 4 3 3 3 3 3 2 4 7 0 0 0 1 2 7 1
1 6 4 2 4 4 4 2
1 25 2 2 2 0 7 3 5 3 1 7 6 2 6 3 3 7 5 3 5 5 3 1 5 3 1
1 10 4 4 4 4 2 3 3 3 3 3
1 8 4 4 4 4 2 7 2 3
1 7 6 0 6 0 1 6 0
1 11 2 4 4 4 2 1 2 2 0 0 2
1 10 4 4 4 4 1 7 1 2 2 0
1 13 4 4 1 7 1 4 2 4 4 2 0 2 2
1 19 2 4 4 4 4 1 3 1 4 3 3 7 1 2 0 7 1 0 1
1 6 6 0 1 6 0 1
1 10 4 4 1 2 0 7 1 2 2 2
1 3 2 0 2
1 1 1
1 14 4 4 4 4 7 3 2 2 2 0 2 7 1 2
1 12 2 4 4 4 1 4 2 2 3 3 3 3
1 4 1 1 6 0
1 8 2 2 0 3 3 3 3 3
1 7 2 2 0 0 2 7 1
1 7 1 4 1 4 2 0 0
1 6 2 4 4 2 2 2
1 9 2 2 0 0 2 7 1 7 1
1 14 4 4 4 4 2 1 4 1 4 3 2 2 0 2
1 3 2 2 3
1 5 6 0 1 1 1
1 40 2 7 5 3 1 3 2 3 2 1 5 3 1 5 3 1 5 3 2 5 3 1 5 3 2 3 3 2 3 2 7 5 3 1 5 3 1 5 3 2
1 12 7 2 2 4 4 4 2 2 2 0 2 2
1 19 4 4 4 4 2 1 4 4 4 7 7 0 0 0 1 2 0 1 2
1 6 2 0 0 1 7 1
1 4 0 3 3 3
1 54 2 2 4 2 1 4 1 4 1 4 1 4 3 1 4 2 0 3 2 3 2 2 2 6 0 2 2 2 2 5 3 1 7 5 3 1 5 3 1 5 3 1 5 3 1 5 3 2 5 3 1 5 3 1
1 5 6 0 6 0 1
1 4 1 6 0 1
1 2 2 0
1 6 6 0 1 1 6 0
1 6 0 3 3 3 3 3
1 7 2 0 0 0 1 0 1
1 12 4 4 4 4 2 7 7 2 3 3 3 3
1 16 4 4 4 3 2 2 3 1 4 2 1 7 7 0 3 3
1 16 4 4 4 4 2 2 2 2 0 0 1 7 1 7 1 2
1 4 6 0 6 0
1 10 4 4 7 4 4 2 2 3 3 3
1 36 2 1 2 1 2 0 1 2 2 5 3 1 5 3 1 5 3 5 3 0 5 3 1 5 3 1 5 3 2 5 3 2 2 3 2 2
1 15 4 4 1 1 7 2 4 4 2 0 2 7 1 7 1
1 7 2 0 0 7 1 7 1
1 10 1 4 1 4 4 4 3 2 0 2
1 4 2 0 2 2
1 5 1 6 0 6 0
1 9 3 7 7 4 2 0 0 7 1
1 5 2 2 0 7 1
1 5 1 1 1 6 0
1 3 6 0 1
1 5 1 6 0 1 1
1 33 2 1 4 1 4 1 4 1 4 1 4 4 4 4 7 2 2 1 1 2 0 5 3 5 5 3 5 5 3 1 5 3 5
1 6 1 6 0 1 6 0
1 7 2 7 2 2 2 3 3
1 25 4 4 4 4 3 3 4 4 4 4 2 1 2 3 1 4 3 4 4 7 7 0 3 3 3
1 12 2 4 4 2 7 0 0 2 2 2 7 1
1 3 0 3 3
1 3 1 6 0
1 16 4 4 4 4 7 7 1 4 1 4 2 2 2 0 0 1
1 10 2 2 4 4 4 7 7 2 0 0
1 9 4 2 2 0 0 2 2 7 1
0 19 2 4 4 7 7 4 4 4 1 2 2 1 2 3 5 3 2 5 3
0 12 3 3 2 2 4 4 4 4 4 4 4 4
0 21 4 4 3 3 1 4 1 2 4 4 3 1 4 7 1 4 1 4 3 1 4
0 6 2 0 1 3 3 5
0 7 4 4 1 4 1 7 3
0 11 2 2 4 4 4 4 4 4 4 7 1
0 24 4 4 7 3 1 4 3 3 7 2 1 7 4 4 4 1 4 1 1 2 2 0 0 5
0 40 1 2 2 0 7 2 5 3 2 5 3 1 5 3 2 5 3 1 5 3 1 5 3 1 5 3 1 2 6 6 2 7 3 5 3 2 5 3 2 5
0 6 4 4 4 4 1 4
0 53 0 1 5 3 2 5 3 2 5 3 1 5 3 2 5 3 1 5 3 1 5 3 1 3 5 3 1 5 3 2 6 5 3 1 5 3 2 5 3 5 5 3 1 2 3 5 3 1 5 3 1 5 3
0 31 2 2 4 4 4 4 7 1 4 3 3 3 2 2 7 5 3 1 5 3 1 5 3 2 5 3 1 2 3 5 3
0 13 2 2 7 1 4 3 3 3 3 4 4 4 4
0 6 2 2 7 1 4 3
0 14 4 2 1 4 3 1 2 0 3 5 3 1 5 3
0 33 2 4 2 1 7 7 0 3 5 3 2 5 3 5 5 3 1 5 3 1 5 3 1 5 3 5 5 3 5 5 3 1 5
0 14 2 4 4 4 4 3 2 7 2 7 1 0 7 5
0 15 2 3 3 3 1 4 1 1 2 4 4 4 4 1 3
0 29 4 4 2 3 1 4 1 4 3 2 2 2 0 7 6 3 5 3 5 5 3 1 5 3 1 5 3 2 5
0 12 2 4 3 1 4 1 4 2 1 4 3 3
0 38 4 2 1 1 2 0 1 5 3 1 1 3 5 3 2 5 3 1 5 3 1 1 5 3 1 5 3 1 5 3 5 5 3 5 5 3 1 5
0 20 4 4 3 3 1 4 1 2 4 4 3 1 4 7 1 4 1 4 3 1
0 26 2 2 4 4 4 4 7 1 4 3 3 3 2 2 7 5 3 1 5 3 1 5 3 2 5 3
0 34 2 4 4 4 4 3 2 7 2 7 1 0 7 5 3 1 5 3 1 5 3 2 5 3 2 2 3 2 2 5 3 1 5 3
0 18 4 4 4 3 1 4 1 4 7 3 1 4 3 3 2 4 4 7
0 7 2 2 2 4 4 4 4
0 9 4 2 2 4 4 4 1 4 3
0 5 7 4 4 2 4
0 17 2 4 4 4 1 2 1 7 4 4 4 4 7 3 3 1 4
0 5 6 0 6 0 6
0 3 3 1 4
0 7 4 4 2 1 2 1 5
0 32 4 4 2 2 2 0 0 3 2 3 3 2 6 2 7 1 5 3 2 5 3 2 5 3 5 5 3 1 5 3 1 5
0 30 4 2 1 1 2 0 1 5 3 1 1 3 5 3 2 5 3 1 5 3 1 1 5 3 1 5 3 1 5 3
0 30 4 4 2 2 2 0 0 3 2 3 3 2 6 2 7 1 5 3 2 5 3 2 5 3 5 5 3 1 5 3
0 6 4 4 2 3 4 4
0 18 4 4 2 1 2 1 5 3 1 5 3 5 5 3 2 7 5 3
0 36 2 4 4 4 1 1 4 3 1 4 3 2 0 2 3 6 2 2 3 3 2 1 2 2 2 6 5 3 1 5 3 5 5 3 1 5
0 12 2 4 4 4 4 2 2 0 5 3 1 5
0 7 4 4 4 4 2 7 5
0 26 4 2 1 1 2 0 1 5 3 1 1 3 5 3 2 5 3 1 5 3 1 1 5 3 1 5
0 4 0 0 5 3
0 21 2 2 2 1 5 3 5 5 3 1 5 3 2 5 3 5 2 6 2 0 5
0 9 4 4 1 7 7 2 4 4 4
0 39 4 2 1 1 2 0 1 5 3 1 1 3 5 3 2 5 3 1 5 3 1 1 5 3 1 5 3 1 5 3 5 5 3 5 5 3 1 5 3
0 19 2 4 4 4 7 7 0 0 5 3 1 5 3 1 5 3 1 5 3
0 14 4 4 4 4 3 1 4 1 4 7 2 1 5 3
0 22 4 4 4 2 2 4 4 4 3 1 4 3 2 2 4 4 4 2 2 2 7 4
0 12 2 1 3 3 1 4 4 4 4 7 1 3
0 47 0 1 5 3 2 5 3 2 5 3 1 5 3 2 5 3 1 5 3 1 5 3 1 3 5 3 1 5 3 2 6 5 3 1 5 3 2 5 3 5 5 3 1 2 3 5 3
0 15 2 4 4 4 4 3 2 7 2 7 1 0 7 5 3
0 20 4 4 4 3 1 4 1 4 7 3 1 4 3 3 2 4 4 7 1 4
0 9 4 4 4 3 1 4 1 4 7
0 10 4 4 2 1 2 1 4 4 4 4
0 11 2 2 3 5 3 1 0 5 3 1 5
0 18 4 7 4 4 4 4 0 7 3 3 6 3 5 3 1 0 5 3
0 33 0 1 5 3 2 5 3 2 5 3 1 5 3 2 5 3 1 5 3 1 5 3 1 3 5 3 1 5 3 2 6 5 3
0 12 1 2 7 1 1 4 3 4 3 3 3 1
0 9 4 4 7 3 1 4 3 3 7
0 50 0 1 5 3 2 5 3 2 5 3 1 5 3 2 5 3 1 5 3 1 5 3 1 3 5 3 1 5 3 2 6 5 3 1 5 3 2 5 3 5 5 3 1 2 3 5 3 1 5 3
0 14 0 0 5 3 5 5 3 1 3 5 3 5 5 3
0 48 4 4 2 2 2 0 0 3 2 3 3 2 6 2 7 1 5 3 2 5 3 2 5 3 5 5 3 1 5 3 1 5 3 1 5 3 5 5 3 5 3 5 3 2 5 3 2 5
0 22 2 2 4 4 4 4 7 1 4 3 3 3 2 2 7 5 3 1 5 3 1 5
0 11 2 4 4 4 1 1 4 3 1 4 3
0 51 2 4 4 4 1 2 1 7 4 4 4 4 7 3 3 1 4 3 1 4 2 2 7 7 5 3 2 5 3 2 5 3 1 5 3 2 2 6 7 2 2 3 2 2 2 2 3 5 3 5 5
0 8 2 4 4 2 1 1 4 1
0 16 4 4 4 3 4 4 4 4 1 1 4 3 1 4 1 4
0 6 2 4 4 4 4 1
0 21 4 4 2 1 2 1 5 3 1 5 3 5 5 3 2 7 5 3 2 5 3
0 7 4 4 2 3 4 4 4
0 10 0 0 5 3 5 5 3 1 3 5
0 10 0 7 5 3 1 1 3 3 5 3
0 6 2 2 2 4 3 1
0 24 4 4 2 3 1 4 1 4 3 2 2 2 0 7 6 3 5 3 5 5 3 1 5 3
0 18 2 1 5 3 1 5 3 1 5 3 2 0 2 2 2 2 5 3
0 6 4 4 4 3 1 4
0 25 2 0 1 5 3 2 5 3 5 5 3 1 1 1 2 5 3 2 5 3 1 5 3 1 5
0 14 4 4 4 7 2 2 2 2 0 5 3 5 5 3
0 26 1 2 2 0 7 2 5 3 2 5 3 1 5 3 2 5 3 1 5 3 1 5 3 1 5 3
0 10 0 1 5 3 2 5 3 2 5 3
0 8 2 4 4 7 0 7 5 3
0 8 2 4 1 2 4 4 4 4
0 13 4 4 3 3 1 4 1 2 4 4 3 1 4
0 34 1 2 2 0 7 2 5 3 2 5 3 1 5 3 2 5 3 1 5 3 1 5 3 1 5 3 1 2 6 6 2 7 3 5
0 10 4 2 2 4 4 4 1 4 3 1
0 71 0 1 5 3 2 5 3 2 5 3 1 5 3 2 5 3 1 5 3 1 5 3 1 3 5 3 1 5 3 2 6 5 3 1 5 3 2 5 3 5 5 3 1 2 3 5 3 1 5 3 1 5 3 5 5 3 1 5 3 1 5 3 1 5 3 1 5 3 2 5 3
0 18 2 4 3 1 4 1 4 2 1 4 3 3 2 4 1 4 1 4
0 5 2 4 4 4 1
0 31 2 4 4 4 1 2 1 7 4 4 4 4 7 3 3 1 4 3 1 4 2 2 7 7 5 3 2 5 3 2 5
0 13 1 2 2 0 7 2 5 3 2 5 3 1 5
0 3 4 1 7
0 8 4 4 4 2 2 4 1 7
0 45 2 4 4 2 3 3 7 7 4 7 2 7 2 2 0 5 3 1 5 3 2 3 6 3 6 3 3 3 5 3 5 5 3 5 5 3 2 1 5 3 2 5 3 5 5
0 11 4 4 2 1 2 1 5 3 1 5 3
0 4 2 4 1 4
0 11 2 4 4 7 0 7 5 3 1 5 3
0 7 4 4 1 1 1 4 3
0 20 4 4 4 4 1 4 1 4 7 4 4 4 4 2 1 4 4 4 4 7
0 21 4 4 4 4 4 1 7 7 4 4 4 7 0 3 5 3 5 5 3 5 5
0 8 4 4 4 4 4 4 4 1
0 7 0 0 5 3 5 5 3
0 24 2 4 4 7 0 7 5 3 1 5 3 1 5 3 1 3 2 6 2 1 2 3 5 3
0 18 4 4 2 3 1 4 1 4 3 2 2 2 0 7 6 3 5 3
0 6 4 4 1 4 1 7
0 16 0 1 5 3 2 5 3 2 5 3 1 5 3 2 5 3
0 16 2 2 2 2 3 3 3 3 2 3 5 3 5 6 3 5
0 4 4 2 1 4
0 9 2 4 1 1 4 4 4 4 7
0 6 4 4 4 7 7 1
0 11 2 4 4 4 4 1 7 1 4 3 1
0 18 2 3 3 3 1 4 1 1 2 4 4 4 4 1 3 1 4 7
0 21 2 4 2 1 7 7 0 3 5 3 2 5 3 5 5 3 1 5 3 1 5
0 7 2 1 4 1 4 1 4
0 4 1 4 3 3
0 7 4 4 4 4 1 2 4
0 8 2 4 4 7 7 4 4 4
0 7 4 4 4 4 7 4 7
0 3 2 4 7
0 15 4 4 1 1 2 4 4 2 1 1 3 1 4 1 4
0 10 4 4 4 2 4 4 4 4 1 4
0 17 4 4 4 1 4 1 4 7 7 7 2 0 3 2 2 2 5
0 27 2 4 4 4 7 7 0 0 5 3 1 5 3 1 5 3 1 5 3 2 5 3 1 5 3 1 5
0 16 2 4 2 1 7 7 0 3 5 3 2 5 3 5 5 3
0 13 1 4 3 3 1 2 2 2 2 7 7 5 3
0 5 2 4 1 4 4
0 10 2 4 4 4 4 2 2 0 5 3
0 28 2 0 1 5 3 2 5 3 5 5 3 1 1 1 2 5 3 2 5 3 1 5 3 1 5 3 1 5
0 10 2 1 5 3 1 5 3 1 5 3
0 19 2 4 4 2 1 1 4 1 4 3 1 4 1 4 3 3 4 4 4
0 18 4 4 4 1 2 2 1 4 4 2 7 3 3 6 5 3 5 5
0 8 4 4 2 1 2 1 4 4
0 8 4 4 4 4 1 2 4 4
0 6 6 0 6 0 1 6
0 29 4 2 1 1 2 0 1 5 3 1 1 3 5 3 2 5 3 1 5 3 1 1 5 3 1 5 3 1 5
0 13 4 1 4 1 4 7 2 4 4 4 4 3 1
0 6 4 4 4 4 7 3
0 21 2 4 4 2 1 1 4 1 4 3 1 4 1 4 3 3 4 4 4 4 4
0 9 4 4 4 1 2 2 1 4 4
0 12 2 4 2 1 7 7 0 3 5 3 2 5
0 19 4 4 2 7 1 4 1 4 1 4 1 4 3 1 4 2 4 4 4
0 25 4 4 4 4 2 7 5 3 1 5 3 5 5 3 5 5 3 5 5 3 5 5 3 1 5
0 24 4 4 7 7 1 2 4 4 2 4 4 4 4 1 3 3 1 4 1 4 2 4 4 7
0 5 4 4 4 1 1
0 9 4 4 4 4 2 1 2 4 4
0 7 2 4 4 1 4 3 3
0 14 2 1 3 3 1 4 4 4 4 7 1 3 3 7
0 61 0 1 5 3 2 5 3 2 5 3 1 5 3 2 5 3 1 5 3 1 5 3 1 3 5 3 1 5 3 2 6 5 3 1 5 3 2 5 3 5 5 3 1 2 3 5 3 1 5 3 1 5 3 5 5 3 1 5 3 1 5
0 39 4 4 2 2 2 0 0 3 2 3 3 2 6 2 7 1 5 3 2 5 3 2 5 3 5 5 3 1 5 3 1 5 3 1 5 3 5 5 3
0 19 4 2 1 4 3 1 2 0 3 5 3 1 5 3 1 5 3 2 5
0 9 2 4 4 7 7 4 4 4 1
0 74 0 1 5 3 2 5 3 2 5 3 1 5 3 2 5 3 1 5 3 1 5 3 1 3 5 3 1 5 3 2 6 5 3 1 5 3 2 5 3 5 5 3 1 2 3 5 3 1 5 3 1 5 3 5 5 3 1 5 3 1 5 3 1 5 3 1 5 3 2 5 3 5 5 3
0 2 1 4
0 34 2 4 4 4 1 2 1 7 4 4 4 4 7 3 3 1 4 3 1 4 2 2 7 7 5 3 2 5 3 2 5 3 1 5
0 8 2 4 4 1 7 1 4 3
0 32 0 1 5 3 2 5 3 2 5 3 1 5 3 2 5 3 1 5 3 1 5 3 1 3 5 3 1 5 3 2 6 5
0 24 0 0 6 3 2 5 3 5 5 3 5 3 3 5 3 2 5 3 1 5 3 5 5 3
0 6 4 7 1 2 4 4
0 18 2 4 2 1 7 7 0 3 5 3 2 5 3 5 5 3 1 5
0 11 4 2 4 4 4 1 4 1 4 1 4
0 6 0 1 5 3 1 5
0 12 4 1 4 1 4 3 2 2 7 2 2 4
0 18 2 4 4 4 7 7 0 0 5 3 1 5 3 1 5 3 1 5
0 25 0 1 5 3 2 5 3 2 5 3 1 5 3 2 5 3 1 5 3 1 5 3 1 3 5
0 34 2 2 4 4 4 4 7 1 4 3 3 3 2 2 7 5 3 1 5 3 1 5 3 2 5 3 1 2 3 5 3 5 5 3
0 10 2 4 4 2 3 3 7 7 4 7
0 15 4 4 2 3 4 4 4 4 2 7 2 4 4 4 4
0 22 1 2 2 0 7 2 5 3 2 5 3 1 5 3 2 5 3 1 5 3 1 5
0 16 2 0 0 3 2 2 1 5 3 2 2 2 5 3 5 5
0 10 1 2 2 0 7 2 5 3 2 5
0 33 2 4 4 4 1 1 4 3 1 4 3 2 0 2 3 6 2 2 3 3 2 1 2 2 2 6 5 3 1 5 3 5 5
0 13 2 4 4 4 4 2 2 0 5 3 1 5 3
0 4 4 7 4 4
0 29 4 4 4 4 3 1 4 1 4 7 2 1 5 3 2 5 3 1 5 3 5 7 5 3 1 5 3 1 5
0 26 2 0 1 5 3 2 5 3 5 5 3 1 1 1 2 5 3 2 5 3 1 5 3 1 5 3
0 20 4 4 4 3 4 4 4 4 1 1 4 3 1 4 1 4 4 4 4 7
0 6 0 0 5 3 5 5
0 10 4 4 4 4 2 1 7 2 4 4
0 39 2 4 4 2 3 3 7 7 4 7 2 7 2 2 0 5 3 1 5 3 2 3 6 3 6 3 3 3 5 3 5 5 3 5 5 3 2 1 5
0 12 2 2 7 2 2 6 3 6 2 2 7 5
0 23 4 4 4 4 3 1 4 1 4 7 2 1 5 3 2 5 3 1 5 3 5 7 5
0 11 4 4 4 4 2 7 5 3 1 5 3
0 34 2 4 4 4 7 7 0 0 5 3 1 5 3 1 5 3 1 5 3 2 5 3 1 5 3 1 5 3 2 3 5 3 5 5
0 17 4 4 4 7 2 2 2 2 0 5 3 5 5 3 5 5 3
0 23 4 4 4 2 2 4 4 4 3 1 4 3 2 2 4 4 4 2 2 2 7 4 4
0 41 2 2 4 4 4 4 7 1 4 3 3 3 2 2 7 5 3 1 5 3 1 5 3 2 5 3 1 2 3 5 3 5 5 3 5 3 7 5 3 1 5
0 2 1 6
0 7 2 3 3 3 1 4 1
0 9 4 4 4 4 2 1 4 4 4
0 7 2 4 4 7 0 7 5
0 29 2 0 1 5 3 2 5 3 5 5 3 1 1 1 2 5 3 2 5 3 1 5 3 1 5 3 1 5 3
0 10 4 4 4 3 1 4 1 4 7 3
0 26 2 2 2 2 3 3 3 3 2 3 5 3 5 6 3 5 3 1 5 3 2 5 3 1 5 3
0 13 2 0 1 3 3 5 3 5 5 3 5 5 3
0 7 4 4 4 4 1 4 1
0 6 2 2 4 4 4 4
0 9 2 4 2 1 7 7 0 3 5
0 11 4 4 4 4 7 2 4 4 4 4 1
0 12 2 4 7 2 1 4 3 1 4 3 1 3
0 11 4 4 1 7 7 2 4 4 4 3 3
0 4 4 4 4 4
0 9 4 4 2 7 1 4 1 4 1
0 11 2 2 2 1 5 3 5 5 3 1 5
0 30 2 4 4 4 4 3 2 7 2 7 1 0 7 5 3 1 5 3 1 5 3 2 5 3 2 2 3 2 2 5
0 14 2 4 4 1 7 1 4 3 1 4 7 4 4 4
0 10 2 4 7 2 1 4 3 1 4 3
0 37 2 4 2 1 7 7 0 3 5 3 2 5 3 5 5 3 1 5 3 1 5 3 1 5 3 5 5 3 5 5 3 1 5 3 1 5 3
0 10 4 4 4 4 7 2 7 1 4 7
0 6 4 4 3 3 1 4
0 26 2 4 4 7 0 7 5 3 1 5 3 1 5 3 1 3 2 6 2 1 2 3 5 3 2 5
0 14 4 4 3 3 1 4 1 2 4 4 3 1 4 7
0 10 4 2 1 4 3 1 2 0 3 5
0 16 4 4 4 2 2 4 4 4 3 1 4 3 2 2 4 4
0 9 2 4 4 2 1 1 4 1 4
0 21 0 0 6 3 2 5 3 5 5 3 5 3 3 5 3 2 5 3 1 5 3
0 20 4 2 1 1 2 0 1 5 3 1 1 3 5 3 2 5 3 1 5 3
0 31 2 4 4 4 7 7 0 0 5 3 1 5 3 1 5 3 1 5 3 2 5 3 1 5 3 1 5 3 2 3 5
0 7 1 0 7 5 3 2 5
0 27 2 4 4 7 7 4 4 4 1 2 2 1 2 3 5 3 2 5 3 2 1 0 5 3 1 5 3
0 13 4 7 4 4 4 4 0 7 3 3 6 3 5
0 22 0 1 5 3 2 5 3 2 5 3 1 5 3 2 5 3 1 5 3 1 5 3
0 6 0 0 6 3 2 5
0 9 2 4 4 2 3 3 7 7 4
0 8 4 4 4 2 4 7 2 4
0 16 2 4 4 4 7 7 0 0 5 3 1 5 3 1 5 3
0 14 2 2 2 4 4 4 2 7 7 1 0 3 5 3
0 12 2 2 4 4 4 4 7 1 4 3 3 3
0 9 2 2 2 4 3 1 4 3 1
0 11 4 1 7 7 4 4 4 4 2 4 4
0 24 2 4 7 2 1 4 3 1 4 3 1 3 3 1 4 1 4 1 1 1 4 4 4 4
0 30 2 2 4 4 4 4 7 1 4 3 3 3 2 2 7 5 3 1 5 3 1 5 3 2 5 3 1 2 3 5
0 17 2 4 3 1 4 1 4 2 1 4 3 3 2 4 1 4 1
0 41 4 2 1 1 2 0 1 5 3 1 1 3 5 3 2 5 3 1 5 3 1 1 5 3 1 5 3 1 5 3 5 5 3 5 5 3 1 5 3 2 5
0 37 4 4 7 3 1 4 3 3 7 2 1 7 4 4 4 1 4 1 1 2 2 0 0 5 3 1 5 3 1 6 2 5 3 5 1 2 5
0 4 0 1 5 3
0 23 4 4 4 1 4 1 4 7 7 7 2 0 3 2 2 2 5 3 5 5 3 5 5
0 23 4 4 7 7 1 2 4 4 2 4 4 4 4 1 3 3 1 4 1 4 2 4 4
0 9 2 4 4 7 7 7 4 4 7
0 11 4 4 4 4 4 2 2 2 1 5 3
0 18 2 2 4 4 4 4 1 1 4 3 3 1 4 3 1 4 1 4
0 16 2 4 2 3 1 4 1 4 3 0 1 5 3 1 5 3
0 26 4 4 2 2 2 0 0 3 2 3 3 2 6 2 7 1 5 3 2 5 3 2 5 3 5 5
0 12 4 4 1 7 7 2 4 4 4 3 3 1
0 6 2 2 2 1 5 3
0 10 4 4 4 2 2 4 4 4 3 1
0 12 2 4 4 4 7 7 0 0 5 3 1 5
0 16 4 4 3 3 1 4 1 2 4 4 3 1 4 7 1 4
0 5 4 4 4 3 4
0 18 0 0 6 3 2 5 3 5 5 3 5 3 3 5 3 2 5 3
0 4 3 1 4 1
0 37 2 4 4 4 1 1 4 3 1 4 3 2 0 2 3 6 2 2 3 3 2 1 2 2 2 6 5 3 1 5 3 5 5 3 1 5 3
0 13 2 1 4 1 4 1 4 7 3 1 4 3 7
0 7 4 4 4 4 3 1 4
0 26 4 4 4 1 4 1 4 7 7 7 2 0 3 2 2 2 5 3 5 5 3 5 5 3 5 5
0 13 4 2 2 4 4 4 1 4 3 1 4 7 3
0 10 2 0 1 3 3 5 3 5 5 3
0 23 4 4 4 3 1 4 1 4 7 3 1 4 3 3 2 4 4 7 1 4 3 1 1
0 11 2 2 4 4 4 4 1 1 4 3 3
0 17 0 0 6 3 2 5 3 5 5 3 5 3 3 5 3 2 5
0 40 2 4 2 1 7 7 0 3 5 3 2 5 3 5 5 3 1 5 3 1 5 3 1 5 3 5 5 3 5 5 3 1 5 3 1 5 3 1 5 3
0 29 4 4 2 1 2 1 5 3 1 5 3 5 5 3 2 7 5 3 2 5 3 1 5 3 1 5 3 1 5
0 13 4 4 7 3 1 4 3 3 7 2 1 7 4
0 28 4 2 1 4 3 1 2 0 3 5 3 1 5 3 1 5 3 2 5 3 5 1 2 6 2 3 5 3
0 14 4 4 1 1 2 4 4 2 1 1 3 1 4 1
0 17 2 1 5 3 1 5 3 1 5 3 2 0 2 2 2 2 5
0 7 2 0 1 5 3 2 5
0 8 4 2 1 1 2 0 1 5
0 2 3 1
0 7 0 1 5 3 2 5 3
0 29 1 4 3 3 1 2 2 2 2 7 7 5 3 5 5 3 5 5 3 1 5 3 2 3 6 2 0 5 3
0 17 2 4 7 2 1 4 3 1 4 3 1 3 3 1 4 1 4
0 28 4 4 4 4 4 1 7 7 4 4 4 7 0 3 5 3 5 5 3 5 5 3 2 5 3 2 5 3
0 6 4 4 2 3 1 4
0 6 4 4 4 4 4 4
0 11 4 4 4 4 2 1 4 4 4 2 4
0 16 4 1 4 1 4 7 2 4 4 4 4 3 1 4 3 3
0 9 2 2 2 4 4 4 4 1 3
0 18 4 4 4 4 1 4 1 4 7 4 4 4 4 2 1 4 4 4
0 17 4 4 3 3 1 4 1 2 4 4 3 1 4 7 1 4 1
0 9 4 4 4 4 7 3 1 4 3
0 5 4 4 2 3 4
0 14 4 4 4 4 4 2 2 2 1 5 3 2 5 3
0 5 4 2 1 4 3
0 26 4 4 4 4 2 7 5 3 1 5 3 5 5 3 5 5 3 5 5 3 5 5 3 1 5 3
0 25 2 0 0 3 2 2 1 5 3 2 2 2 5 3 5 5 3 1 7 2 2 6 6 5 3
0 5 2 2 2 4 1
0 6 2 4 4 4 4 3
0 27 4 2 1 1 2 0 1 5 3 1 1 3 5 3 2 5 3 1 5 3 1 1 5 3 1 5 3
0 5 3 3 1 4 1
0 13 4 2 2 0 1 2 2 3 5 3 1 5 3
0 8 4 4 4 4 7 2 4 4
0 14 4 2 2 4 4 4 2 0 2 2 2 7 3 5
0 22 4 4 7 7 1 2 4 4 2 4 4 4 4 1 3 3 1 4 1 4 2 4
0 10 4 4 4 4 1 1 1 4 4 4
0 36 4 2 1 1 2 0 1 5 3 1 1 3 5 3 2 5 3 1 5 3 1 1 5 3 1 5 3 1 5 3 5 5 3 5 5 3
0 8 4 4 4 4 4 1 7 7
0 18 2 0 0 6 3 6 5 3 5 5 3 2 5 3 1 6 7 5
0 15 4 4 2 7 1 4 1 4 1 4 1 4 3 1 4
0 19 4 4 3 3 1 4 1 2 4 4 3 1 4 7 1 4 1 4 3
0 10 2 2 7 1 4 3 3 3 3 4
0 21 2 4 4 4 4 3 2 7 2 7 1 0 7 5 3 1 5 3 1 5 3
0 10 2 2 2 4 4 4 4 1 3 1
0 15 0 1 5 3 2 5 3 2 5 3 1 5 3 2 5
0 19 2 2 4 4 4 4 7 1 4 3 3 3 2 2 7 5 3 1 5
0 18 4 4 4 4 4 1 7 7 4 4 4 7 0 3 5 3 5 5
0 8 4 4 4 4 1 4 1 4
0 10 2 2 2 4 3 1 4 3 1 4
0 12 2 2 7 1 4 3 3 3 3 4 4 4
0 11 4 4 4 7 2 2 2 2 0 5 3
0 30 4 4 4 4 4 1 7 7 4 4 4 7 0 3 5 3 5 5 3 5 5 3 2 5 3 2 5 3 5 5
0 9 2 0 0 3 2 2 1 5 3
0 10 4 1 4 1 4 7 2 4 4 4
0 8 4 4 1 4 1 7 3 1
0 34 4 4 4 4 4 1 7 7 4 4 4 7 0 3 5 3 5 5 3 5 5 3 2 5 3 2 5 3 5 5 3 1 5 3
0 9 2 4 4 4 1 1 4 3 1
0 21 2 4 4 4 7 7 0 0 5 3 1 5 3 1 5 3 1 5 3 2 5
0 13 2 4 2 1 7 7 0 3 5 3 2 5 3
0 8 2 0 0 3 2 2 1 5
0 9 2 4 4 1 7 1 4 3 1
0 8 2 2 2 4 4 4 4 7
0 23 4 4 2 7 1 4 1 4 1 4 1 4 3 1 4 2 4 4 4 4 4 4 4
0 25 2 2 2 1 5 3 5 5 3 1 5 3 2 5 3 5 2 6 2 0 5 3 1 5 3
0 16 4 4 4 1 2 2 1 4 4 2 7 3 3 6 5 3
0 30 2 4 2 1 7 7 0 3 5 3 2 5 3 5 5 3 1 5 3 1 5 3 1 5 3 5 5 3 5 5
0 5 4 4 4 1 4
0 5 1 6 0 1 6
0 11 4 4 4 1 3 1 2 4 4 4 4
0 5 2 4 4 4 4
0 13 2 4 4 4 1 2 1 7 4 4 4 4 7
0 9 2 2 7 1 4 3 3 3 3
0 11 4 4 4 4 7 2 7 1 4 7 7
0 7 4 4 4 4 1 4 3
0 15 2 4 4 7 7 4 4 4 1 2 2 1 2 3 5
0 12 2 4 2 3 1 4 1 4 3 0 1 5
0 12 4 4 4 3 4 4 4 4 1 1 4 3
0 8 4 4 4 1 3 1 2 4
0 11 2 0 0 6 3 6 5 3 5 5 3
0 15 2 0 1 3 3 5 3 5 5 3 5 5 3 1 5
0 9 2 4 2 3 1 4 1 4 3
0 6 4 4 2 7 1 4
0 36 4 4 2 1 2 1 5 3 1 5 3 5 5 3 2 7 5 3 2 5 3 1 5 3 1 5 3 1 5 3 5 5 3 5 5 3
0 47 2 4 4 4 7 7 0 0 5 3 1 5 3 1 5 3 1 5 3 2 5 3 1 5 3 1 5 3 2 3 5 3 5 5 3 5 3 6 2 6 5 3 5 0 0 5 3
0 16 4 2 1 1 2 0 1 5 3 1 1 3 5 3 2 5
0 7 2 1 5 3 1 5 3
0 27 2 2 2 1 5 3 5 5 3 1 5 3 2 5 3 5 2 6 2 0 5 3 1 5 3 1 5
0 18 4 4 7 3 1 4 3 3 7 2 1 7 4 4 4 1 4 1
0 7 2 0 1 3 3 5 3
0 12 4 4 4 1 1 0 7 5 3 2 5 3
0 14 2 0 0 3 2 2 1 5 3 2 2 2 5 3
0 12 4 4 4 3 1 4 1 4 7 3 1 4
0 21 4 4 4 1 4 1 4 7 7 7 2 0 3 2 2 2 5 3 5 5 3
0 4 0 7 5 3
0 9 2 2 3 5 3 1 0 5 3
0 22 2 2 7 2 2 6 3 6 2 2 7 5 3 1 5 3 2 5 3 1 3 5
0 19 2 2 4 4 4 4 1 1 4 3 3 1 4 3 1 4 1 4 1
0 19 2 4 2 1 7 7 0 3 5 3 2 5 3 5 5 3 1 5 3
0 11 2 4 4 2 1 1 4 1 4 3 1
0 7 2 4 4 1 7 1 4
0 4 4 2 2 4
0 35 2 4 4 2 3 3 7 7 4 7 2 7 2 2 0 5 3 1 5 3 2 3 6 3 6 3 3 3 5 3 5 5 3 5 5
0 16 4 4 4 4 2 1 7 2 4 4 2 1 2 4 4 7
0 12 4 4 4 4 4 1 7 7 4 4 4 7
0 5 4 4 4 2 4
0 13 4 1 4 1 4 3 2 2 7 2 2 4 4
0 8 4 4 4 3 1 4 3 3
0 20 2 4 4 2 3 3 7 7 4 7 2 7 2 2 0 5 3 1 5 3
0 4 4 2 4 4
0 9 2 4 4 4 7 7 0 0 5
0 10 4 4 3 3 1 4 1 2 4 4
0 12 4 4 7 7 1 2 4 4 2 4 4 4
0 23 2 4 4 7 0 7 5 3 1 5 3 1 5 3 1 3 2 6 2 1 2 3 5
0 15 2 2 2 1 5 3 5 5 3 1 5 3 2 5 3
0 5 2 4 1 1 7
0 15 4 2 2 4 4 4 2 0 2 2 2 7 3 5 3
0 8 2 2 3 5 3 1 0 5
0 32 2 4 4 4 1 2 1 7 4 4 4 4 7 3 3 1 4 3 1 4 2 2 7 7 5 3 2 5 3 2 5 3
0 18 0 1 5 3 2 5 3 2 5 3 1 5 3 2 5 3 1 5
0 28 2 4 4 4 7 7 0 0 5 3 1 5 3 1 5 3 1 5 3 2 5 3 1 5 3 1 5 3
0 15 2 4 2 3 1 4 1 4 3 0 1 5 3 1 5
0 3 1 4 3
0 9 4 2 4 4 4 1 4 1 4
0 11 2 4 3 1 4 1 4 2 1 4 3
0 8 4 4 4 4 2 1 2 4
0 11 0 0 5 3 5 5 3 1 3 5 3
0 18 2 2 7 2 2 6 3 6 2 2 7 5 3 1 5 3 2 5
0 13 4 4 4 3 3 3 1 4 2 2 1 4 1
0 15 4 1 4 1 4 7 2 4 4 4 4 3 1 4 3
0 15 2 4 2 1 7 7 0 3 5 3 2 5 3 5 5
0 32 4 4 7 3 1 4 3 3 7 2 1 7 4 4 4 1 4 1 1 2 2 0 0 5 3 1 5 3 1 6 2 5
0 13 2 4 4 7 7 7 4 4 7 4 4 4 4
0 27 2 1 4 1 4 1 4 7 3 1 4 3 7 2 1 2 5 3 1 5 3 1 5 3 5 5 3
0 7 4 4 4 2 4 4 4
0 7 2 2 7 1 4 3 3
0 9 2 2 2 4 4 3 1 4 1
0 27 4 4 4 4 3 1 4 1 4 7 2 1 5 3 2 5 3 1 5 3 5 7 5 3 1 5 3
0 10 4 4 4 4 4 4 4 1 4 3
0 3 4 4 7
0 3 2 1 4
0 14 4 4 2 7 1 4 1 4 1 4 1 4 3 1
0 13 0 1 5 3 2 5 3 2 5 3 1 5 3
0 16 4 4 4 4 2 1 4 4 4 2 4 3 1 4 3 7
0 16 2 3 3 3 1 4 1 1 2 4 4 4 4 1 3 1
0 43 4 4 2 2 2 0 0 3 2 3 3 2 6 2 7 1 5 3 2 5 3 2 5 3 5 5 3 1 5 3 1 5 3 1 5 3 5 5 3 5 3 5 3
0 39 4 4 2 1 2 1 5 3 1 5 3 5 5 3 2 7 5 3 2 5 3 1 5 3 1 5 3 1 5 3 5 5 3 5 5 3 1 6 5
0 24 4 4 4 4 4 1 7 7 4 4 4 7 0 3 5 3 5 5 3 5 5 3 2 5
0 15 4 4 7 3 1 4 3 3 7 2 1 7 4 4 4
0 23 4 2 1 1 2 0 1 5 3 1 1 3 5 3 2 5 3 1 5 3 1 1 5
0 5 2 4 4 1 7
0 17 2 4 4 4 4 3 2 7 2 7 1 0 7 5 3 1 5
0 9 2 1 3 3 1 4 4 4 4
0 8 2 2 2 4 3 1 4 3
0 33 2 4 4 7 7 4 4 4 1 2 2 1 2 3 5 3 2 5 3 2 1 0 5 3 1 5 3 1 5 3 5 5 3
0 15 4 4 7 7 1 2 4 4 2 4 4 4 4 1 3
0 6 1 2 7 1 1 4
0 31 4 4 4 4 4 1 7 7 4 4 4 7 0 3 5 3 5 5 3 5 5 3 2 5 3 2 5 3 5 5 3
0 35 2 4 4 4 1 2 1 7 4 4 4 4 7 3 3 1 4 3 1 4 2 2 7 7 5 3 2 5 3 2 5 3 1 5 3
0 3 4 4 3
0 3 4 1 4
0 32 2 2 7 2 2 6 3 6 2 2 7 5 3 1 5 3 2 5 3 1 3 5 3 2 5 3 2 5 3 2 5 3
0 6 4 2 2 4 4 4
0 20 2 4 4 4 4 3 2 7 2 7 1 0 7 5 3 1 5 3 1 5
0 24 2 2 2 1 5 3 5 5 3 1 5 3 2 5 3 5 2 6 2 0 5 3 1 5
0 8 2 2 2 1 5 3 5 5
0 14 4 4 2 3 4 4 4 4 2 7 2 4 4 4
0 11 2 2 7 1 4 3 3 3 3 4 4
0 8 2 4 4 7 7 7 4 4
0 3 4 4 1
0 10 2 4 2 1 7 7 0 3 5 3
0 6 7 7 2 0 1 5
0 12 4 4 4 4 4 4 2 1 1 4 1 4
0 6 2 4 4 4 1 4
0 8 4 4 4 1 4 1 4 7
0 11 4 2 1 4 3 1 2 0 3 5 3
0 16 4 4 4 7 2 2 2 2 0 5 3 5 5 3 5 5
0 20 4 4 4 4 2 7 5 3 1 5 3 5 5 3 5 5 3 5 5 3
0 20 4 4 4 1 4 1 4 7 7 7 2 0 3 2 2 2 5 3 5 5
0 15 1 4 3 3 1 2 2 2 2 7 7 5 3 5 5
0 22 4 4 4 4 2 7 5 3 1 5 3 5 5 3 5 5 3 5 5 3 5 5
0 3 2 4 3
0 7 4 4 4 4 4 4 4
0 5 4 4 1 7 7
0 49 4 4 2 2 2 0 0 3 2 3 3 2 6 2 7 1 5 3 2 5 3 2 5 3 5 5 3 1 5 3 1 5 3 1 5 3 5 5 3 5 3 5 3 2 5 3 2 5 3
0 6 2 4 4 4 4 7
0 10 1 2 7 1 1 4 3 4 3 3
0 8 4 4 2 3 4 4 4 4
0 65 0 1 5 3 2 5 3 2 5 3 1 5 3 2 5 3 1 5 3 1 5 3 1 3 5 3 1 5 3 2 6 5 3 1 5 3 2 5 3 5 5 3 1 2 3 5 3 1 5 3 1 5 3 5 5 3 1 5 3 1 5 3 1 5 3
0 17 4 4 4 4 2 7 5 3 1 5 3 5 5 3 5 5 3
0 1 4
0 4 4 1 7 7
0 24 2 4 2 1 7 7 0 3 5 3 2 5 3 5 5 3 1 5 3 1 5 3 1 5
0 14 4 2 4 4 4 1 4 1 4 1 4 1 4 4
0 4 2 2 4 1
0 14 4 4 4 4 2 7 5 3 1 5 3 5 5 3
0 16 2 4 3 1 4 1 4 2 1 4 3 3 2 4 1 4
0 22 2 4 7 2 1 4 3 1 4 3 1 3 3 1 4 1 4 1 1 1 4 4
0 34 2 4 2 1 7 7 0 3 5 3 2 5 3 5 5 3 1 5 3 1 5 3 1 5 3 5 5 3 5 5 3 1 5 3
0 5 1 0 7 5 3
0 21 4 4 4 1 2 2 1 4 4 2 7 3 3 6 5 3 5 5 3 1 5
0 5 1 1 6 0 6
0 25 2 2 4 4 4 4 7 1 4 3 3 3 2 2 7 5 3 1 5 3 1 5 3 2 5
0 24 2 0 0 3 2 2 1 5 3 2 2 2 5 3 5 5 3 1 7 2 2 6 6 5
0 8 2 2 4 4 4 4 7 1
0 8 2 2 2 4 4 3 1 4
0 11 2 2 2 2 3 3 3 3 2 3 5
0 26 4 4 2 3 1 4 1 4 3 2 2 2 0 7 6 3 5 3 5 5 3 1 5 3 1 5
0 29 2 4 4 2 3 3 7 7 4 7 2 7 2 2 0 5 3 1 5 3 2 3 6 3 6 3 3 3 5
0 3 4 4 4
0 17 0 0 5 3 5 5 3 1 3 5 3 5 5 3 5 5 3
0 31 4 4 4 1 1 0 7 5 3 2 5 3 1 3 3 2 3 2 3 2 3 5 3 1 5 3 1 5 3 1 5
0 27 2 4 4 4 1 1 4 3 1 4 3 2 0 2 3 6 2 2 3 3 2 1 2 2 2 6 5
0 17 4 4 7 3 1 4 3 3 7 2 1 7 4 4 4 1 4
0 22 4 4 4 1 2 2 1 4 4 2 7 3 3 6 5 3 5 5 3 1 5 3
0 11 2 1 4 1 4 1 4 7 3 1 4
0 32 2 4 4 4 7 7 0 0 5 3 1 5 3 1 5 3 1 5 3 2 5 3 1 5 3 1 5 3 2 3 5 3
0 14 2 4 4 7 0 7 5 3 1 5 3 1 5 3
0 10 4 4 4 1 3 1 2 4 4 4
0 8 4 4 4 7 7 1 4 4
0 3 3 3 1
0 10 2 0 1 5 3 2 5 3 5 5
0 37 2 4 4 4 4 3 2 7 2 7 1 0 7 5 3 1 5 3 1 5 3 2 5 3 2 2 3 2 2 5 3 1 5 3 1 5 3
0 8 2 4 4 4 1 1 4 3
0 14 4 4 4 4 2 1 7 2 4 4 2 1 2 4
0 14 2 4 1 1 4 4 4 4 7 3 1 4 1 4
0 7 4 4 2 3 1 4 1
0 10 2 4 4 7 7 7 4 4 7 4
0 25 2 4 2 1 7 7 0 3 5 3 2 5 3 5 5 3 1 5 3 1 5 3 1 5 3
0 39 2 4 2 1 7 7 0 3 5 3 2 5 3 5 5 3 1 5 3 1 5 3 1 5 3 5 5 3 5 5 3 1 5 3 1 5 3 1 5
0 33 4 4 4 4 4 1 7 7 4 4 4 7 0 3 5 3 5 5 3 5 5 3 2 5 3 2 5 3 5 5 3 1 5
0 7 4 4 2 1 2 1 4
0 9 3 3 1 4 1 4 2 2 4
0 17 2 2 2 2 3 3 3 3 2 3 5 3 5 6 3 5 3
0 24 2 4 4 4 7 7 0 0 5 3 1 5 3 1 5 3 1 5 3 2 5 3 1 5
0 16 2 4 4 2 1 1 4 1 4 3 1 4 1 4 3 3
0 11 4 4 4 4 1 1 1 4 4 4 4
0 10 2 0 0 6 3 6 5 3 5 5
0 11 4 4 4 3 4 4 4 4 1 1 4
0 15 2 4 4 4 1 2 1 7 4 4 4 4 7 3 3
0 21 0 1 5 3 2 5 3 2 5 3 1 5 3 2 5 3 1 5 3 1 5
0 17 2 1 4 1 4 1 4 7 3 1 4 3 7 2 1 2 5
0 52 0 1 5 3 2 5 3 2 5 3 1 5 3 2 5 3 1 5 3 1 5 3 1 3 5 3 1 5 3 2 6 5 3 1 5 3 2 5 3 5 5 3 1 2 3 5 3 1 5 3 1 5
0 6 4 4 4 2 4 4
0 22 2 0 1 3 3 5 3 5 5 3 5 5 3 1 5 3 1 5 3 2 3 5
0 32 0 0 6 3 2 5 3 5 5 3 5 3 3 5 3 2 5 3 1 5 3 5 5 3 1 5 3 1 5 3 2 5
0 26 2 4 4 4 1 2 1 7 4 4 4 4 7 3 3 1 4 3 1 4 2 2 7 7 5 3
0 2 7 7
0 27 4 4 4 4 4 1 7 7 4 4 4 7 0 3 5 3 5 5 3 5 5 3 2 5 3 2 5
0 26 2 4 4 7 7 4 4 4 1 2 2 1 2 3 5 3 2 5 3 2 1 0 5 3 1 5
0 32 4 4 4 1 1 0 7 5 3 2 5 3 1 3 3 2 3 2 3 2 3 5 3 1 5 3 1 5 3 1 5 3
0 32 2 4 4 2 3 3 7 7 4 7 2 7 2 2 0 5 3 1 5 3 2 3 6 3 6 3 3 3 5 3 5 5
0 13 4 2 1 1 2 0 1 5 3 1 1 3 5
0 14 0 0 6 3 2 5 3 5 5 3 5 3 3 5
0 27 2 4 2 1 7 7 0 3 5 3 2 5 3 5 5 3 1 5 3 1 5 3 1 5 3 5 5
0 15 2 2 7 2 2 6 3 6 2 2 7 5 3 1 5
0 6 3 3 2 2 4 4
0 10 2 2 4 4 4 4 4 4 4 7
0 8 4 4 4 2 7 3 1 4
0 7 4 4 4 7 7 1 4
0 3 7 4 4
0 8 4 4 1 1 1 4 3 3
0 10 2 4 4 4 4 1 7 1 4 3
0 22 4 4 4 3 1 4 1 4 7 3 1 4 3 3 2 4 4 7 1 4 3 1
0 17 1 2 2 0 7 2 5 3 2 5 3 1 5 3 2 5 3
0 15 0 0 6 3 2 5 3 5 5 3 5 3 3 5 3
0 13 1 2 7 1 1 4 3 4 3 3 3 1 4
0 58 0 1 5 3 2 5 3 2 5 3 1 5 3 2 5 3 1 5 3 1 5 3 1 3 5 3 1 5 3 2 6 5 3 1 5 3 2 5 3 5 5 3 1 2 3 5 3 1 5 3 1 5 3 5 5 3 1 5
0 18 2 4 4 7 7 4 4 4 1 2 2 1 2 3 5 3 2 5
0 5 2 4 1 1 4
0 13 4 4 4 4 2 1 4 4 4 2 4 3 1
0 24 2 4 4 2 1 1 4 1 4 3 1 4 1 4 3 3 4 4 4 4 4 3 1 4
0 27 4 4 2 2 2 0 0 3 2 3 3 2 6 2 7 1 5 3 2 5 3 2 5 3 5 5 3
0 6 2 1 3 3 1 4
0 5 4 4 7 7 1
0 29 2 4 4 7 7 4 4 4 1 2 2 1 2 3 5 3 2 5 3 2 1 0 5 3 1 5 3 1 5
0 35 0 1 5 3 2 5 3 2 5 3 1 5 3 2 5 3 1 5 3 1 5 3 1 3 5 3 1 5 3 2 6 5 3 1 5
0 15 4 4 3 3 1 4 1 2 4 4 3 1 4 7 1
0 15 4 4 4 4 1 1 1 4 4 4 4 2 1 1 4
0 15 2 4 7 2 1 4 3 1 4 3 1 3 3 1 4
0 12 2 2 2 4 4 4 4 1 3 1 4 3
0 23 2 2 2 2 3 3 3 3 2 3 5 3 5 6 3 5 3 1 5 3 2 5 3
0 20 4 4 2 7 1 4 1 4 1 4 1 4 3 1 4 2 4 4 4 4
0 11 4 4 1 4 1 7 3 1 4 2 4
0 9 4 4 4 1 3 1 2 4 4
0 3 1 7 7
0 19 1 2 2 0 7 2 5 3 2 5 3 1 5 3 2 5 3 1 5
0 4 2 4 3 1
0 7 4 1 7 7 4 1 4
0 26 2 1 4 1 4 1 4 7 3 1 4 3 7 2 1 2 5 3 1 5 3 1 5 3 5 5
0 20 4 4 7 7 1 2 4 4 2 4 4 4 4 1 3 3 1 4 1 4
0 9 4 4 4 2 7 3 1 4 3
0 18 2 4 2 3 1 4 1 4 3 0 1 5 3 1 5 3 2 5
0 22 2 4 2 3 1 4 1 4 3 0 1 5 3 1 5 3 2 5 3 2 5 3
0 15 4 1 4 1 4 3 2 2 7 2 2 4 4 7 1
0 22 2 0 1 3 2 3 2 2 6 3 6 2 5 3 1 5 3 5 5 3 2 5
0 14 4 4 7 7 1 2 4 4 2 4 4 4 4 1
0 32 4 2 1 4 3 1 2 0 3 5 3 1 5 3 1 5 3 2 5 3 5 1 2 6 2 3 5 3 5 3 5 3
0 9 2 4 7 2 1 4 3 1 4
0 31 2 4 2 1 7 7 0 3 5 3 2 5 3 5 5 3 1 5 3 1 5 3 1 5 3 5 5 3 5 5 3
0 20 2 0 1 5 3 2 5 3 5 5 3 1 1 1 2 5 3 2 5 3
0 19 4 4 4 4 3 1 4 1 4 7 2 1 5 3 2 5 3 1 5
0 20 4 4 2 3 1 4 1 4 3 2 2 2 0 7 6 3 5 3 5 5
0 7 2 0 0 6 3 6 5
0 33 2 4 4 2 3 3 7 7 4 7 2 7 2 2 0 5 3 1 5 3 2 3 6 3 6 3 3 3 5 3 5 5 3
0 11 2 1 3 3 1 4 4 4 4 7 1
0 36 0 0 6 3 2 5 3 5 5 3 5 3 3 5 3 2 5 3 1 5 3 5 5 3 1 5 3 1 5 3 2 5 3 2 5 3
0 7 4 4 4 3 3 3 1
0 10 1 0 7 5 3 2 5 3 5 5
0 19 2 2 2 4 4 4 2 7 7 1 0 3 5 3 2 5 3 1 5
0 22 2 4 4 2 1 1 4 1 4 3 1 4 1 4 3 3 4 4 4 4 4 3
0 17 4 4 4 4 2 1 7 2 4 4 2 1 2 4 4 7 1
0 39 2 4 4 4 1 1 4 3 1 4 3 2 0 2 3 6 2 2 3 3 2 1 2 2 2 6 5 3 1 5 3 5 5 3 1 5 3 2 5
0 17 4 4 2 3 1 4 1 4 3 2 2 2 0 7 6 3 5
0 5 4 7 4 4 4
0 10 4 4 4 7 2 2 2 2 0 5
0 9 3 3 2 2 4 4 4 4 4
0 6 6 0 1 6 0 6
0 4 2 2 3 5
0 6 4 4 4 4 7 4
0 17 4 4 4 4 1 4 1 4 7 4 4 4 4 2 1 4 4
0 14 4 2 2 4 4 4 1 4 3 1 4 7 3 3
0 7 2 4 4 1 4 1 4
0 35 0 0 6 3 2 5 3 5 5 3 5 3 3 5 3 2 5 3 1 5 3 5 5 3 1 5 3 1 5 3 2 5 3 2 5
0 9 2 2 4 4 4 4 1 1 4
0 8 1 2 2 0 7 2 5 3
0 38 1 2 2 0 7 2 5 3 2 5 3 1 5 3 2 5 3 1 5 3 1 5 3 1 5 3 1 2 6 6 2 7 3 5 3 2 5 3
0 5 2 1 1 1 4
0 10 4 4 4 4 1 7 7 1 7 7
0 4 2 4 4 1
0 9 4 4 4 3 1 4 3 3 1
0 16 4 2 1 4 3 1 2 0 3 5 3 1 5 3 1 5
0 22 2 4 2 1 7 7 0 3 5 3 2 5 3 5 5 3 1 5 3 1 5 3
0 13 2 4 4 1 7 1 4 3 1 4 7 4 4
0 15 0 7 5 3 1 1 3 3 5 3 1 5 3 5 5
0 37 1 2 2 0 7 2 5 3 2 5 3 1 5 3 2 5 3 1 5 3 1 5 3 1 5 3 1 2 6 6 2 7 3 5 3 2 5
0 13 2 0 0 6 3 6 5 3 5 5 3 2 5
0 4 2 1 4 4
0 52 2 4 4 4 1 2 1 7 4 4 4 4 7 3 3 1 4 3 1 4 2 2 7 7 5 3 2 5 3 2 5 3 1 5 3 2 2 6 7 2 2 3 2 2 2 2 3 5 3 5 5 3
0 10 2 2 2 0 0 5 3 5 5 3
0 9 2 2 4 4 4 4 4 4 4
0 15 4 4 4 2 2 4 4 4 3 1 4 3 2 2 4
0 21 4 4 2 2 2 0 0 3 2 3 3 2 6 2 7 1 5 3 2 5 3
0 8 2 1 4 1 4 1 4 7
0 3 2 4 1
0 10 4 2 4 4 4 1 4 1 4 1
0 22 4 4 4 4 4 1 7 7 4 4 4 7 0 3 5 3 5 5 3 5 5 3
0 16 2 2 4 4 4 4 7 1 4 3 3 3 2 2 7 5
0 28 2 2 7 2 2 6 3 6 2 2 7 5 3 1 5 3 2 5 3 1 3 5 3 2 5 3 2 5
0 5 4 4 7 3 1
0 1 6
0 6 4 4 4 2 4 7
0 6 4 4 4 1 3 1
0 12 2 4 4 2 1 1 4 1 4 3 1 4
0 15 4 4 4 4 2 1 7 2 4 4 2 1 2 4 4
0 19 2 0 0 6 3 6 5 3 5 5 3 2 5 3 1 6 7 5 3
0 10 3 3 1 4 1 4 2 2 4 4
0 9 4 4 4 1 1 0 7 5 3
0 15 2 2 4 4 4 4 1 1 4 3 3 1 4 3 1
0 18 4 4 2 2 2 0 0 3 2 3 3 2 6 2 7 1 5 3
0 12 4 4 4 4 1 4 1 4 7 4 4 4
0 42 0 1 5 3 2 5 3 2 5 3 1 5 3 2 5 3 1 5 3 1 5 3 1 3 5 3 1 5 3 2 6 5 3 1 5 3 2 5 3 5 5 3
0 33 2 4 4 4 4 3 2 7 2 7 1 0 7 5 3 1 5 3 1 5 3 2 5 3 2 2 3 2 2 5 3 1 5
0 20 2 4 4 4 1 2 1 7 4 4 4 4 7 3 3 1 4 3 1 4
0 10 4 4 4 4 4 2 2 2 1 5
0 23 2 4 4 4 4 3 2 7 2 7 1 0 7 5 3 1 5 3 1 5 3 2 5
0 7 2 1 3 3 1 4 4
0 17 2 2 4 4 4 4 7 1 4 3 3 3 2 2 7 5 3
0 19 0 0 5 3 5 5 3 1 3 5 3 5 5 3 5 5 3 5 5
0 8 1 2 7 1 1 4 3 4
0 25 4 4 4 1 2 2 1 4 4 2 7 3 3 6 5 3 5 5 3 1 5 3 1 5 3
0 7 4 4 4 4 7 2 4
0 9 4 4 4 2 4 7 2 4 4
0 23 2 0 1 5 3 2 5 3 5 5 3 1 1 1 2 5 3 2 5 3 1 5 3
0 8 2 2 4 4 4 4 4 4
0 1 3
0 7 4 4 4 1 4 1 4
0 14 4 4 4 3 4 4 4 4 1 1 4 3 1 4
0 11 2 4 4 7 7 7 4 4 7 4 4
0 19 4 4 4 4 1 4 1 4 7 4 4 4 4 2 1 4 4 4 4
0 21 2 1 5 3 1 5 3 1 5 3 2 0 2 2 2 2 5 3 1 5 3
0 14 2 2 2 1 5 3 5 5 3 1 5 3 2 5
0 13 4 4 1 1 2 4 4 2 1 1 3 1 4
0 11 4 4 3 3 1 4 1 2 4 4 3
0 7 4 7 1 2 4 4 4
0 26 2 2 7 2 2 6 3 6 2 2 7 5 3 1 5 3 2 5 3 1 3 5 3 2 5 3
0 17 4 4 2 2 2 0 0 3 2 3 3 2 6 2 7 1 5
0 6 4 4 4 1 1 1
0 13 2 0 1 3 2 3 2 2 6 3 6 2 5
0 34 2 4 4 4 1 1 4 3 1 4 3 2 0 2 3 6 2 2 3 3 2 1 2 2 2 6 5 3 1 5 3 5 5 3
0 16 2 0 1 5 3 2 5 3 5 5 3 1 1 1 2 5
0 5 4 7 1 2 4
0 29 2 4 4 4 1 2 1 7 4 4 4 4 7 3 3 1 4 3 1 4 2 2 7 7 5 3 2 5 3
0 4 2 1 4 1
0 20 2 2 2 2 3 3 3 3 2 3 5 3 5 6 3 5 3 1 5 3
0 11 4 1 4 1 4 7 2 4 4 4 4
0 11 4 2 2 4 4 4 1 4 3 1 4
0 10 2 4 4 4 1 2 1 7 4 4
0 7 2 1 1 1 4 1 4
0 32 4 4 2 1 2 1 5 3 1 5 3 5 5 3 2 7 5 3 2 5 3 1 5 3 1 5 3 1 5 3 5 5
0 6 2 4 1 4 4 4
0 18 4 4 4 3 4 4 4 4 1 1 4 3 1 4 1 4 4 4
0 30 2 0 0 3 2 2 1 5 3 2 2 2 5 3 5 5 3 1 7 2 2 6 6 5 3 2 5 3 1 5
0 12 4 4 4 3 3 3 1 4 2 2 1 4
0 12 4 4 4 2 4 7 2 4 4 4 4 1
0 7 2 4 4 7 7 4 4
0 11 2 2 2 4 3 1 4 3 1 4 1
0 38 2 2 4 4 4 4 7 1 4 3 3 3 2 2 7 5 3 1 5 3 1 5 3 2 5 3 1 2 3 5 3 5 5 3 5 3 7 5
0 5 3 1 4 1 4
0 27 2 0 1 3 2 3 2 2 6 3 6 2 5 3 1 5 3 5 5 3 2 5 3 2 3 5 3
0 6 2 4 4 1 7 1
0 44 4 2 1 1 2 0 1 5 3 1 1 3 5 3 2 5 3 1 5 3 1 1 5 3 1 5 3 1 5 3 5 5 3 5 5 3 1 5 3 2 5 3 2 5
0 9 2 4 4 1 4 1 4 1 4
0 5 2 4 4 1 4
0 27 4 2 1 4 3 1 2 0 3 5 3 1 5 3 1 5 3 2 5 3 5 1 2 6 2 3 5
0 13 4 4 4 3 1 4 1 4 7 3 1 4 3
0 9 2 2 2 0 0 5 3 5 5
0 50 2 4 4 4 7 7 0 0 5 3 1 5 3 1 5 3 1 5 3 2 5 3 1 5 3 1 5 3 2 3 5 3 5 5 3 5 3 6 2 6 5 3 5 0 0 5 3 5 5 3
0 5 1 4 3 3 1
0 19 4 4 4 1 2 2 1 4 4 2 7 3 3 6 5 3 5 5 3
0 31 1 4 3 3 1 2 2 2 2 7 7 5 3 5 5 3 5 5 3 1 5 3 2 3 6 2 0 5 3 2 5
0 14 4 4 4 3 1 4 1 4 7 3 1 4 3 3
0 12 4 4 2 7 1 4 1 4 1 4 1 4
0 17 4 4 4 2 2 4 4 4 3 1 4 3 2 2 4 4 4
0 13 2 4 4 2 1 1 4 1 4 3 1 4 1
0 14 4 4 7 3 1 4 3 3 7 2 1 7 4 4
0 16 2 4 4 1 7 1 4 3 1 4 7 4 4 4 4 7
0 22 1 4 3 3 1 2 2 2 2 7 7 5 3 5 5 3 5 5 3 1 5 3
0 36 2 4 4 2 3 3 7 7 4 7 2 7 2 2 0 5 3 1 5 3 2 3 6 3 6 3 3 3 5 3 5 5 3 5 5 3
0 26 4 4 4 1 1 0 7 5 3 2 5 3 1 3 3 2 3 2 3 2 3 5 3 1 5 3
0 64 0 1 5 3 2 5 3 2 5 3 1 5 3 2 5 3 1 5 3 1 5 3 1 3 5 3 1 5 3 2 6 5 3 1 5 3 2 5 3 5 5 3 1 2 3 5 3 1 5 3 1 5 3 5 5 3 1 5 3 1 5 3 1 5
0 4 2 2 4 4
0 6 3 3 1 4 1 4
0 6 4 4 1 1 1 4
0 14 2 0 1 3 2 3 2 2 6 3 6 2 5 3
0 13 4 4 4 4 4 4 2 1 1 4 1 4 7
0 42 2 4 4 4 1 1 4 3 1 4 3 2 0 2 3 6 2 2 3 3 2 1 2 2 2 6 5 3 1 5 3 5 5 3 1 5 3 2 5 3 1 5
0 50 2 4 4 2 3 3 7 7 4 7 2 7 2 2 0 5 3 1 5 3 2 3 6 3 6 3 3 3 5 3 5 5 3 5 5 3 2 1 5 3 2 5 3 5 5 3 1 2 5 3
0 9 4 4 4 2 2 4 4 4 3
0 7 2 4 4 4 1 1 4
0 19 2 2 7 2 2 6 3 6 2 2 7 5 3 1 5 3 2 5 3
0 5 4 4 4 1 3
0 7 4 4 4 4 2 1 4
0 48 2 4 4 4 1 2 1 7 4 4 4 4 7 3 3 1 4 3 1 4 2 2 7 7 5 3 2 5 3 2 5 3 1 5 3 2 2 6 7 2 2 3 2 2 2 2 3 5
0 8 2 2 7 1 4 3 3 3
0 12 4 4 1 4 1 7 3 1 4 2 4 4
0 6 4 4 7 3 1 4
0 4 4 4 4 7
0 11 1 0 7 5 3 2 5 3 5 5 3
0 10 2 4 3 1 4 1 4 2 1 4
0 5 4 4 4 4 7
0 13 4 4 4 3 4 4 4 4 1 1 4 3 1
0 41 1 2 2 0 7 2 5 3 2 5 3 1 5 3 2 5 3 1 5 3 1 5 3 1 5 3 1 2 6 6 2 7 3 5 3 2 5 3 2 5 3
0 11 2 4 4 1 7 1 4 3 1 4 7
0 20 2 0 1 3 2 3 2 2 6 3 6 2 5 3 1 5 3 5 5 3
0 33 4 4 2 2 2 0 0 3 2 3 3 2 6 2 7 1 5 3 2 5 3 2 5 3 5 5 3 1 5 3 1 5 3
0 8 2 1 3 3 1 4 4 4
0 11 7 7 2 0 1 5 3 5 0 5 3
0 8 4 4 4 4 3 1 4 1
0 6 2 3 3 3 1 4
0 8 4 4 2 2 4 4 4 7
0 5 2 2 2 1 5
0 6 4 1 4 1 4 3
0 11 4 4 4 4 2 1 2 4 4 1 1
0 9 0 1 5 3 2 5 3 2 5
0 7 4 4 1 7 7 2 4
0 43 2 4 4 4 1 1 4 3 1 4 3 2 0 2 3 6 2 2 3 3 2 1 2 2 2 6 5 3 1 5 3 5 5 3 1 5 3 2 5 3 1 5 3
0 6 4 2 4 4 4 1
0 23 1 2 2 0 7 2 5 3 2 5 3 1 5 3 2 5 3 1 5 3 1 5 3
0 19 2 4 4 4 1 2 1 7 4 4 4 4 7 3 3 1 4 3 1
0 14 2 0 0 6 3 6 5 3 5 5 3 2 5 3
0 11 4 4 4 4 4 4 4 1 4 3 4
0 28 4 4 4 1 1 0 7 5 3 2 5 3 1 3 3 2 3 2 3 2 3 5 3 1 5 3 1 5
0 5 2 4 4 4 7
0 4 3 3 1 4
0 9 2 0 1 3 3 5 3 5 5
0 4 4 4 1 1
0 6 3 1 4 1 4 3
0 12 4 4 4 2 2 4 4 4 3 1 4 3
0 12 0 1 5 3 2 5 3 2 5 3 1 5
0 9 2 2 4 4 4 4 7 1 4
0 35 1 4 3 3 1 2 2 2 2 7 7 5 3 5 5 3 5 5 3 1 5 3 2 3 6 2 0 5 3 2 5 3 5 5 3
0 13 4 4 7 7 1 2 4 4 2 4 4 4 4
0 20 1 2 2 0 7 2 5 3 2 5 3 1 5 3 2 5 3 1 5 3
0 13 4 4 2 1 2 1 5 3 1 5 3 5 5
0 3 0 1 5
0 11 3 3 1 4 1 4 2 2 4 4 4
0 12 2 2 4 4 4 4 1 1 4 3 3 1
0 45 4 2 1 1 2 0 1 5 3 1 1 3 5 3 2 5 3 1 5 3 1 1 5 3 1 5 3 1 5 3 5 5 3 5 5 3 1 5 3 2 5 3 2 5 3
0 7 4 4 4 4 1 1 1
0 20 4 2 1 4 3 1 2 0 3 5 3 1 5 3 1 5 3 2 5 3
0 11 4 4 4 1 1 0 7 5 3 2 5
0 8 4 4 4 4 1 1 1 4
0 5 4 1 4 1 4
0 13 2 0 0 3 2 2 1 5 3 2 2 2 5
0 13 0 7 5 3 1 1 3 3 5 3 1 5 3
0 16 2 4 4 7 7 4 4 4 1 2 2 1 2 3 5 3
0 16 4 4 4 4 1 4 1 4 7 4 4 4 4 2 1 4
0 4 4 4 4 3
0 6 2 4 2 3 1 4
0 6 4 4 4 4 1 7
0 8 2 4 4 4 4 1 7 1
0 12 2 2 3 5 3 1 0 5 3 1 5 3
0 6 2 4 3 1 4 1
0 20 2 4 4 2 1 1 4 1 4 3 1 4 1 4 3 3 4 4 4 4
0 27 0 0 6 3 2 5 3 5 5 3 5 3 3 5 3 2 5 3 1 5 3 5 5 3 1 5 3
0 6 2 4 7 2 1 4
0 9 2 4 4 4 4 2 2 0 5
0 33 4 2 1 1 2 0 1 5 3 1 1 3 5 3 2 5 3 1 5 3 1 1 5 3 1 5 3 1 5 3 5 5 3
0 10 4 2 2 0 1 2 2 3 5 3
0 16 2 4 4 2 3 3 7 7 4 7 2 7 2 2 0 5
0 10 2 4 4 2 1 1 4 1 4 3
0 6 2 1 1 1 4 1
0 25 1 2 2 0 7 2 5 3 2 5 3 1 5 3 2 5 3 1 5 3 1 5 3 1 5
0 6 0 1 5 3 2 5
0 11 3 3 2 2 4 4 4 4 4 4 4
0 28 4 4 7 3 1 4 3 3 7 2 1 7 4 4 4 1 4 1 1 2 2 0 0 5 3 1 5 3
0 4 2 1 5 3
0 30 4 4 2 3 1 4 1 4 3 2 2 2 0 7 6 3 5 3 5 5 3 1 5 3 1 5 3 2 5 3
0 18 4 4 2 7 1 4 1 4 1 4 1 4 3 1 4 2 4 4
0 8 4 4 4 4 1 7 7 1
0 13 4 4 4 4 1 4 1 4 7 4 4 4 4
0 10 2 4 1 1 4 4 4 4 7 3
0 24 4 4 4 1 2 2 1 4 4 2 7 3 3 6 5 3 5 5 3 1 5 3 1 5
0 2 4 1
0 73 0 1 5 3 2 5 3 2 5 3 1 5 3 2 5 3 1 5 3 1 5 3 1 3 5 3 1 5 3 2 6 5 3 1 5 3 2 5 3 5 5 3 1 2 3 5 3 1 5 3 1 5 3 5 5 3 1 5 3 1 5 3 1 5 3 1 5 3 2 5 3 5 5
0 3 2 4 4
0 7 2 2 2 4 4 3 1
0 26 2 0 1 3 2 3 2 2 6 3 6 2 5 3 1 5 3 5 5 3 2 5 3 2 3 5
0 7 4 4 4 2 2 4 1
0 9 4 4 4 4 7 2 7 1 4
0 20 4 4 2 1 2 1 5 3 1 5 3 5 5 3 2 7 5 3 2 5
0 4 4 4 3 3
0 11 2 3 3 3 1 4 1 1 2 4 4
0 6 4 4 1 1 2 4
0 40 4 4 2 1 2 1 5 3 1 5 3 5 5 3 2 7 5 3 2 5 3 1 5 3 1 5 3 1 5 3 5 5 3 5 5 3 1 6 5 3
0 21 2 4 2 3 1 4 1 4 3 0 1 5 3 1 5 3 2 5 3 2 5
0 16 2 4 4 4 1 2 1 7 4 4 4 4 7 3 3 1
0 8 2 4 1 1 4 4 4 4
0 13 2 1 3 3 1 4 4 4 4 7 1 3 3
0 11 4 4 4 4 1 7 7 1 7 7 1
0 4 4 1 4 1
0 7 4 4 7 7 1 2 4
0 49 2 4 4 4 1 2 1 7 4 4 4 4 7 3 3 1 4 3 1 4 2 2 7 7 5 3 2 5 3 2 5 3 1 5 3 2 2 6 7 2 2 3 2 2 2 2 3 5 3
0 16 1 2 2 0 7 2 5 3 2 5 3 1 5 3 2 5
0 16 2 2 2 4 4 4 2 7 7 1 0 3 5 3 2 5
0 6 4 4 4 2 2 4
0 10 2 4 4 4 7 7 0 0 5 3
0 8 4 4 2 7 1 4 1 4
0 29 0 1 5 3 2 5 3 2 5 3 1 5 3 2 5 3 1 5 3 1 5 3 1 3 5 3 1 5 3
0 12 2 3 3 3 1 4 1 1 2 4 4 4
0 20 4 4 2 2 2 0 0 3 2 3 3 2 6 2 7 1 5 3 2 5
0 19 2 0 1 3 3 5 3 5 5 3 5 5 3 1 5 3 1 5 3
0 13 2 3 3 3 1 4 1 1 2 4 4 4 4
0 7 4 4 4 4 4 1 7
0 9 2 4 4 4 1 2 1 7 4
0 8 4 1 4 1 4 7 2 4
0 19 4 4 4 4 2 7 5 3 1 5 3 5 5 3 5 5 3 5 5
0 30 2 4 4 2 3 3 7 7 4 7 2 7 2 2 0 5 3 1 5 3 2 3 6 3 6 3 3 3 5 3
0 16 2 2 7 2 2 6 3 6 2 2 7 5 3 1 5 3
0 6 4 4 4 4 3 1
0 24 2 4 4 4 4 3 2 7 2 7 1 0 7 5 3 1 5 3 1 5 3 2 5 3
0 10 2 1 4 1 4 1 4 7 3 1
0 13 4 4 4 4 2 7 5 3 1 5 3 5 5
0 13 2 2 7 2 2 6 3 6 2 2 7 5 3
0 9 0 0 6 3 2 5 3 5 5
0 6 2 4 1 2 4 4
0 24 2 4 4 7 7 4 4 4 1 2 2 1 2 3 5 3 2 5 3 2 1 0 5 3
0 7 1 2 7 1 1 4 3
0 5 2 1 4 1 4
0 5 4 2 2 4 4
0 31 2 4 4 4 4 3 2 7 2 7 1 0 7 5 3 1 5 3 1 5 3 2 5 3 2 2 3 2 2 5 3
0 25 4 4 4 1 1 0 7 5 3 2 5 3 1 3 3 2 3 2 3 2 3 5 3 1 5
0 8 4 4 2 3 1 4 1 4
0 2 2 4
0 5 2 2 2 4 3
0 15 4 4 4 4 2 1 4 4 4 2 4 3 1 4 3
0 5 4 4 1 4 1
0 24 4 4 4 4 3 1 4 1 4 7 2 1 5 3 2 5 3 1 5 3 5 7 5 3
0 25 2 4 7 2 1 4 3 1 4 3 1 3 3 1 4 1 4 1 1 1 4 4 4 4 1
0 19 1 4 3 3 1 2 2 2 2 7 7 5 3 5 5 3 5 5 3
0 21 1 4 3 3 1 2 2 2 2 7 7 5 3 5 5 3 5 5 3 1 5
0 13 2 2 2 4 4 4 2 7 7 1 0 3 5
0 5 2 2 7 1 4
0 24 4 2 1 1 2 0 1 5 3 1 1 3 5 3 2 5 3 1 5 3 1 1 5 3
0 10 7 7 2 0 1 5 3 5 0 5
0 39 2 2 4 4 4 4 7 1 4 3 3 3 2 2 7 5 3 1 5 3 1 5 3 2 5 3 1 2 3 5 3 5 5 3 5 3 7 5 3
0 4 4 4 1 7
0 32 1 4 3 3 1 2 2 2 2 7 7 5 3 5 5 3 5 5 3 1 5 3 2 3 6 2 0 5 3 2 5 3
0 4 3 1 4 4
0 5 2 4 1 2 4
0 25 2 4 4 2 1 1 4 1 4 3 1 4 1 4 3 3 4 4 4 4 4 3 1 4 7
0 18 4 4 4 1 4 1 4 7 7 7 2 0 3 2 2 2 5 3
0 6 2 4 4 7 7 7
0 9 4 4 2 3 1 4 1 4 3
0 11 4 4 4 4 4 1 7 7 4 4 4
0 6 4 4 4 1 4 1
0 14 4 4 2 1 2 1 5 3 1 5 3 5 5 3
0 5 2 4 4 7 7
0 42 2 4 4 4 7 7 0 0 5 3 1 5 3 1 5 3 1 5 3 2 5 3 1 5 3 1 5 3 2 3 5 3 5 5 3 5 3 6 2 6 5 3
0 8 2 4 4 1 4 1 4 1
0 10 4 4 4 4 7 3 1 4 3 3
0 7 4 4 2 2 4 4 4
0 5 3 1 4 4 4
0 9 2 2 2 2 0 2 2 5 3
0 9 4 4 3 3 1 4 1 2 4
0 6 4 1 4 1 4 7
0 33 4 4 2 1 2 1 5 3 1 5 3 5 5 3 2 7 5 3 2 5 3 1 5 3 1 5 3 1 5 3 5 5 3
0 9 4 4 4 4 1 7 7 1 7
0 8 1 0 7 5 3 2 5 3
0 35 4 4 2 2 2 0 0 3 2 3 3 2 6 2 7 1 5 3 2 5 3 2 5 3 5 5 3 1 5 3 1 5 3 1 5
0 15 2 4 4 2 1 1 4 1 4 3 1 4 1 4 3
0 8 4 4 2 1 2 1 5 3
0 9 2 4 1 2 4 4 4 4 1
0 16 4 1 4 1 4 3 2 2 7 2 2 4 4 7 1 7
0 6 2 4 4 4 1 1
0 10 2 3 3 3 1 4 1 1 2 4
0 46 2 4 4 4 7 7 0 0 5 3 1 5 3 1 5 3 1 5 3 2 5 3 1 5 3 1 5 3 2 3 5 3 5 5 3 5 3 6 2 6 5 3 5 0 0 5
0 17 2 2 4 4 4 4 1 1 4 3 3 1 4 3 1 4 1
0 11 2 0 1 5 3 2 5 3 5 5 3
0 7 7 7 2 0 1 5 3
0 12 2 2 2 1 5 3 5 5 3 1 5 3
0 5 4 4 4 4 1
0 16 4 4 4 4 1 1 1 4 4 4 4 2 1 1 4 3
0 20 2 2 2 4 4 4 2 7 7 1 0 3 5 3 2 5 3 1 5 3
0 8 4 1 7 7 4 4 4 4
0 6 2 1 4 1 4 1
0 14 4 4 4 3 3 3 1 4 2 2 1 4 1 4
0 16 4 4 4 4 4 1 7 7 4 4 4 7 0 3 5 3
0 9 4 4 4 1 4 1 4 7 7
0 10 2 2 4 4 4 4 1 1 4 3
0 10 4 4 4 7 7 1 4 4 4 7
0 9 4 4 1 4 1 7 3 1 4
0 13 2 4 4 4 7 7 0 0 5 3 1 5 3
0 8 2 3 3 3 1 4 1 1
0 11 2 4 7 2 1 4 3 1 4 3 1
0 19 4 4 4 3 4 4 4 4 1 1 4 3 1 4 1 4 4 4 4
0 10 2 4 4 1 4 1 4 1 4 3
0 49 0 1 5 3 2 5 3 2 5 3 1 5 3 2 5 3 1 5 3 1 5 3 1 3 5 3 1 5 3 2 6 5 3 1 5 3 2 5 3 5 5 3 1 2 3 5 3 1 5
0 12 4 4 4 4 2 1 4 4 4 2 4 3
0 14 4 1 4 1 4 3 2 2 7 2 2 4 4 7
0 12 4 4 4 4 4 4 4 1 4 3 4 4
0 6 4 4 4 4 1 1
0 40 2 4 4 2 3 3 7 7 4 7 2 7 2 2 0 5 3 1 5 3 2 3 6 3 6 3 3 3 5 3 5 5 3 5 5 3 2 1 5 3
0 13 2 4 1 1 4 4 4 4 7 3 1 4 1
0 42 2 4 4 2 3 3 7 7 4 7 2 7 2 2 0 5 3 1 5 3 2 3 6 3 6 3 3 3 5 3 5 5 3 5 5 3 2 1 5 3 2 5
0 13 3 3 2 2 4 4 4 4 4 4 4 4 7
0 19 0 1 5 3 2 5 3 2 5 3 1 5 3 2 5 3 1 5 3
0 2 1 7
0 14 4 2 1 1 2 0 1 5 3 1 1 3 5 3
0 28 2 2 2 1 5 3 5 5 3 1 5 3 2 5 3 5 2 6 2 0 5 3 1 5 3 1 5 3
0 29 4 4 2 2 2 0 0 3 2 3 3 2 6 2 7 1 5 3 2 5 3 2 5 3 5 5 3 1 5
0 16 2 4 4 4 4 2 2 0 5 3 1 5 3 1 5 3
0 17 4 1 4 1 4 7 2 4 4 4 4 3 1 4 3 3 1
0 10 4 4 4 2 4 7 2 4 4 4
0 15 4 4 4 3 4 4 4 4 1 1 4 3 1 4 1
0 8 3 3 2 2 4 4 4 4
0 6 4 4 4 4 4 1
0 8 2 0 1 5 3 2 5 3
0 21 4 4 4 3 1 4 1 4 7 3 1 4 3 3 2 4 4 7 1 4 3
0 10 4 4 4 1 4 1 4 7 7 7
0 42 4 4 2 2 2 0 0 3 2 3 3 2 6 2 7 1 5 3 2 5 3 2 5 3 5 5 3 1 5 3 1 5 3 1 5 3 5 5 3 5 3 5
0 26 4 4 4 4 3 1 4 1 4 7 2 1 5 3 2 5 3 1 5 3 5 7 5 3 1 5
0 14 2 2 4 4 4 4 1 1 4 3 3 1 4 3
0 3 2 2 4
0 4 1 6 0 6
0 3 4 2 4
0 39 0 1 5 3 2 5 3 2 5 3 1 5 3 2 5 3 1 5 3 1 5 3 1 3 5 3 1 5 3 2 6 5 3 1 5 3 2 5 3
0 12 4 2 2 0 1 2 2 3 5 3 1 5
0 10 2 1 3 3 1 4 4 4 4 7
0 30 4 4 2 1 2 1 5 3 1 5 3 5 5 3 2 7 5 3 2 5 3 1 5 3 1 5 3 1 5 3
0 14 4 4 4 4 2 1 4 4 4 2 4 3 1 4
0 17 4 7 4 4 4 4 0 7 3 3 6 3 5 3 1 0 5
0 35 4 2 1 1 2 0 1 5 3 1 1 3 5 3 2 5 3 1 5 3 1 1 5 3 1 5 3 1 5 3 5 5 3 5 5
0 10 4 4 4 4 4 4 2 1 1 4
0 4 2 4 4 7
0 5 4 1 7 7 4
0 9 4 4 4 4 4 1 7 7 4
0 7 4 4 7 3 1 4 3
0 15 2 4 4 4 7 7 0 0 5 3 1 5 3 1 5
0 12 0 7 5 3 1 1 3 3 5 3 1 5
0 17 4 4 7 7 1 2 4 4 2 4 4 4 4 1 3 3 1
0 23 2 0 1 3 2 3 2 2 6 3 6 2 5 3 1 5 3 5 5 3 2 5 3
0 59 0 1 5 3 2 5 3 2 5 3 1 5 3 2 5 3 1 5 3 1 5 3 1 3 5 3 1 5 3 2 6 5 3 1 5 3 2 5 3 5 5 3 1 2 3 5 3 1 5 3 1 5 3 5 5 3 1 5 3
0 5 6 0 1 1 6
0 10 4 4 4 4 7 2 4 4 4 4
0 9 4 4 4 2 4 4 4 4 1
0 8 2 2 2 2 0 2 2 5
0 9 4 2 1 1 2 0 1 5 3
0 20 2 1 5 3 1 5 3 1 5 3 2 0 2 2 2 2 5 3 1 5
0 6 2 4 1 1 4 4
0 9 4 2 2 0 1 2 2 3 5
0 17 4 2 1 1 2 0 1 5 3 1 1 3 5 3 2 5 3
0 6 2 1 5 3 1 5
0 7 2 2 4 4 4 4 1
0 10 4 4 7 7 1 2 4 4 2 4
0 45 4 4 2 2 2 0 0 3 2 3 3 2 6 2 7 1 5 3 2 5 3 2 5 3 5 5 3 1 5 3 1 5 3 1 5 3 5 5 3 5 3 5 3 2 5
0 18 4 4 3 3 1 4 1 2 4 4 3 1 4 7 1 4 1 4
0 18 4 4 7 7 1 2 4 4 2 4 4 4 4 1 3 3 1 4
0 15 4 4 4 1 2 2 1 4 4 2 7 3 3 6 5
0 16 1 4 3 3 1 2 2 2 2 7 7 5 3 5 5 3
0 14 4 7 4 4 4 4 0 7 3 3 6 3 5 3
0 8 4 4 4 3 4 4 4 4
0 5 2 2 2 4 4
0 55 0 1 5 3 2 5 3 2 5 3 1 5 3 2 5 3 1 5 3 1 5 3 1 3 5 3 1 5 3 2 6 5 3 1 5 3 2 5 3 5 5 3 1 2 3 5 3 1 5 3 1 5 3 5 5
0 23 4 4 2 2 2 0 0 3 2 3 3 2 6 2 7 1 5 3 2 5 3 2 5
0 7 4 4 4 3 1 4 1
0 5 4 4 4 3 1
0 15 4 4 4 4 4 1 7 7 4 4 4 7 0 3 5
0 12 2 2 4 4 4 4 4 4 4 7 1 7
0 9 4 4 4 3 4 4 4 4 1
0 19 2 0 1 3 2 3 2 2 6 3 6 2 5 3 1 5 3 5 5
0 68 0 1 5 3 2 5 3 2 5 3 1 5 3 2 5 3 1 5 3 1 5 3 1 3 5 3 1 5 3 2 6 5 3 1 5 3 2 5 3 5 5 3 1 2 3 5 3 1 5 3 1 5 3 5 5 3 1 5 3 1 5 3 1 5 3 1 5 3
0 25 2 4 4 4 1 2 1 7 4 4 4 4 7 3 3 1 4 3 1 4 2 2 7 7 5
0 3 2 1 5
0 7 2 4 4 4 4 7 1
0 19 2 4 3 1 4 1 4 2 1 4 3 3 2 4 1 4 1 4 7
0 13 4 4 4 4 4 4 4 1 4 3 4 4 4
0 6 4 7 4 4 4 4
0 3 1 1 6
0 8 4 4 7 3 1 4 3 3
0 11 4 4 2 7 1 4 1 4 1 4 1
0 12 2 4 4 4 1 2 1 7 4 4 4 4
0 36 0 1 5 3 2 5 3 2 5 3 1 5 3 2 5 3 1 5 3 1 5 3 1 3 5 3 1 5 3 2 6 5 3 1 5 3
0 7 4 1 7 7 4 4 4
0 5 4 4 4 4 3
0 9 4 4 4 4 1 2 4 4 4
0 41 2 4 4 4 7 7 0 0 5 3 1 5 3 1 5 3 1 5 3 2 5 3 1 5 3 1 5 3 2 3 5 3 5 5 3 5 3 6 2 6 5
0 5 2 2 3 5 3
0 46 4 4 2 2 2 0 0 3 2 3 3 2 6 2 7 1 5 3 2 5 3 2 5 3 5 5 3 1 5 3 1 5 3 1 5 3 5 5 3 5 3 5 3 2 5 3
0 25 2 2 7 2 2 6 3 6 2 2 7 5 3 1 5 3 2 5 3 1 3 5 3 2 5
0 46 2 4 4 2 3 3 7 7 4 7 2 7 2 2 0 5 3 1 5 3 2 3 6 3 6 3 3 3 5 3 5 5 3 5 5 3 2 1 5 3 2 5 3 5 5 3
0 40 2 4 4 4 1 1 4 3 1 4 3 2 0 2 3 6 2 2 3 3 2 1 2 2 2 6 5 3 1 5 3 5 5 3 1 5 3 2 5 3
0 13 4 4 1 4 1 7 3 1 4 2 4 4 4
0 7 0 0 6 3 2 5 3
0 16 0 0 5 3 5 5 3 1 3 5 3 5 5 3 5 5
0 5 4 4 4 4 4
0 23 2 0 1 3 3 5 3 5 5 3 5 5 3 1 5 3 1 5 3 2 3 5 3
0 2 4 7
0 5 2 2 4 4 1
0 18 2 4 4 4 1 2 1 7 4 4 4 4 7 3 3 1 4 3
0 10 2 2 4 4 4 4 7 1 4 3
0 12 2 2 2 4 3 1 4 3 1 4 1 4
0 18 2 4 4 4 4 2 2 0 5 3 1 5 3 1 5 3 5 5
0 52 2 4 4 4 7 7 0 0 5 3 1 5 3 1 5 3 1 5 3 2 5 3 1 5 3 1 5 3 2 3 5 3 5 5 3 5 3 6 2 6 5 3 5 0 0 5 3 5 5 3 1 5
0 10 2 2 2 4 4 3 1 4 1 4
0 11 4 4 7 7 1 2 4 4 2 4 4
0 23 4 4 2 3 1 4 1 4 3 2 2 2 0 7 6 3 5 3 5 5 3 1 5
0 22 4 4 4 1 1 0 7 5 3 2 5 3 1 3 3 2 3 2 3 2 3 5
0 9 4 4 2 1 2 1 4 4 4
0 20 2 1 4 1 4 1 4 7 3 1 4 3 7 2 1 2 5 3 1 5
0 23 2 1 4 1 4 1 4 7 3 1 4 3 7 2 1 2 5 3 1 5 3 1 5
0 8 4 2 2 4 4 4 1 4
0 5 4 1 4 4 4
0 14 2 3 3 3 1 4 1 1 2 4 4 4 4 1
0 26 0 1 5 3 2 5 3 2 5 3 1 5 3 2 5 3 1 5 3 1 5 3 1 3 5 3
0 4 6 0 1 6
0 5 4 2 4 4 4
0 12 4 2 4 4 4 1 4 1 4 1 4 1
0 13 2 2 4 4 4 4 1 1 4 3 3 1 4
0 31 2 0 0 3 2 2 1 5 3 2 2 2 5 3 5 5 3 1 7 2 2 6 6 5 3 2 5 3 1 5 3
0 30 2 2 2 1 5 3 5 5 3 1 5 3 2 5 3 5 2 6 2 0 5 3 1 5 3 1 5 3 1 5
0 12 2 4 4 4 4 1 7 1 4 3 1 4
0 11 2 2 4 4 4 4 7 1 4 3 3
0 19 4 2 1 1 2 0 1 5 3 1 1 3 5 3 2 5 3 1 5
0 10 4 4 4 4 3 1 4 1 4 7
0 12 2 1 4 1 4 1 4 7 3 1 4 3
0 23 2 2 7 2 2 6 3 6 2 2 7 5 3 1 5 3 2 5 3 1 3 5 3
0 7 4 4 2 7 1 4 1
0 38 4 4 7 3 1 4 3 3 7 2 1 7 4 4 4 1 4 1 1 2 2 0 0 5 3 1 5 3 1 6 2 5 3 5 1 2 5 3
0 4 4 4 4 1
0 27 2 4 4 7 0 7 5 3 1 5 3 1 5 3 1 3 2 6 2 1 2 3 5 3 2 5 3
0 24 4 4 2 2 2 0 0 3 2 3 3 2 6 2 7 1 5 3 2 5 3 2 5 3
0 6 3 1 4 4 4 4
0 4 2 0 1 5
0 16 0 7 5 3 1 1 3 3 5 3 1 5 3 5 5 3
0 26 0 0 6 3 2 5 3 5 5 3 5 3 3 5 3 2 5 3 1 5 3 5 5 3 1 5
0 11 4 4 4 2 4 7 2 4 4 4 4
0 28 1 4 3 3 1 2 2 2 2 7 7 5 3 5 5 3 5 5 3 1 5 3 2 3 6 2 0 5
0 11 4 4 4 2 2 4 4 4 3 1 4
0 7 2 2 2 4 3 1 4
0 14 1 2 2 0 7 2 5 3 2 5 3 1 5 3
0 9 2 1 5 3 1 5 3 1 5
0 4 1 0 7 5
0 5 4 4 4 7 7
0 14 2 4 7 2 1 4 3 1 4 3 1 3 3 1
0 24 4 4 4 2 2 4 4 4 3 1 4 3 2 2 4 4 4 2 2 2 7 4 4 4
0 23 4 4 2 1 2 1 5 3 1 5 3 5 5 3 2 7 5 3 2 5 3 1 5
0 6 2 2 2 4 4 3
0 49 2 4 4 4 7 7 0 0 5 3 1 5 3 1 5 3 1 5 3 2 5 3 1 5 3 1 5 3 2 3 5 3 5 5 3 5 3 6 2 6 5 3 5 0 0 5 3 5 5
0 7 6 0 6 0 6 0 6
0 6 2 4 4 1 4 3
0 8 4 7 1 2 4 4 4 1
0 24 4 4 2 1 2 1 5 3 1 5 3 5 5 3 2 7 5 3 2 5 3 1 5 3
0 22 2 4 4 4 7 7 0 0 5 3 1 5 3 1 5 3 1 5 3 2 5 3
0 9 4 4 4 4 1 1 1 4 4
0 21 4 4 2 7 1 4 1 4 1 4 1 4 3 1 4 2 4 4 4 4 4
0 10 4 4 4 4 2 1 2 4 4 1
0 11 4 4 4 4 4 4 2 1 1 4 1
0 19 4 4 4 3 1 4 1 4 7 3 1 4 3 3 2 4 4 7 1
0 22 4 4 2 7 1 4 1 4 1 4 1 4 3 1 4 2 4 4 4 4 4 4
0 7 4 2 4 4 4 1 4
0 8 2 2 2 4 4 4 4 1
0 35 2 4 4 4 7 7 0 0 5 3 1 5 3 1 5 3 1 5 3 2 5 3 1 5 3 1 5 3 2 3 5 3 5 5 3
0 16 2 4 7 2 1 4 3 1 4 3 1 3 3 1 4 1
0 16 4 2 2 0 1 2 2 3 5 3 1 5 3 5 5 3
0 8 4 4 4 4 1 4 3 3
0 29 4 4 4 1 1 0 7 5 3 2 5 3 1 3 3 2 3 2 3 2 3 5 3 1 5 3 1 5 3
0 16 4 2 4 4 4 1 4 1 4 1 4 1 4 4 4 4
0 1 7
0 18 2 4 7 2 1 4 3 1 4 3 1 3 3 1 4 1 4 1
0 5 2 1 4 4 4
0 19 2 2 2 2 3 3 3 3 2 3 5 3 5 6 3 5 3 1 5
0 27 2 0 0 3 2 2 1 5 3 2 2 2 5 3 5 5 3 1 7 2 2 6 6 5 3 2 5
0 6 4 4 2 2 4 4
0 13 4 2 1 4 3 1 2 0 3 5 3 1 5
0 4 1 1 1 6
0 7 4 4 3 3 1 4 1
0 9 4 1 4 1 4 7 2 4 4
0 8 4 4 4 2 4 4 4 4
0 7 4 4 1 1 2 4 4
0 10 2 4 4 7 0 7 5 3 1 5
0 9 4 4 4 4 2 1 7 2 4
0 16 2 0 1 3 2 3 2 2 6 3 6 2 5 3 1 5
0 27 4 4 7 3 1 4 3 3 7 2 1 7 4 4 4 1 4 1 1 2 2 0 0 5 3 1 5
0 38 0 1 5 3 2 5 3 2 5 3 1 5 3 2 5 3 1 5 3 1 5 3 1 3 5 3 1 5 3 2 6 5 3 1 5 3 2 5
0 12 2 4 4 1 7 1 4 3 1 4 7 4
0 9 0 1 5 3 1 5 3 1 5
0 12 4 1 4 1 4 7 2 4 4 4 4 3
0 9 2 2 2 1 5 3 5 5 3
0 8 4 4 7 7 1 2 4 4
0 67 0 1 5 3 2 5 3 2 5 3 1 5 3 2 5 3 1 5 3 1 5 3 1 3 5 3 1 5 3 2 6 5 3 1 5 3 2 5 3 5 5 3 1 2 3 5 3 1 5 3 1 5 3 5 5 3 1 5 3 1 5 3 1 5 3 1 5
0 8 2 4 7 2 1 4 3 1
0 4 4 4 7 7
0 53 2 4 4 2 3 3 7 7 4 7 2 7 2 2 0 5 3 1 5 3 2 3 6 3 6 3 3 3 5 3 5 5 3 5 5 3 2 1 5 3 2 5 3 5 5 3 1 2 5 3 2 5 3
0 5 2 2 4 4 4
0 19 4 4 7 7 1 2 4 4 2 4 4 4 4 1 3 3 1 4 1
0 17 4 4 2 7 1 4 1 4 1 4 1 4 3 1 4 2 4
0 53 2 4 4 4 7 7 0 0 5 3 1 5 3 1 5 3 1 5 3 2 5 3 1 5 3 1 5 3 2 3 5 3 5 5 3 5 3 6 2 6 5 3 5 0 0 5 3 5 5 3 1 5 3
0 21 4 4 4 3 4 4 4 4 1 1 4 3 1 4 1 4 4 4 4 7 1
0 2 4 4
0 36 4 4 2 2 2 0 0 3 2 3 3 2 6 2 7 1 5 3 2 5 3 2 5 3 5 5 3 1 5 3 1 5 3 1 5 3
0 4 2 4 1 1
0 8 4 2 4 4 4 1 4 1
0 13 2 4 4 7 0 7 5 3 1 5 3 1 5
0 13 2 4 2 3 1 4 1 4 3 0 1 5 3
0 12 4 4 3 3 1 4 1 2 4 4 3 1
0 8 2 4 2 3 1 4 1 4
0 6 2 2 2 0 0 5
0 7 2 2 4 4 4 4 7
0 42 4 2 1 1 2 0 1 5 3 1 1 3 5 3 2 5 3 1 5 3 1 1 5 3 1 5 3 1 5 3 5 5 3 5 5 3 1 5 3 2 5 3
0 12 4 4 2 3 4 4 4 4 2 7 2 4
0 27 4 4 4 1 4 1 4 7 7 7 2 0 3 2 2 2 5 3 5 5 3 5 5 3 5 5 3
0 4 4 1 4 4
0 7 2 4 4 4 4 1 7
0 5 2 0 1 5 3
0 34 1 4 3 3 1 2 2 2 2 7 7 5 3 5 5 3 5 5 3 1 5 3 2 3 6 2 0 5 3 2 5 3 5 5
0 17 2 0 1 3 2 3 2 2 6 3 6 2 5 3 1 5 3
0 11 2 4 1 1 4 4 4 4 7 3 1
0 38 4 4 2 2 2 0 0 3 2 3 3 2 6 2 7 1 5 3 2 5 3 2 5 3 5 5 3 1 5 3 1 5 3 1 5 3 5 5
0 11 2 2 2 4 4 4 4 1 3 1 4
0 10 4 4 2 7 1 4 1 4 1 4
0 7 4 4 4 2 2 4 4
0 20 0 0 6 3 2 5 3 5 5 3 5 3 3 5 3 2 5 3 1 5
0 23 0 0 6 3 2 5 3 5 5 3 5 3 3 5 3 2 5 3 1 5 3 5 5
0 17 2 0 0 3 2 2 1 5 3 2 2 2 5 3 5 5 3
0 5 4 4 3 3 1
0 23 2 4 4 7 7 4 4 4 1 2 2 1 2 3 5 3 2 5 3 2 1 0 5
0 20 2 4 7 2 1 4 3 1 4 3 1 3 3 1 4 1 4 1 1 1
0 10 4 4 2 1 2 1 5 3 1 5
0 6 4 4 4 3 4 4
0 28 2 4 4 4 1 1 4 3 1 4 3 2 0 2 3 6 2 2 3 3 2 1 2 2 2 6 5 3
0 7 2 4 7 2 1 4 3
0 62 0 1 5 3 2 5 3 2 5 3 1 5 3 2 5 3 1 5 3 1 5 3 1 3 5 3 1 5 3 2 6 5 3 1 5 3 2 5 3 5 5 3 1 2 3 5 3 1 5 3 1 5 3 5 5 3 1 5 3 1 5 3
0 10 4 4 4 4 1 4 1 4 7 4
0 33 2 2 4 4 4 4 7 1 4 3 3 3 2 2 7 5 3 1 5 3 1 5 3 2 5 3 1 2 3 5 3 5 5
0 19 2 4 2 3 1 4 1 4 3 0 1 5 3 1 5 3 2 5 3
0 7 2 4 4 2 1 1 4
0 8 2 2 4 4 4 4 1 1
0 30 0 0 6 3 2 5 3 5 5 3 5 3 3 5 3 2 5 3 1 5 3 5 5 3 1 5 3 1 5 3
0 10 4 4 1 7 7 2 4 4 4 3
0 9 0 7 5 3 1 1 3 3 5
0 27 4 4 2 1 2 1 5 3 1 5 3 5 5 3 2 7 5 3 2 5 3 1 5 3 1 5 3
0 5 4 4 4 3 3
0 18 2 4 4 4 4 3 2 7 2 7 1 0 7 5 3 1 5 3
0 15 2 4 3 1 4 1 4 2 1 4 3 3 2 4 1
0 52 2 4 4 2 3 3 7 7 4 7 2 7 2 2 0 5 3 1 5 3 2 3 6 3 6 3 3 3 5 3 5 5 3 5 5 3 2 1 5 3 2 5 3 5 5 3 1 2 5 3 2 5
0 20 2 2 4 4 4 4 1 1 4 3 3 1 4 3 1 4 1 4 1 4
0 13 4 4 4 4 4 2 2 2 1 5 3 2 5
0 10 0 1 5 3 1 5 3 1 5 3
0 7 4 4 4 4 1 7 7
0 10 4 4 4 4 4 1 7 7 4 4
0 4 4 4 7 3
0 5 2 4 3 1 4
0 6 1 6 0 6 0 6
0 11 2 4 4 1 4 1 4 1 4 3 1
0 4 2 4 4 4
0 30 2 4 4 4 1 1 4 3 1 4 3 2 0 2 3 6 2 2 3 3 2 1 2 2 2 6 5 3 1 5
0 49 2 4 4 2 3 3 7 7 4 7 2 7 2 2 0 5 3 1 5 3 2 3 6 3 6 3 3 3 5 3 5 5 3 5 5 3 2 1 5 3 2 5 3 5 5 3 1 2 5
0 22 2 0 1 5 3 2 5 3 5 5 3 1 1 1 2 5 3 2 5 3 1 5
0 7 2 4 2 3 1 4 1
0 14 2 4 4 4 1 2 1 7 4 4 4 4 7 3
0 35 4 4 2 1 2 1 5 3 1 5 3 5 5 3 2 7 5 3 2 5 3 1 5 3 1 5 3 1 5 3 5 5 3 5 5
0 28 2 4 2 1 7 7 0 3 5 3 2 5 3 5 5 3 1 5 3 1 5 3 1 5 3 5 5 3
0 10 2 4 4 1 7 1 4 3 1 4
0 17 2 2 2 4 4 4 2 7 7 1 0 3 5 3 2 5 3
0 9 2 1 4 1 4 1 4 7 3
0 15 4 2 2 0 1 2 2 3 5 3 1 5 3 5 5
0 10 4 4 4 4 2 7 5 3 1 5
0 31 2 2 2 1 5 3 5 5 3 1 5 3 2 5 3 5 2 6 2 0 5 3 1 5 3 1 5 3 1 5 3
0 33 0 0 6 3 2 5 3 5 5 3 5 3 3 5 3 2 5 3 1 5 3 5 5 3 1 5 3 1 5 3 2 5 3
0 12 4 2 2 4 4 4 1 4 3 1 4 7
0 13 2 4 4 4 4 1 7 1 4 3 1 4 3
0 13 2 4 7 2 1 4 3 1 4 3 1 3 3
0 13 4 4 2 7 1 4 1 4 1 4 1 4 3
0 10 0 0 6 3 2 5 3 5 5 3
0 32 2 4 4 7 7 4 4 4 1 2 2 1 2 3 5 3 2 5 3 2 1 0 5 3 1 5 3 1 5 3 5 5
0 23 2 2 4 4 4 4 7 1 4 3 3 3 2 2 7 5 3 1 5 3 1 5 3
0 7 2 4 1 1 4 4 4
0 30 2 4 4 7 7 4 4 4 1 2 2 1 2 3 5 3 2 5 3 2 1 0 5 3 1 5 3 1 5 3
0 31 2 4 4 4 1 1 4 3 1 4 3 2 0 2 3 6 2 2 3 3 2 1 2 2 2 6 5 3 1 5 3
0 9 4 4 4 7 7 1 4 4 4
0 29 0 0 6 3 2 5 3 5 5 3 5 3 3 5 3 2 5 3 1 5 3 5 5 3 1 5 3 1 5
0 15 2 4 4 1 7 1 4 3 1 4 7 4 4 4 4
0 7 2 4 1 2 4 4 4
0 6 4 1 7 7 4 4
0 8 4 4 4 4 7 3 1 4
0 7 4 4 4 4 7 3 3
0 10 3 3 2 2 4 4 4 4 4 4
0 8 4 4 4 2 2 4 4 4
0 35 1 2 2 0 7 2 5 3 2 5 3 1 5 3 2 5 3 1 5 3 1 5 3 1 5 3 1 2 6 6 2 7 3 5 3
0 14 2 4 4 2 1 1 4 1 4 3 1 4 1 4
0 5 4 4 1 1 1
0 31 2 2 7 2 2 6 3 6 2 2 7 5 3 1 5 3 2 5 3 1 3 5 3 2 5 3 2 5 3 2 5
0 36 2 4 4 4 4 3 2 7 2 7 1 0 7 5 3 1 5 3 1 5 3 2 5 3 2 2 3 2 2 5 3 1 5 3 1 5
0 19 2 0 1 5 3 2 5 3 5 5 3 1 1 1 2 5 3 2 5
0 21 2 4 7 2 1 4 3 1 4 3 1 3 3 1 4 1 4 1 1 1 4
0 15 2 4 4 4 4 2 2 0 5 3 1 5 3 1 5
0 23 2 4 4 2 1 1 4 1 4 3 1 4 1 4 3 3 4 4 4 4 4 3 1
0 28 2 4 4 4 1 2 1 7 4 4 4 4 7 3 3 1 4 3 1 4 2 2 7 7 5 3 2 5
0 3 4 7 1
0 33 4 4 7 3 1 4 3 3 7 2 1 7 4 4 4 1 4 1 1 2 2 0 0 5 3 1 5 3 1 6 2 5 3
0 24 2 1 4 1 4 1 4 7 3 1 4 3 7 2 1 2 5 3 1 5 3 1 5 3
0 27 4 4 2 3 1 4 1 4 3 2 2 2 0 7 6 3 5 3 5 5 3 1 5 3 1 5 3
0 29 2 2 7 2 2 6 3 6 2 2 7 5 3 1 5 3 2 5 3 1 3 5 3 2 5 3 2 5 3
0 13 4 4 4 4 7 2 4 4 4 4 1 7 1
0 7 4 4 4 3 4 4 4
0 18 2 1 4 1 4 1 4 7 3 1 4 3 7 2 1 2 5 3
0 2 7 4
0 11 2 4 4 4 1 2 1 7 4 4 4
0 9 1 2 7 1 1 4 3 4 3
0 10 2 4 4 4 1 1 4 3 1 4
0 31 4 2 1 4 3 1 2 0 3 5 3 1 5 3 1 5 3 2 5 3 5 1 2 6 2 3 5 3 5 3 5
0 7 4 4 4 3 1 4 3
0 10 4 4 4 4 2 7 3 3 1 4
0 6 2 4 4 4 7 7
0 12 2 0 1 3 3 5 3 5 5 3 5 5
0 9 4 7 1 2 4 4 4 1 7
0 19 4 4 4 4 4 1 7 7 4 4 4 7 0 3 5 3 5 5 3
0 10 4 1 7 7 4 4 4 4 2 4
0 43 2 4 4 2 3 3 7 7 4 7 2 7 2 2 0 5 3 1 5 3 2 3 6 3 6 3 3 3 5 3 5 5 3 5 5 3 2 1 5 3 2 5 3
0 20 4 4 4 4 3 1 4 1 4 7 2 1 5 3 2 5 3 1 5 3
0 19 2 4 4 4 4 2 2 0 5 3 1 5 3 1 5 3 5 5 3
0 17 2 4 4 2 3 3 7 7 4 7 2 7 2 2 0 5 3
0 16 4 4 4 4 2 7 5 3 1 5 3 5 5 3 5 5
0 16 2 0 1 3 3 5 3 5 5 3 5 5 3 1 5 3
0 36 2 4 2 1 7 7 0 3 5 3 2 5 3 5 5 3 1 5 3 1 5 3 1 5 3 5 5 3 5 5 3 1 5 3 1 5
0 17 2 0 1 5 3 2 5 3 5 5 3 1 1 1 2 5 3
0 8 2 0 0 6 3 6 5 3
0 8 4 4 4 4 2 7 5 3
0 13 4 4 2 3 4 4 4 4 2 7 2 4 4
0 16 4 4 4 3 1 4 1 4 7 3 1 4 3 3 2 4
0 12 2 2 2 2 3 3 3 3 2 3 5 3
0 18 2 0 1 3 3 5 3 5 5 3 5 5 3 1 5 3 1 5
0 23 4 4 4 4 2 7 5 3 1 5 3 5 5 3 5 5 3 5 5 3 5 5 3
0 6 4 2 1 4 3 1
0 17 2 4 4 2 1 1 4 1 4 3 1 4 1 4 3 3 4
0 6 2 4 4 7 7 4
0 5 3 3 2 2 4
0 4 4 4 1 4
0 7 4 4 4 4 7 3 1
0 17 2 3 3 3 1 4 1 1 2 4 4 4 4 1 3 1 4
0 7 3 3 2 2 4 4 4
0 25 4 4 4 4 4 1 7 7 4 4 4 7 0 3 5 3 5 5 3 5 5 3 2 5 3
0 16 4 4 4 4 3 1 4 1 4 7 2 1 5 3 2 5
0 17 4 2 1 4 3 1 2 0 3 5 3 1 5 3 1 5 3
0 8 4 4 4 1 2 2 1 4
0 12 1 4 3 3 1 2 2 2 2 7 7 5
0 11 2 2 2 4 4 3 1 4 1 4 3
0 23 2 4 7 2 1 4 3 1 4 3 1 3 3 1 4 1 4 1 1 1 4 4 4
0 30 4 4 4 4 3 1 4 1 4 7 2 1 5 3 2 5 3 1 5 3 5 7 5 3 1 5 3 1 5 3
0 22 2 2 2 2 3 3 3 3 2 3 5 3 5 6 3 5 3 1 5 3 2 5
0 70 0 1 5 3 2 5 3 2 5 3 1 5 3 2 5 3 1 5 3 1 5 3 1 3 5 3 1 5 3 2 6 5 3 1 5 3 2 5 3 5 5 3 1 2 3 5 3 1 5 3 1 5 3 5 5 3 1 5 3 1 5 3 1 5 3 1 5 3 2 5
0 3 6 0 6
0 11 4 4 4 2 4 4 4 4 1 4 1
0 13 4 2 4 4 4 1 4 1 4 1 4 1 4
0 19 2 4 4 2 3 3 7 7 4 7 2 7 2 2 0 5 3 1 5
0 13 4 4 4 4 3 1 4 1 4 7 2 1 5
0 6 4 4 4 3 3 3
0 5 4 4 2 2 4
0 9 4 4 4 4 7 2 4 4 4
0 8 4 4 1 7 7 2 4 4
0 12 2 4 4 7 7 7 4 4 7 4 4 4
0 21 2 1 4 1 4 1 4 7 3 1 4 3 7 2 1 2 5 3 1 5 3
0 23 4 4 4 1 1 0 7 5 3 2 5 3 1 3 3 2 3 2 3 2 3 5 3
0 9 2 4 4 4 4 1 7 1 4
0 25 2 2 2 2 3 3 3 3 2 3 5 3 5 6 3 5 3 1 5 3 2 5 3 1 5
0 12 3 3 1 4 1 4 2 2 4 4 4 4
0 9 4 4 4 4 1 4 1 4 7
0 21 4 4 2 3 1 4 1 4 3 2 2 2 0 7 6 3 5 3 5 5 3
0 16 4 4 7 3 1 4 3 3 7 2 1 7 4 4 4 1
0 22 2 2 2 1 5 3 5 5 3 1 5 3 2 5 3 5 2 6 2 0 5 3
0 11 1 2 7 1 1 4 3 4 3 3 3
0 41 0 1 5 3 2 5 3 2 5 3 1 5 3 2 5 3 1 5 3 1 5 3 1 3 5 3 1 5 3 2 6 5 3 1 5 3 2 5 3 5 5
0 46 0 1 5 3 2 5 3 2 5 3 1 5 3 2 5 3 1 5 3 1 5 3 1 3 5 3 1 5 3 2 6 5 3 1 5 3 2 5 3 5 5 3 1 2 3 5
0 14 2 4 3 1 4 1 4 2 1 4 3 3 2 4
0 17 4 4 4 4 3 1 4 1 4 7 2 1 5 3 2 5 3
0 7 4 2 2 4 4 4 1
0 20 0 0 5 3 5 5 3 1 3 5 3 5 5 3 5 5 3 5 5 3
0 2 3 3
0 20 2 2 4 4 4 4 7 1 4 3 3 3 2 2 7 5 3 1 5 3
0 7 2 4 4 7 7 7 4
0 3 4 7 4
0 18 1 4 3 3 1 2 2 2 2 7 7 5 3 5 5 3 5 5
0 11 4 4 4 4 1 4 1 4 7 4 4
0 13 0 0 5 3 5 5 3 1 3 5 3 5 5
0 15 4 2 4 4 4 1 4 1 4 1 4 1 4 4 4
0 42 2 2 4 4 4 4 7 1 4 3 3 3 2 2 7 5 3 1 5 3 1 5 3 2 5 3 1 2 3 5 3 5 5 3 5 3 7 5 3 1 5 3
0 8 4 4 4 3 3 3 1 4
0 28 2 0 0 3 2 2 1 5 3 2 2 2 5 3 5 5 3 1 7 2 2 6 6 5 3 2 5 3
0 9 4 4 4 4 3 1 4 1 4
0 25 4 4 7 3 1 4 3 3 7 2 1 7 4 4 4 1 4 1 1 2 2 0 0 5 3
0 16 4 4 7 7 1 2 4 4 2 4 4 4 4 1 3 3
0 4 4 4 7 4
0 3 0 7 5
0 24 4 4 4 1 4 1 4 7 7 7 2 0 3 2 2 2 5 3 5 5 3 5 5 3
0 9 4 4 4 4 1 4 3 3 3
0 19 4 4 7 3 1 4 3 3 7 2 1 7 4 4 4 1 4 1 1
0 32 4 2 1 1 2 0 1 5 3 1 1 3 5 3 2 5 3 1 5 3 1 1 5 3 1 5 3 1 5 3 5 5
0 14 4 1 4 1 4 7 2 4 4 4 4 3 1 4
0 3 0 0 5
0 6 7 4 4 2 4 4
0 7 2 4 3 1 4 1 4
0 22 4 4 3 3 1 4 1 2 4 4 3 1 4 7 1 4 1 4 3 1 4 7
0 6 2 4 4 1 4 1
0 7 2 2 2 0 0 5 3
0 19 2 4 7 2 1 4 3 1 4 3 1 3 3 1 4 1 4 1 1
0 28 0 1 5 3 2 5 3 2 5 3 1 5 3 2 5 3 1 5 3 1 5 3 1 3 5 3 1 5
0 17 4 4 4 3 1 4 1 4 7 3 1 4 3 3 2 4 4
0 7 1 2 2 0 7 2 5
0 9 4 4 4 4 4 4 4 1 4
0 8 4 4 4 3 1 4 1 4
0 17 4 4 2 1 2 1 5 3 1 5 3 5 5 3 2 7 5
0 12 4 4 4 4 7 2 4 4 4 4 1 7
0 56 0 1 5 3 2 5 3 2 5 3 1 5 3 2 5 3 1 5 3 1 5 3 1 3 5 3 1 5 3 2 6 5 3 1 5 3 2 5 3 5 5 3 1 2 3 5 3 1 5 3 1 5 3 5 5 3
0 8 4 4 4 1 1 0 7 5
0 10 4 4 4 3 4 4 4 4 1 1
0 18 2 4 4 2 1 1 4 1 4 3 1 4 1 4 3 3 4 4
0 26 4 4 2 1 2 1 5 3 1 5 3 5 5 3 2 7 5 3 2 5 3 1 5 3 1 5
0 13 4 4 4 7 2 2 2 2 0 5 3 5 5
0 8 4 4 4 4 3 1 4 3
0 6 2 2 2 4 4 4
0 4 2 2 2 4
0 7 2 2 4 4 4 4 4
0 7 0 1 5 3 1 5 3
0 11 1 2 2 0 7 2 5 3 2 5 3
0 16 2 2 4 4 4 4 1 1 4 3 3 1 4 3 1 4
0 11 4 4 4 3 1 4 1 4 7 3 1
0 25 2 4 4 4 7 7 0 0 5 3 1 5 3 1 5 3 1 5 3 2 5 3 1 5 3
0 17 4 4 4 3 4 4 4 4 1 1 4 3 1 4 1 4 4
0 12 2 4 1 1 4 4 4 4 7 3 1 4
0 6 4 1 7 7 4 1
0 8 4 4 4 4 2 1 4 4
