314 8
1 0 
1 24 2 6 2 2 6 2 2 6 2 2 6 2 2 6 2 3 7 5 7 0 0 0 6 5
1 53 7 5 1 5 1 0 7 5 1 5 1 0 6 5 1 5 1 5 1 0 7 5 1 5 1 5 1 0 6 5 1 5 1 5 1 5 1 5 1 0 7 4 4 4 4 0 0 0 0 0 6 5 5
1 22 6 7 5 1 5 1 5 1 5 1 0 0 2 5 2 5 2 5 4 4 4 3
1 81 2 6 2 2 6 2 3 7 7 4 4 4 4 4 4 4 4 4 4 4 0 0 0 0 5 7 5 1 5 1 5 1 0 4 2 5 1 5 1 0 6 5 1 5 1 5 1 5 1 0 1 2 5 1 5 1 5 1 0 7 4 4 0 0 4 2 5 1 0 6 5 1 5 1 5 1 0 4 4 4 7
1 24 6 5 1 5 1 0 1 2 5 1 0 6 0 7 5 1 5 1 5 1 0 7 4 3
1 1 5
1 13 6 2 6 2 2 6 2 3 7 7 7 0 6
1 86 6 5 4 2 5 1 5 1 0 4 2 0 7 5 1 0 7 4 0 0 0 3 7 7 7 7 7 5 1 5 1 0 7 0 1 2 5 1 5 1 0 6 5 1 5 1 5 1 0 7 5 1 5 1 5 1 5 1 5 1 0 7 4 0 0 0 0 2 6 2 2 6 2 2 6 2 2 6 2 3 7 5 0 0 0 7
1 48 2 6 2 2 6 2 2 6 2 2 6 2 2 6 2 3 7 7 0 0 6 6 6 3 2 6 2 2 6 2 2 6 2 2 6 2 2 6 2 3 7 5 7 3 6 6 6 6
1 17 5 1 3 7 5 0 6 6 6 6 6 0 3 7 7 7 0
1 17 2 6 2 2 6 2 3 7 7 7 0 6 5 6 6 1 1
1 16 6 5 2 6 2 2 6 2 3 7 5 6 6 0 0 0
1 75 2 6 2 3 7 7 0 0 6 0 0 0 6 5 1 5 1 5 1 0 7 5 1 5 1 0 1 2 5 1 5 1 0 1 2 0 6 5 1 5 1 5 1 0 0 0 0 0 4 4 4 4 0 7 5 1 5 1 0 7 3 6 5 2 5 2 5 2 5 2 5 4 4 4 7
1 30 7 5 1 5 1 5 1 5 1 0 7 5 1 5 1 5 1 5 1 5 1 0 0 0 0 4 4 4 4 4
1 71 6 6 5 7 5 1 5 1 5 1 5 1 5 1 0 7 5 1 5 1 0 7 5 1 5 1 5 1 0 4 2 5 1 5 1 5 1 0 7 5 1 5 1 5 1 0 0 0 0 2 5 0 0 0 0 0 2 6 2 2 6 2 2 6 2 3 7 7 6 6 3
1 69 6 5 1 5 1 0 7 4 3 2 6 2 3 7 7 6 6 0 0 0 0 0 6 5 1 5 1 5 1 5 1 5 1 0 6 5 1 5 1 0 7 5 1 5 1 5 1 5 1 0 2 5 4 4 4 4 4 3 6 0 7 0 2 5 2 5 0 7 6
1 26 2 6 2 2 6 2 2 6 2 3 7 7 6 6 6 6 6 6 0 6 6 6 6 3 6 5
1 49 4 2 5 1 5 1 5 1 0 7 5 1 0 7 5 1 0 6 5 1 5 1 5 1 0 7 5 1 5 1 5 1 5 1 0 2 5 4 4 4 0 0 0 0 6 1 1 6 1
1 4 7 3 6 5
1 33 6 5 1 5 1 5 1 0 7 5 1 5 1 5 1 0 7 5 1 0 7 5 1 0 7 5 1 5 1 0 7 4 0
1 90 1 2 5 1 5 1 0 6 5 1 0 6 5 1 5 1 0 6 5 1 5 1 5 1 5 1 5 1 0 7 5 1 5 1 5 1 0 2 5 0 2 5 0 4 4 3 1 2 5 1 0 4 2 5 1 5 1 0 7 0 7 5 1 5 1 5 1 5 1 0 1 2 5 1 5 1 5 1 0 0 2 5 0 0 0 4 4 4 4 7
1 15 3 7 5 4 4 4 4 4 4 4 4 0 0 6 5
1 67 6 5 1 5 1 5 1 0 4 2 5 1 5 1 5 1 0 7 5 1 5 1 5 1 5 1 5 1 0 4 2 5 1 5 1 5 1 5 1 5 1 0 7 5 1 5 1 5 1 5 1 5 1 0 7 4 4 4 7 6 4 4 4 4 7 6 5
1 3 1 6 6
1 7 6 5 3 3 7 7 7
1 34 6 1 6 6 7 5 1 5 1 5 1 5 1 5 1 0 6 5 1 5 1 5 1 0 2 5 2 5 0 4 4 4 0 0
1 92 7 4 4 4 4 0 0 0 0 6 6 5 1 5 1 5 1 0 1 2 5 1 5 1 5 1 5 1 0 7 4 4 4 4 4 6 5 1 5 1 5 1 5 1 5 1 0 1 2 0 6 5 1 5 1 5 1 5 1 0 7 5 1 5 1 5 1 0 4 2 5 1 5 1 0 0 0 4 4 7 2 6 2 3 7 5 0 6 6 6 6 3
1 15 0 0 0 2 5 2 5 4 4 4 4 7 5 6 5
1 49 1 1 1 1 6 6 5 1 5 1 5 1 0 6 5 1 5 1 5 1 5 1 0 7 5 1 5 1 5 1 0 7 0 7 5 1 5 1 5 1 0 7 4 4 4 4 0 0 5
0 52 2 6 2 3 7 5 0 0 0 7 0 6 5 1 5 1 0 7 5 1 5 1 5 1 5 1 5 1 0 0 2 5 0 4 4 4 4 4 0 0 6 4 4 4 4 4 3 2 6 2 2 6
0 11 6 2 6 2 2 6 2 2 6 2 3
0 49 7 5 1 5 1 0 7 5 1 5 1 5 1 5 1 5 1 0 7 5 1 0 2 5 2 5 2 5 0 0 0 0 0 6 1 1 6 6 2 6 2 2 6 2 2 6 2 2 6
0 36 6 2 6 2 2 6 2 2 6 2 2 6 2 2 6 2 3 7 5 7 3 6 2 6 2 2 6 2 2 6 2 2 6 2 3 7
0 34 6 2 6 2 3 7 7 6 4 4 0 0 1 2 5 1 0 7 0 0 4 4 4 2 6 2 2 6 2 2 6 2 2 6
0 3 6 5 2
0 33 6 2 6 2 3 7 7 6 4 4 0 0 1 2 5 1 0 7 0 0 4 4 4 2 6 2 2 6 2 2 6 2 2
0 6 6 2 6 2 3 7
0 6 6 5 2 6 2 2
0 35 7 5 1 5 1 5 1 0 7 5 1 5 1 5 1 0 4 2 5 1 0 7 5 1 5 1 0 7 4 4 4 4 7 2 6
0 7 2 6 2 2 6 2 3
0 11 6 2 6 2 2 6 2 2 6 2 2
0 31 1 2 5 1 5 1 5 1 5 1 5 1 0 4 2 5 1 5 1 0 4 2 5 1 0 4 4 4 3 6 2
0 13 2 6 2 2 6 2 2 6 2 2 6 2 2
0 54 7 5 1 5 1 0 7 5 1 5 1 5 1 5 1 5 1 0 7 5 1 0 2 5 2 5 2 5 0 0 0 0 0 6 1 1 6 6 2 6 2 2 6 2 2 6 2 2 6 2 2 6 2 3
0 12 5 2 6 2 2 6 2 2 6 2 2 6
0 14 6 7 4 0 0 2 6 2 2 6 2 2 6 2
0 14 6 2 6 2 2 6 2 2 6 2 2 6 2 2
0 53 2 6 2 3 7 5 0 0 0 7 0 6 5 1 5 1 0 7 5 1 5 1 5 1 5 1 5 1 0 0 2 5 0 4 4 4 4 4 0 0 6 4 4 4 4 4 3 2 6 2 2 6 2
0 33 1 2 5 1 5 1 5 1 5 1 5 1 0 4 2 5 1 5 1 0 4 2 5 1 0 4 4 4 3 6 2 6 2
0 10 6 6 5 1 0 6 0 2 5 2
0 8 7 4 4 4 0 0 1 2
0 8 6 1 2 6 2 2 6 2
0 27 6 2 6 2 3 7 7 6 4 4 0 0 1 2 5 1 0 7 0 0 4 4 4 2 6 2 2
0 40 6 2 6 2 3 7 7 6 4 4 0 0 1 2 5 1 0 7 0 0 4 4 4 2 6 2 2 6 2 2 6 2 2 6 2 2 6 2 3 7
0 5 6 1 2 6 2
0 25 6 2 6 2 3 7 7 6 4 4 0 0 1 2 5 1 0 7 0 0 4 4 4 2 6
0 4 6 5 2 6
0 16 5 2 6 2 2 6 2 2 6 2 2 6 2 2 6 2
0 8 6 6 5 1 0 6 0 2
0 17 6 6 1 2 6 2 2 6 2 2 6 2 2 6 2 3 7
0 53 7 5 1 5 1 0 7 5 1 5 1 5 1 5 1 5 1 0 7 5 1 0 2 5 2 5 2 5 0 0 0 0 0 6 1 1 6 6 2 6 2 2 6 2 2 6 2 2 6 2 2 6 2
0 14 6 6 1 2 6 2 2 6 2 2 6 2 2 6
0 9 6 7 4 0 0 2 6 2 2
0 5 5 2 6 2 2
0 13 6 2 6 2 2 6 2 3 7 7 7 5 2
0 41 4 2 0 7 5 1 5 1 5 1 5 1 0 6 0 4 4 7 5 4 2 5 1 5 1 0 7 0 7 5 1 5 1 5 1 5 1 5 1 0 2
0 16 6 7 4 0 0 2 6 2 2 6 2 2 6 2 2 6
0 71 4 2 0 6 5 1 0 4 2 5 1 5 1 0 6 5 1 5 1 5 1 5 1 0 7 5 1 5 1 5 1 0 7 4 4 4 0 0 0 0 0 2 6 2 2 6 2 3 7 5 4 4 6 6 4 4 4 4 4 4 4 0 0 0 2 6 2 2 6 2 2
0 46 7 5 1 5 1 5 1 0 7 5 1 5 1 5 1 0 4 2 5 1 0 7 5 1 5 1 0 7 4 4 4 4 7 2 6 2 2 6 2 2 6 2 2 6 2 3
0 40 7 5 1 5 1 0 7 5 1 5 1 5 1 5 1 5 1 0 7 5 1 0 2 5 2 5 2 5 0 0 0 0 0 6 1 1 6 6 2 6
0 54 2 6 2 3 7 5 0 0 0 7 0 6 5 1 5 1 0 7 5 1 5 1 5 1 5 1 5 1 0 0 2 5 0 4 4 4 4 4 0 0 6 4 4 4 4 4 3 2 6 2 2 6 2 2
0 19 6 7 4 0 0 2 6 2 2 6 2 2 6 2 2 6 2 3 7
0 55 7 5 1 5 1 0 7 5 1 5 1 5 1 5 1 5 1 0 7 5 1 0 2 5 2 5 2 5 0 0 0 0 0 6 1 1 6 6 2 6 2 2 6 2 2 6 2 2 6 2 2 6 2 3 7
0 29 6 2 6 2 2 6 2 2 6 2 2 6 2 2 6 2 3 7 5 7 3 6 2 6 2 2 6 2 2
0 11 5 2 6 2 2 6 2 2 6 2 2
0 69 4 2 0 6 5 1 0 4 2 5 1 5 1 0 6 5 1 5 1 5 1 5 1 0 7 5 1 5 1 5 1 0 7 4 4 4 0 0 0 0 0 2 6 2 2 6 2 3 7 5 4 4 6 6 4 4 4 4 4 4 4 0 0 0 2 6 2 2 6
0 6 6 7 4 0 0 2
0 5 6 2 6 2 2
0 12 6 6 1 2 6 2 2 6 2 2 6 2
0 19 6 2 6 2 2 6 2 3 7 7 7 5 2 6 2 2 6 2 3
0 27 7 5 1 5 1 0 7 5 1 5 1 5 1 5 1 5 1 0 7 5 1 0 2 5 2 5 2
0 12 6 2 6 2 2 6 2 2 6 2 3 7
0 26 5 2 6 2 2 6 2 2 6 2 2 6 2 2 6 2 3 7 5 7 3 2 6 2 2 6
0 22 5 2 6 2 2 6 2 2 6 2 2 6 2 2 6 2 3 7 5 7 3 2
0 10 6 1 2 6 2 2 6 2 2 6
0 12 2 6 2 2 6 2 2 6 2 2 6 2
0 49 6 5 6 5 1 5 1 5 1 5 1 5 1 0 4 2 5 1 5 1 5 1 5 1 0 7 5 1 5 1 5 1 5 1 0 6 5 1 5 1 5 1 5 1 5 1 0 4 2
0 39 6 2 6 2 3 7 7 6 4 4 0 0 1 2 5 1 0 7 0 0 4 4 4 2 6 2 2 6 2 2 6 2 2 6 2 2 6 2 3
0 13 6 6 1 2 6 2 2 6 2 2 6 2 2
0 40 6 5 2 6 2 2 6 2 2 6 2 2 6 2 2 6 2 3 7 5 0 0 0 0 0 6 5 4 2 5 1 5 1 0 6 5 1 0 4 2
0 7 6 2 6 2 2 6 2
0 11 6 1 2 6 2 2 6 2 2 6 2
0 35 6 2 6 2 2 6 2 2 6 2 2 6 2 2 6 2 3 7 5 7 3 6 2 6 2 2 6 2 2 6 2 2 6 2 3
0 38 6 2 6 2 3 7 7 6 4 4 0 0 1 2 5 1 0 7 0 0 4 4 4 2 6 2 2 6 2 2 6 2 2 6 2 2 6 2
0 14 6 2 6 2 2 6 2 2 6 2 2 6 2 3
0 61 2 6 2 3 7 5 0 0 0 7 0 6 5 1 5 1 0 7 5 1 5 1 5 1 5 1 5 1 0 0 2 5 0 4 4 4 4 4 0 0 6 4 4 4 4 4 3 2 6 2 2 6 2 2 6 2 2 6 2 2 6
0 9 6 5 2 6 2 2 6 2 2
0 59 2 6 2 3 7 5 0 0 0 7 0 6 5 1 5 1 0 7 5 1 5 1 5 1 5 1 5 1 0 0 2 5 0 4 4 4 4 4 0 0 6 4 4 4 4 4 3 2 6 2 2 6 2 2 6 2 2 6 2
0 4 6 6 1 2
0 10 6 2 6 2 2 6 2 2 6 2
0 15 1 2 5 1 5 1 5 1 5 1 5 1 0 4 2
0 30 6 2 6 2 2 6 2 2 6 2 2 6 2 2 6 2 3 7 5 7 3 6 2 6 2 2 6 2 2 6
0 16 6 5 6 5 1 5 1 5 1 5 1 5 1 0 4 2
0 11 2 6 2 2 6 2 2 6 2 2 6
0 15 6 2 6 2 2 6 2 2 6 2 2 6 2 3 7
0 50 2 6 2 3 7 5 0 0 0 7 0 6 5 1 5 1 0 7 5 1 5 1 5 1 5 1 5 1 0 0 2 5 0 4 4 4 4 4 0 0 6 4 4 4 4 4 3 2 6 2
0 14 2 6 2 2 6 2 2 6 2 2 6 2 3 7
0 45 7 5 1 5 1 5 1 0 7 5 1 5 1 5 1 0 4 2 5 1 0 7 5 1 5 1 0 7 4 4 4 4 7 2 6 2 2 6 2 2 6 2 2 6 2
0 36 7 5 1 5 1 5 1 0 7 5 1 5 1 5 1 0 4 2 5 1 0 7 5 1 5 1 0 7 4 4 4 4 7 2 6 2
0 14 6 2 6 2 3 7 7 6 4 4 0 0 1 2
0 12 6 5 2 6 2 2 6 2 2 6 2 2
0 10 6 5 2 6 2 2 6 2 2 6
0 14 6 2 6 2 2 6 2 3 7 7 7 5 2 6
0 4 2 6 2 3
0 51 7 5 1 5 1 0 7 5 1 5 1 5 1 5 1 5 1 0 7 5 1 0 2 5 2 5 2 5 0 0 0 0 0 6 1 1 6 6 2 6 2 2 6 2 2 6 2 2 6 2 2
0 8 2 6 2 2 6 2 3 7
0 13 6 5 2 6 2 2 6 2 2 6 2 2 6
0 10 6 6 1 2 6 2 2 6 2 2
0 27 6 2 6 2 2 6 2 2 6 2 2 6 2 2 6 2 3 7 5 7 3 6 2 6 2 2 6
0 4 2 6 2 2
0 11 2 6 2 2 6 2 2 6 2 3 7
0 18 6 2 6 2 2 6 2 2 6 2 2 6 2 2 6 2 3 7
0 73 4 2 0 6 5 1 0 4 2 5 1 5 1 0 6 5 1 5 1 5 1 5 1 0 7 5 1 5 1 5 1 0 7 4 4 4 0 0 0 0 0 2 6 2 2 6 2 3 7 5 4 4 6 6 4 4 4 4 4 4 4 0 0 0 2 6 2 2 6 2 2 6 2
0 29 6 2 6 2 3 7 7 6 4 4 0 0 1 2 5 1 0 7 0 0 4 4 4 2 6 2 2 6 2
0 67 4 2 0 6 5 1 0 4 2 5 1 5 1 0 6 5 1 5 1 5 1 5 1 0 7 5 1 5 1 5 1 0 7 4 4 4 0 0 0 0 0 2 6 2 2 6 2 3 7 5 4 4 6 6 4 4 4 4 4 4 4 0 0 0 2 6 2
0 8 5 2 6 2 2 6 2 2
0 3 5 2 6
0 44 7 5 1 5 1 0 7 5 1 5 1 5 1 5 1 5 1 0 7 5 1 0 2 5 2 5 2 5 0 0 0 0 0 6 1 1 6 6 2 6 2 2 6 2
0 12 6 1 2 6 2 2 6 2 2 6 2 3
0 18 5 2 6 2 2 6 2 2 6 2 2 6 2 2 6 2 3 7
0 37 6 2 6 2 3 7 7 6 4 4 0 0 1 2 5 1 0 7 0 0 4 4 4 2 6 2 2 6 2 2 6 2 2 6 2 2 6
0 72 6 5 6 5 1 5 1 5 1 5 1 5 1 0 4 2 5 1 5 1 5 1 5 1 0 7 5 1 5 1 5 1 5 1 0 6 5 1 5 1 5 1 5 1 5 1 0 4 2 0 7 4 4 4 4 3 6 5 7 5 1 5 1 5 1 5 1 5 1 0 1 2
0 49 4 2 0 6 5 1 0 4 2 5 1 5 1 0 6 5 1 5 1 5 1 5 1 0 7 5 1 5 1 5 1 0 7 4 4 4 0 0 0 0 0 2 6 2 2 6 2 3 7
0 70 4 2 0 6 5 1 0 4 2 5 1 5 1 0 6 5 1 5 1 5 1 5 1 0 7 5 1 5 1 5 1 0 7 4 4 4 0 0 0 0 0 2 6 2 2 6 2 3 7 5 4 4 6 6 4 4 4 4 4 4 4 0 0 0 2 6 2 2 6 2
0 42 7 5 1 5 1 0 7 5 1 5 1 5 1 5 1 5 1 0 7 5 1 0 2 5 2 5 2 5 0 0 0 0 0 6 1 1 6 6 2 6 2 2
0 24 6 2 6 2 2 6 2 2 6 2 2 6 2 2 6 2 3 7 5 7 3 6 2 6
0 28 6 2 6 2 3 7 7 6 4 4 0 0 1 2 5 1 0 7 0 0 4 4 4 2 6 2 2 6
0 49 2 6 2 3 7 5 0 0 0 7 0 6 5 1 5 1 0 7 5 1 5 1 5 1 5 1 5 1 0 0 2 5 0 4 4 4 4 4 0 0 6 4 4 4 4 4 3 2 6
0 16 7 5 1 0 7 5 1 5 1 5 1 5 1 0 4 2
0 13 2 6 2 2 6 2 2 6 2 2 6 2 3
0 7 6 1 2 6 2 2 6
0 56 2 6 2 3 7 5 0 0 0 7 0 6 5 1 5 1 0 7 5 1 5 1 5 1 5 1 5 1 0 0 2 5 0 4 4 4 4 4 0 0 6 4 4 4 4 4 3 2 6 2 2 6 2 2 6 2
0 15 6 7 4 0 0 2 6 2 2 6 2 2 6 2 2
0 8 6 2 6 2 2 6 2 2
0 5 6 5 2 6 2
0 8 1 1 6 6 7 0 1 2
0 34 7 5 1 5 1 5 1 0 7 5 1 5 1 5 1 0 4 2 5 1 0 7 5 1 5 1 0 7 4 4 4 4 7 2
0 11 6 5 2 6 2 2 6 2 2 6 2
0 50 7 5 1 5 1 0 7 5 1 5 1 5 1 5 1 5 1 0 7 5 1 0 2 5 2 5 2 5 0 0 0 0 0 6 1 1 6 6 2 6 2 2 6 2 2 6 2 2 6 2
0 11 6 6 1 2 6 2 2 6 2 2 6
0 9 5 2 6 2 2 6 2 2 6
0 9 2 6 2 2 6 2 2 6 2
0 16 6 6 1 2 6 2 2 6 2 2 6 2 2 6 2 3
0 25 5 2 6 2 2 6 2 2 6 2 2 6 2 2 6 2 3 7 5 7 3 2 6 2 2
0 13 6 5 2 6 2 2 6 2 2 6 2 3 7
0 54 7 5 1 5 1 5 1 0 7 5 1 5 1 5 1 0 4 2 5 1 0 7 5 1 5 1 0 7 4 4 4 4 7 2 6 2 2 6 2 2 6 2 2 6 2 3 7 7 0 7 6 6 1 2
0 16 6 2 6 2 2 6 2 3 7 7 7 5 2 6 2 2
0 46 4 2 0 6 5 1 0 4 2 5 1 5 1 0 6 5 1 5 1 5 1 5 1 0 7 5 1 5 1 5 1 0 7 4 4 4 0 0 0 0 0 2 6 2 2 6
0 17 6 7 4 0 0 2 6 2 2 6 2 2 6 2 2 6 2
0 62 2 6 2 3 7 5 0 0 0 7 0 6 5 1 5 1 0 7 5 1 5 1 5 1 5 1 5 1 0 0 2 5 0 4 4 4 4 4 0 0 6 4 4 4 4 4 3 2 6 2 2 6 2 2 6 2 2 6 2 2 6 2
0 1 2
0 25 7 5 1 5 1 0 7 5 1 5 1 5 1 5 1 5 1 0 7 5 1 0 2 5 2
0 31 2 6 2 3 7 5 0 0 0 7 0 6 5 1 5 1 0 7 5 1 5 1 5 1 5 1 5 1 0 0 2
0 43 7 5 1 5 1 0 7 5 1 5 1 5 1 5 1 5 1 0 7 5 1 0 2 5 2 5 2 5 0 0 0 0 0 6 1 1 6 6 2 6 2 2 6
0 15 6 2 6 2 2 6 2 3 7 7 7 5 2 6 2
0 20 6 2 6 2 2 6 2 3 7 7 7 5 2 6 2 2 6 2 3 7
0 10 5 2 6 2 2 6 2 2 6 2
0 9 6 1 2 6 2 2 6 2 2
0 7 6 7 4 0 0 2 6
0 22 7 5 1 5 1 5 1 0 7 0 7 0 7 5 1 5 1 5 1 0 4 2
0 24 5 2 6 2 2 6 2 2 6 2 2 6 2 2 6 2 3 7 5 7 3 2 6 2
0 35 1 2 5 1 5 1 5 1 5 1 5 1 0 4 2 5 1 5 1 0 4 2 5 1 0 4 4 4 3 6 2 6 2 2 6
0 15 5 2 6 2 2 6 2 2 6 2 2 6 2 2 6
0 42 7 5 1 5 1 5 1 0 7 5 1 5 1 5 1 0 4 2 5 1 0 7 5 1 5 1 0 7 4 4 4 4 7 2 6 2 2 6 2 2 6 2
0 2 6 2
0 7 6 6 1 2 6 2 2
0 17 6 5 2 6 2 2 6 2 2 6 2 2 6 2 2 6 2
0 16 2 6 2 2 6 2 2 6 2 2 6 2 2 6 2 3
0 13 6 2 6 2 2 6 2 2 6 2 2 6 2
0 44 7 5 1 5 1 5 1 0 7 5 1 5 1 5 1 0 4 2 5 1 0 7 5 1 5 1 0 7 4 4 4 4 7 2 6 2 2 6 2 2 6 2 2 6
0 18 6 7 4 0 0 2 6 2 2 6 2 2 6 2 2 6 2 3
0 2 5 2
0 6 5 2 5 0 0 2
0 60 2 6 2 3 7 5 0 0 0 7 0 6 5 1 5 1 0 7 5 1 5 1 5 1 5 1 5 1 0 0 2 5 0 4 4 4 4 4 0 0 6 4 4 4 4 4 3 2 6 2 2 6 2 2 6 2 2 6 2 2
0 19 6 5 2 6 2 2 6 2 2 6 2 2 6 2 2 6 2 3 7
0 9 4 2 0 6 5 1 0 4 2
0 23 6 2 6 2 2 6 2 2 6 2 2 6 2 2 6 2 3 7 5 7 3 6 2
0 45 4 2 0 6 5 1 0 4 2 5 1 5 1 0 6 5 1 5 1 5 1 5 1 0 7 5 1 5 1 5 1 0 7 4 4 4 0 0 0 0 0 2 6 2 2
0 10 6 7 4 0 0 2 6 2 2 6
0 22 1 2 5 1 5 1 5 1 5 1 5 1 0 4 2 5 1 5 1 0 4 2
0 16 6 6 6 7 5 1 5 1 0 7 5 1 5 1 0 2
0 8 6 7 4 0 0 2 6 2
0 6 5 2 6 2 2 6
0 43 4 2 0 6 5 1 0 4 2 5 1 5 1 0 6 5 1 5 1 5 1 5 1 0 7 5 1 5 1 5 1 0 7 4 4 4 0 0 0 0 0 2 6
0 36 6 2 6 2 3 7 7 6 4 4 0 0 1 2 5 1 0 7 0 0 4 4 4 2 6 2 2 6 2 2 6 2 2 6 2 2
0 37 7 5 1 5 1 5 1 0 7 5 1 5 1 5 1 0 4 2 5 1 0 7 5 1 5 1 0 7 4 4 4 4 7 2 6 2 2
0 37 1 2 5 1 5 1 5 1 5 1 5 1 0 4 2 5 1 5 1 0 4 2 5 1 0 4 4 4 3 6 2 6 2 2 6 2 3
0 41 7 5 1 5 1 5 1 0 7 5 1 5 1 5 1 0 4 2 5 1 0 7 5 1 5 1 0 7 4 4 4 4 7 2 6 2 2 6 2 2 6
0 75 4 2 0 6 5 1 0 4 2 5 1 5 1 0 6 5 1 5 1 5 1 5 1 0 7 5 1 5 1 5 1 0 7 4 4 4 0 0 0 0 0 2 6 2 2 6 2 3 7 5 4 4 6 6 4 4 4 4 4 4 4 0 0 0 2 6 2 2 6 2 2 6 2 3 7
0 17 5 2 6 2 2 6 2 2 6 2 2 6 2 2 6 2 3
0 39 7 5 1 5 1 0 7 5 1 5 1 5 1 5 1 5 1 0 7 5 1 0 2 5 2 5 2 5 0 0 0 0 0 6 1 1 6 6 2
0 45 7 4 4 4 0 0 1 2 5 1 5 1 5 1 5 1 5 1 0 7 5 1 0 6 0 6 5 1 5 1 5 1 5 1 0 0 0 4 4 4 4 4 7 1 2
0 47 4 2 0 6 5 1 0 4 2 5 1 5 1 0 6 5 1 5 1 5 1 5 1 0 7 5 1 5 1 5 1 0 7 4 4 4 0 0 0 0 0 2 6 2 2 6 2
0 3 2 6 2
0 36 1 2 5 1 5 1 5 1 5 1 5 1 0 4 2 5 1 5 1 0 4 2 5 1 0 4 4 4 3 6 2 6 2 2 6 2
0 57 2 6 2 3 7 5 0 0 0 7 0 6 5 1 5 1 0 7 5 1 5 1 5 1 5 1 5 1 0 0 2 5 0 4 4 4 4 4 0 0 6 4 4 4 4 4 3 2 6 2 2 6 2 2 6 2 2
0 23 7 5 1 5 1 0 7 5 1 5 1 5 1 5 1 5 1 0 7 5 1 0 2
0 28 6 2 6 2 2 6 2 2 6 2 2 6 2 2 6 2 3 7 5 7 3 6 2 6 2 2 6 2
0 34 6 2 6 2 2 6 2 2 6 2 2 6 2 2 6 2 3 7 5 7 3 6 2 6 2 2 6 2 2 6 2 2 6 2
0 6 2 6 2 2 6 2
0 9 6 2 6 2 2 6 2 2 6
0 48 4 2 0 6 5 1 0 4 2 5 1 5 1 0 6 5 1 5 1 5 1 5 1 0 7 5 1 5 1 5 1 0 7 4 4 4 0 0 0 0 0 2 6 2 2 6 2 3
0 15 2 6 2 2 6 2 2 6 2 2 6 2 2 6 2
0 75 7 5 1 5 1 5 1 0 7 5 1 5 1 5 1 0 4 2 5 1 0 7 5 1 5 1 0 7 4 4 4 4 7 2 6 2 2 6 2 2 6 2 2 6 2 3 7 7 0 7 6 6 1 2 5 1 5 1 0 4 2 5 1 5 1 0 4 2 5 1 5 1 0 0 2
0 51 2 6 2 3 7 5 0 0 0 7 0 6 5 1 5 1 0 7 5 1 5 1 5 1 5 1 5 1 0 0 2 5 0 4 4 4 4 4 0 0 6 4 4 4 4 4 3 2 6 2 2
0 14 5 2 6 2 2 6 2 2 6 2 2 6 2 2
0 47 7 5 1 5 1 0 7 5 1 5 1 5 1 5 1 5 1 0 7 5 1 0 2 5 2 5 2 5 0 0 0 0 0 6 1 1 6 6 2 6 2 2 6 2 2 6 2
0 24 6 2 6 2 3 7 7 6 4 4 0 0 1 2 5 1 0 7 0 0 4 4 4 2
0 5 6 2 6 2 3
0 61 7 5 1 5 1 5 1 0 7 5 1 5 1 5 1 0 4 2 5 1 0 7 5 1 5 1 0 7 4 4 4 4 7 2 6 2 2 6 2 2 6 2 2 6 2 3 7 7 0 7 6 6 1 2 5 1 5 1 0 4 2
0 55 2 6 2 3 7 5 0 0 0 7 0 6 5 1 5 1 0 7 5 1 5 1 5 1 5 1 5 1 0 0 2 5 0 4 4 4 4 4 0 0 6 4 4 4 4 4 3 2 6 2 2 6 2 2 6
0 25 6 5 2 6 2 2 6 2 2 6 2 3 7 7 7 0 0 7 5 1 5 1 0 4 2
0 12 6 2 6 2 2 6 2 2 6 2 2 6
0 12 6 5 2 6 2 2 6 2 2 6 2 3
0 48 2 6 2 3 7 5 0 0 0 7 0 6 5 1 5 1 0 7 5 1 5 1 5 1 5 1 5 1 0 0 2 5 0 4 4 4 4 4 0 0 6 4 4 4 4 4 3 2
0 5 2 6 2 2 6
0 32 6 2 6 2 2 6 2 2 6 2 2 6 2 2 6 2 3 7 5 7 3 6 2 6 2 2 6 2 2 6 2 2
0 30 6 2 6 2 3 7 7 6 4 4 0 0 1 2 5 1 0 7 0 0 4 4 4 2 6 2 2 6 2 2
0 31 6 2 6 2 2 6 2 2 6 2 2 6 2 2 6 2 3 7 5 7 3 6 2 6 2 2 6 2 2 6 2
0 2 4 2
0 4 5 2 6 2
0 48 7 5 1 5 1 0 7 5 1 5 1 5 1 5 1 5 1 0 7 5 1 0 2 5 2 5 2 5 0 0 0 0 0 6 1 1 6 6 2 6 2 2 6 2 2 6 2 2
0 8 6 6 1 2 6 2 2 6
0 64 2 6 2 3 7 5 0 0 0 7 0 6 5 1 5 1 0 7 5 1 5 1 5 1 5 1 5 1 0 0 2 5 0 4 4 4 4 4 0 0 6 4 4 4 4 4 3 2 6 2 2 6 2 2 6 2 2 6 2 2 6 2 3 7
0 6 6 2 6 2 2 6
0 28 5 2 6 2 2 6 2 2 6 2 2 6 2 2 6 2 3 7 5 7 3 2 6 2 2 6 2 3
0 12 6 6 5 1 0 6 0 2 5 2 5 2
0 10 2 6 2 2 6 2 2 6 2 3
0 23 5 2 6 2 2 6 2 2 6 2 2 6 2 2 6 2 3 7 5 7 3 2 6
0 52 7 5 1 5 1 0 7 5 1 5 1 5 1 5 1 5 1 0 7 5 1 0 2 5 2 5 2 5 0 0 0 0 0 6 1 1 6 6 2 6 2 2 6 2 2 6 2 2 6 2 2 6
0 74 4 2 0 6 5 1 0 4 2 5 1 5 1 0 6 5 1 5 1 5 1 5 1 0 7 5 1 5 1 5 1 0 7 4 4 4 0 0 0 0 0 2 6 2 2 6 2 3 7 5 4 4 6 6 4 4 4 4 4 4 4 0 0 0 2 6 2 2 6 2 2 6 2 3
0 46 7 5 1 5 1 0 7 5 1 5 1 5 1 5 1 5 1 0 7 5 1 0 2 5 2 5 2 5 0 0 0 0 0 6 1 1 6 6 2 6 2 2 6 2 2 6
0 2 2 6
0 14 2 6 2 2 6 2 2 6 2 2 6 2 2 6
0 44 4 2 0 6 5 1 0 4 2 5 1 5 1 0 6 5 1 5 1 5 1 5 1 0 7 5 1 5 1 5 1 0 7 4 4 4 0 0 0 0 0 2 6 2
0 16 6 5 2 6 2 2 6 2 2 6 2 2 6 2 2 6
0 26 6 2 6 2 3 7 7 6 4 4 0 0 1 2 5 1 0 7 0 0 4 4 4 2 6 2
0 33 6 2 6 2 2 6 2 2 6 2 2 6 2 2 6 2 3 7 5 7 3 6 2 6 2 2 6 2 2 6 2 2 6
0 13 6 1 2 6 2 2 6 2 2 6 2 3 7
0 3 6 1 2
0 38 7 5 1 5 1 5 1 0 7 5 1 5 1 5 1 0 4 2 5 1 0 7 5 1 5 1 0 7 4 4 4 4 7 2 6 2 2 6
0 25 6 2 6 2 2 6 2 2 6 2 2 6 2 2 6 2 3 7 5 7 3 6 2 6 2
0 15 6 5 2 6 2 2 6 2 2 6 2 2 6 2 2
0 45 7 5 1 5 1 0 7 5 1 5 1 5 1 5 1 5 1 0 7 5 1 0 2 5 2 5 2 5 0 0 0 0 0 6 1 1 6 6 2 6 2 2 6 2 2
0 8 6 5 2 6 2 2 6 2
0 9 6 6 1 2 6 2 2 6 2
0 4 6 2 6 2
0 18 6 2 6 2 2 6 2 3 7 7 7 5 2 6 2 2 6 2
0 8 6 2 6 2 2 6 2 3
0 39 7 5 1 5 1 5 1 0 7 5 1 5 1 5 1 0 4 2 5 1 0 7 5 1 5 1 0 7 4 4 4 4 7 2 6 2 2 6 2
0 53 6 5 2 6 2 2 6 2 2 6 2 2 6 2 2 6 2 3 7 5 0 0 0 0 0 6 5 4 2 5 1 5 1 0 6 5 1 0 4 2 5 1 0 7 5 1 5 1 5 1 0 0 2
0 72 4 2 0 6 5 1 0 4 2 5 1 5 1 0 6 5 1 5 1 5 1 5 1 0 7 5 1 5 1 5 1 0 7 4 4 4 0 0 0 0 0 2 6 2 2 6 2 3 7 5 4 4 6 6 4 4 4 4 4 4 4 0 0 0 2 6 2 2 6 2 2 6
0 8 2 6 2 2 6 2 2 6
0 6 6 1 2 6 2 2
0 18 7 5 1 5 1 5 1 0 7 5 1 5 1 5 1 0 4 2
0 7 6 5 2 6 2 2 6
0 17 6 2 6 2 2 6 2 3 7 7 7 5 2 6 2 2 6
0 5 2 6 2 3 7
0 32 1 2 5 1 5 1 5 1 5 1 5 1 0 4 2 5 1 5 1 0 4 2 5 1 0 4 4 4 3 6 2 6
0 29 5 2 6 2 2 6 2 2 6 2 2 6 2 2 6 2 3 7 5 7 3 2 6 2 2 6 2 3 7
0 66 4 2 0 6 5 1 0 4 2 5 1 5 1 0 6 5 1 5 1 5 1 5 1 0 7 5 1 5 1 5 1 0 7 4 4 4 0 0 0 0 0 2 6 2 2 6 2 3 7 5 4 4 6 6 4 4 4 4 4 4 4 0 0 0 2 6
0 29 6 5 2 6 2 2 6 2 2 6 2 2 6 2 2 6 2 3 7 5 0 0 0 0 0 6 5 4 2
0 13 6 7 4 0 0 2 6 2 2 6 2 2 6
0 68 4 2 0 6 5 1 0 4 2 5 1 5 1 0 6 5 1 5 1 5 1 5 1 0 7 5 1 5 1 5 1 0 7 4 4 4 0 0 0 0 0 2 6 2 2 6 2 3 7 5 4 4 6 6 4 4 4 4 4 4 4 0 0 0 2 6 2 2
0 17 2 6 2 2 6 2 2 6 2 2 6 2 2 6 2 3 7
0 43 7 5 1 5 1 5 1 0 7 5 1 5 1 5 1 0 4 2 5 1 0 7 5 1 5 1 0 7 4 4 4 4 7 2 6 2 2 6 2 2 6 2 2
0 41 7 5 1 5 1 0 7 5 1 5 1 5 1 5 1 5 1 0 7 5 1 0 2 5 2 5 2 5 0 0 0 0 0 6 1 1 6 6 2 6 2
0 11 6 7 4 0 0 2 6 2 2 6 2
0 15 6 6 1 2 6 2 2 6 2 2 6 2 2 6 2
0 35 6 2 6 2 3 7 7 6 4 4 0 0 1 2 5 1 0 7 0 0 4 4 4 2 6 2 2 6 2 2 6 2 2 6 2
0 26 6 2 6 2 2 6 2 2 6 2 2 6 2 2 6 2 3 7 5 7 3 6 2 6 2 2
0 18 6 5 2 6 2 2 6 2 2 6 2 2 6 2 2 6 2 3
0 31 6 2 6 2 3 7 7 6 4 4 0 0 1 2 5 1 0 7 0 0 4 4 4 2 6 2 2 6 2 2 6
0 76 6 5 6 5 1 5 1 5 1 5 1 5 1 0 4 2 5 1 5 1 5 1 5 1 0 7 5 1 5 1 5 1 5 1 0 6 5 1 5 1 5 1 5 1 5 1 0 4 2 0 7 4 4 4 4 3 6 5 7 5 1 5 1 5 1 5 1 5 1 0 1 2 0 0 0 2
0 10 2 6 2 2 6 2 2 6 2 2
0 32 6 2 6 2 3 7 7 6 4 4 0 0 1 2 5 1 0 7 0 0 4 4 4 2 6 2 2 6 2 2 6 2
0 68 7 5 1 5 1 5 1 0 7 5 1 5 1 5 1 0 4 2 5 1 0 7 5 1 5 1 0 7 4 4 4 4 7 2 6 2 2 6 2 2 6 2 2 6 2 3 7 7 0 7 6 6 1 2 5 1 5 1 0 4 2 5 1 5 1 0 4 2
0 27 5 2 6 2 2 6 2 2 6 2 2 6 2 2 6 2 3 7 5 7 3 2 6 2 2 6 2
0 6 6 6 1 2 6 2
0 15 6 2 6 2 2 6 2 2 6 2 2 6 2 2 6
0 63 2 6 2 3 7 5 0 0 0 7 0 6 5 1 5 1 0 7 5 1 5 1 5 1 5 1 5 1 0 0 2 5 0 4 4 4 4 4 0 0 6 4 4 4 4 4 3 2 6 2 2 6 2 2 6 2 2 6 2 2 6 2 3
0 9 6 2 6 2 2 6 2 3 7
0 3 6 4 2
0 58 2 6 2 3 7 5 0 0 0 7 0 6 5 1 5 1 0 7 5 1 5 1 5 1 5 1 5 1 0 0 2 5 0 4 4 4 4 4 0 0 6 4 4 4 4 4 3 2 6 2 2 6 2 2 6 2 2 6
0 12 6 7 4 0 0 2 6 2 2 6 2 2
0 7 2 6 2 2 6 2 2
0 34 1 2 5 1 5 1 5 1 5 1 5 1 0 4 2 5 1 5 1 0 4 2 5 1 0 4 4 4 3 6 2 6 2 2
0 40 7 5 1 5 1 5 1 0 7 5 1 5 1 5 1 0 4 2 5 1 0 7 5 1 5 1 0 7 4 4 4 4 7 2 6 2 2 6 2 2
0 7 5 2 6 2 2 6 2
0 5 6 6 1 2 6
0 65 4 2 0 6 5 1 0 4 2 5 1 5 1 0 6 5 1 5 1 5 1 5 1 0 7 5 1 5 1 5 1 0 7 4 4 4 0 0 0 0 0 2 6 2 2 6 2 3 7 5 4 4 6 6 4 4 4 4 4 4 4 0 0 0 2
0 16 6 2 6 2 2 6 2 2 6 2 2 6 2 2 6 2
0 47 7 5 1 5 1 5 1 0 7 5 1 5 1 5 1 0 4 2 5 1 0 7 5 1 5 1 0 7 4 4 4 4 7 2 6 2 2 6 2 2 6 2 2 6 2 3 7
0 40 7 5 1 0 7 5 1 5 1 5 1 5 1 0 4 2 5 1 5 1 5 1 5 1 5 1 0 7 5 1 5 1 5 1 0 7 4 6 1 2
0 2 1 2
0 14 6 5 2 6 2 2 6 2 2 6 2 2 6 2
0 42 4 2 0 6 5 1 0 4 2 5 1 5 1 0 6 5 1 5 1 5 1 5 1 0 7 5 1 5 1 5 1 0 7 4 4 4 0 0 0 0 0 2
0 13 5 2 6 2 2 6 2 2 6 2 2 6 2
0 17 6 2 6 2 2 6 2 2 6 2 2 6 2 2 6 2 3
0 3 6 2 6
0 38 1 2 5 1 5 1 5 1 5 1 5 1 0 4 2 5 1 5 1 0 4 2 5 1 0 4 4 4 3 6 2 6 2 2 6 2 3 7
0 21 4 2 0 7 5 1 5 1 5 1 5 1 0 6 0 4 4 7 5 4 2
0 4 6 1 2 6
