323 8
1 0 
1 30 7 1 7 1 7 7 4 7 4 7 4 4 7 4 4 4 4 4 4 7 4 7 4 4 7 4 7 4 7 1
1 39 7 2 0 4 1 2 0 0 0 0 4 0 0 0 2 2 0 0 4 1 2 0 7 6 7 6 5 5 4 1 2 0 4 1 2 0 0 1 1
1 94 7 7 7 4 7 4 7 4 1 3 6 7 4 7 4 7 4 7 4 4 4 4 1 7 2 0 2 2 4 1 2 0 4 1 2 0 4 1 2 0 0 2 2 2 0 0 4 1 2 4 1 2 0 2 4 1 2 4 1 2 4 1 2 4 1 2 2 0 0 0 4 1 2 0 4 1 2 3 3 4 0 0 4 4 1 2 4 1 2 5 5 4 4 0
1 78 7 4 7 4 7 4 7 4 1 3 6 7 4 7 4 7 4 7 4 7 4 4 4 4 7 4 7 4 7 4 4 4 4 0 3 6 0 3 6 1 1 1 1 1 1 1 1 2 0 2 2 2 0 0 4 1 2 4 1 2 4 1 2 5 5 0 2 2 0 0 4 1 2 0 0 4 4 0
1 38 0 0 4 1 2 0 0 0 2 2 2 2 0 0 4 1 2 0 4 1 2 0 3 3 0 2 2 2 4 1 2 0 0 4 1 2 7 6
1 71 7 7 4 7 4 7 4 4 4 4 4 4 7 4 7 4 4 4 4 4 7 4 7 4 7 4 4 7 4 7 4 4 7 4 7 4 7 4 7 4 7 4 0 3 6 7 4 1 3 6 7 4 4 4 4 4 4 4 0 2 2 0 0 0 5 5 0 4 4 0 0
1 50 1 1 2 2 2 0 2 4 1 2 4 1 2 0 2 2 2 2 4 1 2 4 1 2 4 1 2 0 4 1 2 4 1 2 0 2 4 1 2 0 0 0 0 0 0 0 4 1 2 1
1 66 7 0 4 7 0 4 0 4 0 4 0 0 0 2 2 4 1 2 4 1 2 2 2 0 0 0 4 1 2 2 0 0 4 1 2 4 1 2 1 1 1 0 0 2 0 0 4 1 2 0 4 1 2 0 2 0 2 2 0 0 4 1 2 0 4 4
1 43 7 4 7 4 0 3 6 7 4 7 4 7 4 1 3 6 7 4 4 7 7 7 4 7 4 7 4 0 3 6 4 4 4 4 7 4 7 4 4 4 0 3 6
1 23 5 2 0 3 7 7 4 0 3 6 7 0 4 2 4 1 2 0 3 3 3 4 4
1 82 5 2 1 4 5 2 7 4 7 4 7 4 7 4 0 3 6 7 4 0 3 3 3 3 0 0 2 2 0 0 0 0 0 0 0 0 0 0 0 0 4 1 2 0 0 0 0 4 1 2 4 1 2 4 1 2 0 0 4 1 2 4 1 2 4 1 2 4 1 2 4 1 2 1 1 1 1 1 0 4 4 4
1 29 7 0 3 1 7 4 0 4 0 4 0 0 0 4 0 0 0 4 1 2 0 0 4 1 2 1 1 5 5
1 9 4 0 4 4 0 0 4 0 0
1 33 7 7 7 4 0 3 6 1 4 7 4 7 4 4 4 7 4 0 3 6 4 4 0 3 6 0 0 0 0 4 4 4 0
1 52 1 4 4 0 4 1 2 4 1 2 4 1 2 0 4 1 2 0 4 1 2 0 4 1 2 0 0 0 0 0 0 0 2 0 2 2 2 0 0 1 1 1 4 4 0 4 4 0 0 4 4 4
1 6 0 4 7 7 0 4
1 46 1 7 7 4 7 4 7 4 7 4 7 4 1 3 6 7 4 7 4 7 4 7 4 4 4 7 4 7 4 7 4 7 4 7 4 1 3 6 0 0 4 4 0 4 0 0
1 47 0 4 4 0 0 0 0 4 4 0 4 4 2 0 0 0 2 0 2 0 2 0 2 2 2 2 0 0 0 4 1 2 0 0 0 0 0 0 0 4 1 2 0 0 4 0 4
1 70 7 7 1 0 0 4 1 2 0 4 1 2 2 0 2 2 4 1 2 0 0 4 1 2 4 1 2 0 0 5 5 2 0 2 2 4 1 2 2 2 0 0 0 4 1 2 0 0 4 1 2 4 1 2 4 1 2 0 0 0 0 0 2 2 2 4 1 2 0 0
1 79 4 0 0 4 2 2 2 4 1 2 2 2 2 4 1 2 0 0 2 0 0 0 4 1 2 4 1 2 0 0 2 0 0 0 4 1 2 4 1 2 1 1 1 1 1 0 2 2 0 0 0 2 2 2 0 0 0 0 0 0 0 2 0 2 0 4 1 2 4 1 2 0 4 1 2 0 0 4 4
1 4 4 0 4 0
1 7 7 7 1 1 7 7 7
1 6 7 1 1 0 4 7
1 12 7 4 7 4 7 4 0 3 6 7 1 1
1 9 1 4 1 1 0 0 0 5 5
1 65 1 1 7 1 7 7 4 7 4 7 4 0 3 6 4 4 0 0 0 0 2 0 0 0 4 1 2 7 6 0 0 0 2 0 0 0 2 2 2 0 0 4 1 2 2 0 0 0 2 0 0 0 0 2 0 2 4 1 2 0 0 1 1 0 4
1 2 0 0
1 63 7 7 7 1 0 4 2 2 0 4 1 2 4 1 2 4 1 2 7 6 0 2 4 1 2 0 4 1 2 4 1 2 4 1 2 0 0 4 1 2 0 4 1 2 0 2 2 0 0 4 1 2 0 2 0 0 2 0 1 1 1 1 1
1 10 4 4 4 4 1 4 4 0 4 4
1 4 7 7 0 0
1 2 1 7
1 71 7 7 7 7 0 0 4 1 2 0 2 2 2 2 0 4 1 2 0 4 1 2 5 5 4 4 2 0 0 4 1 2 0 0 0 0 0 0 0 0 0 2 0 2 0 0 0 4 1 2 2 0 2 1 1 1 1 1 2 0 0 0 0 0 5 5 4 4 0 0 4
1 64 7 4 0 3 6 7 4 7 4 7 4 7 4 4 4 4 7 4 7 4 1 3 6 7 4 7 4 4 4 4 4 7 4 7 4 7 4 1 3 6 7 4 4 4 7 4 7 4 7 4 7 4 4 4 4 4 7 0 4 4 0 4 0 4
1 44 7 7 7 7 0 0 4 1 2 4 1 2 4 1 2 4 1 2 0 2 0 0 0 5 5 0 0 0 0 0 4 1 2 4 1 2 0 0 0 0 1 1 1 1
1 9 7 5 2 1 7 1 1 0 3
1 56 5 2 0 3 1 7 7 7 7 2 2 2 2 0 0 4 1 2 0 4 1 2 0 0 2 2 0 2 0 0 2 0 4 1 2 4 1 2 4 1 2 4 1 2 5 5 1 1 1 1 0 0 0 4 0 4
1 26 1 3 5 2 4 0 4 2 2 2 0 0 0 4 1 2 5 5 1 1 1 1 4 0 4 4
1 26 2 0 2 0 0 0 0 0 0 0 2 2 2 0 2 0 0 0 4 0 4 0 4 0 4 4
1 104 7 4 7 4 7 4 7 4 7 4 4 4 4 4 4 7 4 0 3 6 0 3 6 7 4 0 3 6 7 4 7 4 7 4 7 4 7 4 1 3 6 5 2 2 0 2 0 0 0 2 0 0 0 0 0 0 4 1 2 0 2 4 1 2 0 4 1 2 4 1 2 2 2 2 0 0 0 0 4 1 2 1 1 1 1 0 0 0 0 0 2 2 0 4 1 2 0 0 0 0 2 2 5 5
1 82 0 4 7 1 3 4 4 0 4 0 0 0 0 0 0 2 0 0 2 4 1 2 4 1 2 4 1 2 0 2 0 2 4 1 2 2 2 5 5 4 0 2 0 4 1 2 2 0 0 4 1 2 4 1 2 0 4 1 2 4 1 2 4 1 2 0 4 1 2 0 0 0 2 0 4 1 2 4 1 2 5 5
1 66 5 2 7 0 4 7 4 7 4 7 4 1 3 6 7 4 7 4 7 4 7 4 4 4 4 7 4 4 4 4 4 0 4 2 2 4 1 2 4 1 2 0 0 0 0 0 0 4 1 2 2 2 0 0 4 1 2 0 7 6 2 1 1 0 0 4
1 17 1 0 0 2 2 0 0 0 0 4 1 2 4 1 2 1 1
1 67 1 5 2 7 4 7 4 4 4 7 4 4 1 3 6 7 4 7 4 7 4 7 4 7 4 0 3 6 0 0 0 4 1 2 4 1 2 2 2 0 2 2 4 1 2 4 1 2 7 6 2 0 4 1 2 2 2 2 4 1 2 4 1 2 1 1 1
1 39 7 5 2 7 1 3 0 4 4 4 0 0 2 2 2 0 4 1 2 0 0 0 4 1 2 0 0 0 2 0 2 4 1 2 0 4 4 0 4
1 62 0 2 0 2 0 0 0 4 1 2 0 2 2 2 2 4 1 2 0 2 2 0 2 0 5 5 4 0 0 4 0 2 0 2 0 0 4 1 2 4 1 2 0 0 4 1 2 2 0 2 2 0 4 1 2 0 4 1 2 0 5 5
1 49 7 4 0 3 6 7 4 7 4 4 4 7 4 7 4 7 4 1 3 6 7 4 4 5 2 5 2 4 4 4 1 2 4 1 2 0 4 1 2 0 0 2 0 7 6 0 4 4 4
1 9 4 4 4 4 0 1 1 0 4
1 26 7 7 5 2 7 4 7 4 7 4 7 4 1 3 6 7 4 7 4 7 4 7 4 0 3 6
1 69 7 4 7 4 7 4 0 3 6 7 4 7 4 7 4 7 4 7 4 0 3 6 7 4 7 4 7 4 4 4 4 7 4 1 3 6 7 4 1 3 6 1 1 0 4 0 4 4 4 0 2 0 0 0 4 1 2 0 0 2 2 0 0 4 1 2 0 5 5
1 58 7 4 7 4 0 3 6 7 4 1 3 6 7 4 7 4 7 4 7 4 0 3 6 4 7 4 1 3 6 0 0 0 0 0 2 2 2 0 2 2 0 0 0 0 2 0 0 4 1 2 4 1 2 0 0 0 0 4
1 88 4 4 1 2 0 2 0 0 0 0 1 0 2 2 2 4 1 2 0 0 0 2 0 2 0 4 1 2 0 0 0 0 4 1 2 0 0 0 0 4 1 2 4 1 2 4 1 2 4 4 0 4 2 0 0 0 0 0 0 4 1 2 0 4 1 2 2 2 0 0 0 0 0 0 2 0 4 1 2 0 2 2 2 2 0 0 4 0
1 133 7 4 1 3 6 7 4 7 4 7 4 7 4 0 3 6 7 4 7 4 7 4 7 4 4 4 4 4 4 7 4 7 4 7 4 1 3 6 7 4 7 4 7 4 0 3 6 7 6 0 4 1 2 0 0 0 4 1 2 4 1 2 4 1 2 4 1 2 0 0 0 2 4 1 2 5 5 0 2 0 4 1 2 4 1 2 4 1 2 0 2 2 0 2 0 0 4 1 2 0 0 0 4 1 2 4 1 2 0 4 1 2 4 1 2 2 4 1 2 4 1 2 0 4 1 2 0 0 4 4 0 4 0
1 41 7 7 4 1 3 6 7 4 4 4 1 3 6 7 4 4 4 4 4 7 0 3 6 7 4 7 4 7 4 1 3 6 0 3 6 0 0 4 4 0 0
1 66 7 0 0 0 0 0 4 0 4 0 0 4 1 2 4 1 2 0 2 0 4 1 2 4 1 2 3 3 2 2 0 4 1 2 4 1 2 4 1 2 4 1 2 0 0 2 2 2 2 0 0 0 0 4 1 2 0 0 4 1 2 0 3 3 3 3
1 57 7 7 7 4 7 4 7 4 7 4 7 4 4 4 7 4 7 4 1 3 6 7 4 4 4 7 4 7 4 7 4 7 4 7 4 1 3 6 7 4 7 4 7 4 7 4 7 4 0 3 6 7 4 4 0 0 4
1 57 0 0 4 1 2 0 0 0 4 1 2 0 2 0 0 4 1 2 0 0 4 1 2 0 0 0 0 2 4 1 2 0 4 1 2 0 2 2 0 0 0 4 1 2 4 1 2 4 1 2 0 4 0 4 4 0 4
1 70 1 4 5 2 7 4 7 4 7 4 1 3 6 4 4 4 4 4 4 4 4 4 4 7 0 0 0 0 4 1 2 4 1 2 0 2 0 2 0 4 1 2 0 4 1 2 2 0 0 2 0 0 0 4 1 2 0 0 2 4 1 2 4 1 2 7 6 4 4 4
1 139 7 7 4 7 4 7 4 7 4 7 4 1 3 6 7 4 7 4 7 4 7 4 7 4 1 3 6 7 4 7 4 4 4 4 4 4 7 4 7 4 0 3 6 7 4 7 4 4 0 4 0 0 0 4 1 2 4 1 2 0 2 0 2 2 0 0 2 2 2 2 2 0 0 4 1 2 1 1 1 1 1 0 0 2 2 0 4 1 2 4 1 2 4 4 0 4 2 2 0 4 1 2 0 4 1 2 4 1 2 0 2 0 2 2 2 2 0 4 1 2 0 4 1 2 0 0 2 4 1 2 4 1 2 4 1 2 0 7 6
1 130 7 7 7 5 2 7 7 4 7 4 7 4 7 4 7 4 4 7 4 7 4 7 4 7 4 0 3 6 2 2 0 2 2 0 4 1 2 0 4 1 2 2 0 2 0 0 4 1 2 1 1 1 1 1 4 1 2 0 2 0 4 1 2 2 2 2 0 4 1 2 2 0 0 4 1 2 4 1 2 5 5 4 1 2 0 4 1 2 2 2 0 0 2 0 0 4 1 2 4 1 2 2 2 0 0 0 4 1 2 0 0 2 2 0 4 1 2 4 1 2 4 1 2 1 1 1 0 0 4 0
1 6 7 1 7 7 1 7
1 36 5 2 7 1 7 2 2 0 0 0 4 1 2 2 0 2 2 2 4 1 2 0 0 4 1 2 4 1 2 4 1 2 0 0 5 5
1 71 1 4 7 4 7 4 1 3 6 7 4 7 4 7 4 7 4 1 3 6 7 7 4 7 4 7 4 0 3 6 0 0 4 1 2 0 2 2 2 0 4 1 2 4 1 2 4 1 2 0 2 4 1 2 0 0 0 2 0 0 2 0 4 1 2 4 4 0 0 4 4
1 136 1 7 7 4 7 4 7 4 0 3 6 7 4 4 4 4 4 4 7 4 7 4 7 4 7 4 4 4 4 7 4 7 4 7 4 7 4 1 3 6 1 7 1 1 7 4 0 0 2 2 2 0 0 0 0 4 1 2 0 2 0 0 0 4 1 2 4 1 2 4 1 2 0 0 1 1 1 1 1 2 0 2 0 0 4 1 2 4 1 2 0 4 1 2 0 4 1 2 0 2 0 0 0 0 0 2 0 4 1 2 4 1 2 2 0 4 1 2 4 1 2 4 1 2 1 1 1 1 1 2 4 1 2 0 5 5
1 3 7 4 0
1 58 5 2 1 3 0 4 4 4 4 0 2 0 0 2 4 1 2 0 4 1 2 0 0 0 2 0 0 0 0 4 1 2 4 1 2 2 4 1 2 2 0 4 1 2 4 1 2 0 2 4 1 2 0 0 4 0 0 0
1 23 1 3 6 7 4 7 4 7 4 7 4 1 3 6 7 4 4 4 4 4 4 1 3
1 5 7 7 7 5 2
1 9 7 0 4 1 7 7 1 7 4
1 97 7 4 4 4 7 4 7 4 7 4 7 4 7 4 0 3 6 7 4 7 4 7 4 7 4 7 4 4 7 4 7 4 7 4 7 4 4 4 4 4 4 7 4 7 4 7 1 7 7 7 1 3 6 7 4 7 4 7 4 7 4 7 4 0 3 6 7 4 7 4 7 4 7 4 4 4 4 4 7 4 7 4 7 4 4 7 4 7 4 7 4 7 4 4 4 4 4
1 4 0 4 4 0
1 11 7 7 1 0 3 5 2 0 4 0 0
1 38 7 7 7 7 7 7 7 7 3 3 3 3 3 2 0 0 0 0 0 2 2 0 0 4 1 2 0 4 1 2 4 1 2 0 4 0 0 4
1 68 7 4 7 4 7 4 0 3 6 7 4 7 4 7 4 7 4 7 4 1 3 6 2 2 2 0 0 4 1 2 2 4 1 2 0 4 1 2 0 4 1 2 2 2 0 2 2 0 2 2 0 7 6 0 0 0 4 1 2 4 1 2 0 4 1 2 3 3
1 86 5 2 2 0 2 4 1 2 4 1 2 0 0 0 0 2 0 0 0 4 1 2 0 4 1 2 2 2 0 0 3 3 3 2 4 1 2 0 4 1 2 4 1 2 0 4 1 2 4 1 2 2 0 2 0 0 0 4 1 2 4 1 2 2 0 0 0 4 1 2 4 1 2 4 1 2 0 0 0 4 0 0 4 4 4 4
1 62 5 2 1 7 7 4 7 4 1 3 6 7 4 7 4 7 4 7 4 0 3 6 7 4 7 4 1 3 6 7 4 7 4 7 4 7 4 7 4 4 0 2 0 0 0 0 2 4 1 2 0 4 1 2 4 1 2 4 1 2 5 5
1 46 7 0 4 4 4 3 3 3 0 2 0 0 0 2 2 2 0 2 2 0 2 4 1 2 0 4 1 2 4 1 2 4 1 2 0 0 0 0 0 4 1 2 7 6 4 4
1 105 7 4 7 4 4 4 4 4 4 7 4 7 4 1 3 6 7 4 7 4 7 4 7 4 7 4 7 4 7 4 0 3 6 7 4 7 4 7 4 7 4 7 4 1 3 6 0 2 0 0 0 2 4 1 2 4 1 2 4 1 2 4 1 2 0 0 4 1 2 0 0 2 2 4 1 2 0 3 3 0 0 0 0 0 0 2 2 0 4 1 2 4 1 2 0 0 0 0 0 0 4 0 4 4 0
1 23 5 2 5 2 1 7 7 0 4 4 0 4 0 0 2 4 1 2 4 1 2 0 3
1 30 0 4 0 4 0 4 0 4 0 0 0 0 0 2 0 0 4 1 2 0 0 4 1 2 0 1 1 1 1 1
1 9 7 1 3 5 2 1 3 4 4
1 6 7 0 4 4 4 4
1 132 7 7 4 7 4 7 4 7 4 7 4 0 3 6 7 4 7 4 7 4 7 4 7 4 0 3 6 7 4 7 4 7 4 7 4 1 3 6 7 7 4 1 2 4 1 2 0 0 2 0 2 4 1 2 0 2 0 2 0 0 0 2 0 2 4 1 2 4 1 2 4 1 2 0 0 2 5 5 4 4 4 4 0 5 5 2 2 0 2 2 2 0 0 0 0 2 2 0 4 1 2 4 1 2 0 4 1 2 0 7 6 0 0 4 1 2 2 0 0 0 0 0 4 1 2 0 0 4 1 2 5 5
1 53 7 4 7 4 7 4 7 4 7 4 1 3 6 7 4 4 4 7 4 7 4 7 4 7 4 7 4 4 4 4 4 7 4 0 3 6 0 3 6 7 5 5 0 2 2 0 0 4 1 2 5 5 0
1 12 0 3 7 2 2 0 0 0 2 0 2 2
1 54 0 4 7 7 4 7 4 7 4 0 3 6 4 4 0 0 0 2 2 2 0 0 0 2 4 1 2 0 0 0 4 1 2 0 2 0 0 4 1 2 0 4 0 0 0 0 4 1 2 4 1 2 5 5
1 5 0 0 0 0 0
1 41 1 4 0 0 2 4 1 2 4 1 2 0 0 0 0 0 0 2 2 0 0 0 0 0 2 0 5 5 2 0 0 0 1 1 1 1 1 0 4 0 0
1 34 7 7 4 0 3 6 4 4 4 4 4 4 4 4 4 4 4 4 7 4 7 4 7 4 7 4 7 4 1 3 6 7 1 7
1 5 7 7 1 7 7
1 7 7 0 3 6 7 5 2
1 86 5 2 7 4 7 4 4 4 7 4 7 4 7 4 1 3 6 7 4 7 4 7 4 7 4 7 4 4 4 4 7 4 0 3 6 7 4 0 3 6 7 4 7 4 7 4 7 4 7 4 4 4 4 4 4 4 4 4 4 4 4 4 7 4 0 3 6 1 3 6 7 4 7 4 7 4 7 4 7 4 1 3 6 0 0 4
1 74 7 7 5 2 0 3 4 4 4 7 4 7 4 7 4 7 4 7 4 1 3 6 0 0 4 1 2 0 0 2 2 2 2 0 0 0 4 1 2 0 4 1 2 0 4 1 2 4 1 2 0 0 0 2 0 0 0 0 4 1 2 0 2 0 0 2 4 1 2 0 0 0 4 4
1 16 7 1 4 0 0 0 4 0 0 0 0 0 0 0 4 0
1 37 7 0 0 2 0 4 1 2 4 1 2 0 4 1 2 2 0 2 0 4 1 2 4 1 2 4 1 2 0 0 2 2 0 0 4 1 2
1 91 7 4 7 4 7 4 7 4 7 4 4 4 4 4 7 4 0 3 6 1 4 2 4 1 2 0 2 0 2 2 0 4 1 2 4 1 2 4 1 2 0 5 5 4 4 0 0 0 2 2 0 0 0 0 0 0 0 2 2 0 2 0 2 4 1 2 2 2 0 0 2 0 0 4 1 2 0 4 1 2 3 3 3 3 4 4 4 4 4 0 0
1 22 7 4 1 2 4 1 2 0 0 0 2 0 4 1 2 1 1 0 0 0 0 4
1 29 7 7 4 7 4 7 4 7 4 4 7 4 1 3 6 7 4 0 3 6 7 4 7 4 4 4 4 1 3
1 77 5 2 7 4 7 4 4 4 0 2 0 2 4 1 2 0 0 4 1 2 0 2 0 0 0 4 1 2 0 2 2 2 4 1 2 0 0 0 0 0 0 0 4 0 0 2 0 4 1 2 4 1 2 0 4 1 2 0 2 2 0 4 1 2 0 2 0 2 0 2 0 0 0 4 0 4 4
1 33 7 4 7 4 7 4 7 4 7 4 4 4 4 4 4 7 4 7 4 7 4 7 4 7 4 4 7 4 7 4 1 3 6
1 108 7 4 7 4 1 3 6 7 7 4 7 4 7 4 7 4 4 7 4 7 4 7 4 7 4 7 4 7 4 7 4 7 4 0 3 6 7 4 1 3 6 7 4 4 0 4 0 0 4 4 4 0 0 0 2 2 0 2 0 4 1 2 2 2 0 0 4 1 2 0 4 1 2 2 4 1 2 4 1 2 0 7 6 0 2 0 0 0 0 4 1 2 0 0 2 2 0 0 4 1 2 4 1 2 4 4 4 4
1 78 1 7 7 7 7 7 4 7 4 7 4 7 4 7 4 0 3 6 7 4 7 4 7 4 0 3 6 7 4 7 4 1 3 6 7 4 0 3 6 0 4 0 0 0 4 1 2 0 0 2 0 0 0 0 4 1 2 0 4 1 2 2 0 0 2 0 2 4 0 4 0 4 0 4 0 4 0 4
1 66 7 4 4 4 7 4 7 4 1 3 7 4 7 4 7 4 7 4 7 4 0 3 6 7 4 4 4 4 7 4 4 4 4 4 4 7 4 7 4 7 4 7 4 7 4 4 4 4 4 7 4 7 4 7 4 7 4 4 4 4 4 4 5 2 4 4
1 45 7 4 7 4 7 4 4 4 7 4 0 3 6 7 4 7 4 7 4 7 4 7 4 4 7 4 7 4 4 4 4 4 4 7 4 7 4 7 4 7 4 7 4 4 4
1 13 7 7 2 2 0 4 1 2 4 1 2 4 0
1 7 7 1 7 5 2 5 2
1 27 7 7 1 4 7 0 2 2 4 1 2 0 4 1 2 0 2 2 0 0 4 1 2 5 5 0 4
1 16 4 7 4 7 4 7 4 7 4 7 4 0 3 6 4 4
1 5 7 0 0 0 4
1 43 5 2 7 1 4 5 2 2 0 0 0 0 4 1 2 0 0 2 0 0 2 0 0 0 0 4 0 4 2 0 0 0 0 0 0 0 0 4 1 2 4 0 4
1 88 5 2 5 2 0 4 4 0 4 4 1 2 4 1 2 0 0 2 2 0 0 0 0 0 2 0 0 0 4 1 2 4 1 2 0 0 0 4 0 2 2 2 2 2 2 4 1 2 4 1 2 4 1 2 4 1 2 7 6 2 0 0 2 0 0 0 0 0 0 0 0 2 0 2 0 4 1 2 0 0 2 0 0 4 1 2 5 5
1 65 7 4 1 3 6 7 4 7 4 7 4 7 4 7 4 4 4 7 4 7 4 0 3 6 7 4 4 4 4 4 4 5 2 0 4 1 2 4 1 2 0 4 1 2 4 1 2 4 1 2 4 1 2 4 1 2 4 1 2 0 4 0 0 0 0
1 49 5 2 4 1 2 0 4 1 2 2 2 0 0 0 4 1 2 0 0 4 1 2 5 5 4 4 0 4 0 0 0 4 1 2 2 0 0 0 4 1 2 4 1 2 4 1 2 7 6
1 29 7 5 2 7 0 4 1 2 0 4 1 2 2 2 4 1 2 0 2 2 0 4 1 2 0 1 1 1 1
1 110 2 2 0 2 2 0 0 0 0 2 2 0 2 0 0 0 0 0 4 0 0 0 4 4 0 0 4 0 2 2 0 0 0 0 5 5 2 2 0 0 0 0 0 4 1 2 4 1 2 0 4 1 2 4 1 2 4 1 2 0 0 0 0 0 2 0 4 1 2 4 1 2 0 0 4 1 2 4 1 2 0 0 0 3 3 3 3 3 2 4 1 2 0 4 1 2 0 0 2 2 2 0 0 0 0 4 1 2 7 6
1 47 4 4 2 0 0 2 2 2 4 1 2 4 1 2 4 1 2 4 1 2 0 2 2 4 1 2 0 4 1 2 4 1 2 0 2 0 0 0 2 0 0 4 1 2 4 0 0
1 17 0 4 7 7 7 4 7 4 7 4 7 4 1 3 6 4 4
1 39 1 1 7 7 7 2 2 2 0 4 1 2 0 4 0 4 0 4 1 2 0 2 2 0 0 0 4 1 2 0 2 4 0 4 0 4 0 4 0
1 1 1
1 22 7 0 4 0 4 0 0 2 2 2 0 4 1 2 0 0 0 3 3 3 3 3
1 46 7 4 7 4 7 4 7 4 4 7 1 3 6 7 4 7 4 7 4 7 4 7 4 0 3 6 7 4 7 4 7 4 7 4 1 3 6 0 3 5 2 4 0 0 0 4
1 45 7 1 7 0 3 4 0 4 4 4 2 0 4 1 2 0 0 4 1 2 4 1 2 0 0 4 1 2 4 1 2 0 0 4 1 2 2 4 1 2 0 0 0 1 0
1 3 7 7 7
1 1 7
1 28 2 2 0 0 4 1 2 4 1 2 0 0 0 0 0 0 2 0 0 0 2 4 1 2 0 0 2 0
1 30 5 2 4 1 2 0 0 2 2 4 1 2 0 0 2 0 2 0 0 4 1 2 0 4 1 2 7 6 0 0
1 18 2 0 0 2 0 0 0 0 5 5 4 0 0 0 4 0 0 4
1 94 7 4 7 4 1 3 6 7 4 7 4 0 3 6 4 7 4 7 4 7 4 4 4 4 0 4 0 2 0 2 0 4 1 2 0 0 0 2 0 2 0 0 0 0 2 2 0 0 0 2 2 0 2 4 1 2 4 1 2 1 1 2 2 2 4 1 2 4 1 2 4 1 2 0 0 2 2 2 2 0 4 1 2 4 1 2 4 1 2 5 5 4 1 1
1 37 2 0 4 1 2 2 2 2 0 0 0 4 1 2 4 1 2 4 1 2 4 1 2 4 1 2 5 5 4 1 2 0 5 5 4 4 4
1 65 7 4 7 4 7 4 7 4 7 4 4 4 4 4 1 3 6 1 3 6 7 5 2 2 0 0 0 0 4 1 2 4 1 2 4 1 2 0 0 0 0 2 2 0 0 0 0 4 1 2 0 0 0 2 0 0 4 1 2 0 5 5 0 4 0
1 44 1 7 4 4 4 4 4 4 0 0 2 0 0 0 0 2 2 0 0 0 0 0 4 1 2 2 0 2 0 0 0 0 4 1 2 4 1 2 0 3 3 3 0 0
1 90 5 2 7 4 7 4 7 4 7 4 7 4 0 3 6 7 4 4 4 7 4 7 4 1 3 6 7 4 1 3 6 0 0 2 2 0 0 0 4 1 2 4 1 2 4 1 2 4 1 2 4 1 2 0 0 0 5 5 3 3 3 3 0 4 1 2 4 1 2 4 1 2 0 4 1 2 2 2 0 0 2 4 1 2 4 1 2 0 1 4
1 29 5 2 7 7 1 1 1 7 7 5 5 5 5 0 0 2 2 4 1 2 4 1 2 0 0 4 1 2 0
1 54 1 1 7 1 7 4 7 4 7 4 0 3 6 7 4 7 4 7 4 7 4 4 7 4 7 4 7 4 7 4 0 3 6 7 4 7 4 7 4 7 4 4 7 0 0 4 4 0 0 0 0 4 4 0
1 24 1 0 3 6 1 3 6 7 4 7 4 7 4 4 4 5 2 0 4 4 0 4 4 4
1 55 0 4 1 3 7 4 7 4 7 4 7 4 7 4 4 4 4 4 4 7 4 7 4 4 4 5 2 0 0 2 2 2 0 0 0 2 4 1 2 0 0 2 0 2 2 2 4 1 2 4 1 2 0 5 5
1 69 1 7 4 4 4 4 7 4 7 4 7 4 7 4 1 3 6 7 4 7 4 7 4 7 4 0 3 6 0 3 6 0 4 4 4 0 4 1 2 0 4 1 2 4 1 2 0 2 0 4 1 2 4 1 2 4 1 2 2 2 2 0 0 0 4 1 2 7 6
1 72 5 2 0 3 7 4 7 4 1 3 6 7 4 7 4 7 4 7 4 1 3 6 7 4 1 3 6 0 3 6 7 4 7 4 7 4 7 4 7 4 1 3 6 1 7 2 0 0 2 0 2 2 0 0 0 4 1 2 7 6 4 0 4 4 0 4 0 4 0 0 4 0
1 10 5 2 4 4 0 0 4 0 0 0
1 31 7 4 7 4 7 4 7 4 7 4 7 4 7 4 7 4 7 4 7 4 7 4 7 4 4 4 4 1 5 2 7
1 78 5 2 7 1 4 5 2 4 0 0 4 0 4 0 4 1 2 4 1 2 4 1 2 0 0 0 0 0 0 0 0 4 1 2 2 2 0 0 4 1 2 0 2 2 0 0 2 0 2 0 3 3 4 4 4 0 2 0 0 2 0 4 1 2 2 2 4 1 2 0 0 4 1 2 3 3 3 3
1 50 7 7 3 3 0 2 0 4 1 2 4 1 2 3 2 0 2 0 0 4 1 2 3 3 2 0 0 0 0 4 1 2 0 0 2 0 0 4 1 2 0 0 4 1 2 0 5 5 0 4
0 174 7 4 7 4 7 4 7 4 7 4 7 4 4 4 4 4 4 4 7 4 7 4 1 3 6 7 4 7 4 7 4 4 4 0 3 6 7 4 7 4 7 4 7 4 4 4 4 4 0 2 2 0 4 1 2 0 4 1 2 2 2 2 2 2 0 0 0 0 0 2 0 0 0 0 0 4 4 0 0 0 0 2 2 4 1 2 4 1 2 4 1 2 0 0 0 0 4 1 2 4 1 2 0 4 4 0 0 0 2 2 0 4 1 2 4 1 2 4 1 2 0 4 1 2 4 1 2 0 0 4 1 2 0 0 0 2 0 0 4 1 2 0 4 1 2 4 1 2 4 1 2 0 0 4 1 2 4 1 2 0 0 2 0 2 0 0 4 1 2 0 4 1 2 7
0 23 7 7 4 4 1 2 0 0 0 0 2 2 4 1 2 0 4 1 2 4 1 2 5
0 17 7 1 2 2 0 2 0 0 2 0 4 1 2 0 0 0 7
0 80 1 3 7 4 7 4 7 4 7 4 4 4 4 0 3 6 0 3 6 7 4 7 4 7 4 7 4 4 7 4 0 3 6 0 4 1 2 2 0 0 4 1 2 0 0 0 0 2 0 0 0 4 1 2 1 2 0 0 0 0 0 4 1 2 4 1 2 0 0 0 0 2 0 4 1 2 5 5 0 7
0 125 1 3 7 1 1 0 4 4 0 4 1 2 4 1 2 0 2 2 0 0 0 0 2 0 0 4 1 2 0 2 0 0 0 0 0 0 2 2 2 0 0 4 1 2 0 4 1 2 0 0 0 4 1 2 0 0 0 2 0 2 0 0 4 1 2 0 0 0 0 2 2 0 5 5 4 0 0 0 0 2 2 4 1 2 0 0 2 2 2 0 0 4 1 2 0 2 0 2 2 0 4 1 2 0 4 1 2 0 4 1 2 4 1 2 2 2 2 2 2 4 1 2 0 0 7
0 48 7 2 2 2 0 4 1 2 2 2 0 0 4 1 2 0 0 0 0 0 0 4 1 2 4 1 2 7 6 0 2 4 1 2 4 1 2 4 1 2 0 4 1 2 0 0 0 5
0 24 7 4 4 7 4 7 4 7 4 0 3 6 7 4 7 4 7 4 7 4 7 4 4 5
0 28 7 4 4 4 0 4 2 2 2 2 0 4 1 2 4 1 2 0 0 2 2 0 0 4 1 2 0 5
0 10 7 7 0 4 0 0 0 0 2 5
0 26 0 3 6 7 4 4 4 7 4 7 4 7 4 4 4 4 4 4 7 4 7 4 4 4 4 5
0 62 1 1 7 1 7 2 0 0 4 1 2 2 0 2 0 2 0 0 0 4 1 2 0 0 0 0 0 4 1 2 0 0 4 1 2 2 2 0 0 4 1 2 0 0 4 0 0 4 0 0 0 0 4 1 2 4 1 2 4 1 2 7
0 40 1 4 1 4 2 2 0 2 0 0 0 4 1 2 4 1 2 2 2 0 2 4 1 2 0 0 0 0 2 0 0 0 3 3 3 3 0 0 0 5
0 23 1 3 6 7 7 4 7 4 7 4 7 4 1 3 6 7 4 7 4 0 3 6 5
0 30 1 3 5 2 1 4 1 1 1 1 1 0 2 0 0 0 0 0 2 0 0 2 2 4 1 2 0 5 5 5
0 43 1 3 4 4 4 4 0 0 0 2 2 0 4 1 2 0 0 4 1 2 0 0 0 0 0 0 2 2 0 2 0 2 0 0 0 4 1 2 0 4 1 2 7
0 25 0 2 2 0 2 0 4 1 2 2 0 0 0 4 1 2 0 0 2 0 0 4 1 2 5
0 90 7 5 2 4 0 0 4 0 2 2 0 2 0 0 0 4 1 2 0 4 4 0 0 2 0 0 4 1 2 0 0 0 0 0 4 1 2 4 1 2 0 0 4 1 2 0 0 0 0 0 2 2 1 1 1 0 0 2 2 0 0 4 1 2 0 0 0 0 2 0 4 1 2 4 1 2 2 2 2 0 0 4 1 2 4 1 2 0 0 5
0 66 7 7 0 3 6 7 4 7 4 7 4 7 4 7 4 4 4 7 4 7 4 7 4 7 4 7 4 4 0 0 2 4 1 2 0 0 0 4 1 2 0 0 2 0 0 0 4 1 2 2 2 0 0 0 4 1 2 7 6 0 2 0 4 1 2 5
0 37 0 4 1 2 4 1 2 0 4 1 2 2 0 2 0 0 0 4 1 2 4 1 2 0 4 1 2 0 0 0 4 1 2 0 0 0 5
0 61 0 4 0 4 1 2 0 4 1 2 4 1 2 4 1 2 0 0 2 2 0 4 1 2 4 1 2 4 1 2 0 2 2 0 0 0 4 1 2 0 2 2 0 2 0 0 4 1 2 4 1 2 4 1 2 0 4 1 2 0 7
0 39 0 4 2 4 1 2 4 1 2 4 1 2 4 1 2 7 6 4 0 0 2 2 2 2 0 2 2 2 2 0 4 1 2 0 4 1 2 0 7
0 52 7 4 7 4 7 4 7 4 4 4 4 0 2 2 4 1 2 4 1 2 4 1 2 4 1 2 0 0 2 4 1 2 4 1 2 4 1 2 2 0 0 0 2 4 1 2 0 4 1 2 0 5
0 16 4 0 0 4 1 2 4 1 2 0 0 0 4 1 2 7
0 6 1 1 1 5 2 5
0 197 7 4 7 4 7 4 7 4 7 4 7 4 7 4 7 4 1 3 6 7 4 7 4 7 4 7 4 7 4 4 4 4 4 4 7 4 0 3 6 7 4 7 4 0 3 6 7 4 7 4 7 4 7 4 7 4 4 4 4 4 4 7 4 7 4 7 4 7 4 7 4 7 7 4 4 4 1 4 0 0 0 4 1 2 0 0 0 2 0 4 1 2 4 1 2 0 4 1 2 0 0 0 0 0 0 2 0 0 2 0 4 1 2 4 1 2 4 1 2 0 2 0 4 1 2 4 1 2 0 4 1 2 3 3 0 4 2 4 1 2 4 1 2 0 0 0 2 2 0 0 2 0 0 7 6 0 0 0 0 4 2 0 4 1 2 0 4 1 2 4 1 2 2 2 2 2 0 4 1 2 4 1 2 2 2 0 2 0 0 0 2 0 4 1 2 0 7
0 5 1 0 3 6 5
0 42 5 2 1 3 7 2 0 0 2 0 4 1 2 4 1 2 0 0 2 0 0 0 4 1 2 0 4 1 2 4 1 2 0 0 0 2 0 4 1 2 0 5
0 98 7 4 7 4 7 4 7 4 7 4 7 4 7 4 4 7 4 7 4 7 4 7 4 4 4 4 7 4 7 4 4 4 4 4 4 7 4 7 4 0 3 6 4 4 4 4 7 4 7 4 7 4 7 4 0 3 6 7 4 7 4 7 4 7 4 7 4 7 4 7 4 4 4 4 4 2 0 4 1 2 4 1 2 4 1 2 4 1 2 0 4 1 2 0 4 1 2 5
0 86 0 2 0 0 4 1 2 0 0 0 0 0 0 3 3 3 3 3 2 0 4 1 2 4 1 2 4 1 2 4 1 2 0 0 2 2 4 1 2 0 4 1 2 4 1 2 0 0 0 5 5 0 0 4 1 2 0 4 1 2 2 0 2 0 0 4 1 2 0 0 0 2 0 0 4 1 2 4 1 2 0 4 1 2 0 7
0 60 7 4 7 4 7 4 7 4 4 4 4 7 4 7 4 7 4 7 4 7 4 0 3 6 7 4 0 3 6 0 0 0 0 2 0 4 1 2 4 1 2 0 4 1 2 0 0 0 2 2 0 4 1 2 0 4 1 2 0 5
0 24 7 4 7 4 7 4 4 7 4 7 4 7 4 7 4 7 4 1 3 6 1 4 7 5
0 58 7 1 5 2 4 4 4 2 0 2 2 2 4 1 2 0 4 1 2 4 1 2 0 2 0 0 4 1 2 4 1 2 4 1 2 4 1 2 2 0 2 0 0 0 0 0 2 4 1 2 4 1 2 4 1 2 0 5
0 48 7 7 2 0 2 4 1 2 0 4 1 2 0 0 0 2 2 4 1 2 4 1 2 4 1 2 4 1 2 4 1 2 0 2 2 4 1 2 4 1 2 0 4 1 2 2 2 7
0 34 4 0 0 0 4 0 4 1 0 2 0 4 1 2 4 1 2 0 0 0 2 0 4 1 2 4 1 2 0 0 4 1 2 5
0 30 7 4 7 4 0 3 6 7 4 7 4 7 4 7 4 7 4 4 7 4 1 3 6 7 1 7 4 0 0 5
0 81 2 2 2 4 1 2 2 2 2 0 0 0 2 0 0 2 0 4 1 2 4 1 2 4 1 2 4 1 2 0 0 0 0 0 4 0 4 4 4 4 1 2 2 0 4 1 2 4 1 2 0 4 1 2 0 2 0 4 1 2 4 1 2 0 0 0 0 4 1 2 2 2 0 0 4 1 2 0 0 0 7
0 31 7 1 1 7 7 2 0 4 1 2 4 1 2 0 4 1 2 0 0 2 0 0 2 4 1 2 0 4 1 2 5
0 94 0 4 0 0 0 4 1 2 0 2 0 2 0 4 1 2 0 0 0 0 0 4 1 2 4 1 2 0 0 4 1 2 2 0 2 0 0 4 1 2 0 4 1 2 0 4 1 2 4 4 4 0 4 1 2 2 0 4 1 2 0 0 0 2 0 0 2 4 1 2 0 0 4 1 2 0 0 2 4 1 2 4 1 2 0 4 1 2 0 0 4 1 2 5
0 33 7 7 0 2 0 2 0 0 0 0 4 1 2 0 0 4 1 2 0 2 0 2 0 0 0 2 4 1 2 2 0 2 5
0 29 7 0 0 0 4 1 2 4 1 2 2 0 0 0 0 0 4 1 2 0 4 1 2 0 2 4 1 2 5
0 70 0 0 0 4 1 2 0 0 2 0 0 4 1 2 0 2 2 0 2 2 0 2 4 1 2 0 7 6 4 0 4 2 2 0 0 0 4 1 2 2 2 4 1 2 0 0 0 4 1 2 2 0 2 0 0 0 2 4 1 2 4 1 2 4 1 2 4 1 2 7
0 117 7 4 7 4 1 3 6 7 4 7 4 7 4 4 4 4 4 7 4 7 4 7 4 7 4 1 3 6 7 4 7 4 7 4 4 4 4 4 4 2 2 2 4 1 2 0 0 0 2 0 2 0 4 1 2 0 0 2 0 0 4 1 2 4 1 2 0 2 2 0 0 0 0 0 1 1 1 1 1 2 0 2 0 4 1 2 0 4 1 2 4 1 2 2 0 2 2 0 0 4 1 2 0 0 0 2 0 0 4 1 2 0 4 1 2 0 5
0 6 0 4 0 4 4 5
0 4 0 4 4 5
0 13 1 0 4 1 2 0 0 0 2 0 0 0 5
0 3 7 1 5
0 78 7 2 0 0 0 0 2 4 1 2 4 1 2 4 1 2 0 0 2 2 0 0 0 0 0 4 1 2 4 1 2 4 1 2 0 0 2 0 4 1 2 0 4 1 2 0 1 1 1 1 2 0 0 4 1 2 0 0 0 4 1 2 2 4 1 2 0 2 2 2 0 0 0 4 1 2 0 5
0 13 5 2 0 4 3 3 3 3 3 0 0 0 5
0 32 2 0 2 0 4 1 2 4 1 2 0 4 1 2 0 2 2 2 0 4 1 2 0 0 3 3 3 4 4 0 4 7
0 48 7 4 0 0 4 4 4 4 0 2 2 0 4 1 2 4 1 2 4 1 2 0 0 0 4 0 0 4 1 2 4 1 2 2 0 0 0 0 4 1 2 4 1 2 4 1 2 5
0 22 7 4 7 4 7 4 0 3 6 7 1 1 1 1 7 0 0 0 4 1 2 5
0 97 1 1 7 1 1 1 5 2 0 2 0 0 0 4 1 2 0 0 2 0 0 0 4 1 2 0 0 0 4 1 2 0 0 2 0 4 1 2 0 0 4 1 2 1 1 1 0 2 0 4 1 2 0 5 5 2 0 4 1 2 0 4 1 2 0 0 0 2 0 4 1 2 4 1 2 0 4 1 2 4 1 2 4 1 2 0 0 0 2 2 2 2 0 4 1 2 7
0 57 7 4 7 4 7 4 7 4 7 4 1 3 6 7 4 0 3 6 4 1 2 4 1 2 0 0 2 2 4 1 2 0 4 1 2 4 1 2 4 1 2 3 3 3 0 4 0 0 4 1 2 4 1 2 0 0 5
0 4 1 3 7 5
0 39 1 3 7 7 4 4 0 4 4 0 2 0 0 0 4 1 2 0 0 0 0 0 0 4 1 2 4 1 2 2 0 2 0 0 0 0 0 0 5
0 28 1 3 5 2 1 4 1 1 1 1 1 0 2 0 0 0 0 0 2 0 0 2 2 4 1 2 0 5
0 59 7 4 7 4 7 4 1 3 6 4 4 4 7 4 7 4 4 4 4 4 0 0 0 0 0 4 0 0 0 4 4 2 0 0 4 1 2 4 1 2 0 2 0 0 4 1 2 4 1 2 4 1 2 0 4 1 2 0 5
0 50 0 2 0 0 4 1 2 0 0 0 0 0 0 3 3 3 3 3 2 0 4 1 2 4 1 2 4 1 2 4 1 2 0 0 2 2 4 1 2 0 4 1 2 4 1 2 0 0 0 5
0 12 1 4 1 4 5 2 0 4 4 4 0 5
0 6 1 7 1 7 7 5
0 73 1 3 7 1 1 0 4 4 0 4 1 2 4 1 2 0 2 2 0 0 0 0 2 0 0 4 1 2 0 2 0 0 0 0 0 0 2 2 2 0 0 4 1 2 0 4 1 2 0 0 0 4 1 2 0 0 0 2 0 2 0 0 4 1 2 0 0 0 0 2 2 0 5
0 6 4 0 4 0 0 5
0 7 1 1 7 1 1 1 5
0 56 7 1 1 7 0 3 2 0 0 2 0 2 4 1 2 4 1 2 1 1 1 0 2 2 0 0 4 1 2 4 1 2 4 1 2 4 1 2 0 0 0 0 0 2 0 0 2 4 1 2 4 0 4 0 0 5
0 20 1 0 4 1 2 0 0 0 2 0 0 0 5 5 0 0 0 0 4 7
0 14 1 4 1 4 5 2 0 4 4 4 0 5 5 5
0 31 7 1 3 6 7 4 7 4 7 4 7 4 1 3 6 7 4 1 3 6 4 4 4 4 4 0 4 0 0 4 5
0 18 1 4 2 0 0 2 4 1 2 4 1 2 0 0 4 1 2 5
0 58 0 0 1 0 4 0 4 2 0 4 1 2 0 0 2 2 2 0 0 4 0 2 2 2 0 0 4 1 2 0 0 0 4 1 2 0 4 1 2 0 0 0 4 1 2 0 0 4 1 2 2 0 4 1 2 0 0 7
0 145 7 4 7 4 7 4 7 4 7 4 7 4 7 4 4 7 4 7 4 7 4 7 4 4 4 4 7 4 7 4 4 4 4 4 4 7 4 7 4 0 3 6 4 4 4 4 7 4 7 4 7 4 7 4 0 3 6 7 4 7 4 7 4 7 4 7 4 7 4 7 4 4 4 4 4 2 0 4 1 2 4 1 2 4 1 2 4 1 2 0 4 1 2 0 4 1 2 5 5 0 0 0 0 4 0 0 2 0 4 1 2 4 1 2 4 1 2 2 2 2 4 1 2 0 0 0 4 4 0 2 2 0 4 1 2 4 1 2 2 0 0 0 0 0 7
0 30 0 4 2 2 0 2 0 4 1 2 0 4 1 2 4 1 2 0 0 0 2 0 2 2 0 0 0 0 2 5
0 3 5 2 5
0 28 0 3 6 7 4 7 4 7 4 7 4 7 4 4 4 4 4 4 7 4 7 4 7 4 7 4 4 5
0 85 7 7 4 1 3 6 7 4 7 4 7 4 7 4 0 3 6 7 4 7 4 7 4 7 4 4 4 4 4 0 4 2 2 2 0 0 0 0 2 0 0 0 0 4 1 2 0 0 0 0 2 0 2 2 0 0 0 0 0 0 2 0 0 0 4 1 2 4 1 2 0 4 0 0 0 0 2 0 0 0 4 1 2 0 5
0 48 7 4 7 4 7 4 7 4 4 7 4 7 4 7 4 7 4 0 3 6 7 4 7 4 7 4 7 4 7 4 7 4 4 4 4 4 7 4 7 4 7 4 7 4 1 3 6 5
0 55 7 5 2 0 0 4 1 2 0 0 4 2 2 2 0 0 0 4 1 2 0 4 1 2 4 1 2 0 0 0 2 2 4 1 2 0 0 4 1 2 4 1 2 0 0 0 2 0 4 1 2 4 1 2 5
0 62 7 7 2 0 2 4 1 2 0 4 1 2 0 0 0 2 2 4 1 2 4 1 2 4 1 2 4 1 2 4 1 2 0 2 2 4 1 2 4 1 2 0 4 1 2 2 2 7 6 4 0 0 0 4 1 2 2 4 1 2 0 5
0 75 5 2 0 4 4 4 0 2 0 0 0 2 2 0 4 1 2 0 0 4 1 2 2 0 2 2 0 0 0 3 3 3 3 3 7 6 0 4 1 2 4 1 2 0 2 2 0 2 2 0 0 2 2 0 0 4 1 2 4 1 2 0 4 1 2 0 4 1 2 0 0 4 1 2 5
0 85 4 4 0 4 4 2 2 2 2 4 1 2 0 4 1 2 0 2 0 4 1 2 4 1 2 0 4 1 2 3 3 4 1 2 0 0 0 0 0 4 1 2 4 1 2 4 1 2 4 1 2 0 2 2 2 0 0 4 1 2 4 1 2 0 4 1 2 0 0 4 1 2 0 2 2 2 0 2 4 1 2 4 1 2 7
0 15 2 2 2 0 4 1 2 2 0 0 4 1 2 0 5
0 16 0 4 2 4 1 2 4 1 2 4 1 2 4 1 2 7
0 40 5 2 1 3 6 7 4 7 4 7 4 1 3 6 7 4 7 4 7 4 0 3 6 7 4 7 4 7 4 0 3 6 5 2 1 7 7 7 1 5
0 132 7 4 7 4 7 4 1 3 6 7 4 7 4 7 4 7 4 7 4 4 4 4 4 4 1 2 0 0 0 0 0 2 0 0 0 4 1 2 0 0 0 0 2 2 2 2 0 0 4 1 2 4 1 2 4 1 2 1 1 1 2 2 0 0 4 1 2 0 4 1 2 0 0 4 1 2 4 1 2 4 1 2 2 0 0 4 1 2 0 0 4 1 2 0 2 2 2 4 1 2 4 1 2 4 1 2 0 5 5 2 2 0 0 4 1 2 0 0 4 1 2 2 2 0 0 4 1 2 4 1 2 5
0 10 2 2 0 0 0 4 1 2 0 5
0 74 7 0 4 2 0 0 0 4 1 2 0 4 1 2 2 0 0 0 0 0 0 0 4 1 2 0 0 0 0 4 1 2 7 6 2 2 0 0 0 4 1 2 4 1 2 0 0 0 2 0 0 0 4 1 2 4 1 2 2 2 4 1 2 4 1 2 4 1 2 0 2 0 0 7
0 25 5 2 1 4 7 0 0 4 4 2 0 2 0 0 1 1 0 0 2 0 2 2 2 0 7
0 9 7 4 7 4 4 4 1 4 5
0 33 4 4 0 0 4 2 2 2 2 2 0 0 0 4 1 2 4 1 2 0 0 0 2 0 4 1 2 0 0 4 1 2 5
0 48 7 4 7 4 7 4 7 4 4 4 4 7 4 7 4 1 3 6 7 4 7 4 7 4 7 4 7 4 1 3 6 7 4 7 4 7 4 7 4 7 4 4 4 4 4 4 7 5
0 58 7 7 0 3 6 7 4 7 4 7 4 7 4 7 4 4 4 7 4 7 4 7 4 7 4 7 4 4 0 0 2 4 1 2 0 0 0 4 1 2 0 0 2 0 0 0 4 1 2 2 2 0 0 0 4 1 2 7
0 36 7 4 7 4 7 4 4 4 4 4 4 7 4 7 4 4 4 7 4 4 4 4 4 4 7 4 7 4 7 4 7 4 1 3 6 5
0 77 1 3 7 4 7 4 7 4 7 4 4 4 4 0 3 6 0 3 6 7 4 7 4 7 4 7 4 4 7 4 0 3 6 0 4 1 2 2 0 0 4 1 2 0 0 0 0 2 0 0 0 4 1 2 1 2 0 0 0 0 0 4 1 2 4 1 2 0 0 0 0 2 0 4 1 2 5
0 22 0 4 4 5 5 0 2 0 2 0 0 4 1 2 4 1 2 0 1 1 1 5
0 27 7 0 0 4 1 2 4 1 2 4 1 2 0 0 2 0 4 1 2 0 4 1 2 4 1 2 5
0 6 7 1 7 0 4 5
0 77 7 1 5 2 4 4 4 2 0 2 2 2 4 1 2 0 4 1 2 4 1 2 0 2 0 0 4 1 2 4 1 2 4 1 2 4 1 2 2 0 2 0 0 0 0 0 2 4 1 2 4 1 2 4 1 2 0 5 5 0 2 0 0 0 0 2 0 4 1 2 4 1 2 4 1 2 5
0 58 7 4 7 4 4 4 4 4 7 4 7 4 7 4 7 4 7 4 4 4 4 4 4 7 4 7 4 1 3 6 7 4 7 4 7 4 4 4 4 4 4 7 4 7 4 7 4 7 4 7 4 4 7 4 4 4 4 5
0 55 7 4 7 4 7 4 7 4 0 3 6 7 4 7 4 7 4 7 4 7 4 0 3 6 7 4 1 3 6 7 4 4 4 4 4 4 2 2 2 2 2 4 1 2 4 1 2 4 1 2 0 2 0 0 5
0 71 1 3 7 7 7 4 0 3 6 0 3 6 7 4 7 4 7 4 4 4 4 0 4 4 4 4 4 4 0 4 1 2 4 1 2 2 0 2 0 2 0 2 2 2 4 1 2 0 4 1 2 4 1 2 4 1 2 2 0 0 2 2 4 1 2 4 1 2 0 0 5
0 27 0 0 0 4 1 2 0 0 2 0 0 4 1 2 0 2 2 0 2 2 0 2 4 1 2 0 7
0 126 7 5 2 7 2 0 0 0 0 2 2 0 0 2 0 4 1 2 0 4 1 2 2 0 4 1 2 0 4 1 2 4 1 2 3 3 3 3 0 0 4 1 2 4 1 2 4 1 2 2 0 0 0 2 4 1 2 0 0 2 2 2 2 2 2 0 0 4 1 2 0 2 0 2 0 0 0 2 2 0 0 2 0 4 1 2 0 0 4 1 2 0 4 1 2 4 1 2 0 2 0 0 4 1 2 7 6 0 2 2 0 0 0 4 1 2 0 2 2 0 4 1 2 0 0 7
0 4 7 7 7 5
0 137 7 4 7 4 7 4 7 4 0 3 6 7 4 7 4 7 4 1 3 6 7 4 7 4 7 4 7 4 7 4 7 4 4 4 1 2 0 0 2 2 4 1 2 0 0 0 0 0 0 4 1 2 0 0 2 2 2 2 4 1 2 4 1 2 0 0 1 1 1 1 1 2 2 0 0 4 1 2 0 0 0 0 4 1 2 4 1 2 2 2 0 0 0 0 2 2 2 2 4 1 2 0 4 1 2 4 1 2 4 1 2 2 0 2 2 0 4 1 2 5 5 0 0 4 2 0 0 2 4 1 2 4 1 2 0 0 5
0 53 1 7 1 7 7 5 2 0 3 7 7 1 7 4 0 4 4 4 4 2 0 0 1 1 1 1 0 4 1 2 4 1 2 0 4 1 2 4 1 2 4 1 2 0 0 4 1 2 0 4 1 2 5
0 22 0 2 2 0 2 4 1 2 0 2 2 2 2 2 4 1 2 0 4 1 2 5
0 7 7 1 7 7 1 1 5
0 30 4 0 0 0 2 0 0 0 4 1 2 4 1 2 0 0 2 0 2 2 4 1 2 0 2 2 0 0 0 7
0 4 5 2 7 5
0 23 7 4 7 4 4 7 4 7 4 4 7 7 4 0 0 0 0 0 4 4 0 4 7
0 61 1 3 6 7 4 7 4 7 4 7 4 1 3 6 7 4 7 4 7 4 7 4 7 4 7 4 7 4 7 4 7 4 0 3 6 1 4 7 4 7 4 7 4 0 3 6 7 4 7 4 4 7 4 7 4 7 4 0 3 6 5
0 67 0 3 1 7 7 0 2 0 0 0 0 0 0 4 1 2 0 4 1 2 7 6 0 0 0 4 1 2 4 1 2 0 2 1 0 0 2 0 2 4 1 2 0 4 1 2 4 1 2 0 0 2 0 4 1 2 0 4 1 2 4 1 2 4 1 2 7
0 21 0 3 1 7 7 0 2 0 0 0 0 0 0 4 1 2 0 4 1 2 7
0 2 7 5
0 28 5 2 1 4 4 4 4 7 4 7 4 7 4 1 3 6 7 1 7 0 2 2 2 0 2 2 2 7
0 33 5 2 1 3 6 7 4 7 4 7 4 1 3 6 7 4 7 4 7 4 0 3 6 7 4 7 4 7 4 0 3 6 5
0 70 1 1 3 1 3 6 7 4 7 4 7 4 1 3 0 0 0 4 1 2 2 2 4 1 2 4 1 2 2 0 0 2 0 2 2 0 4 1 2 4 1 2 2 4 1 2 4 1 2 0 0 4 1 2 5 5 0 4 4 0 0 2 0 4 1 2 4 1 2 5
0 54 1 1 7 1 1 1 5 2 0 2 0 0 0 4 1 2 0 0 2 0 0 0 4 1 2 0 0 0 4 1 2 0 0 2 0 4 1 2 0 0 4 1 2 1 1 1 0 2 0 4 1 2 0 5
0 3 1 3 5
0 18 0 2 0 0 2 0 4 1 2 0 4 1 2 0 2 0 2 7
0 34 5 2 7 4 7 4 7 4 4 4 4 4 7 4 0 3 6 0 2 2 2 0 4 1 2 0 0 4 1 2 0 2 2 5
0 33 7 0 4 2 0 0 0 4 1 2 0 4 1 2 2 0 0 0 0 0 0 0 4 1 2 0 0 0 0 4 1 2 7
0 14 7 6 0 0 2 2 0 0 0 0 4 1 2 5
0 75 0 3 6 7 4 7 4 7 4 7 4 7 4 4 7 4 0 3 6 1 1 1 1 0 0 4 0 4 2 2 2 2 4 1 2 4 1 2 4 1 2 0 2 0 2 4 1 2 4 1 2 0 2 2 2 0 4 1 2 0 0 0 2 2 0 0 0 4 1 2 0 4 1 2 5
0 94 7 1 7 7 1 1 5 2 5 5 0 2 2 4 1 2 4 1 2 0 0 4 1 2 0 2 0 4 1 2 0 0 0 2 2 0 4 1 2 0 0 2 4 1 2 2 0 0 0 7 6 2 0 2 4 1 2 4 1 2 4 1 2 0 0 2 2 2 4 1 2 4 1 2 0 0 0 4 1 2 2 0 0 2 2 0 4 1 2 0 4 1 2 5
0 98 0 3 6 7 4 7 4 7 4 7 4 7 4 4 7 4 0 3 6 1 1 1 1 0 0 4 0 4 2 2 2 2 4 1 2 4 1 2 4 1 2 0 2 0 2 4 1 2 4 1 2 0 2 2 2 0 4 1 2 0 0 0 2 2 0 0 0 4 1 2 0 4 1 2 5 5 0 2 0 2 0 0 0 4 1 2 4 1 2 0 4 1 2 0 0 5 5 5
0 9 7 1 7 7 1 1 5 2 5
0 28 7 4 7 4 7 4 7 4 1 3 6 7 4 7 4 7 4 4 7 4 7 4 7 4 4 4 4 5
0 13 0 2 0 2 2 0 0 0 4 1 2 0 5
0 28 7 7 4 4 1 2 0 0 0 0 2 2 4 1 2 0 4 1 2 4 1 2 5 5 2 0 2 5
0 49 7 1 3 6 7 4 7 4 7 4 7 4 1 3 6 7 4 1 3 6 4 4 4 4 4 0 4 0 0 4 5 5 0 4 0 4 2 0 2 2 0 2 0 0 0 4 1 2 5
0 35 7 4 7 4 4 4 1 4 5 2 0 0 0 0 0 0 4 1 2 4 1 2 0 0 4 4 4 0 2 0 0 0 0 0 7
0 2 1 5
0 50 7 1 7 7 1 7 5 2 0 4 4 4 4 0 4 0 0 0 0 2 4 1 2 0 0 2 4 1 2 4 1 2 0 0 2 0 4 1 2 4 1 2 0 4 1 2 4 1 2 5
0 11 1 0 0 4 1 2 0 0 0 0 7
0 4 1 1 1 5
0 8 2 0 4 1 2 0 0 5
0 154 7 4 7 4 7 4 7 4 7 4 7 4 7 4 7 4 1 3 6 7 4 7 4 7 4 7 4 7 4 4 4 4 4 4 7 4 0 3 6 7 4 7 4 0 3 6 7 4 7 4 7 4 7 4 7 4 4 4 4 4 4 7 4 7 4 7 4 7 4 7 4 7 7 4 4 4 1 4 0 0 0 4 1 2 0 0 0 2 0 4 1 2 4 1 2 0 4 1 2 0 0 0 0 0 0 2 0 0 2 0 4 1 2 4 1 2 4 1 2 0 2 0 4 1 2 4 1 2 0 4 1 2 3 3 0 4 2 4 1 2 4 1 2 0 0 0 2 2 0 0 2 0 0 7
0 3 0 3 5
0 29 1 3 1 4 7 4 7 4 7 4 1 3 6 2 0 4 1 2 0 2 0 4 1 2 4 1 2 0 5
0 51 0 4 1 2 4 1 2 0 4 1 2 2 0 2 0 0 0 4 1 2 4 1 2 0 4 1 2 0 0 0 4 1 2 0 0 0 5 5 2 2 0 0 0 0 4 1 2 4 1 2 7
0 48 5 2 4 4 4 4 0 2 0 4 1 2 0 0 0 0 0 0 2 0 4 1 2 2 2 0 4 1 2 0 0 0 2 0 0 2 0 4 1 2 4 1 2 4 1 2 0 5
0 7 7 1 7 7 1 7 5
0 5 1 3 5 2 5
0 47 7 2 2 2 0 2 2 2 0 0 0 4 1 2 1 1 1 1 2 0 0 0 7 6 2 0 2 0 2 4 1 2 0 1 1 1 1 4 0 0 2 0 2 0 2 0 5
0 1 5
0 27 7 4 7 4 4 4 4 4 7 4 7 4 7 4 1 3 6 7 4 1 3 6 7 1 7 0 7
0 78 0 4 0 4 1 2 0 4 1 2 4 1 2 4 1 2 0 0 2 2 0 4 1 2 4 1 2 4 1 2 0 2 2 0 0 0 4 1 2 0 2 2 0 2 0 0 4 1 2 4 1 2 4 1 2 0 4 1 2 0 7 6 2 0 2 4 1 2 4 1 2 2 4 1 2 0 0 5
0 4 0 0 3 7
0 51 7 1 7 1 1 0 0 0 0 4 1 2 4 1 2 0 0 0 0 4 1 2 4 1 2 0 2 2 0 0 4 1 2 0 4 1 2 2 0 0 0 0 4 1 2 0 4 1 2 0 5
0 20 4 0 0 0 0 0 0 2 0 2 0 0 2 0 0 4 1 2 0 5
0 84 1 3 1 1 2 0 4 1 2 0 0 2 2 0 4 1 2 0 0 2 2 0 0 4 1 2 4 1 2 0 0 0 2 0 2 0 2 4 1 2 2 2 2 2 0 0 4 1 2 4 1 2 0 2 0 2 2 4 1 2 0 4 4 2 2 2 4 1 2 0 0 2 2 2 0 2 0 4 1 2 4 1 2 5
0 68 1 1 7 1 7 2 0 0 4 1 2 2 0 2 0 2 0 0 0 4 1 2 0 0 0 0 0 4 1 2 0 0 4 1 2 2 2 0 0 4 1 2 0 0 4 0 0 4 0 0 0 0 4 1 2 4 1 2 4 1 2 7 6 0 0 0 2 7
0 106 7 5 2 7 2 0 0 0 0 2 2 0 0 2 0 4 1 2 0 4 1 2 2 0 4 1 2 0 4 1 2 4 1 2 3 3 3 3 0 0 4 1 2 4 1 2 4 1 2 2 0 0 0 2 4 1 2 0 0 2 2 2 2 2 2 0 0 4 1 2 0 2 0 2 0 0 0 2 2 0 0 2 0 4 1 2 0 0 4 1 2 0 4 1 2 4 1 2 0 2 0 0 4 1 2 7
0 7 7 7 7 7 7 7 5
0 35 5 2 0 4 4 4 0 2 0 0 0 2 2 0 4 1 2 0 0 4 1 2 2 0 2 2 0 0 0 3 3 3 3 3 7
0 82 0 2 2 0 2 0 4 1 2 2 0 0 0 4 1 2 0 0 2 0 0 4 1 2 5 5 4 4 4 2 2 4 1 2 4 1 2 0 0 2 0 0 0 4 1 2 1 1 0 0 0 0 2 4 1 2 4 1 2 4 1 2 4 1 2 4 1 2 2 0 2 0 0 2 0 0 2 4 1 2 0 7
0 23 7 2 2 2 0 2 2 2 0 0 0 4 1 2 1 1 1 1 2 0 0 0 7
0 27 4 0 0 4 1 2 4 1 2 0 0 0 4 1 2 7 6 2 2 2 0 0 4 1 2 0 5
0 12 7 7 4 7 4 7 4 4 4 4 7 5
0 5 1 4 1 4 5
0 49 7 4 7 4 7 4 4 7 4 7 4 7 4 7 4 7 4 1 3 6 1 4 7 5 2 0 4 4 0 2 0 4 1 2 0 4 1 2 2 2 0 0 0 2 2 0 0 0 7
0 58 1 3 7 5 2 0 3 7 4 7 4 0 3 6 7 4 7 4 7 4 7 4 7 4 4 4 4 4 7 4 7 4 7 4 7 4 7 4 7 4 4 4 4 4 0 0 2 4 1 2 0 4 1 2 0 0 0 7
0 19 7 7 7 7 7 7 5 2 1 1 7 7 1 0 4 1 2 0 7
0 96 0 3 6 7 4 7 4 7 4 7 4 7 4 4 7 4 0 3 6 1 1 1 1 0 0 4 0 4 2 2 2 2 4 1 2 4 1 2 4 1 2 0 2 0 2 4 1 2 4 1 2 0 2 2 2 0 4 1 2 0 0 0 2 2 0 0 0 4 1 2 0 4 1 2 5 5 0 2 0 2 0 0 0 4 1 2 4 1 2 0 4 1 2 0 0 5
0 91 7 7 4 7 4 7 4 4 4 7 4 7 4 7 4 7 4 1 3 6 4 4 4 4 4 0 3 6 7 4 7 4 7 4 4 4 4 4 4 0 4 4 1 2 0 0 0 0 2 0 0 0 4 1 2 0 0 4 1 2 0 1 1 1 1 1 2 2 2 2 0 0 0 2 4 1 2 0 0 2 2 0 0 4 1 2 2 2 2 0 5
0 75 7 4 1 3 6 7 4 7 4 4 4 4 4 7 4 7 4 7 4 7 4 7 4 1 3 6 7 4 7 4 7 4 4 4 1 7 1 1 7 1 4 4 0 2 2 2 2 0 0 0 0 2 0 4 1 2 4 1 2 0 2 2 4 1 2 0 0 4 1 2 0 2 0 0 5
0 108 7 4 7 4 7 4 1 3 6 7 4 7 4 7 4 7 4 7 4 4 4 4 4 4 1 2 0 0 0 0 0 2 0 0 0 4 1 2 0 0 0 0 2 2 2 2 0 0 4 1 2 4 1 2 4 1 2 1 1 1 2 2 0 0 4 1 2 0 4 1 2 0 0 4 1 2 4 1 2 4 1 2 2 0 0 4 1 2 0 0 4 1 2 0 2 2 2 4 1 2 4 1 2 4 1 2 0 5
0 50 7 1 7 7 1 1 5 2 5 5 0 2 2 4 1 2 4 1 2 0 0 4 1 2 0 2 0 4 1 2 0 0 0 2 2 0 4 1 2 0 0 2 4 1 2 2 0 0 0 7
0 12 1 3 5 2 5 2 7 4 4 4 4 5
0 136 7 4 7 4 7 4 7 4 0 3 6 7 4 7 4 4 4 4 4 7 4 7 4 7 4 7 4 0 3 6 7 4 7 4 7 4 1 3 6 7 4 4 4 7 7 4 7 4 4 4 4 4 7 4 7 4 7 4 7 4 7 4 0 3 6 7 4 4 1 7 4 7 4 7 4 7 4 7 4 1 3 6 0 2 2 2 0 0 4 1 2 4 1 2 0 1 1 1 1 4 0 0 4 4 2 0 0 0 4 1 2 4 1 2 0 4 1 2 0 0 0 0 4 1 2 4 1 2 4 1 2 0 0 0 0 5
0 28 7 2 2 2 0 4 1 2 2 2 0 0 4 1 2 0 0 0 0 0 0 4 1 2 4 1 2 7
0 120 7 4 7 4 7 4 7 4 0 3 6 7 4 7 4 7 4 1 3 6 7 4 7 4 7 4 7 4 7 4 7 4 4 4 1 2 0 0 2 2 4 1 2 0 0 0 0 0 0 4 1 2 0 0 2 2 2 2 4 1 2 4 1 2 0 0 1 1 1 1 1 2 2 0 0 4 1 2 0 0 0 0 4 1 2 4 1 2 2 2 0 0 0 0 2 2 2 2 4 1 2 0 4 1 2 4 1 2 4 1 2 2 0 2 2 0 4 1 2 5
0 36 1 3 1 4 7 4 7 4 7 4 1 3 6 2 0 4 1 2 0 2 0 4 1 2 4 1 2 0 5 5 0 2 2 0 2 5
0 129 7 4 7 4 4 4 4 4 7 4 7 4 7 4 7 4 7 4 4 4 4 4 4 7 4 7 4 1 3 6 7 4 7 4 7 4 4 4 4 4 4 7 4 7 4 7 4 7 4 7 4 4 7 4 4 4 4 5 2 7 7 7 1 1 7 4 7 4 7 4 7 4 7 4 0 3 6 2 4 1 2 0 0 4 1 2 4 1 2 0 2 2 2 2 2 4 1 2 4 1 2 4 1 2 0 4 1 2 0 2 0 0 0 2 0 2 2 4 1 2 4 1 2 0 4 1 2 0 5
0 29 1 5 2 7 7 1 4 0 4 0 4 0 0 2 2 0 0 4 1 2 0 4 1 2 4 1 2 0 5
0 55 1 1 3 1 3 6 7 4 7 4 7 4 1 3 0 0 0 4 1 2 2 2 4 1 2 4 1 2 2 0 0 2 0 2 2 0 4 1 2 4 1 2 2 4 1 2 4 1 2 0 0 4 1 2 5
0 77 5 2 0 4 4 4 0 2 0 0 0 2 2 0 4 1 2 0 0 4 1 2 2 0 2 2 0 0 0 3 3 3 3 3 7 6 0 4 1 2 4 1 2 0 2 2 0 2 2 0 0 2 2 0 0 4 1 2 4 1 2 0 4 1 2 0 4 1 2 0 0 4 1 2 5 5 5
0 6 7 0 3 5 2 5
0 4 5 2 1 5
0 4 7 0 3 5
0 72 1 5 2 7 7 1 4 0 4 0 4 0 0 2 2 0 0 4 1 2 0 4 1 2 4 1 2 0 5 5 2 0 0 0 2 0 4 1 2 0 2 0 2 0 0 4 1 2 0 2 0 0 0 2 0 0 4 1 2 4 1 2 4 1 2 2 0 4 1 2 0 5
