890 8
1 0 
1 74 0 3 3 1 6 5 0 6 5 3 2 5 3 6 5 0 1 6 5 3 7 6 5 6 5 1 6 5 6 5 0 7 0 7 3 7 3 7 2 3 7 2 2 7 7 2 3 7 7 7 7 2 0 7 7 7 7 7 7 7 7 7 2 2 2 2 7 7 7 7 7 2 2 2
1 119 3 7 3 7 3 7 7 2 2 2 2 2 2 2 2 2 2 0 7 3 7 7 7 2 2 3 7 7 7 7 7 3 7 3 3 4 2 3 2 5 3 1 4 1 5 4 1 5 4 1 7 1 5 4 1 7 1 5 4 3 1 7 1 5 2 2 2 2 2 2 2 2 3 0 0 0 0 1 6 5 7 3 3 5 3 1 6 5 6 5 6 5 0 6 5 6 5 1 0 3 1 5 4 5 3 1 2 2 2 3 2 1 7 1 5 5 3 5 3
1 113 2 2 0 7 2 2 3 3 0 0 2 2 2 2 2 2 2 2 0 7 2 2 2 0 7 0 0 3 4 2 0 0 3 2 3 1 7 1 2 3 3 2 2 2 2 2 5 3 1 4 4 2 6 5 1 1 6 5 6 5 6 5 4 2 1 5 4 1 4 1 5 4 1 5 4 1 5 4 1 2 2 3 3 2 2 2 2 1 5 4 1 5 4 3 2 3 2 1 7 1 5 4 1 1 5 4 1 2 2 2 2 1 7
1 127 2 2 2 0 7 0 0 3 3 3 6 5 6 5 1 7 4 2 5 3 1 5 4 1 5 4 1 5 4 1 5 5 3 5 3 6 5 1 0 6 5 6 5 5 3 2 2 2 2 2 2 2 2 1 7 1 7 5 3 5 3 7 5 3 5 3 5 3 0 7 6 5 6 5 1 1 5 4 1 5 4 2 0 7 3 4 2 6 5 6 5 1 5 4 1 5 1 4 1 7 4 2 3 3 5 3 0 7 2 2 2 2 0 7 3 7 3 7 2 2 2 3 7 3 7 2 2
1 124 2 2 2 3 7 3 7 3 7 7 7 7 7 2 2 2 3 7 7 7 7 2 7 3 7 7 7 7 7 2 2 2 2 0 7 0 7 3 2 6 5 1 1 6 5 1 2 3 2 2 2 3 2 2 2 2 1 5 4 1 5 4 1 5 4 1 2 3 3 2 3 3 2 2 3 2 3 2 2 3 2 1 4 3 1 5 4 1 7 1 5 4 1 3 2 3 2 2 2 2 2 5 3 3 4 2 4 2 3 2 1 5 4 1 5 4 0 7 0 7 3 3 5 3
1 140 0 3 2 3 2 5 3 3 2 3 1 5 4 1 5 4 1 5 4 1 5 4 5 3 1 7 6 5 7 6 5 3 2 3 2 1 6 5 1 6 5 5 3 5 3 5 3 1 4 1 5 4 1 2 2 1 5 0 3 3 3 3 2 3 6 5 5 3 1 5 4 1 4 1 2 3 3 2 2 2 2 3 2 3 2 7 6 5 1 7 1 5 4 1 7 3 2 3 4 2 5 3 5 3 4 2 6 5 3 4 2 5 3 5 3 1 5 4 1 2 2 2 3 2 2 2 2 5 3 2 2 7 7 7 3 7 2 2 2 2
1 51 2 2 2 2 0 7 0 7 6 5 0 6 5 6 5 4 2 3 1 7 1 1 7 1 5 4 1 5 4 1 5 4 1 4 1 3 3 2 2 2 3 3 2 1 5 4 1 6 5 6 5
1 63 0 7 2 2 2 3 6 5 6 5 6 5 1 1 6 5 6 5 3 5 3 1 5 4 2 5 3 1 5 4 1 5 4 1 5 4 1 4 5 3 1 7 4 2 5 3 5 3 5 3 1 5 4 1 6 5 0 6 5 6 5 5 3
1 68 3 3 2 6 5 0 0 6 5 0 5 3 5 3 5 3 4 2 6 5 6 5 5 3 5 3 3 2 3 3 3 5 3 0 7 2 2 2 2 2 2 2 3 3 3 0 3 6 5 1 6 5 6 5 7 1 5 3 1 5 1 7 1 5 4 1 5 4
1 51 2 2 3 7 3 7 2 3 7 2 2 2 2 7 7 7 7 0 7 2 2 0 7 3 7 7 7 7 7 2 2 2 2 2 3 5 3 3 6 5 1 5 4 1 5 4 1 5 4 5 3
1 114 0 7 3 3 3 6 5 6 5 6 5 7 1 1 2 2 3 3 2 3 2 2 2 2 3 3 2 2 3 2 1 5 4 1 5 4 1 3 2 3 2 2 5 3 6 5 6 5 7 6 5 1 3 1 5 6 5 7 5 3 1 5 4 1 2 2 2 2 3 3 3 2 1 5 4 1 5 4 2 2 2 2 2 2 2 2 2 0 0 3 3 3 2 3 3 4 2 4 2 6 5 1 6 5 6 5 4 2 3 2 3 3 3 2
1 63 2 2 7 3 7 3 7 2 2 2 2 2 3 7 7 7 7 7 3 7 2 7 2 2 2 0 7 0 7 3 7 7 7 7 2 2 2 7 7 3 7 7 7 7 7 7 7 7 2 2 2 7 7 3 7 3 7 2 2 3 7 7 7
1 12 0 7 0 7 2 2 2 2 0 7 0 7
1 31 0 7 0 7 3 7 2 2 2 2 2 2 2 2 0 7 0 7 7 7 7 7 7 3 7 3 7 2 2 2 2
1 67 3 7 7 7 3 7 2 2 7 7 7 3 7 2 2 2 3 7 2 2 2 7 7 7 7 2 2 2 2 2 2 2 7 7 7 7 7 7 2 2 2 2 7 2 0 7 0 7 0 0 0 4 2 6 5 7 1 3 2 3 3 2 5 3 1 5 4
1 2 2 2
1 143 0 7 2 2 2 2 2 2 7 7 7 7 7 7 7 7 7 7 7 2 3 7 7 7 7 2 2 7 7 7 7 7 7 2 2 2 3 7 7 7 7 7 2 2 2 2 1 3 1 6 5 6 5 7 1 7 1 5 4 1 0 1 5 4 1 5 4 1 5 1 5 1 3 3 3 2 2 2 2 2 1 7 1 4 1 3 3 2 2 1 5 4 6 5 6 5 7 4 2 1 6 5 1 7 3 2 2 2 0 7 2 0 3 0 3 2 7 6 5 6 5 6 5 3 6 5 6 5 1 0 6 5 1 3 1 6 5 6 5 1 3 5 3
1 22 2 2 2 0 0 1 6 5 1 3 3 2 0 7 2 0 7 0 7 3 7 2
1 152 2 2 2 2 3 0 3 6 5 3 3 2 5 3 4 2 1 5 4 1 7 1 5 5 3 5 3 1 6 5 7 3 2 3 5 3 1 5 4 3 3 1 5 4 1 4 1 5 4 1 2 2 3 3 3 3 2 1 7 1 5 4 1 4 1 5 2 0 7 0 7 2 2 2 3 7 3 7 2 0 7 2 0 7 2 0 1 6 5 1 6 5 3 6 5 1 7 1 0 1 6 5 6 5 0 1 1 5 3 5 3 1 5 4 1 3 2 2 3 3 2 2 7 6 5 0 1 1 5 4 1 5 4 1 5 4 1 5 4 1 5 4 1 5 4 1 5 4 5 3 5 3
1 2 0 7
1 84 0 7 0 7 0 7 7 7 7 7 2 2 3 7 7 7 7 7 7 7 7 2 3 7 2 2 2 2 2 2 0 0 0 1 7 6 5 6 5 3 1 5 1 7 1 7 1 5 4 5 3 1 5 1 7 0 7 2 2 2 2 2 7 7 7 3 7 3 7 3 7 3 7 3 7 2 3 7 7 7 7 3 7 2
1 42 0 7 0 7 6 5 1 6 5 0 1 1 1 5 4 1 2 2 2 3 3 3 2 3 2 3 2 1 5 4 5 3 5 3 5 3 6 5 6 5 7 3
1 10 0 7 2 2 7 3 7 3 7 2
1 112 7 7 3 7 7 7 7 2 2 2 2 3 7 3 7 2 2 2 2 3 7 3 7 2 2 2 2 2 2 2 2 2 0 3 3 4 2 1 4 1 2 3 2 2 2 2 2 3 2 1 5 5 3 1 5 1 5 4 1 5 4 3 4 2 5 3 5 3 5 3 6 5 7 4 2 1 5 4 5 3 2 2 2 2 2 2 2 2 2 2 3 3 3 0 3 2 3 2 5 3 5 3 1 5 4 1 5 4 1 4 5 3
1 36 3 7 2 2 2 2 2 3 7 3 7 7 7 7 2 2 2 2 2 2 2 2 0 0 3 3 6 5 7 6 5 1 5 1 5 4
1 69 2 2 0 7 0 0 3 3 6 5 6 5 1 6 5 6 5 6 5 7 4 2 1 3 2 2 2 2 1 5 1 4 5 3 3 4 2 3 3 2 4 2 3 1 3 2 2 2 2 2 2 1 5 4 3 3 2 6 5 6 5 6 5 1 1 1 4 1 5
1 85 2 0 7 0 7 0 7 3 7 2 2 2 2 3 7 7 7 7 7 2 0 7 7 7 3 7 2 2 2 2 7 7 7 7 3 7 3 7 3 7 2 2 2 2 0 7 2 2 3 0 0 3 1 5 4 1 3 3 3 3 2 3 3 2 3 2 3 2 2 2 2 3 3 2 2 1 5 5 3 5 3 4 2 5 3
1 122 0 7 2 2 3 1 3 3 5 3 5 3 5 3 7 6 5 6 5 0 6 5 1 7 5 3 5 3 5 3 2 2 2 7 7 7 2 2 2 2 7 7 7 3 7 3 7 2 2 2 2 0 7 2 2 2 2 0 7 7 7 7 2 2 2 3 1 5 4 1 5 4 1 5 4 1 4 1 7 5 3 1 6 5 7 6 5 6 5 6 5 5 3 1 5 1 5 4 1 5 4 1 5 4 1 4 3 1 4 5 3 1 2 2 1 5 4 1 5 4 1 5
1 63 0 7 0 7 3 3 0 7 2 2 0 7 2 2 0 6 5 6 5 3 6 5 6 5 5 3 5 3 3 1 7 3 5 3 4 2 3 0 7 7 2 2 7 7 7 3 7 2 2 2 3 7 3 7 7 7 7 7 3 7 2 2 2
1 42 2 2 2 2 2 2 0 7 3 7 3 7 3 7 2 2 3 7 7 7 7 3 7 2 2 3 7 3 7 2 2 2 2 3 7 3 7 7 7 7 2 2
1 84 0 7 0 7 2 2 2 2 2 2 3 7 7 7 7 7 7 7 2 2 2 2 2 2 2 2 2 2 2 0 0 6 5 6 5 3 6 5 1 5 3 5 3 5 3 1 7 1 5 4 1 5 4 1 5 4 3 4 2 5 3 6 5 1 6 5 3 2 1 4 1 4 3 3 2 5 3 1 5 4 1 4 5 3
1 87 2 0 7 2 2 2 2 2 4 2 6 5 1 1 2 2 0 7 3 7 3 7 3 7 3 7 2 2 2 3 7 7 7 7 3 7 2 2 2 2 7 3 7 2 2 2 5 3 1 5 4 1 4 1 4 1 7 5 3 4 2 7 0 3 5 3 1 5 1 3 2 2 2 3 3 2 2 3 2 3 2 6 5 5 3 5 3
1 39 0 0 3 5 3 6 5 1 6 5 1 3 3 2 1 5 4 1 5 4 1 7 1 5 4 1 7 1 7 3 2 3 2 3 0 7 0 0 0
1 81 0 7 2 2 2 7 7 7 3 7 0 7 0 7 2 2 2 2 2 0 0 6 5 6 5 6 5 3 2 0 7 1 5 3 5 3 3 5 3 5 3 1 3 2 3 2 3 3 3 2 1 4 1 5 4 1 5 4 2 0 7 3 7 7 7 7 2 2 2 3 7 7 7 7 7 7 7 7 7 2 2
1 122 0 7 0 7 0 7 7 7 2 2 3 7 7 7 7 3 7 2 2 2 2 2 0 7 2 2 0 7 0 3 3 1 6 5 6 5 7 5 3 5 3 0 6 5 1 0 1 1 5 4 1 2 2 2 2 3 2 2 2 5 3 3 4 2 4 2 3 2 1 5 4 1 4 1 7 1 5 1 5 4 1 5 1 5 4 1 7 1 5 4 5 3 0 0 6 5 6 5 2 2 2 3 7 3 7 3 7 2 2 2 2 7 7 7 3 7 7 7 7 3 7 2
1 119 0 7 7 7 7 7 3 7 2 2 2 2 2 2 7 7 7 7 7 3 7 2 2 2 2 2 2 2 0 7 0 7 0 0 0 0 3 2 6 5 6 5 6 5 3 2 1 2 3 2 3 2 3 3 2 2 3 2 2 5 3 1 4 1 5 4 1 4 3 2 3 2 5 3 5 3 5 3 5 3 4 2 1 1 6 5 6 5 6 5 1 5 1 5 4 0 7 3 7 3 7 2 2 2 2 2 2 2 2 2 2 2 0 7 2 3 7 2 2
1 11 0 7 2 0 7 2 2 0 3 3 0
1 43 0 7 3 7 1 5 4 1 5 4 5 3 5 3 1 5 1 7 1 5 4 5 3 1 5 1 2 2 3 2 2 1 4 1 4 1 5 4 0 7 2 2 0
1 109 0 7 2 2 2 2 2 2 2 2 3 0 3 0 1 3 6 5 7 3 1 4 5 3 1 5 4 1 5 1 5 4 0 7 0 7 0 7 2 2 0 7 0 7 0 7 0 7 0 3 3 0 1 0 6 5 5 3 5 3 3 2 5 3 1 5 4 1 5 4 0 7 0 7 1 6 5 1 6 5 3 2 6 5 1 5 4 1 5 1 2 2 2 2 3 2 1 4 1 2 3 3 2 2 1 4 1 5 4
1 24 3 7 3 7 2 2 2 2 0 7 2 2 0 7 0 7 0 7 3 7 3 7 3 7
1 80 2 3 2 3 2 1 7 6 5 6 5 6 5 1 3 2 3 3 3 2 2 5 3 5 3 1 4 1 5 4 1 5 4 1 2 3 2 3 2 1 5 4 1 5 1 4 6 5 6 5 6 5 6 5 6 5 3 3 2 3 1 4 1 4 1 7 5 3 1 5 4 1 5 1 5 1 5 4 5 3
1 19 4 2 3 2 6 5 1 6 5 6 5 5 3 2 2 2 2 0 7
1 97 2 2 2 3 7 7 7 7 7 2 2 2 2 3 7 7 7 7 7 3 7 3 7 2 1 6 5 1 1 6 5 6 5 6 5 7 3 2 1 5 4 1 4 1 4 5 3 1 5 4 1 7 1 5 4 1 3 2 3 2 2 2 3 2 2 6 5 6 5 6 5 1 6 5 4 2 6 5 6 5 0 7 7 7 7 7 2 2 2 2 7 7 7 0 7 2 2
1 35 3 3 2 3 2 3 2 1 5 4 1 5 1 5 3 5 3 4 2 3 2 3 2 3 2 1 7 1 5 4 1 5 4 5 3
1 37 0 7 2 0 7 7 7 7 7 7 7 2 2 2 2 2 3 7 2 2 2 2 2 2 2 0 7 7 2 3 7 7 7 7 7 2 2
1 4 2 2 2 3
1 51 0 7 2 2 2 0 7 3 3 0 3 6 5 1 0 7 0 3 5 3 1 4 1 5 4 1 5 4 1 5 1 7 1 4 1 3 3 2 2 2 3 3 2 3 2 2 0 7 0 7 0
1 5 2 0 7 3 3
1 93 0 7 2 7 7 3 7 2 3 7 3 7 2 2 3 7 3 7 7 7 2 2 7 3 7 3 7 3 7 2 2 2 2 2 2 7 2 2 2 3 7 7 7 3 7 2 7 7 7 2 2 3 7 3 7 3 7 2 2 2 7 3 7 3 7 2 0 7 2 2 2 2 2 7 7 7 7 7 3 7 2 3 7 3 7 2 2 2 2 7 7 7 7
1 32 0 7 2 2 2 2 3 7 3 7 7 7 7 7 3 7 2 2 3 7 3 7 2 7 7 7 7 7 7 3 7 2
1 56 0 7 2 2 2 2 2 3 7 3 7 3 7 7 7 7 7 2 2 2 0 7 0 7 2 2 3 2 3 1 5 4 5 3 1 5 4 1 4 1 5 4 1 5 4 5 3 1 2 2 2 2 2 3 2 2
1 64 0 3 0 7 6 5 6 5 3 3 6 5 0 6 5 0 5 3 1 5 4 1 5 4 1 4 6 5 6 5 6 5 6 5 6 5 6 5 0 3 2 5 3 5 3 5 3 3 3 6 5 1 1 6 5 5 3 1 5 4 5 3 5 3
1 125 0 7 0 4 2 3 1 5 4 1 1 7 1 5 1 5 4 3 3 0 3 2 2 2 0 7 3 3 0 6 5 0 1 1 0 1 7 3 5 3 3 2 6 5 6 5 7 7 7 1 1 7 1 7 1 4 1 4 5 3 1 5 1 5 1 5 1 7 5 3 4 2 3 2 7 6 5 7 6 5 1 5 4 1 5 4 1 5 4 1 5 4 1 5 4 1 7 1 5 4 1 5 4 1 5 4 4 2 6 5 7 5 3 0 7 1 5 4 1 5 4 5 3 5 3
1 129 0 7 0 7 7 7 7 7 3 7 3 7 2 3 7 0 7 0 3 3 3 3 3 2 1 4 1 7 5 3 5 3 4 2 3 2 6 5 6 5 6 5 6 5 0 6 5 1 4 1 0 3 1 7 1 5 4 1 5 1 5 4 3 1 4 5 3 1 5 4 1 5 4 1 4 1 5 4 0 7 2 2 2 0 7 2 2 2 2 3 7 3 7 3 7 7 7 7 3 7 7 2 2 0 7 7 7 7 7 7 7 7 2 2 2 2 2 2 2 7 7 7 7 3 7 2 2 2 2
1 101 0 7 2 2 2 2 2 2 7 7 7 7 7 7 7 7 2 2 2 2 2 2 2 0 7 2 2 0 7 0 7 0 7 0 0 0 1 6 5 3 2 5 3 5 3 5 3 1 5 4 1 3 2 2 1 5 4 6 5 4 2 3 1 5 4 1 5 4 1 5 4 3 2 7 6 5 6 5 3 2 1 4 1 1 2 2 3 2 1 4 0 7 3 7 3 7 7 2 2 2 2
1 21 3 3 0 4 2 3 3 2 3 2 5 3 5 3 5 3 2 0 7 2 3
1 56 0 7 3 7 2 0 7 0 7 0 7 3 7 7 2 2 7 7 7 7 7 0 6 5 0 0 6 5 3 5 3 1 5 4 1 5 4 1 1 5 3 2 1 5 4 1 5 4 1 7 1 5 4 1 5 4
1 12 7 7 7 7 2 7 7 7 3 7 3 7
1 94 2 2 2 2 0 7 3 3 2 3 2 6 5 0 1 7 6 5 6 5 6 5 1 5 4 1 7 1 5 4 5 3 3 2 6 5 0 1 6 5 6 5 6 5 6 5 6 5 5 3 1 5 4 1 5 4 5 3 0 7 2 7 7 7 7 3 7 7 2 7 7 7 7 3 7 2 2 2 2 2 2 0 7 0 7 7 3 7 3 7 3 7 2 2
1 28 0 3 3 6 5 6 5 6 5 1 6 5 7 6 5 0 3 2 3 2 1 0 6 5 1 7 1 5
1 166 0 7 2 2 2 2 0 7 0 7 2 0 3 0 0 3 4 2 5 3 5 3 5 3 1 3 3 2 6 5 1 6 5 6 5 5 3 5 3 5 3 3 2 1 6 5 3 3 1 4 1 5 4 1 5 4 1 5 4 1 4 1 7 5 3 5 3 3 7 7 7 7 7 2 2 7 7 7 7 7 7 7 2 2 2 2 3 7 2 2 2 7 7 7 7 3 7 3 7 2 2 2 2 2 2 2 0 7 2 2 2 2 3 3 3 0 1 2 3 2 2 2 2 2 2 2 3 2 2 2 2 2 3 2 2 2 1 7 1 5 4 1 5 4 1 7 1 5 4 1 7 1 4 1 3 2 2 2 3 2 3 2 3 3 2 2
1 65 0 3 1 6 5 6 5 6 5 1 2 2 2 2 3 3 2 3 3 2 2 3 2 2 1 5 4 1 5 4 1 5 4 5 3 5 3 6 5 1 6 5 1 3 2 0 7 0 7 2 2 2 0 7 3 3 1 7 6 5 4 2 3 5 3
1 50 2 2 2 2 2 2 2 2 2 3 7 7 3 7 2 2 2 2 0 7 0 7 7 3 7 2 2 2 3 7 7 3 7 2 2 2 3 7 3 7 3 7 2 2 3 7 7 7 7 2
1 7 0 7 2 0 7 0 7
1 70 0 7 2 0 7 0 7 3 0 3 3 5 3 5 3 5 3 1 5 4 1 5 4 1 5 4 1 5 4 3 1 1 6 5 3 2 3 5 3 1 5 1 5 4 1 5 4 1 3 3 3 2 2 2 2 2 2 2 3 2 1 4 1 5 4 1 5 4 5 3
1 42 0 7 0 7 0 7 2 2 3 7 3 7 2 3 7 2 0 7 0 7 2 2 2 2 2 0 7 0 7 0 4 2 5 3 1 3 2 2 6 5 1 1
1 65 2 3 7 2 2 2 3 7 7 2 3 7 3 7 3 7 3 7 2 2 2 2 3 7 3 7 2 2 2 0 7 0 7 3 3 0 0 1 7 0 3 2 1 5 4 1 5 4 1 5 1 7 6 5 0 4 2 5 3 7 3 7 7 2 2
1 124 4 2 3 6 5 6 5 1 6 5 6 5 1 5 4 1 7 1 4 5 3 5 3 6 5 1 5 3 1 5 4 1 5 4 5 3 1 5 4 1 5 4 3 3 5 3 5 3 1 4 5 3 4 2 4 2 5 3 0 7 3 0 0 6 5 6 5 6 5 5 3 1 5 4 3 3 6 5 6 5 1 6 5 1 6 5 1 5 3 1 5 4 1 5 4 1 5 6 5 5 3 1 5 4 1 5 4 1 5 4 1 5 4 0 7 3 3 3 5 3 5 3 5 3
1 34 2 2 2 2 2 2 2 2 0 0 1 6 5 3 1 2 2 2 2 3 2 2 1 5 4 0 7 3 7 7 2 2 2 2
1 105 2 2 2 2 2 2 2 3 7 3 7 3 7 2 2 2 2 2 2 2 7 7 7 3 7 2 2 3 7 7 7 7 7 7 7 2 2 2 2 7 7 7 7 7 7 7 7 3 7 7 7 2 3 7 7 2 2 2 2 0 7 3 7 3 7 3 7 7 7 7 2 3 7 3 7 7 7 7 7 7 7 7 7 2 2 3 7 3 7 7 7 7 7 7 7 2 2 2 2 3 7 2 2 2 2
1 146 2 2 2 2 2 2 2 2 0 7 6 5 6 5 0 4 2 6 5 6 5 0 0 4 2 5 3 5 3 5 3 1 7 1 5 4 1 5 4 1 5 2 2 2 2 0 7 0 7 3 0 0 6 5 6 5 1 3 3 2 5 3 5 3 1 2 3 3 2 2 1 5 4 1 5 4 1 5 4 3 3 6 5 5 3 1 5 4 1 7 1 5 4 4 2 1 4 5 3 6 5 6 5 6 5 6 5 3 2 6 5 6 5 6 5 0 5 3 5 3 5 3 0 7 0 7 3 0 0 1 5 1 5 4 5 3 0 7 7 1 6 5 5 3 5 3
1 1 3
1 30 3 7 7 3 7 2 2 2 3 7 7 7 7 2 2 3 7 2 3 7 3 7 2 0 7 0 7 1 5 4
1 39 2 2 2 0 7 3 7 3 7 2 2 7 3 7 3 7 3 7 2 2 0 7 2 2 2 2 2 2 2 2 3 7 7 7 7 2 2 2 2
1 40 0 7 2 1 1 4 2 4 2 4 2 5 3 5 3 5 3 5 3 0 7 0 7 0 7 0 7 3 7 7 7 7 7 3 7 2 2 2 2 2
1 31 0 3 0 7 2 2 2 0 7 2 2 2 3 7 3 7 3 7 2 0 7 0 0 4 2 3 4 2 3 5 3
1 8 7 7 3 7 7 7 7 2
1 151 0 0 0 6 5 6 5 1 0 7 6 5 5 3 5 3 5 3 1 5 4 1 4 3 2 3 5 3 1 7 1 5 1 5 4 1 6 5 6 5 6 5 5 3 5 3 5 3 2 2 2 2 2 0 0 3 2 6 5 6 5 5 3 5 3 5 3 5 3 3 2 5 3 5 3 1 5 4 1 4 5 3 6 5 1 6 5 3 1 5 3 3 5 3 1 5 4 1 3 2 3 2 2 3 3 2 2 3 3 2 2 2 3 2 2 1 5 4 1 7 1 6 5 0 6 5 5 3 1 5 4 1 5 4 1 5 4 1 5 4 1 5 4 1 7 0 7 2 2 0 7
1 120 2 2 2 2 2 0 7 3 7 2 2 2 2 2 2 0 7 0 0 5 3 5 3 1 6 5 7 7 6 5 6 5 1 3 2 5 3 5 3 1 5 4 1 5 4 1 7 1 5 4 2 3 3 3 0 1 4 5 3 1 3 3 3 2 2 2 1 5 4 1 5 4 1 4 1 5 4 1 5 4 3 3 5 3 4 2 3 2 3 2 0 7 2 2 0 7 2 7 7 7 7 7 7 7 7 7 2 2 3 7 7 7 7 7 7 7 2 2 2 2
1 94 2 2 0 7 0 7 0 7 0 0 0 0 3 4 2 6 5 5 3 5 3 5 3 5 3 3 1 0 1 6 5 0 5 3 7 6 5 6 5 0 6 5 6 5 1 6 5 5 3 1 3 2 2 2 2 2 3 2 2 1 5 4 1 5 4 2 0 7 0 0 0 3 1 5 4 1 4 1 5 4 1 5 4 1 5 4 1 5 4 1 5 4 1 4
1 144 3 7 2 2 2 2 3 7 3 7 3 7 3 7 0 7 0 5 3 5 3 5 3 1 1 0 1 6 5 6 5 3 4 2 5 3 1 5 4 1 4 1 5 5 3 7 7 5 3 1 5 4 1 7 1 2 2 3 2 3 2 2 2 3 3 3 3 2 2 3 3 2 2 1 7 1 7 1 2 2 3 2 3 3 2 2 2 3 3 2 5 3 1 5 4 1 5 4 1 5 1 7 1 7 1 5 4 0 7 2 2 2 7 7 7 7 3 7 7 7 7 2 7 7 7 7 7 7 7 7 7 7 2 2 3 7 3 7 3 7 3 7 2 2
0 71 0 7 0 7 2 2 2 2 7 7 7 7 3 7 2 2 0 7 2 2 2 2 2 2 2 0 7 2 0 7 0 7 0 7 0 7 0 3 7 1 6 5 7 3 6 5 6 5 1 7 5 3 1 5 4 1 5 4 1 5 1 5 4 1 5 4 1 5 4 3 4
0 20 0 0 7 2 2 2 0 3 0 0 5 3 5 3 5 3 5 3 3 5
0 51 0 7 2 2 2 2 3 0 3 6 5 1 7 1 3 2 2 2 2 2 3 7 7 7 7 7 3 7 3 7 7 7 7 3 7 3 7 3 7 2 2 0 7 0 7 0 5 3 5 3 5
0 74 2 3 7 2 2 2 2 2 3 7 3 7 3 7 2 2 2 2 2 2 0 7 3 0 3 3 3 2 7 7 1 6 5 5 3 2 2 2 2 0 7 0 7 3 1 2 3 3 3 2 1 4 1 4 1 5 0 1 1 1 6 5 1 5 1 5 4 1 5 4 1 5 4 5
0 20 0 7 0 7 0 7 3 3 0 3 1 5 4 1 4 1 5 1 7 5
0 117 2 0 7 0 7 6 5 1 6 5 1 4 2 1 6 5 7 7 0 7 3 0 6 5 6 5 6 5 0 1 6 5 1 2 2 3 3 2 3 2 3 2 3 3 2 2 1 1 5 4 1 5 4 5 3 3 2 1 6 5 1 1 4 1 5 4 1 5 4 1 5 1 7 4 2 6 5 7 6 5 5 3 5 3 5 3 6 5 0 0 4 2 1 7 1 7 1 7 1 4 5 3 0 7 2 2 2 2 2 2 0 7 3 3 4 2 6
0 15 0 7 1 1 3 1 4 1 5 1 2 5 3 1 6
0 59 0 7 2 0 3 3 3 7 3 7 2 2 2 3 7 7 7 7 2 2 2 2 2 2 2 0 3 6 5 6 5 5 3 5 3 5 3 1 2 1 7 1 5 4 1 5 4 0 7 1 1 6 5 6 5 1 6 5 6
0 74 0 7 2 2 2 2 0 0 0 4 2 7 6 5 4 2 1 4 3 4 2 5 3 1 5 4 1 5 4 1 5 4 1 7 5 3 1 5 4 1 5 4 1 4 1 5 0 7 2 2 2 2 2 3 0 3 0 7 0 7 4 2 4 2 7 1 3 4 2 5 3 5 3 5
0 55 2 2 2 2 0 7 2 2 2 2 6 5 1 6 5 6 5 4 2 4 2 1 5 4 1 4 1 5 1 5 4 1 5 1 4 1 5 1 4 1 6 5 6 5 1 6 5 5 3 0 7 3 0 0 6
0 21 0 0 0 3 3 3 1 6 5 6 5 3 2 1 5 1 5 4 1 4 5
0 21 0 7 0 7 2 2 6 5 1 3 2 6 5 0 4 2 1 4 1 5 5
0 21 0 7 0 7 7 7 3 7 2 2 2 0 7 2 2 2 2 2 3 3 4
0 32 0 7 2 0 3 3 3 7 3 7 2 2 2 3 7 7 7 7 2 2 2 2 2 2 2 0 3 6 5 6 5 5
0 13 0 0 7 2 2 2 0 3 0 0 5 3 5
0 65 2 2 3 7 7 7 7 7 7 2 2 0 7 2 2 2 7 7 7 7 3 7 2 2 2 2 2 2 2 0 7 2 0 0 1 3 3 3 2 2 3 2 3 2 2 3 2 3 2 3 3 2 6 5 6 5 7 6 5 3 3 3 3 2 5
0 55 0 7 2 2 2 2 2 2 0 7 3 0 3 3 5 3 5 3 5 3 6 5 6 5 1 7 6 5 1 5 4 1 1 4 4 2 1 1 1 5 3 5 3 3 3 3 1 6 5 1 7 3 2 0 6
0 9 0 7 2 3 3 3 3 2 5
0 41 2 2 2 0 7 3 7 2 2 2 2 2 2 2 2 3 0 0 3 5 3 1 2 1 5 4 1 5 4 5 3 3 5 3 1 7 1 7 1 0 6
0 145 2 0 7 0 7 6 5 1 6 5 1 4 2 1 6 5 7 7 0 7 3 0 6 5 6 5 6 5 0 1 6 5 1 2 2 3 3 2 3 2 3 2 3 3 2 2 1 1 5 4 1 5 4 5 3 3 2 1 6 5 1 1 4 1 5 4 1 5 4 1 5 1 7 4 2 6 5 7 6 5 5 3 5 3 5 3 6 5 0 0 4 2 1 7 1 7 1 7 1 4 5 3 0 7 2 2 2 2 2 2 0 7 3 3 4 2 6 5 1 0 6 5 1 5 4 6 5 0 0 6 5 1 6 5 3 1 2 3 2 3 3 3 6 5 6
0 66 0 0 0 4 2 4 2 6 5 6 5 0 6 5 3 1 5 4 1 7 1 5 4 5 3 1 5 4 1 5 4 1 5 4 1 5 4 3 6 5 5 3 5 3 1 5 1 3 2 3 2 2 2 3 3 2 3 3 3 2 2 1 2 3 2 6
0 14 3 3 0 0 6 5 1 4 2 6 5 6 5 6
0 25 2 0 7 0 7 6 5 1 6 5 1 4 2 1 6 5 7 7 0 7 3 0 6 5 6
0 130 2 0 7 0 7 6 5 1 6 5 1 4 2 1 6 5 7 7 0 7 3 0 6 5 6 5 6 5 0 1 6 5 1 2 2 3 3 2 3 2 3 2 3 3 2 2 1 1 5 4 1 5 4 5 3 3 2 1 6 5 1 1 4 1 5 4 1 5 4 1 5 1 7 4 2 6 5 7 6 5 5 3 5 3 5 3 6 5 0 0 4 2 1 7 1 7 1 7 1 4 5 3 0 7 2 2 2 2 2 2 0 7 3 3 4 2 6 5 1 0 6 5 1 5 4 6 5 0 0 6
0 71 2 2 2 2 2 2 2 2 2 0 7 0 3 0 0 1 1 6 5 5 3 1 2 2 2 3 3 3 3 2 3 3 2 2 3 2 3 2 1 5 4 1 5 4 1 5 4 1 2 3 3 2 2 2 1 4 1 5 4 3 2 1 5 3 1 5 4 1 5 4 5
0 20 0 7 2 2 2 2 0 0 0 4 2 7 6 5 4 2 1 4 3 4
0 67 2 2 2 2 2 2 0 7 7 7 7 7 7 7 7 7 3 7 2 2 7 7 7 7 7 7 7 7 3 7 7 7 7 3 7 2 2 2 2 2 2 3 6 5 6 5 1 4 2 0 6 5 1 5 3 5 3 3 4 2 7 1 7 0 4 2 5
0 21 0 7 2 2 2 0 0 4 2 3 5 3 6 5 7 6 5 0 5 3 5
0 163 2 2 2 2 3 7 2 2 3 7 3 7 7 7 3 7 2 7 7 7 7 2 0 7 3 6 5 1 3 1 2 1 2 2 2 2 3 2 3 3 2 2 2 2 1 4 1 7 5 3 3 6 5 1 6 5 3 1 5 4 1 5 4 1 5 4 1 2 2 2 3 2 3 2 3 2 5 3 1 3 2 2 2 2 2 2 5 3 1 5 1 5 4 1 4 1 5 4 1 5 4 1 2 2 3 2 2 6 5 6 5 1 1 3 4 2 5 3 5 3 5 3 0 7 2 2 2 2 7 7 7 7 2 2 3 7 7 7 7 2 2 0 7 2 2 2 2 2 3 3 0 0 3 6 5 3 6 5 0 1 6 5 5
0 84 2 2 2 2 0 7 0 7 0 1 7 1 5 4 1 5 4 1 4 3 2 1 5 4 1 5 4 1 4 1 5 4 1 5 4 1 7 1 4 5 3 3 2 5 3 0 3 0 0 6 5 6 5 7 6 5 6 5 1 2 2 2 2 1 5 4 1 4 1 7 1 5 4 1 4 1 5 4 3 2 1 6 5 6
0 90 2 2 0 7 2 7 7 7 3 7 3 7 2 2 2 2 2 2 2 2 2 2 0 4 2 5 3 5 3 5 3 1 7 1 5 4 4 2 6 5 1 7 6 5 0 6 5 6 5 1 3 3 2 2 2 3 2 2 3 2 3 3 2 3 2 3 3 2 1 4 1 5 4 5 3 5 3 1 5 4 1 7 1 5 4 1 5 4 3 4
0 27 0 7 3 0 3 6 5 1 4 2 5 3 1 5 4 1 5 4 7 6 5 6 5 6 5 3 4
0 48 2 2 0 7 2 7 7 7 3 7 3 7 2 2 2 2 2 2 2 2 2 2 0 4 2 5 3 5 3 5 3 1 7 1 5 4 4 2 6 5 1 7 6 5 0 6 5 6
0 35 7 2 2 2 0 7 2 2 2 2 2 2 0 3 6 5 1 7 6 5 3 4 2 4 2 1 5 1 7 1 4 1 5 4 5
0 85 0 7 0 7 0 3 0 0 2 2 2 2 2 2 2 2 3 7 3 7 3 7 7 7 7 7 7 7 7 7 7 7 7 3 7 2 3 7 3 7 3 7 7 2 2 0 7 0 0 0 1 3 1 5 1 5 4 1 5 4 1 5 4 5 3 5 3 3 2 1 5 1 5 4 5 3 5 3 4 2 3 0 1 3 5
0 3 4 2 5
0 88 2 2 2 2 0 7 0 7 0 1 7 1 5 4 1 5 4 1 4 3 2 1 5 4 1 5 4 1 4 1 5 4 1 5 4 1 7 1 4 5 3 3 2 5 3 0 3 0 0 6 5 6 5 7 6 5 6 5 1 2 2 2 2 1 5 4 1 4 1 7 1 5 4 1 4 1 5 4 3 2 1 6 5 6 5 1 3 4
0 22 0 7 0 7 0 7 3 3 0 3 1 5 4 1 4 1 5 1 7 5 3 6
0 56 2 2 2 2 2 2 0 7 7 7 7 7 7 7 7 7 3 7 2 2 7 7 7 7 7 7 7 7 3 7 7 7 7 3 7 2 2 2 2 2 2 3 6 5 6 5 1 4 2 0 6 5 1 5 3 5
0 70 0 7 2 2 2 2 0 0 0 4 2 7 6 5 4 2 1 4 3 4 2 5 3 1 5 4 1 5 4 1 5 4 1 7 5 3 1 5 4 1 5 4 1 4 1 5 0 7 2 2 2 2 2 3 0 3 0 7 0 7 4 2 4 2 7 1 3 4 2 5
0 48 0 7 2 2 2 2 2 2 0 7 3 0 3 3 5 3 5 3 5 3 6 5 6 5 1 7 6 5 1 5 4 1 1 4 4 2 1 1 1 5 3 5 3 3 3 3 1 6
0 69 0 7 2 2 2 0 7 0 7 3 6 5 3 3 1 2 3 2 3 3 2 2 2 2 3 2 1 4 1 5 4 1 5 1 5 4 3 3 2 1 6 5 4 2 1 2 2 3 2 2 1 7 5 3 0 7 2 2 2 2 0 0 6 5 6 5 7 1 6
0 16 2 2 2 2 2 2 2 2 3 3 0 6 5 6 5 6
0 144 0 7 0 7 0 7 3 3 0 3 1 5 4 1 4 1 5 1 7 5 3 6 5 6 5 1 0 6 5 1 6 5 0 1 3 2 3 2 2 3 2 3 2 2 2 2 2 2 1 5 4 1 2 2 2 2 3 2 3 2 5 3 2 2 3 0 0 3 3 1 5 4 1 5 4 1 5 4 1 5 4 5 3 5 3 5 3 3 2 1 5 4 1 5 4 1 5 4 1 7 5 3 5 3 3 4 2 6 5 1 1 6 5 0 6 5 6 5 5 3 5 3 1 7 0 4 2 3 5 3 5 3 3 3 3 3 1 5 4 5 3 5 3 4
0 11 0 0 6 5 6 5 6 5 1 1 6
0 34 0 7 2 0 3 3 3 7 3 7 2 2 2 3 7 7 7 7 2 2 2 2 2 2 2 0 3 6 5 6 5 5 3 5
0 61 2 2 2 0 0 3 3 0 7 2 2 0 7 5 3 5 3 5 3 5 3 6 5 0 1 0 3 6 5 1 7 3 1 5 1 5 1 5 4 1 5 4 5 3 1 7 1 2 3 3 2 2 1 0 7 3 3 0 0 1 6
0 33 2 2 0 7 7 7 2 2 2 2 2 2 2 2 2 2 0 7 2 3 3 3 3 1 7 1 5 3 5 3 5 3 4
0 6 0 7 3 0 3 6
0 23 2 0 0 3 6 5 1 6 5 1 6 5 6 5 7 1 6 5 1 7 5 3 5
0 6 0 7 3 3 3 5
0 73 0 7 0 7 3 3 3 6 5 6 5 6 5 7 6 5 5 3 1 4 2 2 0 7 0 7 3 2 5 3 3 6 5 6 5 6 5 6 5 1 7 1 5 4 1 5 1 2 1 7 0 7 0 7 2 2 2 2 7 7 7 2 2 2 2 3 7 2 2 0 6 5 6
0 89 2 2 2 0 7 3 7 2 2 2 2 2 2 2 2 3 0 0 3 5 3 1 2 1 5 4 1 5 4 5 3 3 5 3 1 7 1 7 1 0 6 5 3 1 6 5 6 5 3 1 7 1 5 4 1 4 1 5 4 1 5 4 1 5 1 2 3 2 2 2 2 1 5 4 1 5 4 1 5 4 5 3 2 2 2 3 6 5 6
0 38 0 7 0 7 3 0 0 1 5 4 1 7 1 5 1 5 4 1 5 4 1 5 4 3 2 3 4 2 5 3 1 4 1 5 4 5 3 4
0 13 2 2 2 2 0 7 0 3 4 2 6 5 6
0 44 2 2 2 2 0 7 0 7 0 1 7 1 5 4 1 5 4 1 4 3 2 1 5 4 1 5 4 1 4 1 5 4 1 5 4 1 7 1 4 5 3 3 2 5
0 21 0 7 3 7 3 7 2 7 2 2 2 2 2 2 2 0 5 3 5 3 5
0 47 0 7 3 7 3 7 2 2 3 7 7 7 7 7 2 2 2 2 0 7 3 0 6 5 6 5 3 2 4 2 6 5 5 3 3 2 7 6 5 6 5 0 6 5 0 3 5
0 66 0 7 0 7 1 5 5 3 5 3 3 2 6 5 1 3 2 5 3 1 5 4 1 6 5 7 1 7 7 3 2 5 3 5 3 2 2 2 2 2 3 7 2 2 2 2 3 7 0 7 2 2 2 0 7 0 7 0 0 3 2 6 5 6 5 6
0 29 2 0 7 2 0 7 7 3 7 3 7 0 3 2 2 2 2 0 5 3 5 3 5 3 4 2 4 2 5
0 51 2 2 2 2 0 7 0 3 3 5 3 3 0 6 5 6 5 1 0 0 0 6 5 5 3 7 1 4 1 5 4 3 5 3 1 4 1 7 1 5 1 5 4 4 2 7 6 5 6 5 6
0 21 0 7 1 1 3 1 4 1 5 1 2 5 3 1 6 5 6 5 3 2 6
0 5 6 5 6 5 6
0 106 0 7 0 7 0 7 3 3 0 3 1 5 4 1 4 1 5 1 7 5 3 6 5 6 5 1 0 6 5 1 6 5 0 1 3 2 3 2 2 3 2 3 2 2 2 2 2 2 1 5 4 1 2 2 2 2 3 2 3 2 5 3 2 2 3 0 0 3 3 1 5 4 1 5 4 1 5 4 1 5 4 5 3 5 3 5 3 3 2 1 5 4 1 5 4 1 5 4 1 7 5 3 5 3 3 4
0 18 0 7 0 7 1 5 5 3 5 3 3 2 6 5 1 3 2 5
0 74 0 7 2 0 3 3 3 7 3 7 2 2 2 3 7 7 7 7 2 2 2 2 2 2 2 0 3 6 5 6 5 5 3 5 3 5 3 1 2 1 7 1 5 4 1 5 4 0 7 1 1 6 5 6 5 1 6 5 6 5 3 5 3 1 5 1 4 1 5 4 1 5 4 5
0 15 2 0 7 0 7 6 5 1 6 5 1 4 2 1 6
0 50 0 7 2 2 2 0 0 4 2 3 5 3 6 5 7 6 5 0 5 3 5 3 5 3 5 3 3 3 5 3 0 7 2 0 7 3 1 1 6 5 6 5 7 6 5 4 2 3 2 5
0 29 0 7 3 7 3 7 2 7 2 2 2 2 2 2 2 0 5 3 5 3 5 3 0 7 0 7 3 3 5
0 55 0 7 2 2 2 0 7 3 0 3 0 0 3 3 4 2 4 2 4 2 5 3 5 3 1 7 1 5 4 1 5 1 5 4 3 2 3 5 3 5 3 1 5 1 7 1 5 1 5 4 7 6 5 7 6
0 10 0 7 3 3 1 6 5 6 5 6
0 21 4 2 5 3 1 4 3 7 6 5 6 5 6 5 0 6 5 1 6 5 6
0 16 0 7 2 2 2 0 0 4 2 3 5 3 6 5 7 6
0 34 2 2 2 2 2 2 2 2 2 2 2 1 5 4 5 3 3 3 5 3 3 6 5 6 5 3 2 3 1 1 0 5 3 5
0 112 0 7 0 7 0 7 3 3 0 3 1 5 4 1 4 1 5 1 7 5 3 6 5 6 5 1 0 6 5 1 6 5 0 1 3 2 3 2 2 3 2 3 2 2 2 2 2 2 1 5 4 1 2 2 2 2 3 2 3 2 5 3 2 2 3 0 0 3 3 1 5 4 1 5 4 1 5 4 1 5 4 5 3 5 3 5 3 3 2 1 5 4 1 5 4 1 5 4 1 7 5 3 5 3 3 4 2 6 5 1 1 6
0 59 2 2 2 0 7 3 7 3 7 2 2 2 3 7 3 7 7 7 2 2 2 0 7 0 7 0 1 1 5 4 1 5 4 1 5 4 4 2 3 2 3 5 3 1 5 4 1 5 4 1 7 1 4 3 0 6 5 1 6
0 50 0 7 0 7 0 7 0 3 3 5 3 1 7 1 5 4 1 5 4 1 5 3 6 5 5 3 1 5 4 1 5 4 1 5 4 5 3 1 7 1 5 4 1 5 4 6 5 7 3 6
0 29 2 2 0 7 7 7 2 2 2 2 2 2 2 2 2 2 0 7 2 3 3 3 3 1 7 1 5 3 5
0 100 7 2 2 2 0 7 2 2 2 2 2 2 0 3 6 5 1 7 6 5 3 4 2 4 2 1 5 1 7 1 4 1 5 4 5 3 6 5 6 5 3 5 3 3 2 3 3 5 3 5 3 3 2 2 2 0 7 2 2 2 2 0 7 3 6 5 6 5 7 3 3 3 1 5 4 1 5 4 3 2 3 1 7 1 1 4 2 3 6 5 6 5 1 6 5 5 3 1 4 5
0 23 0 7 2 2 2 0 7 3 0 3 0 0 3 3 4 2 4 2 4 2 5 3 5
0 7 0 7 0 7 2 2 6
0 47 2 0 0 3 6 5 1 6 5 1 6 5 6 5 7 1 6 5 1 7 5 3 5 3 6 5 6 5 0 6 5 7 6 5 6 5 6 5 3 5 3 1 5 4 1 5 5
0 43 2 2 2 2 2 2 3 0 7 2 2 2 0 3 3 1 6 5 4 2 3 2 1 5 4 1 5 1 4 5 3 1 4 1 5 4 3 2 6 5 6 5 6
0 76 0 7 2 0 3 3 3 7 3 7 2 2 2 3 7 7 7 7 2 2 2 2 2 2 2 0 3 6 5 6 5 5 3 5 3 5 3 1 2 1 7 1 5 4 1 5 4 0 7 1 1 6 5 6 5 1 6 5 6 5 3 5 3 1 5 1 4 1 5 4 1 5 4 5 3 5
0 42 2 2 2 0 7 3 7 3 7 2 2 2 3 7 3 7 7 7 2 2 2 0 7 0 7 0 1 1 5 4 1 5 4 1 5 4 4 2 3 2 3 5
0 97 0 7 2 3 3 3 3 2 5 3 1 7 1 4 1 5 4 1 5 4 1 5 4 1 5 1 2 2 3 2 2 2 2 2 3 2 5 3 3 2 3 2 4 2 3 1 5 4 1 2 3 3 2 3 3 2 3 2 1 5 1 3 3 2 2 3 2 2 2 3 2 2 2 3 3 3 2 3 3 1 5 4 1 5 4 1 4 1 5 4 1 4 0 0 0 0 6
0 28 0 7 0 7 0 7 3 3 0 3 1 5 4 1 4 1 5 1 7 5 3 6 5 6 5 1 0 6
0 38 2 2 2 2 7 7 7 7 7 2 2 7 7 7 7 7 7 2 2 0 7 2 2 2 0 7 2 2 2 0 0 0 7 1 1 5 3 5
0 43 0 7 3 7 3 7 2 2 3 7 7 7 7 7 2 2 2 2 0 7 3 0 6 5 6 5 3 2 4 2 6 5 5 3 3 2 7 6 5 6 5 0 6
0 19 4 2 5 3 1 4 3 7 6 5 6 5 6 5 0 6 5 1 6
0 77 2 2 2 3 2 2 2 2 0 7 0 7 0 7 3 3 7 6 5 6 5 0 6 5 6 5 5 3 5 3 4 2 1 4 1 4 1 5 4 1 5 4 1 7 1 5 4 1 5 4 1 7 0 7 6 5 6 5 6 5 7 0 1 6 5 6 5 1 7 1 5 4 1 5 5 3 5
0 22 7 2 2 2 0 7 2 2 2 2 2 2 0 3 6 5 1 7 6 5 3 4
0 44 0 7 2 2 2 0 0 4 2 3 5 3 6 5 7 6 5 0 5 3 5 3 5 3 5 3 3 3 5 3 0 7 2 0 7 3 1 1 6 5 6 5 7 6
0 8 3 3 0 3 2 3 1 6
0 76 2 2 0 7 2 7 7 7 3 7 3 7 2 2 2 2 2 2 2 2 2 2 0 4 2 5 3 5 3 5 3 1 7 1 5 4 4 2 6 5 1 7 6 5 0 6 5 6 5 1 3 3 2 2 2 3 2 2 3 2 3 3 2 3 2 3 3 2 1 4 1 5 4 5 3 5
0 82 0 7 0 7 0 7 3 3 0 3 1 5 4 1 4 1 5 1 7 5 3 6 5 6 5 1 0 6 5 1 6 5 0 1 3 2 3 2 2 3 2 3 2 2 2 2 2 2 1 5 4 1 2 2 2 2 3 2 3 2 5 3 2 2 3 0 0 3 3 1 5 4 1 5 4 1 5 4 1 5 4 5
0 39 7 2 2 2 0 7 2 2 2 2 2 2 0 3 6 5 1 7 6 5 3 4 2 4 2 1 5 1 7 1 4 1 5 4 5 3 6 5 6
0 55 2 2 2 2 2 2 2 2 2 0 7 3 0 4 2 3 2 1 7 1 5 1 5 4 1 5 4 1 4 1 7 1 4 1 5 1 7 1 5 4 1 4 1 5 4 3 2 1 5 4 1 5 5 3 6
0 5 3 3 6 5 6
0 154 2 2 2 2 3 7 2 2 3 7 3 7 7 7 3 7 2 7 7 7 7 2 0 7 3 6 5 1 3 1 2 1 2 2 2 2 3 2 3 3 2 2 2 2 1 4 1 7 5 3 3 6 5 1 6 5 3 1 5 4 1 5 4 1 5 4 1 2 2 2 3 2 3 2 3 2 5 3 1 3 2 2 2 2 2 2 5 3 1 5 1 5 4 1 4 1 5 4 1 5 4 1 2 2 3 2 2 6 5 6 5 1 1 3 4 2 5 3 5 3 5 3 0 7 2 2 2 2 7 7 7 7 2 2 3 7 7 7 7 2 2 0 7 2 2 2 2 2 3 3 0 0 3 6
0 6 0 0 0 4 2 4
0 17 0 7 3 7 3 7 2 7 2 2 2 2 2 2 2 0 5
0 24 2 2 0 7 2 7 7 7 3 7 3 7 2 2 2 2 2 2 2 2 2 2 0 4
0 81 3 7 7 7 7 7 3 7 2 2 2 2 2 2 3 7 3 7 2 0 7 0 7 2 2 2 2 3 7 2 2 2 2 7 3 7 7 7 2 2 2 2 0 7 0 7 2 2 2 0 7 3 7 7 7 2 2 2 2 2 2 7 7 7 7 7 4 2 3 5 3 1 5 4 1 5 4 1 4 3 5
0 81 4 2 1 7 1 2 3 3 2 2 2 2 5 3 1 5 4 3 2 6 5 7 6 5 1 2 3 2 3 2 2 2 2 3 2 2 2 1 5 5 3 1 2 1 5 4 1 5 4 5 3 2 2 0 3 3 2 1 4 1 5 5 3 1 2 2 2 2 1 5 4 5 3 5 3 1 5 4 3 1 6
0 13 4 2 1 7 1 2 3 3 2 2 2 2 5
0 38 2 2 0 7 7 7 2 2 2 2 2 2 2 2 2 2 0 7 2 3 3 3 3 1 7 1 5 3 5 3 5 3 4 2 7 3 3 5
0 61 2 3 7 2 2 2 2 2 3 7 3 7 3 7 2 2 2 2 2 2 0 7 3 0 3 3 3 2 7 7 1 6 5 5 3 2 2 2 2 0 7 0 7 3 1 2 3 3 3 2 1 4 1 4 1 5 0 1 1 1 6
0 28 2 2 2 2 2 2 2 2 0 7 3 3 7 5 3 1 5 1 4 1 5 4 1 5 4 5 3 5
0 47 3 2 2 2 2 2 2 2 0 7 3 3 0 3 1 5 4 5 3 3 2 5 3 1 5 4 1 5 5 3 1 1 5 4 1 5 4 6 5 6 5 1 6 5 4 2 4
0 59 2 2 2 2 3 2 5 3 1 2 2 3 2 2 3 2 7 0 0 1 3 2 5 3 1 5 4 1 4 6 5 7 1 3 3 3 2 2 3 2 3 2 3 2 1 4 1 5 4 5 3 4 2 6 5 7 6 5 6
0 75 0 7 2 2 2 0 0 4 2 3 5 3 6 5 7 6 5 0 5 3 5 3 5 3 5 3 3 3 5 3 0 7 2 0 7 3 1 1 6 5 6 5 7 6 5 4 2 3 2 5 3 3 4 2 1 6 5 3 1 1 7 1 5 4 6 5 6 5 6 5 6 5 3 2 4
0 48 2 2 2 2 0 7 2 2 2 2 6 5 1 6 5 6 5 4 2 4 2 1 5 4 1 4 1 5 1 5 4 1 5 1 4 1 5 1 4 1 6 5 6 5 1 6 5 5
0 110 2 2 2 2 3 7 2 2 3 7 3 7 7 7 3 7 2 7 7 7 7 2 0 7 3 6 5 1 3 1 2 1 2 2 2 2 3 2 3 3 2 2 2 2 1 4 1 7 5 3 3 6 5 1 6 5 3 1 5 4 1 5 4 1 5 4 1 2 2 2 3 2 3 2 3 2 5 3 1 3 2 2 2 2 2 2 5 3 1 5 1 5 4 1 4 1 5 4 1 5 4 1 2 2 3 2 2 6 5 6
0 14 2 2 2 2 2 2 2 2 3 3 0 6 5 6
0 25 2 2 2 3 2 2 2 2 0 7 0 7 0 7 3 3 7 6 5 6 5 0 6 5 6
0 68 0 7 2 2 2 2 0 0 0 4 2 7 6 5 4 2 1 4 3 4 2 5 3 1 5 4 1 5 4 1 5 4 1 7 5 3 1 5 4 1 5 4 1 4 1 5 0 7 2 2 2 2 2 3 0 3 0 7 0 7 4 2 4 2 7 1 3 4
0 108 0 7 0 7 0 7 3 3 0 3 1 5 4 1 4 1 5 1 7 5 3 6 5 6 5 1 0 6 5 1 6 5 0 1 3 2 3 2 2 3 2 3 2 2 2 2 2 2 1 5 4 1 2 2 2 2 3 2 3 2 5 3 2 2 3 0 0 3 3 1 5 4 1 5 4 1 5 4 1 5 4 5 3 5 3 5 3 3 2 1 5 4 1 5 4 1 5 4 1 7 5 3 5 3 3 4 2 6
0 62 0 7 2 2 2 2 3 0 3 6 5 1 7 1 3 2 2 2 2 2 3 7 7 7 7 7 3 7 3 7 7 7 7 3 7 3 7 3 7 2 2 0 7 0 7 0 5 3 5 3 5 3 0 6 5 1 0 6 5 6 5 6
0 11 2 0 0 3 6 5 1 6 5 1 6
0 66 2 2 2 2 3 2 5 3 1 2 2 3 2 2 3 2 7 0 0 1 3 2 5 3 1 5 4 1 4 6 5 7 1 3 3 3 2 2 3 2 3 2 3 2 1 4 1 5 4 5 3 4 2 6 5 7 6 5 6 5 6 5 1 6 5 6
0 54 0 7 2 0 3 3 3 7 3 7 2 2 2 3 7 7 7 7 2 2 2 2 2 2 2 0 3 6 5 6 5 5 3 5 3 5 3 1 2 1 7 1 5 4 1 5 4 0 7 1 1 6 5 6
0 43 2 2 0 7 2 7 7 7 3 7 3 7 2 2 2 2 2 2 2 2 2 2 0 4 2 5 3 5 3 5 3 1 7 1 5 4 4 2 6 5 1 7 6
0 87 2 2 2 2 3 7 2 2 3 7 3 7 7 7 3 7 2 7 7 7 7 2 0 7 3 6 5 1 3 1 2 1 2 2 2 2 3 2 3 3 2 2 2 2 1 4 1 7 5 3 3 6 5 1 6 5 3 1 5 4 1 5 4 1 5 4 1 2 2 2 3 2 3 2 3 2 5 3 1 3 2 2 2 2 2 2 5
0 25 2 2 0 1 5 4 1 2 2 2 3 3 2 2 1 5 3 4 2 1 5 1 5 4 5
0 54 0 7 0 7 2 0 7 0 3 3 2 4 2 7 3 7 3 7 2 2 2 2 2 2 3 7 3 7 7 3 7 2 2 0 7 0 7 3 3 3 3 7 5 3 5 3 7 3 2 3 3 5 3 5
0 19 0 7 0 7 0 7 0 7 0 3 2 2 1 6 5 6 5 0 6
0 24 0 3 3 0 3 2 3 2 3 2 1 5 4 1 4 1 5 4 1 5 4 6 5 6
0 45 0 7 0 7 3 0 0 1 5 4 1 7 1 5 1 5 4 1 5 4 1 5 4 3 2 3 4 2 5 3 1 4 1 5 4 5 3 4 2 3 2 6 5 0 6
0 81 2 0 7 0 7 6 5 1 6 5 1 4 2 1 6 5 7 7 0 7 3 0 6 5 6 5 6 5 0 1 6 5 1 2 2 3 3 2 3 2 3 2 3 3 2 2 1 1 5 4 1 5 4 5 3 3 2 1 6 5 1 1 4 1 5 4 1 5 4 1 5 1 7 4 2 6 5 7 6 5 5
0 74 4 2 1 7 1 2 3 3 2 2 2 2 5 3 1 5 4 3 2 6 5 7 6 5 1 2 3 2 3 2 2 2 2 3 2 2 2 1 5 5 3 1 2 1 5 4 1 5 4 5 3 2 2 0 3 3 2 1 4 1 5 5 3 1 2 2 2 2 1 5 4 5 3 5
0 31 2 0 7 0 7 6 5 1 6 5 1 4 2 1 6 5 7 7 0 7 3 0 6 5 6 5 6 5 0 1 6
0 31 0 7 3 7 3 7 2 2 3 7 7 7 7 7 2 2 2 2 0 7 3 0 6 5 6 5 3 2 4 2 6
0 21 0 7 3 3 3 5 3 1 5 4 1 5 4 5 3 5 3 1 6 5 6
0 24 2 2 2 2 0 7 0 3 3 5 3 3 0 6 5 6 5 1 0 0 0 6 5 5
0 15 0 7 2 2 2 0 7 3 0 3 0 0 3 3 4
0 60 3 3 6 5 6 5 1 1 5 3 5 3 0 7 0 7 0 0 0 0 3 3 4 2 5 3 1 7 1 5 4 1 4 1 5 4 1 2 3 2 2 2 3 2 1 7 1 5 4 1 4 1 5 4 1 5 3 3 2 6
0 36 0 7 2 0 3 3 3 7 3 7 2 2 2 3 7 7 7 7 2 2 2 2 2 2 2 0 3 6 5 6 5 5 3 5 3 5
0 50 4 2 1 7 1 2 3 3 2 2 2 2 5 3 1 5 4 3 2 6 5 7 6 5 1 2 3 2 3 2 2 2 2 3 2 2 2 1 5 5 3 1 2 1 5 4 1 5 4 5
0 78 2 3 7 2 2 2 2 2 3 7 3 7 3 7 2 2 2 2 2 2 0 7 3 0 3 3 3 2 7 7 1 6 5 5 3 2 2 2 2 0 7 0 7 3 1 2 3 3 3 2 1 4 1 4 1 5 0 1 1 1 6 5 1 5 1 5 4 1 5 4 1 5 4 5 3 5 3 5
0 58 0 7 2 2 3 1 5 1 5 4 5 3 5 3 5 3 0 7 2 2 2 0 0 0 3 1 5 4 1 3 3 3 2 2 3 3 2 2 2 2 3 2 1 7 1 5 4 1 5 1 5 4 1 5 1 5 4 5
0 154 2 0 7 0 7 6 5 1 6 5 1 4 2 1 6 5 7 7 0 7 3 0 6 5 6 5 6 5 0 1 6 5 1 2 2 3 3 2 3 2 3 2 3 3 2 2 1 1 5 4 1 5 4 5 3 3 2 1 6 5 1 1 4 1 5 4 1 5 4 1 5 1 7 4 2 6 5 7 6 5 5 3 5 3 5 3 6 5 0 0 4 2 1 7 1 7 1 7 1 4 5 3 0 7 2 2 2 2 2 2 0 7 3 3 4 2 6 5 1 0 6 5 1 5 4 6 5 0 0 6 5 1 6 5 3 1 2 3 2 3 3 3 6 5 6 5 1 4 1 5 3 5 3 4
0 27 0 3 3 0 3 2 3 2 3 2 1 5 4 1 4 1 5 4 1 5 4 6 5 6 5 0 6
0 53 3 2 2 2 2 2 2 2 0 7 3 3 0 3 1 5 4 5 3 3 2 5 3 1 5 4 1 5 5 3 1 1 5 4 1 5 4 6 5 6 5 1 6 5 4 2 4 2 7 6 5 1 6
0 33 2 2 2 2 2 2 2 2 3 7 2 2 2 2 0 7 2 3 3 4 2 3 2 0 7 0 7 0 7 0 3 2 4
0 28 2 2 2 0 0 3 3 0 7 2 2 0 7 5 3 5 3 5 3 5 3 6 5 0 1 0 3 6
0 49 0 7 3 7 3 7 2 2 3 7 7 7 7 7 2 2 2 2 0 7 3 0 6 5 6 5 3 2 4 2 6 5 5 3 3 2 7 6 5 6 5 0 6 5 0 3 5 3 5
0 121 2 0 7 0 7 6 5 1 6 5 1 4 2 1 6 5 7 7 0 7 3 0 6 5 6 5 6 5 0 1 6 5 1 2 2 3 3 2 3 2 3 2 3 3 2 2 1 1 5 4 1 5 4 5 3 3 2 1 6 5 1 1 4 1 5 4 1 5 4 1 5 1 7 4 2 6 5 7 6 5 5 3 5 3 5 3 6 5 0 0 4 2 1 7 1 7 1 7 1 4 5 3 0 7 2 2 2 2 2 2 0 7 3 3 4 2 6 5 1 0 6
0 143 2 0 7 0 7 6 5 1 6 5 1 4 2 1 6 5 7 7 0 7 3 0 6 5 6 5 6 5 0 1 6 5 1 2 2 3 3 2 3 2 3 2 3 3 2 2 1 1 5 4 1 5 4 5 3 3 2 1 6 5 1 1 4 1 5 4 1 5 4 1 5 1 7 4 2 6 5 7 6 5 5 3 5 3 5 3 6 5 0 0 4 2 1 7 1 7 1 7 1 4 5 3 0 7 2 2 2 2 2 2 0 7 3 3 4 2 6 5 1 0 6 5 1 5 4 6 5 0 0 6 5 1 6 5 3 1 2 3 2 3 3 3 6
0 40 2 2 2 2 0 7 0 7 0 1 7 1 5 4 1 5 4 1 4 3 2 1 5 4 1 5 4 1 4 1 5 4 1 5 4 1 7 1 4 5
0 36 0 7 0 7 7 7 3 7 2 2 2 0 7 2 2 2 2 2 3 3 4 2 4 2 3 2 3 2 1 6 5 7 7 4 2 5
0 161 0 7 0 7 0 7 3 3 0 3 1 5 4 1 4 1 5 1 7 5 3 6 5 6 5 1 0 6 5 1 6 5 0 1 3 2 3 2 2 3 2 3 2 2 2 2 2 2 1 5 4 1 2 2 2 2 3 2 3 2 5 3 2 2 3 0 0 3 3 1 5 4 1 5 4 1 5 4 1 5 4 5 3 5 3 5 3 3 2 1 5 4 1 5 4 1 5 4 1 7 5 3 5 3 3 4 2 6 5 1 1 6 5 0 6 5 6 5 5 3 5 3 1 7 0 4 2 3 5 3 5 3 3 3 3 3 1 5 4 5 3 5 3 4 2 1 2 3 3 2 2 2 1 5 4 1 2 2 3 2 5
0 3 0 7 6
0 95 0 7 0 7 0 7 0 3 3 5 3 1 7 1 5 4 1 5 4 1 5 3 6 5 5 3 1 5 4 1 5 4 1 5 4 5 3 1 7 1 5 4 1 5 4 6 5 7 3 6 5 6 5 1 6 5 5 3 1 2 2 2 2 2 3 3 2 2 2 2 2 2 1 5 4 1 5 4 1 5 4 1 5 4 0 7 0 0 6 5 6 5 0 7 4
0 23 2 2 2 3 2 2 2 2 0 7 0 7 0 7 3 3 7 6 5 6 5 0 6
0 51 0 7 3 7 3 7 2 2 3 7 7 7 7 7 2 2 2 2 0 7 3 0 6 5 6 5 3 2 4 2 6 5 5 3 3 2 7 6 5 6 5 0 6 5 0 3 5 3 5 3 5
0 57 2 2 2 2 0 7 0 7 0 1 7 1 5 4 1 5 4 1 4 3 2 1 5 4 1 5 4 1 4 1 5 4 1 5 4 1 7 1 4 5 3 3 2 5 3 0 3 0 0 6 5 6 5 7 6 5 6
0 31 0 7 0 7 0 7 3 3 0 3 1 5 4 1 4 1 5 1 7 5 3 6 5 6 5 1 0 6 5 1 6
0 25 0 7 0 7 0 7 0 3 3 5 3 1 7 1 5 4 1 5 4 1 5 3 6 5 5
0 27 0 7 2 2 2 2 2 2 0 7 3 0 3 3 5 3 5 3 5 3 6 5 6 5 1 7 6
0 22 0 3 3 0 3 2 3 2 3 2 1 5 4 1 4 1 5 4 1 5 4 6
0 115 2 2 2 2 3 7 2 2 3 7 3 7 7 7 3 7 2 7 7 7 7 2 0 7 3 6 5 1 3 1 2 1 2 2 2 2 3 2 3 3 2 2 2 2 1 4 1 7 5 3 3 6 5 1 6 5 3 1 5 4 1 5 4 1 5 4 1 2 2 2 3 2 3 2 3 2 5 3 1 3 2 2 2 2 2 2 5 3 1 5 1 5 4 1 4 1 5 4 1 5 4 1 2 2 3 2 2 6 5 6 5 1 1 3 4
0 68 2 2 2 2 2 0 7 6 5 6 5 0 1 6 5 1 6 5 7 6 5 6 5 1 2 2 2 2 3 0 3 0 7 7 7 7 7 7 7 7 7 7 2 2 2 7 7 7 7 7 7 2 0 7 0 7 0 7 3 3 3 3 3 6 5 7 7 6
0 32 2 2 2 2 2 2 2 2 2 2 2 1 5 4 5 3 3 3 5 3 3 6 5 6 5 3 2 3 1 1 0 5
0 25 0 7 2 2 2 0 0 4 2 3 5 3 6 5 7 6 5 0 5 3 5 3 5 3 5
0 54 2 2 2 2 0 7 0 7 7 2 2 2 2 7 7 7 3 7 3 7 7 7 7 2 0 7 2 2 2 0 7 0 7 3 7 3 7 7 7 7 7 2 2 2 2 0 7 1 5 4 3 2 3 5
0 37 2 2 2 0 7 3 7 3 7 2 2 2 3 7 3 7 7 7 2 2 2 0 7 0 7 0 1 1 5 4 1 5 4 1 5 4 4
0 80 2 3 7 2 2 2 2 2 3 7 3 7 3 7 2 2 2 2 2 2 0 7 3 0 3 3 3 2 7 7 1 6 5 5 3 2 2 2 2 0 7 0 7 3 1 2 3 3 3 2 1 4 1 4 1 5 0 1 1 1 6 5 1 5 1 5 4 1 5 4 1 5 4 5 3 5 3 5 3 6
0 62 2 2 2 2 0 7 0 7 7 2 2 2 2 7 7 7 3 7 3 7 7 7 7 2 0 7 2 2 2 0 7 0 7 3 7 3 7 7 7 7 7 2 2 2 2 0 7 1 5 4 3 2 3 5 3 1 5 5 3 3 2 6
0 15 7 2 2 2 0 7 2 2 2 2 2 2 0 3 6
0 6 2 0 7 0 7 6
0 45 2 2 0 7 7 7 2 2 2 2 2 2 2 2 2 2 0 7 2 3 3 3 3 1 7 1 5 3 5 3 5 3 4 2 7 3 3 5 3 5 3 5 3 3 5
0 13 0 7 2 2 2 2 0 0 0 4 2 7 6
0 61 0 7 2 2 2 2 0 0 0 4 2 7 6 5 4 2 1 4 3 4 2 5 3 1 5 4 1 5 4 1 5 4 1 7 5 3 1 5 4 1 5 4 1 4 1 5 0 7 2 2 2 2 2 3 0 3 0 7 0 7 4
0 76 0 7 2 2 2 2 0 0 0 4 2 7 6 5 4 2 1 4 3 4 2 5 3 1 5 4 1 5 4 1 5 4 1 7 5 3 1 5 4 1 5 4 1 4 1 5 0 7 2 2 2 2 2 3 0 3 0 7 0 7 4 2 4 2 7 1 3 4 2 5 3 5 3 5 3 5
0 72 4 2 1 7 1 2 3 3 2 2 2 2 5 3 1 5 4 3 2 6 5 7 6 5 1 2 3 2 3 2 2 2 2 3 2 2 2 1 5 5 3 1 2 1 5 4 1 5 4 5 3 2 2 0 3 3 2 1 4 1 5 5 3 1 2 2 2 2 1 5 4 5
0 26 2 2 2 2 3 7 2 2 3 7 3 7 7 7 3 7 2 7 7 7 7 2 0 7 3 6
0 86 2 2 2 3 2 2 2 2 0 7 0 7 0 7 3 3 7 6 5 6 5 0 6 5 6 5 5 3 5 3 4 2 1 4 1 4 1 5 4 1 5 4 1 7 1 5 4 1 5 4 1 7 0 7 6 5 6 5 6 5 7 0 1 6 5 6 5 1 7 1 5 4 1 5 5 3 5 3 1 5 4 1 5 3 2 5
0 44 2 2 2 2 2 2 2 2 2 2 2 2 3 0 3 3 4 2 1 5 4 1 5 4 1 7 6 5 1 5 4 1 5 4 1 4 1 4 2 4 2 1 7 5
0 57 2 2 2 2 2 2 2 2 2 0 7 3 0 4 2 3 2 1 7 1 5 1 5 4 1 5 4 1 4 1 7 1 4 1 5 1 7 1 5 4 1 4 1 5 4 3 2 1 5 4 1 5 5 3 6 5 6
0 82 2 2 2 2 0 7 0 7 0 1 7 1 5 4 1 5 4 1 4 3 2 1 5 4 1 5 4 1 4 1 5 4 1 5 4 1 7 1 4 5 3 3 2 5 3 0 3 0 0 6 5 6 5 7 6 5 6 5 1 2 2 2 2 1 5 4 1 4 1 7 1 5 4 1 4 1 5 4 3 2 1 6
0 30 0 7 0 7 7 7 3 7 2 2 2 0 7 2 2 2 2 2 3 3 4 2 4 2 3 2 3 2 1 6
0 74 0 7 3 3 1 6 5 6 5 6 5 7 1 6 5 7 5 3 5 3 0 7 0 7 2 2 0 0 3 0 4 2 6 5 1 3 3 2 1 7 1 5 4 1 5 4 3 3 2 1 5 4 1 2 2 1 7 1 5 4 3 2 5 3 1 4 1 5 4 1 4 1 4 5
0 21 0 7 2 2 2 2 2 2 0 7 3 0 3 3 5 3 5 3 5 3 6
0 11 4 2 5 3 1 4 3 7 6 5 6
0 34 2 3 0 6 5 3 1 7 0 0 5 3 5 3 0 7 3 0 3 2 1 5 1 7 1 5 5 3 0 7 0 7 3 5
0 24 0 7 3 0 3 6 5 1 4 2 5 3 1 5 4 1 5 4 7 6 5 6 5 6
0 52 2 2 2 2 0 7 0 7 0 1 7 1 5 4 1 5 4 1 4 3 2 1 5 4 1 5 4 1 4 1 5 4 1 5 4 1 7 1 4 5 3 3 2 5 3 0 3 0 0 6 5 6
0 68 2 2 2 2 3 2 5 3 1 2 2 3 2 2 3 2 7 0 0 1 3 2 5 3 1 5 4 1 4 6 5 7 1 3 3 3 2 2 3 2 3 2 3 2 1 4 1 5 4 5 3 4 2 6 5 7 6 5 6 5 6 5 1 6 5 6 5 5
0 82 0 7 2 0 3 3 3 7 3 7 2 2 2 3 7 7 7 7 2 2 2 2 2 2 2 0 3 6 5 6 5 5 3 5 3 5 3 1 2 1 7 1 5 4 1 5 4 0 7 1 1 6 5 6 5 1 6 5 6 5 3 5 3 1 5 1 4 1 5 4 1 5 4 5 3 5 3 6 5 6 5 6
0 13 2 3 0 6 5 3 1 7 0 0 5 3 5
0 24 0 7 0 0 7 2 2 2 2 2 3 3 3 2 6 5 7 6 5 6 5 4 2 5
0 19 0 7 2 2 2 2 2 2 0 7 3 0 3 3 5 3 5 3 5
0 33 0 7 3 7 3 7 2 2 3 7 7 7 7 7 2 2 2 2 0 7 3 0 6 5 6 5 3 2 4 2 6 5 5
0 39 0 0 0 4 2 4 2 6 5 6 5 0 6 5 3 1 5 4 1 7 1 5 4 5 3 1 5 4 1 5 4 1 5 4 1 5 4 3 6
0 31 2 2 0 7 7 7 2 2 2 2 2 2 2 2 2 2 0 7 2 3 3 3 3 1 7 1 5 3 5 3 5
0 21 2 0 0 3 6 5 1 6 5 1 6 5 6 5 7 1 6 5 1 7 5
0 61 2 2 2 2 0 7 2 2 2 2 6 5 1 6 5 6 5 4 2 4 2 1 5 4 1 4 1 5 1 5 4 1 5 1 4 1 5 1 4 1 6 5 6 5 1 6 5 5 3 0 7 3 0 0 6 5 6 5 5 3 5
0 52 0 7 0 7 0 7 0 3 3 5 3 1 7 1 5 4 1 5 4 1 5 3 6 5 5 3 1 5 4 1 5 4 1 5 4 5 3 1 7 1 5 4 1 5 4 6 5 7 3 6 5 6
0 70 2 2 2 2 2 0 7 6 5 6 5 0 1 6 5 1 6 5 7 6 5 6 5 1 2 2 2 2 3 0 3 0 7 7 7 7 7 7 7 7 7 7 2 2 2 7 7 7 7 7 7 2 0 7 0 7 0 7 3 3 3 3 3 6 5 7 7 6 5 6
0 62 4 2 1 7 1 2 3 3 2 2 2 2 5 3 1 5 4 3 2 6 5 7 6 5 1 2 3 2 3 2 2 2 2 3 2 2 2 1 5 5 3 1 2 1 5 4 1 5 4 5 3 2 2 0 3 3 2 1 4 1 5 5
0 5 3 3 0 0 6
0 59 2 2 2 2 0 7 2 2 2 2 6 5 1 6 5 6 5 4 2 4 2 1 5 4 1 4 1 5 1 5 4 1 5 1 4 1 5 1 4 1 6 5 6 5 1 6 5 5 3 0 7 3 0 0 6 5 6 5 5
0 40 0 7 2 2 2 2 0 3 0 3 3 2 3 1 5 4 1 5 4 1 7 1 5 1 7 1 5 4 2 3 5 3 5 3 5 3 1 6 5 6
0 49 0 7 2 2 2 2 3 0 3 6 5 1 7 1 3 2 2 2 2 2 3 7 7 7 7 7 3 7 3 7 7 7 7 3 7 3 7 3 7 2 2 0 7 0 7 0 5 3 5
0 9 2 0 7 0 7 6 5 1 6
0 23 3 3 6 5 6 5 1 1 5 3 5 3 0 7 0 7 0 0 0 0 3 3 4
0 30 2 2 0 7 2 7 7 7 3 7 3 7 2 2 2 2 2 2 2 2 2 2 0 4 2 5 3 5 3 5
0 15 0 7 2 2 2 2 2 2 0 7 3 0 3 3 5
0 46 0 7 0 7 0 7 0 3 3 5 3 1 7 1 5 4 1 5 4 1 5 3 6 5 5 3 1 5 4 1 5 4 1 5 4 5 3 1 7 1 5 4 1 5 4 6
0 81 0 7 2 2 2 2 0 3 1 5 4 1 5 4 5 3 2 2 2 2 2 2 2 3 7 7 3 7 3 7 0 3 2 6 5 6 5 1 6 5 3 2 5 3 1 3 2 2 2 2 2 3 2 3 2 1 5 1 4 1 7 5 3 1 5 4 1 5 3 1 5 4 1 7 1 5 4 1 5 4 5
0 36 0 7 2 2 2 2 0 3 1 5 4 1 5 4 5 3 2 2 2 2 2 2 2 3 7 7 3 7 3 7 0 3 2 6 5 6
0 65 2 2 2 2 2 2 0 7 7 7 7 7 7 7 7 7 3 7 2 2 7 7 7 7 7 7 7 7 3 7 7 7 7 3 7 2 2 2 2 2 2 3 6 5 6 5 1 4 2 0 6 5 1 5 3 5 3 3 4 2 7 1 7 0 4
0 39 2 2 2 2 2 2 3 0 7 2 2 2 0 3 3 1 6 5 4 2 3 2 1 5 4 1 5 1 4 5 3 1 4 1 5 4 3 2 6
0 54 0 7 2 2 2 2 3 0 3 6 5 1 7 1 3 2 2 2 2 2 3 7 7 7 7 7 3 7 3 7 7 7 7 3 7 3 7 3 7 2 2 0 7 0 7 0 5 3 5 3 5 3 0 6
0 63 2 2 2 0 0 3 3 0 7 2 2 0 7 5 3 5 3 5 3 5 3 6 5 0 1 0 3 6 5 1 7 3 1 5 1 5 1 5 4 1 5 4 5 3 1 7 1 2 3 3 2 2 1 0 7 3 3 0 0 1 6 5 6
0 13 2 0 0 3 6 5 1 6 5 1 6 5 6
0 8 2 2 2 2 2 0 7 6
0 15 2 2 2 2 2 2 2 2 2 2 2 1 5 4 5
0 119 0 7 0 7 0 7 3 3 0 3 1 5 4 1 4 1 5 1 7 5 3 6 5 6 5 1 0 6 5 1 6 5 0 1 3 2 3 2 2 3 2 3 2 2 2 2 2 2 1 5 4 1 2 2 2 2 3 2 3 2 5 3 2 2 3 0 0 3 3 1 5 4 1 5 4 1 5 4 1 5 4 5 3 5 3 5 3 3 2 1 5 4 1 5 4 1 5 4 1 7 5 3 5 3 3 4 2 6 5 1 1 6 5 0 6 5 6 5 5
0 43 0 7 0 7 2 0 7 0 3 3 2 4 2 7 3 7 3 7 2 2 2 2 2 2 3 7 3 7 7 3 7 2 2 0 7 0 7 3 3 3 3 7 5
0 108 2 2 2 2 3 7 2 2 3 7 3 7 7 7 3 7 2 7 7 7 7 2 0 7 3 6 5 1 3 1 2 1 2 2 2 2 3 2 3 3 2 2 2 2 1 4 1 7 5 3 3 6 5 1 6 5 3 1 5 4 1 5 4 1 5 4 1 2 2 2 3 2 3 2 3 2 5 3 1 3 2 2 2 2 2 2 5 3 1 5 1 5 4 1 4 1 5 4 1 5 4 1 2 2 3 2 2 6
0 25 2 0 0 3 6 5 1 6 5 1 6 5 6 5 7 1 6 5 1 7 5 3 5 3 6
0 43 2 2 2 2 2 2 0 7 7 7 7 7 7 7 7 7 3 7 2 2 7 7 7 7 7 7 7 7 3 7 7 7 7 3 7 2 2 2 2 2 2 3 6
0 57 0 0 6 5 6 5 6 5 1 1 6 5 1 5 4 1 5 1 5 1 5 4 1 5 4 1 5 4 1 5 4 1 5 4 1 5 4 1 4 1 5 4 1 5 4 1 4 6 5 7 6 5 1 3 3 2 6
0 23 2 2 2 2 2 3 7 3 7 3 7 7 7 2 2 2 0 7 0 0 3 2 5
0 38 0 7 0 7 3 3 3 6 5 6 5 6 5 7 6 5 5 3 1 4 2 2 0 7 0 7 3 2 5 3 3 6 5 6 5 6 5 6
0 45 0 7 0 7 2 0 7 0 3 3 2 4 2 7 3 7 3 7 2 2 2 2 2 2 3 7 3 7 7 3 7 2 2 0 7 0 7 3 3 3 3 7 5 3 5
0 29 2 3 6 5 6 5 1 6 5 1 6 5 6 5 1 1 2 2 2 2 2 1 4 1 5 6 5 1 6
0 125 0 7 0 7 0 7 0 3 3 5 3 1 7 1 5 4 1 5 4 1 5 3 6 5 5 3 1 5 4 1 5 4 1 5 4 5 3 1 7 1 5 4 1 5 4 6 5 7 3 6 5 6 5 1 6 5 5 3 1 2 2 2 2 2 3 3 2 2 2 2 2 2 1 5 4 1 5 4 1 5 4 1 5 4 0 7 0 0 6 5 6 5 0 7 4 2 1 7 1 3 2 3 2 2 1 7 1 7 1 4 1 5 1 5 4 1 5 3 5 3 4 2 3 2 6
0 12 3 3 0 0 6 5 1 4 2 6 5 6
0 5 0 7 1 7 6
0 78 2 2 2 0 0 3 3 0 7 2 2 0 7 5 3 5 3 5 3 5 3 6 5 0 1 0 3 6 5 1 7 3 1 5 1 5 1 5 4 1 5 4 5 3 1 7 1 2 3 3 2 2 1 0 7 3 3 0 0 1 6 5 6 5 6 5 3 1 5 4 1 4 3 2 3 5 3 4
0 52 2 2 2 2 3 7 2 2 3 7 3 7 7 7 3 7 2 7 7 7 7 2 0 7 3 6 5 1 3 1 2 1 2 2 2 2 3 2 3 3 2 2 2 2 1 4 1 7 5 3 3 6
0 48 0 7 0 7 0 7 0 7 0 0 7 7 7 3 7 3 7 2 2 2 2 2 2 2 2 3 7 2 2 2 2 2 2 2 2 2 2 0 7 0 7 3 3 3 6 5 0 6
0 86 0 7 2 0 3 3 3 7 3 7 2 2 2 3 7 7 7 7 2 2 2 2 2 2 2 0 3 6 5 6 5 5 3 5 3 5 3 1 2 1 7 1 5 4 1 5 4 0 7 1 1 6 5 6 5 1 6 5 6 5 3 5 3 1 5 1 4 1 5 4 1 5 4 5 3 5 3 6 5 6 5 6 5 0 3 6
0 89 2 3 7 2 2 2 2 2 3 7 3 7 3 7 2 2 2 2 2 2 0 7 3 0 3 3 3 2 7 7 1 6 5 5 3 2 2 2 2 0 7 0 7 3 1 2 3 3 3 2 1 4 1 4 1 5 0 1 1 1 6 5 1 5 1 5 4 1 5 4 1 5 4 5 3 5 3 5 3 6 5 1 0 6 5 1 6 5 6
0 61 0 7 2 2 2 0 7 3 0 3 0 0 3 3 4 2 4 2 4 2 5 3 5 3 1 7 1 5 4 1 5 1 5 4 3 2 3 5 3 5 3 1 5 1 7 1 5 1 5 4 7 6 5 7 6 5 4 2 4 2 5
0 26 3 0 0 0 4 2 1 7 1 4 1 4 1 5 4 5 3 5 3 5 3 5 3 3 2 5
0 53 0 7 2 2 2 0 7 0 7 3 6 5 3 3 1 2 3 2 3 3 2 2 2 2 3 2 1 4 1 5 4 1 5 1 5 4 3 3 2 1 6 5 4 2 1 2 2 3 2 2 1 7 5
0 47 0 7 2 2 2 2 3 0 3 6 5 1 7 1 3 2 2 2 2 2 3 7 7 7 7 7 3 7 3 7 7 7 7 3 7 3 7 3 7 2 2 0 7 0 7 0 5
0 67 7 2 2 2 0 7 2 2 2 2 2 2 0 3 6 5 1 7 6 5 3 4 2 4 2 1 5 1 7 1 4 1 5 4 5 3 6 5 6 5 3 5 3 3 2 3 3 5 3 5 3 3 2 2 2 0 7 2 2 2 2 0 7 3 6 5 6
0 9 4 2 5 3 1 4 3 7 6
0 28 0 7 3 3 3 5 3 1 5 4 1 5 4 5 3 5 3 1 6 5 6 5 6 5 1 5 4 5
0 100 0 7 2 3 3 3 3 2 5 3 1 7 1 4 1 5 4 1 5 4 1 5 4 1 5 1 2 2 3 2 2 2 2 2 3 2 5 3 3 2 3 2 4 2 3 1 5 4 1 2 3 3 2 3 3 2 3 2 1 5 1 3 3 2 2 3 2 2 2 3 2 2 2 3 3 3 2 3 3 1 5 4 1 5 4 1 4 1 5 4 1 4 0 0 0 0 6 5 1 6
0 32 0 7 0 7 1 5 5 3 5 3 3 2 6 5 1 3 2 5 3 1 5 4 1 6 5 7 1 7 7 3 2 5
0 19 2 2 2 2 2 2 2 2 2 2 2 1 5 4 5 3 3 3 5
0 33 0 7 0 7 2 2 3 7 3 7 3 7 2 2 2 2 2 2 2 2 0 3 1 0 1 7 1 5 4 1 5 4 5
0 37 2 0 0 3 6 5 1 6 5 1 6 5 6 5 7 1 6 5 1 7 5 3 5 3 6 5 6 5 0 6 5 7 6 5 6 5 6
0 96 7 2 2 2 0 7 2 2 2 2 2 2 0 3 6 5 1 7 6 5 3 4 2 4 2 1 5 1 7 1 4 1 5 4 5 3 6 5 6 5 3 5 3 3 2 3 3 5 3 5 3 3 2 2 2 0 7 2 2 2 2 0 7 3 6 5 6 5 7 3 3 3 1 5 4 1 5 4 3 2 3 1 7 1 1 4 2 3 6 5 6 5 1 6 5 5
0 10 0 7 0 7 2 2 3 0 3 5
0 28 2 2 0 7 2 7 7 7 3 7 3 7 2 2 2 2 2 2 2 2 2 2 0 4 2 5 3 5
0 39 2 2 0 7 2 7 7 7 3 7 3 7 2 2 2 2 2 2 2 2 2 2 0 4 2 5 3 5 3 5 3 1 7 1 5 4 4 2 6
0 15 0 7 2 2 2 2 0 0 0 4 2 7 6 5 4
0 22 3 2 2 2 2 2 2 2 0 7 3 3 0 3 1 5 4 5 3 3 2 5
0 13 2 3 6 5 6 5 1 6 5 1 6 5 6
0 83 3 7 7 7 7 7 3 7 2 2 2 2 2 2 3 7 3 7 2 0 7 0 7 2 2 2 2 3 7 2 2 2 2 7 3 7 7 7 2 2 2 2 0 7 0 7 2 2 2 0 7 3 7 7 7 2 2 2 2 2 2 7 7 7 7 7 4 2 3 5 3 1 5 4 1 5 4 1 4 3 5 3 5
0 20 2 2 2 2 2 2 2 2 2 0 7 0 3 0 0 1 1 6 5 5
0 53 0 7 2 2 2 0 0 4 2 3 5 3 6 5 7 6 5 0 5 3 5 3 5 3 5 3 3 3 5 3 0 7 2 0 7 3 1 1 6 5 6 5 7 6 5 4 2 3 2 5 3 3 4
0 22 0 7 3 0 3 6 5 1 4 2 5 3 1 5 4 1 5 4 7 6 5 6
0 41 0 7 0 7 2 2 2 2 7 7 7 7 3 7 2 2 0 7 2 2 2 2 2 2 2 0 7 2 0 7 0 7 0 7 0 7 0 3 7 1 6
0 76 2 0 7 0 7 6 5 1 6 5 1 4 2 1 6 5 7 7 0 7 3 0 6 5 6 5 6 5 0 1 6 5 1 2 2 3 3 2 3 2 3 2 3 3 2 2 1 1 5 4 1 5 4 5 3 3 2 1 6 5 1 1 4 1 5 4 1 5 4 1 5 1 7 4 2 6
0 96 3 3 6 5 6 5 1 1 5 3 5 3 0 7 0 7 0 0 0 0 3 3 4 2 5 3 1 7 1 5 4 1 4 1 5 4 1 2 3 2 2 2 3 2 1 7 1 5 4 1 4 1 5 4 1 5 3 3 2 6 5 1 6 5 6 5 6 5 6 5 3 5 3 1 5 1 5 4 1 2 3 3 2 2 2 3 2 3 2 2 3 3 2 3 2 5
0 35 0 7 2 2 2 0 7 2 2 2 3 7 3 7 7 7 7 3 7 2 2 2 2 2 2 2 0 7 0 0 1 3 2 7 6
0 41 0 7 3 0 3 6 5 1 4 2 5 3 1 5 4 1 5 4 7 6 5 6 5 6 5 3 4 2 5 3 5 3 1 5 4 1 5 4 1 5 5
0 12 0 7 0 7 3 3 3 6 5 6 5 6
0 13 0 7 6 5 1 7 7 6 5 6 5 7 4
0 121 2 2 2 2 3 7 2 2 3 7 3 7 7 7 3 7 2 7 7 7 7 2 0 7 3 6 5 1 3 1 2 1 2 2 2 2 3 2 3 3 2 2 2 2 1 4 1 7 5 3 3 6 5 1 6 5 3 1 5 4 1 5 4 1 5 4 1 2 2 2 3 2 3 2 3 2 5 3 1 3 2 2 2 2 2 2 5 3 1 5 1 5 4 1 4 1 5 4 1 5 4 1 2 2 3 2 2 6 5 6 5 1 1 3 4 2 5 3 5 3 5
0 29 0 7 3 0 3 6 5 1 4 2 5 3 1 5 4 1 5 4 7 6 5 6 5 6 5 3 4 2 5
0 53 2 2 3 7 7 7 7 7 7 2 2 0 7 2 2 2 7 7 7 7 3 7 2 2 2 2 2 2 2 0 7 2 0 0 1 3 3 3 2 2 3 2 3 2 2 3 2 3 2 3 3 2 6
0 31 2 2 2 2 2 2 2 2 2 2 2 2 3 0 3 1 4 2 5 3 6 5 1 6 5 3 3 2 5 3 5
0 74 2 2 0 7 2 7 7 7 3 7 3 7 2 2 2 2 2 2 2 2 2 2 0 4 2 5 3 5 3 5 3 1 7 1 5 4 4 2 6 5 1 7 6 5 0 6 5 6 5 1 3 3 2 2 2 3 2 2 3 2 3 3 2 3 2 3 3 2 1 4 1 5 4 5
0 19 2 0 7 2 0 7 7 3 7 3 7 0 3 2 2 2 2 0 5
0 46 2 2 2 2 2 3 7 3 7 3 7 7 7 2 2 2 0 7 0 0 3 2 5 3 1 5 4 1 2 3 2 3 2 2 3 3 2 2 2 1 5 4 1 5 4 5
0 23 2 0 7 0 7 6 5 1 6 5 1 4 2 1 6 5 7 7 0 7 3 0 6
0 25 3 3 6 5 6 5 1 1 5 3 5 3 0 7 0 7 0 0 0 0 3 3 4 2 5
0 11 0 7 2 2 2 0 7 0 7 3 6
0 12 0 7 1 1 3 1 4 1 5 1 2 5
0 33 0 3 3 0 3 2 3 2 3 2 1 5 4 1 4 1 5 4 1 5 4 6 5 6 5 0 6 5 0 3 1 0 5
0 5 2 3 6 5 6
0 45 3 2 2 2 2 2 2 2 0 7 3 3 0 3 1 5 4 5 3 3 2 5 3 1 5 4 1 5 5 3 1 1 5 4 1 5 4 6 5 6 5 1 6 5 4
0 52 0 7 2 2 2 0 7 3 0 3 0 0 3 3 4 2 4 2 4 2 5 3 5 3 1 7 1 5 4 1 5 1 5 4 3 2 3 5 3 5 3 1 5 1 7 1 5 1 5 4 7 6
0 35 0 7 2 2 2 2 0 3 0 3 3 2 3 1 5 4 1 5 4 1 7 1 5 1 7 1 5 4 2 3 5 3 5 3 5
0 18 3 0 0 0 4 2 1 7 1 4 1 4 1 5 4 5 3 5
0 20 4 2 1 7 1 2 3 3 2 2 2 2 5 3 1 5 4 3 2 6
0 18 2 2 0 1 5 4 1 2 2 2 3 3 2 2 1 5 3 4
0 24 7 2 2 2 0 7 2 2 2 2 2 2 0 3 6 5 1 7 6 5 3 4 2 4
0 65 3 3 6 5 6 5 1 1 5 3 5 3 0 7 0 7 0 0 0 0 3 3 4 2 5 3 1 7 1 5 4 1 4 1 5 4 1 2 3 2 2 2 3 2 1 7 1 5 4 1 4 1 5 4 1 5 3 3 2 6 5 1 6 5 6
0 43 0 7 2 3 3 3 3 2 5 3 1 7 1 4 1 5 4 1 5 4 1 5 4 1 5 1 2 2 3 2 2 2 2 2 3 2 5 3 3 2 3 2 4
0 50 2 2 2 2 3 2 5 3 1 2 2 3 2 2 3 2 7 0 0 1 3 2 5 3 1 5 4 1 4 6 5 7 1 3 3 3 2 2 3 2 3 2 3 2 1 4 1 5 4 5
0 16 2 2 2 0 0 3 3 0 7 2 2 0 7 5 3 5
0 106 0 7 2 2 2 2 2 2 0 7 7 7 7 2 7 7 7 7 3 7 2 3 7 3 7 7 3 7 3 7 2 0 7 0 7 0 7 0 7 0 3 0 3 1 6 5 1 6 5 1 5 1 5 4 1 5 4 1 5 4 1 5 1 7 1 2 2 2 2 2 2 2 2 2 1 5 4 1 3 2 2 2 0 7 0 7 2 2 2 2 0 0 3 1 5 1 7 1 5 4 1 5 1 5 4 5
0 84 2 3 7 2 2 2 2 2 3 7 3 7 3 7 2 2 2 2 2 2 0 7 3 0 3 3 3 2 7 7 1 6 5 5 3 2 2 2 2 0 7 0 7 3 1 2 3 3 3 2 1 4 1 4 1 5 0 1 1 1 6 5 1 5 1 5 4 1 5 4 1 5 4 5 3 5 3 5 3 6 5 1 0 6
0 18 0 7 0 0 7 2 2 2 2 2 3 3 3 2 6 5 7 6
0 117 2 2 2 2 3 7 2 2 3 7 3 7 7 7 3 7 2 7 7 7 7 2 0 7 3 6 5 1 3 1 2 1 2 2 2 2 3 2 3 3 2 2 2 2 1 4 1 7 5 3 3 6 5 1 6 5 3 1 5 4 1 5 4 1 5 4 1 2 2 2 3 2 3 2 3 2 5 3 1 3 2 2 2 2 2 2 5 3 1 5 1 5 4 1 4 1 5 4 1 5 4 1 2 2 3 2 2 6 5 6 5 1 1 3 4 2 5
0 101 0 7 2 2 2 0 7 0 7 3 6 5 3 3 1 2 3 2 3 3 2 2 2 2 3 2 1 4 1 5 4 1 5 1 5 4 3 3 2 1 6 5 4 2 1 2 2 3 2 2 1 7 5 3 0 7 2 2 2 2 0 0 6 5 6 5 7 1 6 5 1 3 1 5 1 5 4 1 5 1 5 4 1 4 1 5 4 1 5 4 1 5 7 3 2 0 1 1 6 5 6
0 133 0 7 2 3 3 3 3 2 5 3 1 7 1 4 1 5 4 1 5 4 1 5 4 1 5 1 2 2 3 2 2 2 2 2 3 2 5 3 3 2 3 2 4 2 3 1 5 4 1 2 3 3 2 3 3 2 3 2 1 5 1 3 3 2 2 3 2 2 2 3 2 2 2 3 3 3 2 3 3 1 5 4 1 5 4 1 4 1 5 4 1 4 0 0 0 0 6 5 1 6 5 1 3 2 3 2 3 2 5 3 1 5 4 1 1 5 4 1 5 4 1 5 4 1 1 5 3 5 3 5 3 3 5
0 115 2 0 7 0 7 6 5 1 6 5 1 4 2 1 6 5 7 7 0 7 3 0 6 5 6 5 6 5 0 1 6 5 1 2 2 3 3 2 3 2 3 2 3 3 2 2 1 1 5 4 1 5 4 5 3 3 2 1 6 5 1 1 4 1 5 4 1 5 4 1 5 1 7 4 2 6 5 7 6 5 5 3 5 3 5 3 6 5 0 0 4 2 1 7 1 7 1 7 1 4 5 3 0 7 2 2 2 2 2 2 0 7 3 3 4
0 84 0 7 1 1 3 1 4 1 5 1 2 5 3 1 6 5 6 5 3 2 6 5 1 1 7 1 7 1 5 3 3 6 5 3 3 3 0 4 2 1 5 4 1 5 4 5 3 1 5 1 7 1 5 1 5 1 5 1 5 4 3 3 2 1 1 5 4 1 7 1 5 4 3 2 3 6 5 1 1 5 3 5 3 5
0 40 2 2 2 2 2 2 2 2 2 2 2 2 3 0 3 3 4 2 1 5 4 1 5 4 1 7 6 5 1 5 4 1 5 4 1 4 1 4 2 4
0 23 0 7 2 2 2 0 0 4 2 3 5 3 6 5 7 6 5 0 5 3 5 3 5
0 68 2 2 2 2 0 7 0 7 7 2 2 2 2 7 7 7 3 7 3 7 7 7 7 2 0 7 2 2 2 0 7 0 7 3 7 3 7 7 7 7 7 2 2 2 2 0 7 1 5 4 3 2 3 5 3 1 5 5 3 3 2 6 5 7 6 5 3 5
0 59 2 0 7 0 7 6 5 1 6 5 1 4 2 1 6 5 7 7 0 7 3 0 6 5 6 5 6 5 0 1 6 5 1 2 2 3 3 2 3 2 3 2 3 3 2 2 1 1 5 4 1 5 4 5 3 3 2 1 6
0 27 2 2 2 2 2 2 2 2 2 2 2 2 3 0 3 3 4 2 1 5 4 1 5 4 1 7 6
0 34 2 3 7 2 2 2 2 2 3 7 3 7 3 7 2 2 2 2 2 2 0 7 3 0 3 3 3 2 7 7 1 6 5 5
0 46 2 2 0 7 2 7 7 7 3 7 3 7 2 2 2 2 2 2 2 2 2 2 0 4 2 5 3 5 3 5 3 1 7 1 5 4 4 2 6 5 1 7 6 5 0 6
0 91 2 0 7 0 7 6 5 1 6 5 1 4 2 1 6 5 7 7 0 7 3 0 6 5 6 5 6 5 0 1 6 5 1 2 2 3 3 2 3 2 3 2 3 3 2 2 1 1 5 4 1 5 4 5 3 3 2 1 6 5 1 1 4 1 5 4 1 5 4 1 5 1 7 4 2 6 5 7 6 5 5 3 5 3 5 3 6 5 0 0 4
0 20 3 0 0 0 4 2 1 7 1 4 1 4 1 5 4 5 3 5 3 5
0 22 2 2 2 2 0 7 0 3 3 5 3 3 0 6 5 6 5 1 0 0 0 6
0 76 2 2 2 0 0 3 3 0 7 2 2 0 7 5 3 5 3 5 3 5 3 6 5 0 1 0 3 6 5 1 7 3 1 5 1 5 1 5 4 1 5 4 5 3 1 7 1 2 3 3 2 2 1 0 7 3 3 0 0 1 6 5 6 5 6 5 3 1 5 4 1 4 3 2 3 5
0 38 0 7 3 7 3 7 2 2 3 7 7 7 7 7 2 2 2 2 0 7 3 0 6 5 6 5 3 2 4 2 6 5 5 3 3 2 7 6
0 88 0 7 0 7 3 3 3 6 5 6 5 6 5 7 6 5 5 3 1 4 2 2 0 7 0 7 3 2 5 3 3 6 5 6 5 6 5 6 5 1 7 1 5 4 1 5 1 2 1 7 0 7 0 7 2 2 2 2 7 7 7 2 2 2 2 3 7 2 2 0 6 5 6 5 1 5 4 1 7 1 5 4 1 5 4 1 7 5
0 48 0 0 6 5 6 5 6 5 1 1 6 5 1 5 4 1 5 1 5 1 5 4 1 5 4 1 5 4 1 5 4 1 5 4 1 5 4 1 4 1 5 4 1 5 4 1 4 6
0 63 0 7 3 0 3 6 5 1 4 2 5 3 1 5 4 1 5 4 7 6 5 6 5 6 5 3 4 2 5 3 5 3 1 5 4 1 5 4 1 5 5 3 6 5 0 6 5 6 5 5 3 5 3 0 1 7 7 0 6 5 4 2 5
0 10 0 0 0 4 2 4 2 6 5 6
0 65 0 7 2 2 2 2 2 2 0 7 3 0 3 3 5 3 5 3 5 3 6 5 6 5 1 7 6 5 1 5 4 1 1 4 4 2 1 1 1 5 3 5 3 3 3 3 1 6 5 1 7 3 2 0 6 5 0 2 2 0 7 0 0 0 6
0 27 2 0 7 2 0 7 7 3 7 3 7 0 3 2 2 2 2 0 5 3 5 3 5 3 4 2 4
0 93 2 3 0 6 5 3 1 7 0 0 5 3 5 3 0 7 3 0 3 2 1 5 1 7 1 5 5 3 0 7 0 7 3 5 3 1 5 4 1 4 1 5 4 1 5 4 1 7 4 2 4 2 4 2 0 7 0 7 2 2 0 0 6 5 6 5 6 5 4 2 1 5 4 5 3 1 1 2 3 2 3 2 2 3 3 2 2 2 2 1 5 4 5
0 57 2 2 2 2 0 7 2 2 2 2 6 5 1 6 5 6 5 4 2 4 2 1 5 4 1 4 1 5 1 5 4 1 5 1 4 1 5 1 4 1 6 5 6 5 1 6 5 5 3 0 7 3 0 0 6 5 6
0 47 2 2 2 0 7 3 7 2 2 2 2 2 2 2 2 3 0 0 3 5 3 1 2 1 5 4 1 5 4 5 3 3 5 3 1 7 1 7 1 0 6 5 3 1 6 5 6
0 51 0 0 6 5 6 5 6 5 1 1 6 5 1 5 4 1 5 1 5 1 5 4 1 5 4 1 5 4 1 5 4 1 5 4 1 5 4 1 4 1 5 4 1 5 4 1 4 6 5 7 6
0 12 0 7 0 7 2 0 7 0 3 3 2 4
0 19 2 2 2 2 2 2 3 0 7 2 2 2 0 3 3 1 6 5 4
0 45 0 7 0 7 0 7 0 7 0 0 7 7 7 3 7 3 7 2 2 2 2 2 2 2 2 3 7 2 2 2 2 2 2 2 2 2 2 0 7 0 7 3 3 3 6
0 90 2 2 2 2 0 7 0 7 0 1 7 1 5 4 1 5 4 1 4 3 2 1 5 4 1 5 4 1 4 1 5 4 1 5 4 1 7 1 4 5 3 3 2 5 3 0 3 0 0 6 5 6 5 7 6 5 6 5 1 2 2 2 2 1 5 4 1 4 1 7 1 5 4 1 4 1 5 4 3 2 1 6 5 6 5 1 3 4 2 6
0 30 2 2 2 0 7 3 7 2 2 2 2 2 2 2 2 3 0 0 3 5 3 1 2 1 5 4 1 5 4 5
0 24 0 0 0 4 2 4 2 6 5 6 5 0 6 5 3 1 5 4 1 7 1 5 4 5
0 17 0 7 2 2 2 2 2 2 0 7 3 0 3 3 5 3 5
0 39 0 7 2 2 2 2 0 3 1 5 4 1 5 4 5 3 2 2 2 2 2 2 2 3 7 7 3 7 3 7 0 3 2 6 5 6 5 1 6
0 70 3 7 7 7 7 7 3 7 2 2 2 2 2 2 3 7 3 7 2 0 7 0 7 2 2 2 2 3 7 2 2 2 2 7 3 7 7 7 2 2 2 2 0 7 0 7 2 2 2 0 7 3 7 7 7 2 2 2 2 2 2 7 7 7 7 7 4 2 3 5
0 29 0 7 3 7 3 7 2 2 3 7 7 7 7 7 2 2 2 2 0 7 3 0 6 5 6 5 3 2 4
0 33 2 0 0 3 6 5 1 6 5 1 6 5 6 5 7 1 6 5 1 7 5 3 5 3 6 5 6 5 0 6 5 7 6
0 63 0 7 2 2 2 0 7 3 0 3 0 0 3 3 4 2 4 2 4 2 5 3 5 3 1 7 1 5 4 1 5 1 5 4 3 2 3 5 3 5 3 1 5 1 7 1 5 1 5 4 7 6 5 7 6 5 4 2 4 2 5 3 5
0 23 0 7 3 7 3 7 2 2 3 7 7 7 7 7 2 2 2 2 0 7 3 0 6
0 24 2 2 2 2 2 2 2 2 2 2 2 2 3 0 3 1 4 2 5 3 6 5 1 6
0 22 2 2 2 7 7 7 7 3 7 2 0 3 0 3 3 3 2 3 2 5 3 5
0 36 0 7 0 7 3 3 3 6 5 6 5 6 5 7 6 5 5 3 1 4 2 2 0 7 0 7 3 2 5 3 3 6 5 6 5 6
0 36 0 7 0 7 0 7 0 3 3 5 3 1 7 1 5 4 1 5 4 1 5 3 6 5 5 3 1 5 4 1 5 4 1 5 4 5
0 149 0 7 0 7 0 7 0 3 3 5 3 1 7 1 5 4 1 5 4 1 5 3 6 5 5 3 1 5 4 1 5 4 1 5 4 5 3 1 7 1 5 4 1 5 4 6 5 7 3 6 5 6 5 1 6 5 5 3 1 2 2 2 2 2 3 3 2 2 2 2 2 2 1 5 4 1 5 4 1 5 4 1 5 4 0 7 0 0 6 5 6 5 0 7 4 2 1 7 1 3 2 3 2 2 1 7 1 7 1 4 1 5 1 5 4 1 5 3 5 3 4 2 3 2 6 5 3 2 5 3 1 5 1 5 4 1 5 4 1 2 1 2 2 3 3 2 5 3 5
0 14 2 2 3 0 0 0 6 5 6 5 0 5 3 5
0 3 2 3 6
0 34 0 7 3 7 3 7 2 7 2 2 2 2 2 2 2 0 5 3 5 3 5 3 0 7 0 7 3 3 5 3 5 3 1 6
0 24 0 0 7 2 2 2 0 3 0 0 5 3 5 3 5 3 5 3 3 5 3 5 3 5
0 18 0 7 0 7 3 0 3 0 0 7 0 7 2 2 2 0 7 6
0 56 2 2 0 7 0 7 7 7 7 7 3 7 7 7 7 7 7 2 2 2 2 3 7 3 7 2 2 7 7 7 7 2 2 0 3 3 3 2 3 2 1 5 4 1 5 4 1 5 1 5 4 5 3 6 5 6
0 11 2 2 2 2 0 7 2 2 2 2 6
0 13 0 7 2 2 2 0 0 4 2 3 5 3 6
0 52 0 7 0 7 2 0 7 0 3 3 2 4 2 7 3 7 3 7 2 2 2 2 2 2 3 7 3 7 7 3 7 2 2 0 7 0 7 3 3 3 3 7 5 3 5 3 7 3 2 3 3 5
0 18 2 2 2 2 2 2 2 2 3 3 0 6 5 6 5 6 5 6
0 51 0 7 0 7 2 2 2 2 7 7 7 7 3 7 2 2 0 7 2 2 2 2 2 2 2 0 7 2 0 7 0 7 0 7 0 7 0 3 7 1 6 5 7 3 6 5 6 5 1 7 5
0 22 3 0 0 0 4 2 1 7 1 4 1 4 1 5 4 5 3 5 3 5 3 5
0 38 0 7 3 7 3 7 2 7 2 2 2 2 2 2 2 0 5 3 5 3 5 3 0 7 0 7 3 3 5 3 5 3 1 6 5 3 3 5
0 42 0 7 2 2 2 2 0 3 0 3 3 2 3 1 5 4 1 5 4 1 7 1 5 1 7 1 5 4 2 3 5 3 5 3 5 3 1 6 5 6 5 6
0 41 0 7 2 2 2 0 7 0 7 3 6 5 3 3 1 2 3 2 3 3 2 2 2 2 3 2 1 4 1 5 4 1 5 1 5 4 3 3 2 1 6
0 65 2 2 2 0 0 3 3 0 7 2 2 0 7 5 3 5 3 5 3 5 3 6 5 0 1 0 3 6 5 1 7 3 1 5 1 5 1 5 4 1 5 4 5 3 1 7 1 2 3 3 2 2 1 0 7 3 3 0 0 1 6 5 6 5 6
0 26 2 2 2 2 2 2 2 2 3 3 0 6 5 6 5 6 5 6 5 1 6 5 0 6 5 6
0 14 2 2 2 2 0 7 2 2 2 2 6 5 1 6
0 50 2 2 2 2 0 7 0 7 0 1 7 1 5 4 1 5 4 1 4 3 2 1 5 4 1 5 4 1 4 1 5 4 1 5 4 1 7 1 4 5 3 3 2 5 3 0 3 0 0 6
0 34 0 7 2 2 2 2 0 3 1 5 4 1 5 4 5 3 2 2 2 2 2 2 2 3 7 7 3 7 3 7 0 3 2 6
0 31 0 7 3 7 3 7 2 7 2 2 2 2 2 2 2 0 5 3 5 3 5 3 0 7 0 7 3 3 5 3 5
0 35 2 0 0 3 6 5 1 6 5 1 6 5 6 5 7 1 6 5 1 7 5 3 5 3 6 5 6 5 0 6 5 7 6 5 6
0 74 0 0 0 4 2 4 2 6 5 6 5 0 6 5 3 1 5 4 1 7 1 5 4 5 3 1 5 4 1 5 4 1 5 4 1 5 4 3 6 5 5 3 5 3 1 5 1 3 2 3 2 2 2 3 3 2 3 3 3 2 2 1 2 3 2 6 5 6 5 3 5 3 0 6
0 98 0 7 0 7 3 0 0 1 5 4 1 7 1 5 1 5 4 1 5 4 1 5 4 3 2 3 4 2 5 3 1 4 1 5 4 5 3 4 2 3 2 6 5 0 6 5 1 3 1 0 0 1 7 1 5 4 1 5 1 5 1 5 4 1 5 4 2 2 2 2 3 0 5 3 1 5 4 1 5 4 1 4 1 5 4 1 5 4 1 5 1 3 3 3 2 2 2 5
0 63 2 3 0 6 5 3 1 7 0 0 5 3 5 3 0 7 3 0 3 2 1 5 1 7 1 5 5 3 0 7 0 7 3 5 3 1 5 4 1 4 1 5 4 1 5 4 1 7 4 2 4 2 4 2 0 7 0 7 2 2 0 0 6
0 73 0 7 2 2 2 2 2 2 0 7 3 0 3 3 5 3 5 3 5 3 6 5 6 5 1 7 6 5 1 5 4 1 1 4 4 2 1 1 1 5 3 5 3 3 3 3 1 6 5 1 7 3 2 0 6 5 0 2 2 0 7 0 0 0 6 5 4 2 1 6 5 7 6
0 35 0 7 2 2 2 2 2 2 0 7 3 0 3 3 5 3 5 3 5 3 6 5 6 5 1 7 6 5 1 5 4 1 1 4 4
0 24 0 7 0 7 0 7 3 3 0 3 1 5 4 1 4 1 5 1 7 5 3 6 5 6
0 94 2 2 2 2 0 7 0 7 0 1 7 1 5 4 1 5 4 1 4 3 2 1 5 4 1 5 4 1 4 1 5 4 1 5 4 1 7 1 4 5 3 3 2 5 3 0 3 0 0 6 5 6 5 7 6 5 6 5 1 2 2 2 2 1 5 4 1 4 1 7 1 5 4 1 4 1 5 4 3 2 1 6 5 6 5 1 3 4 2 6 5 0 3 4
0 12 0 7 0 7 0 7 0 3 0 6 5 6
0 26 2 3 6 5 6 5 1 6 5 1 6 5 6 5 1 1 2 2 2 2 2 1 4 1 5 6
0 75 0 7 0 7 2 2 2 2 7 7 7 7 3 7 2 2 0 7 2 2 2 2 2 2 2 0 7 2 0 7 0 7 0 7 0 7 0 3 7 1 6 5 7 3 6 5 6 5 1 7 5 3 1 5 4 1 5 4 1 5 1 5 4 1 5 4 1 5 4 3 4 2 4 2 5
0 5 3 0 0 0 4
0 74 2 0 7 0 7 6 5 1 6 5 1 4 2 1 6 5 7 7 0 7 3 0 6 5 6 5 6 5 0 1 6 5 1 2 2 3 3 2 3 2 3 2 3 3 2 2 1 1 5 4 1 5 4 5 3 3 2 1 6 5 1 1 4 1 5 4 1 5 4 1 5 1 7 4
0 16 0 7 0 7 0 7 0 7 0 3 2 2 1 6 5 6
0 93 2 2 2 0 7 3 7 2 2 2 2 2 2 2 2 3 0 0 3 5 3 1 2 1 5 4 1 5 4 5 3 3 5 3 1 7 1 7 1 0 6 5 3 1 6 5 6 5 3 1 7 1 5 4 1 4 1 5 4 1 5 4 1 5 1 2 3 2 2 2 2 1 5 4 1 5 4 1 5 4 5 3 2 2 2 3 6 5 6 5 3 3 5
0 11 2 3 0 6 5 3 1 7 0 0 5
0 46 2 2 2 2 0 7 2 2 2 2 6 5 1 6 5 6 5 4 2 4 2 1 5 4 1 4 1 5 1 5 4 1 5 1 4 1 5 1 4 1 6 5 6 5 1 6
0 8 2 0 0 3 6 5 1 6
0 57 0 7 3 7 3 7 2 2 3 7 7 7 7 7 2 2 2 2 0 7 3 0 6 5 6 5 3 2 4 2 6 5 5 3 3 2 7 6 5 6 5 0 6 5 0 3 5 3 5 3 5 3 3 3 1 0 6
0 9 0 7 0 7 1 5 5 3 5
0 67 0 7 2 2 2 0 0 4 2 3 5 3 6 5 7 6 5 0 5 3 5 3 5 3 5 3 3 3 5 3 0 7 2 0 7 3 1 1 6 5 6 5 7 6 5 4 2 3 2 5 3 3 4 2 1 6 5 3 1 1 7 1 5 4 6 5 6
0 77 0 7 0 7 0 3 0 0 2 2 2 2 2 2 2 2 3 7 3 7 3 7 7 7 7 7 7 7 7 7 7 7 7 3 7 2 3 7 3 7 3 7 7 2 2 0 7 0 0 0 1 3 1 5 1 5 4 1 5 4 1 5 4 5 3 5 3 3 2 1 5 1 5 4 5 3 5
0 18 2 2 2 3 2 2 2 2 0 7 0 7 0 7 3 3 7 6
0 18 3 2 2 2 2 2 2 2 0 7 3 3 0 3 1 5 4 5
0 11 0 7 2 2 2 0 0 4 2 3 5
0 71 0 3 3 0 3 2 3 2 3 2 1 5 4 1 4 1 5 4 1 5 4 6 5 6 5 0 6 5 0 3 1 0 5 3 5 3 3 6 5 0 3 2 4 2 1 5 4 1 5 4 1 5 4 5 3 1 5 4 1 5 4 1 5 4 1 5 1 7 1 5 5
0 58 0 7 2 2 2 2 3 0 3 6 5 1 7 1 3 2 2 2 2 2 3 7 7 7 7 7 3 7 3 7 7 7 7 3 7 3 7 3 7 2 2 0 7 0 7 0 5 3 5 3 5 3 0 6 5 1 0 6
0 76 2 3 7 2 2 2 2 2 3 7 3 7 3 7 2 2 2 2 2 2 0 7 3 0 3 3 3 2 7 7 1 6 5 5 3 2 2 2 2 0 7 0 7 3 1 2 3 3 3 2 1 4 1 4 1 5 0 1 1 1 6 5 1 5 1 5 4 1 5 4 1 5 4 5 3 5
0 19 0 7 3 7 3 7 2 7 2 2 2 2 2 2 2 0 5 3 5
0 20 2 2 2 7 7 7 7 3 7 2 0 3 0 3 3 3 2 3 2 5
0 7 0 7 0 7 1 5 5
0 53 0 7 2 2 2 0 7 2 2 2 3 7 3 7 7 7 7 3 7 2 2 2 2 2 2 2 0 7 0 0 1 3 2 7 6 5 1 5 4 1 5 4 1 2 2 2 0 7 2 2 0 0 4
0 31 2 3 6 5 6 5 1 6 5 1 6 5 6 5 1 1 2 2 2 2 2 1 4 1 5 6 5 1 6 5 6
0 68 0 0 0 4 2 4 2 6 5 6 5 0 6 5 3 1 5 4 1 7 1 5 4 5 3 1 5 4 1 5 4 1 5 4 1 5 4 3 6 5 5 3 5 3 1 5 1 3 2 3 2 2 2 3 3 2 3 3 3 2 2 1 2 3 2 6 5 6
0 41 2 2 2 2 2 2 3 0 7 2 2 2 0 3 3 1 6 5 4 2 3 2 1 5 4 1 5 1 4 5 3 1 4 1 5 4 3 2 6 5 6
0 24 0 7 0 7 1 5 5 3 5 3 3 2 6 5 1 3 2 5 3 1 5 4 1 6
0 70 0 7 0 7 1 5 5 3 5 3 3 2 6 5 1 3 2 5 3 1 5 4 1 6 5 7 1 7 7 3 2 5 3 5 3 2 2 2 2 2 3 7 2 2 2 2 3 7 0 7 2 2 2 0 7 0 7 0 0 3 2 6 5 6 5 6 5 6 5 5
0 3 3 3 6
0 79 2 2 2 2 2 0 7 6 5 6 5 0 1 6 5 1 6 5 7 6 5 6 5 1 2 2 2 2 3 0 3 0 7 7 7 7 7 7 7 7 7 7 2 2 2 7 7 7 7 7 7 2 0 7 0 7 0 7 3 3 3 3 3 6 5 7 7 6 5 6 5 7 7 6 5 1 5 3 5
0 20 0 7 3 0 3 6 5 1 4 2 5 3 1 5 4 1 5 4 7 6
0 103 0 7 0 7 0 7 3 3 0 3 1 5 4 1 4 1 5 1 7 5 3 6 5 6 5 1 0 6 5 1 6 5 0 1 3 2 3 2 2 3 2 3 2 2 2 2 2 2 1 5 4 1 2 2 2 2 3 2 3 2 5 3 2 2 3 0 0 3 3 1 5 4 1 5 4 1 5 4 1 5 4 5 3 5 3 5 3 3 2 1 5 4 1 5 4 1 5 4 1 7 5 3 5
0 20 0 7 0 7 3 0 3 0 0 7 0 7 2 2 2 0 7 6 5 6
0 52 2 2 2 2 3 2 5 3 1 2 2 3 2 2 3 2 7 0 0 1 3 2 5 3 1 5 4 1 4 6 5 7 1 3 3 3 2 2 3 2 3 2 3 2 1 4 1 5 4 5 3 4
0 73 0 7 0 7 2 2 2 2 7 7 7 7 3 7 2 2 0 7 2 2 2 2 2 2 2 0 7 2 0 7 0 7 0 7 0 7 0 3 7 1 6 5 7 3 6 5 6 5 1 7 5 3 1 5 4 1 5 4 1 5 1 5 4 1 5 4 1 5 4 3 4 2 4
0 25 0 7 0 7 3 0 3 0 0 7 0 7 2 2 2 0 7 6 5 6 5 4 2 3 4
0 147 0 7 0 7 0 7 0 3 3 5 3 1 7 1 5 4 1 5 4 1 5 3 6 5 5 3 1 5 4 1 5 4 1 5 4 5 3 1 7 1 5 4 1 5 4 6 5 7 3 6 5 6 5 1 6 5 5 3 1 2 2 2 2 2 3 3 2 2 2 2 2 2 1 5 4 1 5 4 1 5 4 1 5 4 0 7 0 0 6 5 6 5 0 7 4 2 1 7 1 3 2 3 2 2 1 7 1 7 1 4 1 5 1 5 4 1 5 3 5 3 4 2 3 2 6 5 3 2 5 3 1 5 1 5 4 1 5 4 1 2 1 2 2 3 3 2 5
0 57 0 7 2 2 2 0 7 3 0 3 0 0 3 3 4 2 4 2 4 2 5 3 5 3 1 7 1 5 4 1 5 1 5 4 3 2 3 5 3 5 3 1 5 1 7 1 5 1 5 4 7 6 5 7 6 5 4
0 10 2 2 2 2 0 7 0 3 3 5
0 79 2 0 7 0 7 6 5 1 6 5 1 4 2 1 6 5 7 7 0 7 3 0 6 5 6 5 6 5 0 1 6 5 1 2 2 3 3 2 3 2 3 2 3 3 2 2 1 1 5 4 1 5 4 5 3 3 2 1 6 5 1 1 4 1 5 4 1 5 4 1 5 1 7 4 2 6 5 7 6
0 68 0 0 6 5 6 5 6 5 1 1 6 5 1 5 4 1 5 1 5 1 5 4 1 5 4 1 5 4 1 5 4 1 5 4 1 5 4 1 4 1 5 4 1 5 4 1 4 6 5 7 6 5 1 3 3 2 6 5 6 5 5 3 5 3 1 5 4 5
0 66 2 2 2 3 2 2 2 2 0 7 0 7 0 7 3 3 7 6 5 6 5 0 6 5 6 5 5 3 5 3 4 2 1 4 1 4 1 5 4 1 5 4 1 7 1 5 4 1 5 4 1 7 0 7 6 5 6 5 6 5 7 0 1 6 5 6
0 62 0 7 2 2 2 2 0 3 1 5 4 1 5 4 5 3 2 2 2 2 2 2 2 3 7 7 3 7 3 7 0 3 2 6 5 6 5 1 6 5 3 2 5 3 1 3 2 2 2 2 2 3 2 3 2 1 5 1 4 1 7 5
0 110 3 3 6 5 6 5 1 1 5 3 5 3 0 7 0 7 0 0 0 0 3 3 4 2 5 3 1 7 1 5 4 1 4 1 5 4 1 2 3 2 2 2 3 2 1 7 1 5 4 1 4 1 5 4 1 5 3 3 2 6 5 1 6 5 6 5 6 5 6 5 3 5 3 1 5 1 5 4 1 2 3 3 2 2 2 3 2 3 2 2 3 3 2 3 2 5 3 0 0 0 3 6 5 6 5 4 2 5 3 5
0 87 2 3 7 2 2 2 2 2 3 7 3 7 3 7 2 2 2 2 2 2 0 7 3 0 3 3 3 2 7 7 1 6 5 5 3 2 2 2 2 0 7 0 7 3 1 2 3 3 3 2 1 4 1 4 1 5 0 1 1 1 6 5 1 5 1 5 4 1 5 4 1 5 4 5 3 5 3 5 3 6 5 1 0 6 5 1 6
0 42 2 2 0 7 7 7 2 2 2 2 2 2 2 2 2 2 0 7 2 3 3 3 3 1 7 1 5 3 5 3 5 3 4 2 7 3 3 5 3 5 3 5
0 11 0 0 7 2 2 2 0 3 0 0 5
0 65 0 7 2 2 2 0 0 4 2 3 5 3 6 5 7 6 5 0 5 3 5 3 5 3 5 3 3 3 5 3 0 7 2 0 7 3 1 1 6 5 6 5 7 6 5 4 2 3 2 5 3 3 4 2 1 6 5 3 1 1 7 1 5 4 6
0 22 0 0 7 2 2 2 0 3 0 0 5 3 5 3 5 3 5 3 3 5 3 5
0 52 0 7 3 0 3 6 5 1 4 2 5 3 1 5 4 1 5 4 7 6 5 6 5 6 5 3 4 2 5 3 5 3 1 5 4 1 5 4 1 5 5 3 6 5 0 6 5 6 5 5 3 5
0 111 2 2 2 0 7 3 7 2 2 2 2 2 2 2 2 3 0 0 3 5 3 1 2 1 5 4 1 5 4 5 3 3 5 3 1 7 1 7 1 0 6 5 3 1 6 5 6 5 3 1 7 1 5 4 1 4 1 5 4 1 5 4 1 5 1 2 3 2 2 2 2 1 5 4 1 5 4 1 5 4 5 3 2 2 2 3 6 5 6 5 3 3 5 3 1 5 1 5 4 5 3 1 5 4 1 5 4 1 5 4 4
0 20 2 2 2 2 2 0 7 6 5 6 5 0 1 6 5 1 6 5 7 6
0 37 2 2 0 7 2 7 7 7 3 7 3 7 2 2 2 2 2 2 2 2 2 2 0 4 2 5 3 5 3 5 3 1 7 1 5 4 4
0 8 0 7 0 7 3 3 3 6
0 17 0 7 3 3 1 6 5 6 5 6 5 7 1 6 5 7 5
0 73 3 2 2 2 2 2 2 2 0 7 3 3 0 3 1 5 4 5 3 3 2 5 3 1 5 4 1 5 5 3 1 1 5 4 1 5 4 6 5 6 5 1 6 5 4 2 4 2 7 6 5 1 6 5 1 7 1 5 1 7 1 3 3 2 2 3 2 2 2 1 5 4 5
0 61 0 0 6 5 6 5 6 5 1 1 6 5 1 5 4 1 5 1 5 1 5 4 1 5 4 1 5 4 1 5 4 1 5 4 1 5 4 1 4 1 5 4 1 5 4 1 4 6 5 7 6 5 1 3 3 2 6 5 6 5 5
0 13 0 7 0 7 1 5 5 3 5 3 3 2 6
0 29 2 2 2 2 2 2 2 2 2 2 2 2 3 0 3 1 4 2 5 3 6 5 1 6 5 3 3 2 5
0 20 2 2 2 2 0 7 2 2 2 2 6 5 1 6 5 6 5 4 2 4
0 3 0 0 6
0 19 0 7 3 3 1 6 5 6 5 6 5 7 1 6 5 7 5 3 5
0 71 0 7 0 7 3 3 3 6 5 6 5 6 5 7 6 5 5 3 1 4 2 2 0 7 0 7 3 2 5 3 3 6 5 6 5 6 5 6 5 1 7 1 5 4 1 5 1 2 1 7 0 7 0 7 2 2 2 2 7 7 7 2 2 2 2 3 7 2 2 0 6
0 117 0 7 0 7 0 7 3 3 0 3 1 5 4 1 4 1 5 1 7 5 3 6 5 6 5 1 0 6 5 1 6 5 0 1 3 2 3 2 2 3 2 3 2 2 2 2 2 2 1 5 4 1 2 2 2 2 3 2 3 2 5 3 2 2 3 0 0 3 3 1 5 4 1 5 4 1 5 4 1 5 4 5 3 5 3 5 3 3 2 1 5 4 1 5 4 1 5 4 1 7 5 3 5 3 3 4 2 6 5 1 1 6 5 0 6 5 6
0 30 0 7 2 0 3 3 3 7 3 7 2 2 2 3 7 7 7 7 2 2 2 2 2 2 2 0 3 6 5 6
0 30 2 0 0 3 6 5 1 6 5 1 6 5 6 5 7 1 6 5 1 7 5 3 5 3 6 5 6 5 0 6
0 13 0 7 2 2 3 1 5 1 5 4 5 3 5
0 67 3 3 6 5 6 5 1 1 5 3 5 3 0 7 0 7 0 0 0 0 3 3 4 2 5 3 1 7 1 5 4 1 4 1 5 4 1 2 3 2 2 2 3 2 1 7 1 5 4 1 4 1 5 4 1 5 3 3 2 6 5 1 6 5 6 5 6
0 73 2 2 2 2 2 2 2 2 2 2 2 2 2 2 2 2 3 7 2 2 2 2 3 7 3 7 7 7 7 2 2 2 2 2 2 2 2 2 2 7 7 7 7 2 2 7 3 7 3 7 2 2 2 7 7 7 3 7 3 7 2 0 3 5 3 1 5 4 1 7 1 7 5
0 73 3 3 2 1 3 1 7 1 5 4 1 5 1 5 5 3 5 3 0 7 0 7 0 3 0 3 2 3 0 1 5 4 1 5 4 5 3 1 3 2 2 1 5 4 1 4 1 5 5 3 1 3 3 3 1 5 4 1 5 5 3 0 7 0 7 3 0 0 3 7 3 3 5
0 30 2 2 2 2 3 2 5 3 1 2 2 3 2 2 3 2 7 0 0 1 3 2 5 3 1 5 4 1 4 6
0 37 0 7 0 7 2 2 2 2 0 3 6 5 7 6 5 1 1 5 4 1 4 1 7 1 5 4 5 3 1 5 4 1 7 1 5 4 5
0 23 2 2 2 2 3 2 5 3 1 2 2 3 2 2 3 2 7 0 0 1 3 2 5
0 89 0 7 0 7 0 7 0 3 3 5 3 1 7 1 5 4 1 5 4 1 5 3 6 5 5 3 1 5 4 1 5 4 1 5 4 5 3 1 7 1 5 4 1 5 4 6 5 7 3 6 5 6 5 1 6 5 5 3 1 2 2 2 2 2 3 3 2 2 2 2 2 2 1 5 4 1 5 4 1 5 4 1 5 4 0 7 0 0 6
0 96 3 3 2 1 3 1 7 1 5 4 1 5 1 5 5 3 5 3 0 7 0 7 0 3 0 3 2 3 0 1 5 4 1 5 4 5 3 1 3 2 2 1 5 4 1 4 1 5 5 3 1 3 3 3 1 5 4 1 5 5 3 0 7 0 7 3 0 0 3 7 3 3 5 3 1 7 1 5 1 4 3 6 5 7 0 1 7 1 7 1 7 5 3 3 1 6
0 89 0 7 2 0 3 3 3 7 3 7 2 2 2 3 7 7 7 7 2 2 2 2 2 2 2 0 3 6 5 6 5 5 3 5 3 5 3 1 2 1 7 1 5 4 1 5 4 0 7 1 1 6 5 6 5 1 6 5 6 5 3 5 3 1 5 1 4 1 5 4 1 5 4 5 3 5 3 6 5 6 5 6 5 0 3 6 5 0 4
0 22 2 2 2 2 2 0 7 6 5 6 5 0 1 6 5 1 6 5 7 6 5 6
0 36 2 2 2 2 0 7 0 3 4 2 6 5 6 5 1 4 1 5 4 1 5 4 1 5 5 3 1 5 4 1 5 1 4 1 4 5
0 49 2 3 0 6 5 3 1 7 0 0 5 3 5 3 0 7 3 0 3 2 1 5 1 7 1 5 5 3 0 7 0 7 3 5 3 1 5 4 1 4 1 5 4 1 5 4 1 7 4
0 61 0 7 0 7 0 7 3 3 0 3 1 5 4 1 4 1 5 1 7 5 3 6 5 6 5 1 0 6 5 1 6 5 0 1 3 2 3 2 2 3 2 3 2 2 2 2 2 2 1 5 4 1 2 2 2 2 3 2 3 2 5
0 20 0 7 0 0 7 2 2 2 2 2 3 3 3 2 6 5 7 6 5 6
0 41 2 2 2 2 0 7 2 2 2 2 6 5 1 6 5 6 5 4 2 4 2 1 5 4 1 4 1 5 1 5 4 1 5 1 4 1 5 1 4 1 6
0 35 0 7 2 2 2 2 0 0 0 4 2 7 6 5 4 2 1 4 3 4 2 5 3 1 5 4 1 5 4 1 5 4 1 7 5
0 25 0 7 3 7 3 7 2 2 3 7 7 7 7 7 2 2 2 2 0 7 3 0 6 5 6
0 133 2 0 7 0 7 6 5 1 6 5 1 4 2 1 6 5 7 7 0 7 3 0 6 5 6 5 6 5 0 1 6 5 1 2 2 3 3 2 3 2 3 2 3 3 2 2 1 1 5 4 1 5 4 5 3 3 2 1 6 5 1 1 4 1 5 4 1 5 4 1 5 1 7 4 2 6 5 7 6 5 5 3 5 3 5 3 6 5 0 0 4 2 1 7 1 7 1 7 1 4 5 3 0 7 2 2 2 2 2 2 0 7 3 3 4 2 6 5 1 0 6 5 1 5 4 6 5 0 0 6 5 1 6
0 20 2 2 2 0 7 3 7 2 2 2 2 2 2 2 2 3 0 0 3 5
0 3 6 5 6
0 29 0 7 2 2 2 0 0 4 2 3 5 3 6 5 7 6 5 0 5 3 5 3 5 3 5 3 3 3 5
0 41 0 7 0 7 2 3 7 3 7 7 2 2 2 2 2 2 2 2 7 7 7 3 7 3 7 3 7 2 2 3 0 3 2 1 5 1 5 4 5 3 5
0 23 4 2 5 3 1 4 3 7 6 5 6 5 6 5 0 6 5 1 6 5 6 5 6
0 18 2 2 2 2 2 2 2 2 2 0 7 0 3 0 0 1 1 6
0 55 0 7 0 7 0 7 0 3 3 5 3 1 7 1 5 4 1 5 4 1 5 3 6 5 5 3 1 5 4 1 5 4 1 5 4 5 3 1 7 1 5 4 1 5 4 6 5 7 3 6 5 6 5 1 6
0 27 4 2 5 3 1 4 3 7 6 5 6 5 6 5 0 6 5 1 6 5 6 5 6 5 6 5 6
0 43 2 2 2 2 0 7 2 2 2 2 6 5 1 6 5 6 5 4 2 4 2 1 5 4 1 4 1 5 1 5 4 1 5 1 4 1 5 1 4 1 6 5 6
0 11 0 7 3 0 3 6 5 1 4 2 5
0 5 0 0 6 5 6
0 64 0 7 0 7 0 3 0 0 2 2 2 2 2 2 2 2 3 7 3 7 3 7 7 7 7 7 7 7 7 7 7 7 7 3 7 2 3 7 3 7 3 7 7 2 2 0 7 0 0 0 1 3 1 5 1 5 4 1 5 4 1 5 4 5
0 15 0 0 7 2 2 2 0 3 0 0 5 3 5 3 5
0 19 7 2 2 2 0 7 2 2 2 2 2 2 0 3 6 5 1 7 6
0 16 3 0 0 0 4 2 1 7 1 4 1 4 1 5 4 5
0 157 2 2 2 2 3 7 2 2 3 7 3 7 7 7 3 7 2 7 7 7 7 2 0 7 3 6 5 1 3 1 2 1 2 2 2 2 3 2 3 3 2 2 2 2 1 4 1 7 5 3 3 6 5 1 6 5 3 1 5 4 1 5 4 1 5 4 1 2 2 2 3 2 3 2 3 2 5 3 1 3 2 2 2 2 2 2 5 3 1 5 1 5 4 1 4 1 5 4 1 5 4 1 2 2 3 2 2 6 5 6 5 1 1 3 4 2 5 3 5 3 5 3 0 7 2 2 2 2 7 7 7 7 2 2 3 7 7 7 7 2 2 0 7 2 2 2 2 2 3 3 0 0 3 6 5 3 6
0 49 2 2 2 2 3 7 2 2 3 7 3 7 7 7 3 7 2 7 7 7 7 2 0 7 3 6 5 1 3 1 2 1 2 2 2 2 3 2 3 3 2 2 2 2 1 4 1 7 5
0 41 0 7 2 2 2 0 0 4 2 3 5 3 6 5 7 6 5 0 5 3 5 3 5 3 5 3 3 3 5 3 0 7 2 0 7 3 1 1 6 5 6
0 17 2 2 2 2 2 2 2 2 2 2 2 2 3 0 3 3 4
0 89 7 2 2 2 0 7 2 2 2 2 2 2 0 3 6 5 1 7 6 5 3 4 2 4 2 1 5 1 7 1 4 1 5 4 5 3 6 5 6 5 3 5 3 3 2 3 3 5 3 5 3 3 2 2 2 0 7 2 2 2 2 0 7 3 6 5 6 5 7 3 3 3 1 5 4 1 5 4 3 2 3 1 7 1 1 4 2 3 6
0 64 2 2 2 2 2 2 2 2 2 2 2 2 2 2 2 2 3 7 2 2 2 2 3 7 3 7 7 7 7 2 2 2 2 2 2 2 2 2 2 7 7 7 7 2 2 7 3 7 3 7 2 2 2 7 7 7 3 7 3 7 2 0 3 5
0 61 0 7 3 0 3 6 5 1 4 2 5 3 1 5 4 1 5 4 7 6 5 6 5 6 5 3 4 2 5 3 5 3 1 5 4 1 5 4 1 5 5 3 6 5 0 6 5 6 5 5 3 5 3 0 1 7 7 0 6 5 4
0 31 0 7 2 2 2 2 0 3 0 3 3 2 3 1 5 4 1 5 4 1 7 1 5 1 7 1 5 4 2 3 5
0 87 2 2 2 0 7 3 7 2 2 2 2 2 2 2 2 3 0 0 3 5 3 1 2 1 5 4 1 5 4 5 3 3 5 3 1 7 1 7 1 0 6 5 3 1 6 5 6 5 3 1 7 1 5 4 1 4 1 5 4 1 5 4 1 5 1 2 3 2 2 2 2 1 5 4 1 5 4 1 5 4 5 3 2 2 2 3 6
0 103 0 7 2 2 2 0 7 0 7 3 6 5 3 3 1 2 3 2 3 3 2 2 2 2 3 2 1 4 1 5 4 1 5 1 5 4 3 3 2 1 6 5 4 2 1 2 2 3 2 2 1 7 5 3 0 7 2 2 2 2 0 0 6 5 6 5 7 1 6 5 1 3 1 5 1 5 4 1 5 1 5 4 1 4 1 5 4 1 5 4 1 5 7 3 2 0 1 1 6 5 6 5 6
0 54 2 2 0 7 0 7 7 7 7 7 3 7 7 7 7 7 7 2 2 2 2 3 7 3 7 2 2 7 7 7 7 2 2 0 3 3 3 2 3 2 1 5 4 1 5 4 1 5 1 5 4 5 3 6
0 14 2 2 2 2 0 7 0 3 3 5 3 3 0 6
0 78 0 7 2 0 3 3 3 7 3 7 2 2 2 3 7 7 7 7 2 2 2 2 2 2 2 0 3 6 5 6 5 5 3 5 3 5 3 1 2 1 7 1 5 4 1 5 4 0 7 1 1 6 5 6 5 1 6 5 6 5 3 5 3 1 5 1 4 1 5 4 1 5 4 5 3 5 3 6
0 130 0 7 2 3 3 3 3 2 5 3 1 7 1 4 1 5 4 1 5 4 1 5 4 1 5 1 2 2 3 2 2 2 2 2 3 2 5 3 3 2 3 2 4 2 3 1 5 4 1 2 3 3 2 3 3 2 3 2 1 5 1 3 3 2 2 3 2 2 2 3 2 2 2 3 3 3 2 3 3 1 5 4 1 5 4 1 4 1 5 4 1 4 0 0 0 0 6 5 1 6 5 1 3 2 3 2 3 2 5 3 1 5 4 1 1 5 4 1 5 4 1 5 4 1 1 5 3 5 3 5
0 84 0 7 0 7 0 7 3 3 0 3 1 5 4 1 4 1 5 1 7 5 3 6 5 6 5 1 0 6 5 1 6 5 0 1 3 2 3 2 2 3 2 3 2 2 2 2 2 2 1 5 4 1 2 2 2 2 3 2 3 2 5 3 2 2 3 0 0 3 3 1 5 4 1 5 4 1 5 4 1 5 4 5 3 5
0 17 2 0 0 3 6 5 1 6 5 1 6 5 6 5 7 1 6
0 7 2 2 2 2 3 2 5
0 15 3 3 2 1 3 1 7 1 5 4 1 5 1 5 5
0 16 3 3 0 0 6 5 1 4 2 6 5 6 5 6 5 6
0 40 0 7 3 7 3 7 2 2 3 7 7 7 7 7 2 2 2 2 0 7 3 0 6 5 6 5 3 2 4 2 6 5 5 3 3 2 7 6 5 6
0 101 0 7 0 7 0 7 3 3 0 3 1 5 4 1 4 1 5 1 7 5 3 6 5 6 5 1 0 6 5 1 6 5 0 1 3 2 3 2 2 3 2 3 2 2 2 2 2 2 1 5 4 1 2 2 2 2 3 2 3 2 5 3 2 2 3 0 0 3 3 1 5 4 1 5 4 1 5 4 1 5 4 5 3 5 3 5 3 3 2 1 5 4 1 5 4 1 5 4 1 7 5
0 14 0 7 0 7 2 2 2 2 0 3 6 5 7 6
0 10 0 7 0 7 3 3 3 6 5 6
0 119 2 2 2 2 3 7 2 2 3 7 3 7 7 7 3 7 2 7 7 7 7 2 0 7 3 6 5 1 3 1 2 1 2 2 2 2 3 2 3 3 2 2 2 2 1 4 1 7 5 3 3 6 5 1 6 5 3 1 5 4 1 5 4 1 5 4 1 2 2 2 3 2 3 2 3 2 5 3 1 3 2 2 2 2 2 2 5 3 1 5 1 5 4 1 4 1 5 4 1 5 4 1 2 2 3 2 2 6 5 6 5 1 1 3 4 2 5 3 5
0 55 2 2 3 7 7 7 7 7 7 2 2 0 7 2 2 2 7 7 7 7 3 7 2 2 2 2 2 2 2 0 7 2 0 0 1 3 3 3 2 2 3 2 3 2 2 3 2 3 2 3 3 2 6 5 6
0 27 2 2 2 3 2 2 2 2 0 7 0 7 0 7 3 3 7 6 5 6 5 0 6 5 6 5 5
0 38 0 3 3 0 3 2 3 2 3 2 1 5 4 1 4 1 5 4 1 5 4 6 5 6 5 0 6 5 0 3 1 0 5 3 5 3 3 6
0 37 0 7 2 3 3 3 3 2 5 3 1 7 1 4 1 5 4 1 5 4 1 5 4 1 5 1 2 2 3 2 2 2 2 2 3 2 5
0 38 2 3 6 5 6 5 1 6 5 1 6 5 6 5 1 1 2 2 2 2 2 1 4 1 5 6 5 1 6 5 6 5 6 5 7 3 2 5
0 20 0 7 1 7 6 5 3 2 3 1 5 1 5 4 1 4 1 5 4 5
0 34 0 7 0 7 7 7 3 7 2 2 2 0 7 2 2 2 2 2 3 3 4 2 4 2 3 2 3 2 1 6 5 7 7 4
0 59 2 2 0 7 0 7 7 7 7 7 3 7 7 7 7 7 7 2 2 2 2 3 7 3 7 2 2 7 7 7 7 2 2 0 3 3 3 2 3 2 1 5 4 1 5 4 1 5 1 5 4 5 3 6 5 6 5 1 6
0 45 0 7 0 7 2 2 2 2 7 7 7 7 3 7 2 2 0 7 2 2 2 2 2 2 2 0 7 2 0 7 0 7 0 7 0 7 0 3 7 1 6 5 7 3 6
0 21 2 2 2 2 2 2 2 2 2 2 2 2 3 0 3 1 4 2 5 3 6
0 128 0 7 2 3 3 3 3 2 5 3 1 7 1 4 1 5 4 1 5 4 1 5 4 1 5 1 2 2 3 2 2 2 2 2 3 2 5 3 3 2 3 2 4 2 3 1 5 4 1 2 3 3 2 3 3 2 3 2 1 5 1 3 3 2 2 3 2 2 2 3 2 2 2 3 3 3 2 3 3 1 5 4 1 5 4 1 4 1 5 4 1 4 0 0 0 0 6 5 1 6 5 1 3 2 3 2 3 2 5 3 1 5 4 1 1 5 4 1 5 4 1 5 4 1 1 5 3 5
0 17 2 2 2 2 2 2 3 0 7 2 2 2 0 3 3 1 6
0 27 0 7 0 7 3 0 0 1 5 4 1 7 1 5 1 5 4 1 5 4 1 5 4 3 2 3 4
0 43 0 7 2 2 2 2 0 3 1 5 4 1 5 4 5 3 2 2 2 2 2 2 2 3 7 7 3 7 3 7 0 3 2 6 5 6 5 1 6 5 3 2 5
0 13 4 2 5 3 1 4 3 7 6 5 6 5 6
0 99 0 7 2 2 2 0 7 0 7 3 6 5 3 3 1 2 3 2 3 3 2 2 2 2 3 2 1 4 1 5 4 1 5 1 5 4 3 3 2 1 6 5 4 2 1 2 2 3 2 2 1 7 5 3 0 7 2 2 2 2 0 0 6 5 6 5 7 1 6 5 1 3 1 5 1 5 4 1 5 1 5 4 1 4 1 5 4 1 5 4 1 5 7 3 2 0 1 1 6
0 72 3 3 6 5 6 5 1 1 5 3 5 3 0 7 0 7 0 0 0 0 3 3 4 2 5 3 1 7 1 5 4 1 4 1 5 4 1 2 3 2 2 2 3 2 1 7 1 5 4 1 4 1 5 4 1 5 3 3 2 6 5 1 6 5 6 5 6 5 6 5 3 5
0 22 0 7 0 7 3 0 3 0 0 7 0 7 2 2 2 0 7 6 5 6 5 4
0 121 0 7 0 7 0 7 0 3 3 5 3 1 7 1 5 4 1 5 4 1 5 3 6 5 5 3 1 5 4 1 5 4 1 5 4 5 3 1 7 1 5 4 1 5 4 6 5 7 3 6 5 6 5 1 6 5 5 3 1 2 2 2 2 2 3 3 2 2 2 2 2 2 1 5 4 1 5 4 1 5 4 1 5 4 0 7 0 0 6 5 6 5 0 7 4 2 1 7 1 3 2 3 2 2 1 7 1 7 1 4 1 5 1 5 4 1 5 3 5 3 4
0 27 2 0 7 0 7 6 5 1 6 5 1 4 2 1 6 5 7 7 0 7 3 0 6 5 6 5 6
0 33 0 7 2 2 2 2 0 3 0 3 3 2 3 1 5 4 1 5 4 1 7 1 5 1 7 1 5 4 2 3 5 3 5
0 43 0 3 3 0 3 2 3 2 3 2 1 5 4 1 4 1 5 4 1 5 4 6 5 6 5 0 6 5 0 3 1 0 5 3 5 3 3 6 5 0 3 2 4
0 16 0 7 3 3 3 5 3 1 5 4 1 5 4 5 3 5
0 54 0 3 3 0 3 2 3 2 3 2 1 5 4 1 4 1 5 4 1 5 4 6 5 6 5 0 6 5 0 3 1 0 5 3 5 3 3 6 5 0 3 2 4 2 1 5 4 1 5 4 1 5 4 5
0 8 0 7 3 3 1 6 5 6
0 96 0 7 3 3 3 5 3 1 5 4 1 5 4 5 3 5 3 1 6 5 6 5 6 5 1 5 4 5 3 5 3 1 5 4 1 5 4 1 7 1 4 1 5 0 7 0 7 0 7 2 2 2 3 7 3 7 3 7 2 2 2 7 7 2 2 3 7 3 7 0 0 3 5 3 1 7 1 5 4 1 5 4 1 7 1 4 1 4 1 7 3 2 3 5 3 4
0 73 0 7 3 3 3 5 3 1 5 4 1 5 4 5 3 5 3 1 6 5 6 5 6 5 1 5 4 5 3 5 3 1 5 4 1 5 4 1 7 1 4 1 5 0 7 0 7 0 7 2 2 2 3 7 3 7 3 7 2 2 2 7 7 2 2 3 7 3 7 0 0 3 5
0 48 7 2 2 2 0 7 2 2 2 2 2 2 0 3 6 5 1 7 6 5 3 4 2 4 2 1 5 1 7 1 4 1 5 4 5 3 6 5 6 5 3 5 3 3 2 3 3 5
0 20 2 2 2 0 0 3 3 0 7 2 2 0 7 5 3 5 3 5 3 5
0 108 3 3 6 5 6 5 1 1 5 3 5 3 0 7 0 7 0 0 0 0 3 3 4 2 5 3 1 7 1 5 4 1 4 1 5 4 1 2 3 2 2 2 3 2 1 7 1 5 4 1 4 1 5 4 1 5 3 3 2 6 5 1 6 5 6 5 6 5 6 5 3 5 3 1 5 1 5 4 1 2 3 3 2 2 2 3 2 3 2 2 3 3 2 3 2 5 3 0 0 0 3 6 5 6 5 4 2 5
0 52 2 2 0 7 0 7 7 7 7 7 3 7 7 7 7 7 7 2 2 2 2 3 7 3 7 2 2 7 7 7 7 2 2 0 3 3 3 2 3 2 1 5 4 1 5 4 1 5 1 5 4 5
0 55 0 7 2 2 2 0 7 2 2 2 3 7 3 7 7 7 7 3 7 2 2 2 2 2 2 2 0 7 0 0 1 3 2 7 6 5 1 5 4 1 5 4 1 2 2 2 0 7 2 2 0 0 4 2 6
0 69 3 3 6 5 6 5 1 1 5 3 5 3 0 7 0 7 0 0 0 0 3 3 4 2 5 3 1 7 1 5 4 1 4 1 5 4 1 2 3 2 2 2 3 2 1 7 1 5 4 1 4 1 5 4 1 5 3 3 2 6 5 1 6 5 6 5 6 5 6
0 16 4 2 5 3 1 4 3 7 6 5 6 5 6 5 0 6
0 16 2 2 2 2 0 7 2 2 2 2 6 5 1 6 5 6
0 159 2 0 7 0 7 6 5 1 6 5 1 4 2 1 6 5 7 7 0 7 3 0 6 5 6 5 6 5 0 1 6 5 1 2 2 3 3 2 3 2 3 2 3 3 2 2 1 1 5 4 1 5 4 5 3 3 2 1 6 5 1 1 4 1 5 4 1 5 4 1 5 1 7 4 2 6 5 7 6 5 5 3 5 3 5 3 6 5 0 0 4 2 1 7 1 7 1 7 1 4 5 3 0 7 2 2 2 2 2 2 0 7 3 3 4 2 6 5 1 0 6 5 1 5 4 6 5 0 0 6 5 1 6 5 3 1 2 3 2 3 3 3 6 5 6 5 1 4 1 5 3 5 3 4 2 3 4 2 5
0 16 2 2 3 0 0 0 6 5 6 5 0 5 3 5 3 5
0 14 2 2 2 2 2 2 2 2 2 0 7 3 0 4
0 50 3 2 2 2 2 2 2 2 0 7 3 3 0 3 1 5 4 5 3 3 2 5 3 1 5 4 1 5 5 3 1 1 5 4 1 5 4 6 5 6 5 1 6 5 4 2 4 2 7 6
0 77 2 2 2 2 3 7 2 2 3 7 3 7 7 7 3 7 2 7 7 7 7 2 0 7 3 6 5 1 3 1 2 1 2 2 2 2 3 2 3 3 2 2 2 2 1 4 1 7 5 3 3 6 5 1 6 5 3 1 5 4 1 5 4 1 5 4 1 2 2 2 3 2 3 2 3 2 5
0 11 2 2 2 2 0 7 0 3 4 2 6
0 10 0 7 0 7 0 7 0 3 3 5
0 121 0 7 0 7 0 7 3 3 0 3 1 5 4 1 4 1 5 1 7 5 3 6 5 6 5 1 0 6 5 1 6 5 0 1 3 2 3 2 2 3 2 3 2 2 2 2 2 2 1 5 4 1 2 2 2 2 3 2 3 2 5 3 2 2 3 0 0 3 3 1 5 4 1 5 4 1 5 4 1 5 4 5 3 5 3 5 3 3 2 1 5 4 1 5 4 1 5 4 1 7 5 3 5 3 3 4 2 6 5 1 1 6 5 0 6 5 6 5 5 3 5
0 5 2 0 0 3 6
0 116 3 3 6 5 6 5 1 1 5 3 5 3 0 7 0 7 0 0 0 0 3 3 4 2 5 3 1 7 1 5 4 1 4 1 5 4 1 2 3 2 2 2 3 2 1 7 1 5 4 1 4 1 5 4 1 5 3 3 2 6 5 1 6 5 6 5 6 5 6 5 3 5 3 1 5 1 5 4 1 2 3 3 2 2 2 3 2 3 2 2 3 3 2 3 2 5 3 0 0 0 3 6 5 6 5 4 2 5 3 5 3 3 1 7 0 4
0 87 2 0 7 0 7 6 5 1 6 5 1 4 2 1 6 5 7 7 0 7 3 0 6 5 6 5 6 5 0 1 6 5 1 2 2 3 3 2 3 2 3 2 3 3 2 2 1 1 5 4 1 5 4 5 3 3 2 1 6 5 1 1 4 1 5 4 1 5 4 1 5 1 7 4 2 6 5 7 6 5 5 3 5 3 5 3 6
0 23 0 7 0 7 7 7 3 7 2 2 2 0 7 2 2 2 2 2 3 3 4 2 4
0 40 4 2 1 7 1 2 3 3 2 2 2 2 5 3 1 5 4 3 2 6 5 7 6 5 1 2 3 2 3 2 2 2 2 3 2 2 2 1 5 5
0 28 0 7 2 0 3 3 3 7 3 7 2 2 2 3 7 7 7 7 2 2 2 2 2 2 2 0 3 6
0 59 0 7 2 2 2 2 0 3 0 3 3 2 3 1 5 4 1 5 4 1 7 1 5 1 7 1 5 4 2 3 5 3 5 3 5 3 1 6 5 6 5 6 5 1 3 2 1 7 1 4 1 5 4 1 7 1 5 4 5
0 67 3 7 7 7 7 7 3 7 2 2 2 2 2 2 3 7 3 7 2 0 7 0 7 2 2 2 2 3 7 2 2 2 2 7 3 7 7 7 2 2 2 2 0 7 0 7 2 2 2 0 7 3 7 7 7 2 2 2 2 2 2 7 7 7 7 7 4
0 57 2 2 2 3 2 2 2 2 0 7 0 7 0 7 3 3 7 6 5 6 5 0 6 5 6 5 5 3 5 3 4 2 1 4 1 4 1 5 4 1 5 4 1 7 1 5 4 1 5 4 1 7 0 7 6 5 6
0 58 2 2 3 7 7 7 7 7 7 2 2 0 7 2 2 2 7 7 7 7 3 7 2 2 2 2 2 2 2 0 7 2 0 0 1 3 3 3 2 2 3 2 3 2 2 3 2 3 2 3 3 2 6 5 6 5 7 6
0 73 2 2 2 2 2 2 2 2 2 0 7 0 3 0 0 1 1 6 5 5 3 1 2 2 2 3 3 3 3 2 3 3 2 2 3 2 3 2 1 5 4 1 5 4 1 5 4 1 2 3 3 2 2 2 1 4 1 5 4 3 2 1 5 3 1 5 4 1 5 4 5 3 5
0 104 3 3 6 5 6 5 1 1 5 3 5 3 0 7 0 7 0 0 0 0 3 3 4 2 5 3 1 7 1 5 4 1 4 1 5 4 1 2 3 2 2 2 3 2 1 7 1 5 4 1 4 1 5 4 1 5 3 3 2 6 5 1 6 5 6 5 6 5 6 5 3 5 3 1 5 1 5 4 1 2 3 3 2 2 2 3 2 3 2 2 3 3 2 3 2 5 3 0 0 0 3 6 5 6
0 30 2 2 2 2 2 2 3 0 7 2 2 2 0 3 3 1 6 5 4 2 3 2 1 5 4 1 5 1 4 5
0 22 0 7 0 0 7 2 2 2 2 2 3 3 3 2 6 5 7 6 5 6 5 4
0 64 0 7 0 7 2 0 7 0 3 3 2 4 2 7 3 7 3 7 2 2 2 2 2 2 3 7 3 7 7 3 7 2 2 0 7 0 7 3 3 3 3 7 5 3 5 3 7 3 2 3 3 5 3 5 3 1 5 4 1 7 3 2 3 4
0 49 3 3 2 1 3 1 7 1 5 4 1 5 1 5 5 3 5 3 0 7 0 7 0 3 0 3 2 3 0 1 5 4 1 5 4 5 3 1 3 2 2 1 5 4 1 4 1 5 5
0 42 0 7 0 7 3 0 0 1 5 4 1 7 1 5 1 5 4 1 5 4 1 5 4 3 2 3 4 2 5 3 1 4 1 5 4 5 3 4 2 3 2 6
0 14 0 7 0 7 0 7 0 7 0 3 2 2 1 6
0 14 2 2 2 2 2 0 7 6 5 6 5 0 1 6
0 27 2 3 0 6 5 3 1 7 0 0 5 3 5 3 0 7 3 0 3 2 1 5 1 7 1 5 5
0 17 3 3 2 1 3 1 7 1 5 4 1 5 1 5 5 3 5
0 67 2 3 0 6 5 3 1 7 0 0 5 3 5 3 0 7 3 0 3 2 1 5 1 7 1 5 5 3 0 7 0 7 3 5 3 1 5 4 1 4 1 5 4 1 5 4 1 7 4 2 4 2 4 2 0 7 0 7 2 2 0 0 6 5 6 5 6
0 65 7 2 2 2 0 7 2 2 2 2 2 2 0 3 6 5 1 7 6 5 3 4 2 4 2 1 5 1 7 1 4 1 5 4 5 3 6 5 6 5 3 5 3 3 2 3 3 5 3 5 3 3 2 2 2 0 7 2 2 2 2 0 7 3 6
0 32 2 3 7 2 2 2 2 2 3 7 3 7 3 7 2 2 2 2 2 2 0 7 3 0 3 3 3 2 7 7 1 6
0 27 0 7 0 7 2 2 2 2 0 3 6 5 7 6 5 1 1 5 4 1 4 1 7 1 5 4 5
0 72 0 7 2 2 2 2 0 0 0 4 2 7 6 5 4 2 1 4 3 4 2 5 3 1 5 4 1 5 4 1 5 4 1 7 5 3 1 5 4 1 5 4 1 4 1 5 0 7 2 2 2 2 2 3 0 3 0 7 0 7 4 2 4 2 7 1 3 4 2 5 3 5
0 29 3 2 2 2 2 2 2 2 0 7 3 3 0 3 1 5 4 5 3 3 2 5 3 1 5 4 1 5 5
0 23 4 2 1 7 1 2 3 3 2 2 2 2 5 3 1 5 4 3 2 6 5 7 6
0 74 2 2 2 2 2 0 7 6 5 6 5 0 1 6 5 1 6 5 7 6 5 6 5 1 2 2 2 2 3 0 3 0 7 7 7 7 7 7 7 7 7 7 2 2 2 7 7 7 7 7 7 2 0 7 0 7 0 7 3 3 3 3 3 6 5 7 7 6 5 6 5 7 7 6
0 53 2 2 2 2 2 2 2 2 2 0 7 3 0 4 2 3 2 1 7 1 5 1 5 4 1 5 4 1 4 1 7 1 4 1 5 1 7 1 5 4 1 4 1 5 4 3 2 1 5 4 1 5 5
0 32 0 7 1 1 3 1 4 1 5 1 2 5 3 1 6 5 6 5 3 2 6 5 1 1 7 1 7 1 5 3 3 6
0 15 0 7 0 7 0 7 0 7 2 3 0 6 5 7 6
0 76 0 7 1 1 3 1 4 1 5 1 2 5 3 1 6 5 6 5 3 2 6 5 1 1 7 1 7 1 5 3 3 6 5 3 3 3 0 4 2 1 5 4 1 5 4 5 3 1 5 1 7 1 5 1 5 1 5 1 5 4 3 3 2 1 1 5 4 1 7 1 5 4 3 2 3 6
0 31 2 2 2 3 2 2 2 2 0 7 0 7 0 7 3 3 7 6 5 6 5 0 6 5 6 5 5 3 5 3 4
0 57 0 7 0 7 0 7 0 3 3 5 3 1 7 1 5 4 1 5 4 1 5 3 6 5 5 3 1 5 4 1 5 4 1 5 4 5 3 1 7 1 5 4 1 5 4 6 5 7 3 6 5 6 5 1 6 5 5
0 75 2 2 2 3 2 2 2 2 0 7 0 7 0 7 3 3 7 6 5 6 5 0 6 5 6 5 5 3 5 3 4 2 1 4 1 4 1 5 4 1 5 4 1 7 1 5 4 1 5 4 1 7 0 7 6 5 6 5 6 5 7 0 1 6 5 6 5 1 7 1 5 4 1 5 5
0 8 0 0 0 3 3 3 1 6
0 11 3 3 6 5 6 5 1 1 5 3 5
0 23 2 0 7 2 0 7 7 3 7 3 7 0 3 2 2 2 2 0 5 3 5 3 5
0 42 2 3 6 5 6 5 1 6 5 1 6 5 6 5 1 1 2 2 2 2 2 1 4 1 5 6 5 1 6 5 6 5 6 5 7 3 2 5 3 5 3 5
0 67 0 7 2 2 2 2 2 2 0 7 3 0 3 3 5 3 5 3 5 3 6 5 6 5 1 7 6 5 1 5 4 1 1 4 4 2 1 1 1 5 3 5 3 3 3 3 1 6 5 1 7 3 2 0 6 5 0 2 2 0 7 0 0 0 6 5 4
0 161 2 2 2 2 3 7 2 2 3 7 3 7 7 7 3 7 2 7 7 7 7 2 0 7 3 6 5 1 3 1 2 1 2 2 2 2 3 2 3 3 2 2 2 2 1 4 1 7 5 3 3 6 5 1 6 5 3 1 5 4 1 5 4 1 5 4 1 2 2 2 3 2 3 2 3 2 5 3 1 3 2 2 2 2 2 2 5 3 1 5 1 5 4 1 4 1 5 4 1 5 4 1 2 2 3 2 2 6 5 6 5 1 1 3 4 2 5 3 5 3 5 3 0 7 2 2 2 2 7 7 7 7 2 2 3 7 7 7 7 2 2 0 7 2 2 2 2 2 3 3 0 0 3 6 5 3 6 5 0 1 6
0 59 0 0 6 5 6 5 6 5 1 1 6 5 1 5 4 1 5 1 5 1 5 4 1 5 4 1 5 4 1 5 4 1 5 4 1 5 4 1 4 1 5 4 1 5 4 1 4 6 5 7 6 5 1 3 3 2 6 5 6
0 64 0 7 0 7 1 5 5 3 5 3 3 2 6 5 1 3 2 5 3 1 5 4 1 6 5 7 1 7 7 3 2 5 3 5 3 2 2 2 2 2 3 7 2 2 2 2 3 7 0 7 2 2 2 0 7 0 7 0 0 3 2 6 5 6
0 24 2 2 2 2 2 2 2 2 3 3 0 6 5 6 5 6 5 6 5 1 6 5 0 6
0 69 0 7 2 2 2 0 0 4 2 3 5 3 6 5 7 6 5 0 5 3 5 3 5 3 5 3 3 3 5 3 0 7 2 0 7 3 1 1 6 5 6 5 7 6 5 4 2 3 2 5 3 3 4 2 1 6 5 3 1 1 7 1 5 4 6 5 6 5 6
0 31 2 2 2 2 2 2 2 2 3 3 0 6 5 6 5 6 5 6 5 1 6 5 0 6 5 6 5 1 0 3 5
0 123 2 2 2 0 7 3 7 2 2 2 2 2 2 2 2 3 0 0 3 5 3 1 2 1 5 4 1 5 4 5 3 3 5 3 1 7 1 7 1 0 6 5 3 1 6 5 6 5 3 1 7 1 5 4 1 4 1 5 4 1 5 4 1 5 1 2 3 2 2 2 2 1 5 4 1 5 4 1 5 4 5 3 2 2 2 3 6 5 6 5 3 3 5 3 1 5 1 5 4 5 3 1 5 4 1 5 4 1 5 4 4 2 3 1 5 4 1 5 4 1 5 4 5
0 94 7 2 2 2 0 7 2 2 2 2 2 2 0 3 6 5 1 7 6 5 3 4 2 4 2 1 5 1 7 1 4 1 5 4 5 3 6 5 6 5 3 5 3 3 2 3 3 5 3 5 3 3 2 2 2 0 7 2 2 2 2 0 7 3 6 5 6 5 7 3 3 3 1 5 4 1 5 4 3 2 3 1 7 1 1 4 2 3 6 5 6 5 1 6
0 10 3 3 0 0 6 5 1 4 2 6
0 79 0 7 0 7 0 3 0 0 2 2 2 2 2 2 2 2 3 7 3 7 3 7 7 7 7 7 7 7 7 7 7 7 7 3 7 2 3 7 3 7 3 7 7 2 2 0 7 0 0 0 1 3 1 5 1 5 4 1 5 4 1 5 4 5 3 5 3 3 2 1 5 1 5 4 5 3 5 3 4
0 46 0 7 3 0 3 6 5 1 4 2 5 3 1 5 4 1 5 4 7 6 5 6 5 6 5 3 4 2 5 3 5 3 1 5 4 1 5 4 1 5 5 3 6 5 0 6
0 88 0 7 2 2 2 0 7 2 2 2 3 7 3 7 7 7 7 3 7 2 2 2 2 2 2 2 0 7 0 0 1 3 2 7 6 5 1 5 4 1 5 4 1 2 2 2 0 7 2 2 0 0 4 2 6 5 7 6 5 1 1 5 4 1 4 1 2 2 2 2 2 2 3 3 2 2 2 2 2 2 2 2 1 5 4 1 7 5
0 10 0 0 0 3 3 3 1 6 5 6
0 45 2 2 2 0 7 3 7 2 2 2 2 2 2 2 2 3 0 0 3 5 3 1 2 1 5 4 1 5 4 5 3 3 5 3 1 7 1 7 1 0 6 5 3 1 6
0 14 0 7 3 3 3 5 3 1 5 4 1 5 4 5
0 43 2 2 2 0 0 3 3 0 7 2 2 0 7 5 3 5 3 5 3 5 3 6 5 0 1 0 3 6 5 1 7 3 1 5 1 5 1 5 4 1 5 4 5
0 57 0 7 2 0 3 3 3 7 3 7 2 2 2 3 7 7 7 7 2 2 2 2 2 2 2 0 3 6 5 6 5 5 3 5 3 5 3 1 2 1 7 1 5 4 1 5 4 0 7 1 1 6 5 6 5 1 6
0 4 0 0 0 4
0 73 0 7 0 7 3 0 0 1 5 4 1 7 1 5 1 5 4 1 5 4 1 5 4 3 2 3 4 2 5 3 1 4 1 5 4 5 3 4 2 3 2 6 5 0 6 5 1 3 1 0 0 1 7 1 5 4 1 5 1 5 1 5 4 1 5 4 2 2 2 2 3 0 5
0 29 2 2 2 3 2 2 2 2 0 7 0 7 0 7 3 3 7 6 5 6 5 0 6 5 6 5 5 3 5
0 30 0 7 0 0 7 2 2 2 2 2 3 3 3 2 6 5 7 6 5 6 5 4 2 5 3 1 4 5 3 5
0 81 2 2 2 0 7 3 7 2 2 2 2 2 2 2 2 3 0 0 3 5 3 1 2 1 5 4 1 5 4 5 3 3 5 3 1 7 1 7 1 0 6 5 3 1 6 5 6 5 3 1 7 1 5 4 1 4 1 5 4 1 5 4 1 5 1 2 3 2 2 2 2 1 5 4 1 5 4 1 5 4 5
0 66 0 7 0 7 0 3 0 0 2 2 2 2 2 2 2 2 3 7 3 7 3 7 7 7 7 7 7 7 7 7 7 7 7 3 7 2 3 7 3 7 3 7 7 2 2 0 7 0 0 0 1 3 1 5 1 5 4 1 5 4 1 5 4 5 3 5
0 55 2 2 2 2 0 7 0 7 0 1 7 1 5 4 1 5 4 1 4 3 2 1 5 4 1 5 4 1 4 1 5 4 1 5 4 1 7 1 4 5 3 3 2 5 3 0 3 0 0 6 5 6 5 7 6
0 140 0 7 0 7 0 7 3 3 0 3 1 5 4 1 4 1 5 1 7 5 3 6 5 6 5 1 0 6 5 1 6 5 0 1 3 2 3 2 2 3 2 3 2 2 2 2 2 2 1 5 4 1 2 2 2 2 3 2 3 2 5 3 2 2 3 0 0 3 3 1 5 4 1 5 4 1 5 4 1 5 4 5 3 5 3 5 3 3 2 1 5 4 1 5 4 1 5 4 1 7 5 3 5 3 3 4 2 6 5 1 1 6 5 0 6 5 6 5 5 3 5 3 1 7 0 4 2 3 5 3 5 3 3 3 3 3 1 5 4 5
0 40 2 2 0 7 7 7 2 2 2 2 2 2 2 2 2 2 0 7 2 3 3 3 3 1 7 1 5 3 5 3 5 3 4 2 7 3 3 5 3 5
0 14 0 7 3 3 1 6 5 6 5 6 5 7 1 6
0 33 2 2 2 2 0 7 0 3 3 5 3 3 0 6 5 6 5 1 0 0 0 6 5 5 3 7 1 4 1 5 4 3 5
0 71 0 0 0 4 2 4 2 6 5 6 5 0 6 5 3 1 5 4 1 7 1 5 4 5 3 1 5 4 1 5 4 1 5 4 1 5 4 3 6 5 5 3 5 3 1 5 1 3 2 3 2 2 2 3 3 2 3 3 3 2 2 1 2 3 2 6 5 6 5 3 5
0 23 0 7 3 3 3 5 3 1 5 4 1 5 4 5 3 5 3 1 6 5 6 5 6
0 50 0 7 3 0 3 6 5 1 4 2 5 3 1 5 4 1 5 4 7 6 5 6 5 6 5 3 4 2 5 3 5 3 1 5 4 1 5 4 1 5 5 3 6 5 0 6 5 6 5 5
0 65 2 2 2 2 0 7 0 7 7 2 2 2 2 7 7 7 3 7 3 7 7 7 7 2 0 7 2 2 2 0 7 0 7 3 7 3 7 7 7 7 7 2 2 2 2 0 7 1 5 4 3 2 3 5 3 1 5 5 3 3 2 6 5 7 6
0 68 0 7 0 7 1 5 5 3 5 3 3 2 6 5 1 3 2 5 3 1 5 4 1 6 5 7 1 7 7 3 2 5 3 5 3 2 2 2 2 2 3 7 2 2 2 2 3 7 0 7 2 2 2 0 7 0 7 0 0 3 2 6 5 6 5 6 5 6
0 54 2 0 7 0 7 6 5 1 6 5 1 4 2 1 6 5 7 7 0 7 3 0 6 5 6 5 6 5 0 1 6 5 1 2 2 3 3 2 3 2 3 2 3 3 2 2 1 1 5 4 1 5 4 5
0 64 2 2 2 2 2 2 0 7 3 0 7 2 2 2 2 2 2 0 7 2 2 3 7 2 2 2 7 7 7 7 7 7 3 7 2 2 2 2 0 7 2 0 3 3 1 2 2 3 2 3 2 3 3 3 2 2 3 2 1 5 4 1 4 5
0 51 2 3 0 6 5 3 1 7 0 0 5 3 5 3 0 7 3 0 3 2 1 5 1 7 1 5 5 3 0 7 0 7 3 5 3 1 5 4 1 4 1 5 4 1 5 4 1 7 4 2 4
0 48 0 7 0 7 2 2 2 0 7 0 7 0 7 0 7 3 3 3 0 4 2 1 5 4 1 2 2 3 2 3 3 3 3 2 2 1 5 4 3 3 2 1 4 3 2 6 5 6
0 58 2 2 2 2 0 7 0 7 7 2 2 2 2 7 7 7 3 7 3 7 7 7 7 2 0 7 2 2 2 0 7 0 7 3 7 3 7 7 7 7 7 2 2 2 2 0 7 1 5 4 3 2 3 5 3 1 5 5
0 15 0 7 2 2 2 2 0 3 1 5 4 1 5 4 5
0 22 2 2 2 0 0 3 3 0 7 2 2 0 7 5 3 5 3 5 3 5 3 6
0 40 3 2 2 2 2 2 2 2 0 7 3 3 0 3 1 5 4 5 3 3 2 5 3 1 5 4 1 5 5 3 1 1 5 4 1 5 4 6 5 6
0 43 3 2 2 2 2 2 2 2 0 7 3 3 0 3 1 5 4 5 3 3 2 5 3 1 5 4 1 5 5 3 1 1 5 4 1 5 4 6 5 6 5 1 6
0 22 0 7 2 2 2 2 0 0 0 4 2 7 6 5 4 2 1 4 3 4 2 5
0 38 0 7 1 1 3 1 4 1 5 1 2 5 3 1 6 5 6 5 3 2 6 5 1 1 7 1 7 1 5 3 3 6 5 3 3 3 0 4
0 61 2 2 0 7 0 7 7 7 7 7 3 7 7 7 7 7 7 2 2 2 2 3 7 3 7 2 2 7 7 7 7 2 2 0 3 3 3 2 3 2 1 5 4 1 5 4 1 5 1 5 4 5 3 6 5 6 5 1 6 5 4
0 71 0 7 2 2 2 0 0 4 2 3 5 3 6 5 7 6 5 0 5 3 5 3 5 3 5 3 3 3 5 3 0 7 2 0 7 3 1 1 6 5 6 5 7 6 5 4 2 3 2 5 3 3 4 2 1 6 5 3 1 1 7 1 5 4 6 5 6 5 6 5 6
0 137 3 3 6 5 6 5 1 1 5 3 5 3 0 7 0 7 0 0 0 0 3 3 4 2 5 3 1 7 1 5 4 1 4 1 5 4 1 2 3 2 2 2 3 2 1 7 1 5 4 1 4 1 5 4 1 5 3 3 2 6 5 1 6 5 6 5 6 5 6 5 3 5 3 1 5 1 5 4 1 2 3 3 2 2 2 3 2 3 2 2 3 3 2 3 2 5 3 0 0 0 3 6 5 6 5 4 2 5 3 5 3 3 1 7 0 4 2 1 3 2 3 2 3 2 2 3 2 2 1 5 4 1 5 4 1 5 5
0 8 0 7 6 5 1 7 7 6
0 10 0 7 6 5 1 7 7 6 5 6
0 11 0 7 2 0 7 0 0 3 3 3 5
0 1 4
0 26 2 2 2 2 2 2 2 2 0 7 3 3 7 5 3 1 5 1 4 1 5 4 1 5 4 5
0 43 0 7 3 0 3 6 5 1 4 2 5 3 1 5 4 1 5 4 7 6 5 6 5 6 5 3 4 2 5 3 5 3 1 5 4 1 5 4 1 5 5 3 6
0 61 2 2 2 2 3 2 5 3 1 2 2 3 2 2 3 2 7 0 0 1 3 2 5 3 1 5 4 1 4 6 5 7 1 3 3 3 2 2 3 2 3 2 3 2 1 4 1 5 4 5 3 4 2 6 5 7 6 5 6 5 6
0 15 0 7 0 7 2 2 6 5 1 3 2 6 5 0 4
0 29 0 7 0 7 3 0 0 1 5 4 1 7 1 5 1 5 4 1 5 4 1 5 4 3 2 3 4 2 5
0 17 0 7 0 7 3 3 3 6 5 6 5 6 5 7 6 5 5
0 83 0 7 2 2 2 2 2 2 0 7 3 0 3 3 5 3 5 3 5 3 6 5 6 5 1 7 6 5 1 5 4 1 1 4 4 2 1 1 1 5 3 5 3 3 3 3 1 6 5 1 7 3 2 0 6 5 0 2 2 0 7 0 0 0 6 5 4 2 1 6 5 7 6 5 1 5 4 1 5 4 1 4 5
0 63 0 0 6 5 6 5 6 5 1 1 6 5 1 5 4 1 5 1 5 1 5 4 1 5 4 1 5 4 1 5 4 1 5 4 1 5 4 1 4 1 5 4 1 5 4 1 4 6 5 7 6 5 1 3 3 2 6 5 6 5 5 3 5
0 129 0 7 0 7 0 7 3 3 0 3 1 5 4 1 4 1 5 1 7 5 3 6 5 6 5 1 0 6 5 1 6 5 0 1 3 2 3 2 2 3 2 3 2 2 2 2 2 2 1 5 4 1 2 2 2 2 3 2 3 2 5 3 2 2 3 0 0 3 3 1 5 4 1 5 4 1 5 4 1 5 4 5 3 5 3 5 3 3 2 1 5 4 1 5 4 1 5 4 1 7 5 3 5 3 3 4 2 6 5 1 1 6 5 0 6 5 6 5 5 3 5 3 1 7 0 4 2 3 5
0 59 2 2 2 2 2 2 0 7 7 7 7 7 7 7 7 7 3 7 2 2 7 7 7 7 7 7 7 7 3 7 7 7 7 3 7 2 2 2 2 2 2 3 6 5 6 5 1 4 2 0 6 5 1 5 3 5 3 3 4
0 56 2 2 2 0 7 3 7 3 7 2 2 2 3 7 3 7 7 7 2 2 2 0 7 0 7 0 1 1 5 4 1 5 4 1 5 4 4 2 3 2 3 5 3 1 5 4 1 5 4 1 7 1 4 3 0 6
0 6 0 7 3 3 1 6
0 27 2 0 0 3 6 5 1 6 5 1 6 5 6 5 7 1 6 5 1 7 5 3 5 3 6 5 6
0 8 2 3 6 5 6 5 1 6
0 8 0 0 0 4 2 4 2 6
0 86 0 7 0 7 0 7 3 3 0 3 1 5 4 1 4 1 5 1 7 5 3 6 5 6 5 1 0 6 5 1 6 5 0 1 3 2 3 2 2 3 2 3 2 2 2 2 2 2 1 5 4 1 2 2 2 2 3 2 3 2 5 3 2 2 3 0 0 3 3 1 5 4 1 5 4 1 5 4 1 5 4 5 3 5 3 5
0 44 2 2 2 2 0 7 0 3 3 5 3 3 0 6 5 6 5 1 0 0 0 6 5 5 3 7 1 4 1 5 4 3 5 3 1 4 1 7 1 5 1 5 4 4
0 43 0 7 2 2 2 0 7 0 7 3 6 5 3 3 1 2 3 2 3 3 2 2 2 2 3 2 1 4 1 5 4 1 5 1 5 4 3 3 2 1 6 5 4
0 40 0 7 2 2 2 0 7 3 0 3 0 0 3 3 4 2 4 2 4 2 5 3 5 3 1 7 1 5 4 1 5 1 5 4 3 2 3 5 3 5
0 20 0 7 0 7 2 2 2 0 7 0 7 0 7 0 7 3 3 3 0 4
0 21 2 2 2 2 2 2 2 2 3 3 0 6 5 6 5 6 5 6 5 1 6
0 64 2 2 2 2 3 2 5 3 1 2 2 3 2 2 3 2 7 0 0 1 3 2 5 3 1 5 4 1 4 6 5 7 1 3 3 3 2 2 3 2 3 2 3 2 1 4 1 5 4 5 3 4 2 6 5 7 6 5 6 5 6 5 1 6
0 91 7 2 2 2 0 7 2 2 2 2 2 2 0 3 6 5 1 7 6 5 3 4 2 4 2 1 5 1 7 1 4 1 5 4 5 3 6 5 6 5 3 5 3 3 2 3 3 5 3 5 3 3 2 2 2 0 7 2 2 2 2 0 7 3 6 5 6 5 7 3 3 3 1 5 4 1 5 4 3 2 3 1 7 1 1 4 2 3 6 5 6
0 119 0 7 0 7 0 7 0 3 3 5 3 1 7 1 5 4 1 5 4 1 5 3 6 5 5 3 1 5 4 1 5 4 1 5 4 5 3 1 7 1 5 4 1 5 4 6 5 7 3 6 5 6 5 1 6 5 5 3 1 2 2 2 2 2 3 3 2 2 2 2 2 2 1 5 4 1 5 4 1 5 4 1 5 4 0 7 0 0 6 5 6 5 0 7 4 2 1 7 1 3 2 3 2 2 1 7 1 7 1 4 1 5 1 5 4 1 5 3 5
0 26 2 2 0 7 2 7 7 7 3 7 3 7 2 2 2 2 2 2 2 2 2 2 0 4 2 5
0 20 2 2 2 3 2 2 2 2 0 7 0 7 0 7 3 3 7 6 5 6
0 10 2 2 2 2 2 0 7 6 5 6
0 74 2 3 0 6 5 3 1 7 0 0 5 3 5 3 0 7 3 0 3 2 1 5 1 7 1 5 5 3 0 7 0 7 3 5 3 1 5 4 1 4 1 5 4 1 5 4 1 7 4 2 4 2 4 2 0 7 0 7 2 2 0 0 6 5 6 5 6 5 4 2 1 5 4 5
0 46 0 7 2 2 2 0 0 4 2 3 5 3 6 5 7 6 5 0 5 3 5 3 5 3 5 3 3 3 5 3 0 7 2 0 7 3 1 1 6 5 6 5 7 6 5 4
0 85 2 0 7 0 7 6 5 1 6 5 1 4 2 1 6 5 7 7 0 7 3 0 6 5 6 5 6 5 0 1 6 5 1 2 2 3 3 2 3 2 3 2 3 3 2 2 1 1 5 4 1 5 4 5 3 3 2 1 6 5 1 1 4 1 5 4 1 5 4 1 5 1 7 4 2 6 5 7 6 5 5 3 5 3 5
0 12 2 2 2 2 2 2 2 2 3 3 0 6
0 75 0 7 0 7 0 3 0 0 2 2 2 2 2 2 2 2 3 7 3 7 3 7 7 7 7 7 7 7 7 7 7 7 7 3 7 2 3 7 3 7 3 7 7 2 2 0 7 0 0 0 1 3 1 5 1 5 4 1 5 4 1 5 4 5 3 5 3 3 2 1 5 1 5 4 5
0 58 0 7 2 2 2 0 7 2 2 2 3 7 3 7 7 7 7 3 7 2 2 2 2 2 2 2 0 7 0 0 1 3 2 7 6 5 1 5 4 1 5 4 1 2 2 2 0 7 2 2 0 0 4 2 6 5 7 6
0 18 2 2 2 0 0 3 3 0 7 2 2 0 7 5 3 5 3 5
0 24 0 7 0 7 0 7 0 7 0 3 2 2 1 6 5 6 5 0 6 5 1 5 3 5
0 81 2 2 2 0 0 3 3 0 7 2 2 0 7 5 3 5 3 5 3 5 3 6 5 0 1 0 3 6 5 1 7 3 1 5 1 5 1 5 4 1 5 4 5 3 1 7 1 2 3 3 2 2 1 0 7 3 3 0 0 1 6 5 6 5 6 5 3 1 5 4 1 4 3 2 3 5 3 4 2 3 5
0 63 0 7 3 3 1 6 5 6 5 6 5 7 1 6 5 7 5 3 5 3 0 7 0 7 2 2 0 0 3 0 4 2 6 5 1 3 3 2 1 7 1 5 4 1 5 4 3 3 2 1 5 4 1 2 2 1 7 1 5 4 3 2 5
0 56 0 7 2 2 2 0 0 4 2 3 5 3 6 5 7 6 5 0 5 3 5 3 5 3 5 3 3 3 5 3 0 7 2 0 7 3 1 1 6 5 6 5 7 6 5 4 2 3 2 5 3 3 4 2 1 6
0 25 2 0 7 2 0 7 7 3 7 3 7 0 3 2 2 2 2 0 5 3 5 3 5 3 4
0 109 0 7 2 3 3 3 3 2 5 3 1 7 1 4 1 5 4 1 5 4 1 5 4 1 5 1 2 2 3 2 2 2 2 2 3 2 5 3 3 2 3 2 4 2 3 1 5 4 1 2 3 3 2 3 3 2 3 2 1 5 1 3 3 2 2 3 2 2 2 3 2 2 2 3 3 3 2 3 3 1 5 4 1 5 4 1 4 1 5 4 1 4 0 0 0 0 6 5 1 6 5 1 3 2 3 2 3 2 5
0 45 0 7 2 2 2 2 2 2 0 7 7 7 7 2 7 7 7 7 3 7 2 3 7 3 7 7 3 7 3 7 2 0 7 0 7 0 7 0 7 0 3 0 3 1 6
0 91 0 7 0 7 0 7 0 3 3 5 3 1 7 1 5 4 1 5 4 1 5 3 6 5 5 3 1 5 4 1 5 4 1 5 4 5 3 1 7 1 5 4 1 5 4 6 5 7 3 6 5 6 5 1 6 5 5 3 1 2 2 2 2 2 3 3 2 2 2 2 2 2 1 5 4 1 5 4 1 5 4 1 5 4 0 7 0 0 6 5 6
0 1 6
0 50 7 2 2 2 0 7 2 2 2 2 2 2 0 3 6 5 1 7 6 5 3 4 2 4 2 1 5 1 7 1 4 1 5 4 5 3 6 5 6 5 3 5 3 3 2 3 3 5 3 5
0 65 0 7 2 2 2 0 7 0 7 3 6 5 3 3 1 2 3 2 3 3 2 2 2 2 3 2 1 4 1 5 4 1 5 1 5 4 3 3 2 1 6 5 4 2 1 2 2 3 2 2 1 7 5 3 0 7 2 2 2 2 0 0 6 5 6
0 64 2 2 2 2 2 0 7 6 5 6 5 0 1 6 5 1 6 5 7 6 5 6 5 1 2 2 2 2 3 0 3 0 7 7 7 7 7 7 7 7 7 7 2 2 2 7 7 7 7 7 7 2 0 7 0 7 0 7 3 3 3 3 3 6
0 100 3 3 2 1 3 1 7 1 5 4 1 5 1 5 5 3 5 3 0 7 0 7 0 3 0 3 2 3 0 1 5 4 1 5 4 5 3 1 3 2 2 1 5 4 1 4 1 5 5 3 1 3 3 3 1 5 4 1 5 5 3 0 7 0 7 3 0 0 3 7 3 3 5 3 1 7 1 5 1 4 3 6 5 7 0 1 7 1 7 1 7 5 3 3 1 6 5 6 5 4
0 45 2 2 2 2 2 2 0 7 7 7 7 7 7 7 7 7 3 7 2 2 7 7 7 7 7 7 7 7 3 7 7 7 7 3 7 2 2 2 2 2 2 3 6 5 6
0 52 0 7 2 0 3 3 3 7 3 7 2 2 2 3 7 7 7 7 2 2 2 2 2 2 2 0 3 6 5 6 5 5 3 5 3 5 3 1 2 1 7 1 5 4 1 5 4 0 7 1 1 6
0 54 2 2 2 2 3 2 5 3 1 2 2 3 2 2 3 2 7 0 0 1 3 2 5 3 1 5 4 1 4 6 5 7 1 3 3 3 2 2 3 2 3 2 3 2 1 4 1 5 4 5 3 4 2 6
0 41 0 0 0 4 2 4 2 6 5 6 5 0 6 5 3 1 5 4 1 7 1 5 4 5 3 1 5 4 1 5 4 1 5 4 1 5 4 3 6 5 5
0 59 0 7 2 2 2 0 7 3 0 3 0 0 3 3 4 2 4 2 4 2 5 3 5 3 1 7 1 5 4 1 5 1 5 4 3 2 3 5 3 5 3 1 5 1 7 1 5 1 5 4 7 6 5 7 6 5 4 2 4
0 94 0 7 3 3 3 5 3 1 5 4 1 5 4 5 3 5 3 1 6 5 6 5 6 5 1 5 4 5 3 5 3 1 5 4 1 5 4 1 7 1 4 1 5 0 7 0 7 0 7 2 2 2 3 7 3 7 3 7 2 2 2 7 7 2 2 3 7 3 7 0 0 3 5 3 1 7 1 5 4 1 5 4 1 7 1 4 1 4 1 7 3 2 3 5
0 40 2 3 6 5 6 5 1 6 5 1 6 5 6 5 1 1 2 2 2 2 2 1 4 1 5 6 5 1 6 5 6 5 6 5 7 3 2 5 3 5
0 34 0 7 0 7 0 7 0 7 2 3 0 6 5 7 6 5 1 7 1 5 1 5 4 1 4 1 5 4 1 7 1 5 4 5
0 62 0 7 0 7 1 5 5 3 5 3 3 2 6 5 1 3 2 5 3 1 5 4 1 6 5 7 1 7 7 3 2 5 3 5 3 2 2 2 2 2 3 7 2 2 2 2 3 7 0 7 2 2 2 0 7 0 7 0 0 3 2 6
0 16 2 2 2 2 0 7 0 3 3 5 3 3 0 6 5 6
0 49 2 2 2 2 0 7 0 3 3 5 3 3 0 6 5 6 5 1 0 0 0 6 5 5 3 7 1 4 1 5 4 3 5 3 1 4 1 7 1 5 1 5 4 4 2 7 6 5 6
0 37 7 2 2 2 0 7 2 2 2 2 2 2 0 3 6 5 1 7 6 5 3 4 2 4 2 1 5 1 7 1 4 1 5 4 5 3 6
0 83 2 0 7 0 7 6 5 1 6 5 1 4 2 1 6 5 7 7 0 7 3 0 6 5 6 5 6 5 0 1 6 5 1 2 2 3 3 2 3 2 3 2 3 3 2 2 1 1 5 4 1 5 4 5 3 3 2 1 6 5 1 1 4 1 5 4 1 5 4 1 5 1 7 4 2 6 5 7 6 5 5 3 5
0 34 0 7 0 7 1 5 5 3 5 3 3 2 6 5 1 3 2 5 3 1 5 4 1 6 5 7 1 7 7 3 2 5 3 5
0 63 2 2 0 7 0 7 7 7 7 7 3 7 7 7 7 7 7 2 2 2 2 3 7 3 7 2 2 7 7 7 7 2 2 0 3 3 3 2 3 2 1 5 4 1 5 4 1 5 1 5 4 5 3 6 5 6 5 1 6 5 4 2 6
0 21 2 0 7 2 0 7 7 3 7 3 7 0 3 2 2 2 2 0 5 3 5
0 38 0 7 2 2 2 0 7 3 0 3 0 0 3 3 4 2 4 2 4 2 5 3 5 3 1 7 1 5 4 1 5 1 5 4 3 2 3 5
0 11 0 7 0 7 2 2 2 2 0 3 6
0 51 0 7 0 7 2 2 2 0 7 0 7 0 7 0 7 3 3 3 0 4 2 1 5 4 1 2 2 3 2 3 3 3 3 2 2 1 5 4 3 3 2 1 4 3 2 6 5 6 5 1 6
0 23 0 7 2 2 2 2 2 2 0 7 3 0 3 3 5 3 5 3 5 3 6 5 6
0 39 0 7 0 7 2 3 7 3 7 7 2 2 2 2 2 2 2 2 7 7 7 3 7 3 7 3 7 2 2 3 0 3 2 1 5 1 5 4 5
0 63 3 3 6 5 6 5 1 1 5 3 5 3 0 7 0 7 0 0 0 0 3 3 4 2 5 3 1 7 1 5 4 1 4 1 5 4 1 2 3 2 2 2 3 2 1 7 1 5 4 1 4 1 5 4 1 5 3 3 2 6 5 1 6
0 47 0 7 0 7 2 2 2 2 7 7 7 7 3 7 2 2 0 7 2 2 2 2 2 2 2 0 7 2 0 7 0 7 0 7 0 7 0 3 7 1 6 5 7 3 6 5 6
0 53 2 3 0 6 5 3 1 7 0 0 5 3 5 3 0 7 3 0 3 2 1 5 1 7 1 5 5 3 0 7 0 7 3 5 3 1 5 4 1 4 1 5 4 1 5 4 1 7 4 2 4 2 4
0 22 2 2 2 2 2 2 2 2 2 2 2 1 5 4 5 3 3 3 5 3 3 6
0 17 0 7 2 2 2 0 7 3 0 3 0 0 3 3 4 2 4
0 32 0 7 0 7 3 3 3 6 5 6 5 6 5 7 6 5 5 3 1 4 2 2 0 7 0 7 3 2 5 3 3 6
0 31 0 7 0 7 3 0 3 0 0 7 0 7 2 2 2 0 7 6 5 6 5 4 2 3 4 2 3 2 7 0 6
0 19 0 7 2 2 2 0 7 3 0 3 0 0 3 3 4 2 4 2 4
0 7 2 2 3 0 0 0 6
0 13 0 7 2 0 7 0 0 3 3 3 5 3 5
0 60 3 3 2 1 3 1 7 1 5 4 1 5 1 5 5 3 5 3 0 7 0 7 0 3 0 3 2 3 0 1 5 4 1 5 4 5 3 1 3 2 2 1 5 4 1 4 1 5 5 3 1 3 3 3 1 5 4 1 5 5
0 60 0 7 2 2 2 2 3 0 3 6 5 1 7 1 3 2 2 2 2 2 3 7 7 7 7 7 3 7 3 7 7 7 7 3 7 3 7 3 7 2 2 0 7 0 7 0 5 3 5 3 5 3 0 6 5 1 0 6 5 6
0 38 3 2 2 2 2 2 2 2 0 7 3 3 0 3 1 5 4 5 3 3 2 5 3 1 5 4 1 5 5 3 1 1 5 4 1 5 4 6
0 70 0 7 2 2 2 2 2 2 0 7 3 0 3 3 5 3 5 3 5 3 6 5 6 5 1 7 6 5 1 5 4 1 1 4 4 2 1 1 1 5 3 5 3 3 3 3 1 6 5 1 7 3 2 0 6 5 0 2 2 0 7 0 0 0 6 5 4 2 1 6
0 55 2 2 2 2 3 7 2 2 3 7 3 7 7 7 3 7 2 7 7 7 7 2 0 7 3 6 5 1 3 1 2 1 2 2 2 2 3 2 3 3 2 2 2 2 1 4 1 7 5 3 3 6 5 1 6
0 102 3 3 6 5 6 5 1 1 5 3 5 3 0 7 0 7 0 0 0 0 3 3 4 2 5 3 1 7 1 5 4 1 4 1 5 4 1 2 3 2 2 2 3 2 1 7 1 5 4 1 4 1 5 4 1 5 3 3 2 6 5 1 6 5 6 5 6 5 6 5 3 5 3 1 5 1 5 4 1 2 3 3 2 2 2 3 2 3 2 2 3 3 2 3 2 5 3 0 0 0 3 6
0 82 2 2 2 2 2 0 7 6 5 6 5 0 1 6 5 1 6 5 7 6 5 6 5 1 2 2 2 2 3 0 3 0 7 7 7 7 7 7 7 7 7 7 2 2 2 7 7 7 7 7 7 2 0 7 0 7 0 7 3 3 3 3 3 6 5 7 7 6 5 6 5 7 7 6 5 1 5 3 5 3 3 5
0 55 2 2 2 3 2 2 2 2 0 7 0 7 0 7 3 3 7 6 5 6 5 0 6 5 6 5 5 3 5 3 4 2 1 4 1 4 1 5 4 1 5 4 1 7 1 5 4 1 5 4 1 7 0 7 6
0 131 0 7 0 7 0 7 3 3 0 3 1 5 4 1 4 1 5 1 7 5 3 6 5 6 5 1 0 6 5 1 6 5 0 1 3 2 3 2 2 3 2 3 2 2 2 2 2 2 1 5 4 1 2 2 2 2 3 2 3 2 5 3 2 2 3 0 0 3 3 1 5 4 1 5 4 1 5 4 1 5 4 5 3 5 3 5 3 3 2 1 5 4 1 5 4 1 5 4 1 7 5 3 5 3 3 4 2 6 5 1 1 6 5 0 6 5 6 5 5 3 5 3 1 7 0 4 2 3 5 3 5
0 46 0 7 0 7 2 2 2 0 7 0 7 0 7 0 7 3 3 3 0 4 2 1 5 4 1 2 2 3 2 3 3 3 3 2 2 1 5 4 3 3 2 1 4 3 2 6
0 8 0 7 2 2 2 0 0 4
0 88 2 2 2 3 2 2 2 2 0 7 0 7 0 7 3 3 7 6 5 6 5 0 6 5 6 5 5 3 5 3 4 2 1 4 1 4 1 5 4 1 5 4 1 7 1 5 4 1 5 4 1 7 0 7 6 5 6 5 6 5 7 0 1 6 5 6 5 1 7 1 5 4 1 5 5 3 5 3 1 5 4 1 5 3 2 5 3 5
0 152 2 0 7 0 7 6 5 1 6 5 1 4 2 1 6 5 7 7 0 7 3 0 6 5 6 5 6 5 0 1 6 5 1 2 2 3 3 2 3 2 3 2 3 3 2 2 1 1 5 4 1 5 4 5 3 3 2 1 6 5 1 1 4 1 5 4 1 5 4 1 5 1 7 4 2 6 5 7 6 5 5 3 5 3 5 3 6 5 0 0 4 2 1 7 1 7 1 7 1 4 5 3 0 7 2 2 2 2 2 2 0 7 3 3 4 2 6 5 1 0 6 5 1 5 4 6 5 0 0 6 5 1 6 5 3 1 2 3 2 3 3 3 6 5 6 5 1 4 1 5 3 5
0 25 4 2 5 3 1 4 3 7 6 5 6 5 6 5 0 6 5 1 6 5 6 5 6 5 6
0 35 0 3 3 0 3 2 3 2 3 2 1 5 4 1 4 1 5 4 1 5 4 6 5 6 5 0 6 5 0 3 1 0 5 3 5
0 15 0 7 0 7 3 3 3 6 5 6 5 6 5 7 6
0 40 2 0 0 3 6 5 1 6 5 1 6 5 6 5 7 1 6 5 1 7 5 3 5 3 6 5 6 5 0 6 5 7 6 5 6 5 6 5 3 5
0 10 0 7 2 2 2 2 3 0 3 6
0 12 2 2 3 0 0 0 6 5 6 5 0 5
0 59 0 7 3 0 3 6 5 1 4 2 5 3 1 5 4 1 5 4 7 6 5 6 5 6 5 3 4 2 5 3 5 3 1 5 4 1 5 4 1 5 5 3 6 5 0 6 5 6 5 5 3 5 3 0 1 7 7 0 6
0 28 3 0 0 0 4 2 1 7 1 4 1 4 1 5 4 5 3 5 3 5 3 5 3 3 2 5 3 5
0 17 0 7 1 1 3 1 4 1 5 1 2 5 3 1 6 5 6
0 73 0 3 3 0 3 2 3 2 3 2 1 5 4 1 4 1 5 4 1 5 4 6 5 6 5 0 6 5 0 3 1 0 5 3 5 3 3 6 5 0 3 2 4 2 1 5 4 1 5 4 1 5 4 5 3 1 5 4 1 5 4 1 5 4 1 5 1 7 1 5 5 3 5
0 15 0 7 0 0 7 2 2 2 2 2 3 3 3 2 6
0 20 2 2 2 2 2 2 2 2 3 7 2 2 2 2 0 7 2 3 3 4
0 48 0 7 3 0 3 6 5 1 4 2 5 3 1 5 4 1 5 4 7 6 5 6 5 6 5 3 4 2 5 3 5 3 1 5 4 1 5 4 1 5 5 3 6 5 0 6 5 6
0 101 2 0 7 0 7 6 5 1 6 5 1 4 2 1 6 5 7 7 0 7 3 0 6 5 6 5 6 5 0 1 6 5 1 2 2 3 3 2 3 2 3 2 3 3 2 2 1 1 5 4 1 5 4 5 3 3 2 1 6 5 1 1 4 1 5 4 1 5 4 1 5 1 7 4 2 6 5 7 6 5 5 3 5 3 5 3 6 5 0 0 4 2 1 7 1 7 1 7 1 4 5
0 11 0 7 2 2 3 1 5 1 5 4 5
0 39 0 7 2 2 2 0 0 4 2 3 5 3 6 5 7 6 5 0 5 3 5 3 5 3 5 3 3 3 5 3 0 7 2 0 7 3 1 1 6
0 62 0 7 2 0 3 3 3 7 3 7 2 2 2 3 7 7 7 7 2 2 2 2 2 2 2 0 3 6 5 6 5 5 3 5 3 5 3 1 2 1 7 1 5 4 1 5 4 0 7 1 1 6 5 6 5 1 6 5 6 5 3 5
0 66 0 7 0 7 2 0 7 0 3 3 2 4 2 7 3 7 3 7 2 2 2 2 2 2 3 7 3 7 7 3 7 2 2 0 7 0 7 3 3 3 3 7 5 3 5 3 7 3 2 3 3 5 3 5 3 1 5 4 1 7 3 2 3 4 2 5
0 98 3 3 2 1 3 1 7 1 5 4 1 5 1 5 5 3 5 3 0 7 0 7 0 3 0 3 2 3 0 1 5 4 1 5 4 5 3 1 3 2 2 1 5 4 1 4 1 5 5 3 1 3 3 3 1 5 4 1 5 5 3 0 7 0 7 3 0 0 3 7 3 3 5 3 1 7 1 5 1 4 3 6 5 7 0 1 7 1 7 1 7 5 3 3 1 6 5 6
0 17 2 2 2 2 2 0 7 6 5 6 5 0 1 6 5 1 6
0 48 0 7 2 2 2 2 2 2 0 7 7 7 7 2 7 7 7 7 3 7 2 3 7 3 7 7 3 7 3 7 2 0 7 0 7 0 7 0 7 0 3 0 3 1 6 5 1 6
0 106 3 3 6 5 6 5 1 1 5 3 5 3 0 7 0 7 0 0 0 0 3 3 4 2 5 3 1 7 1 5 4 1 4 1 5 4 1 2 3 2 2 2 3 2 1 7 1 5 4 1 4 1 5 4 1 5 3 3 2 6 5 1 6 5 6 5 6 5 6 5 3 5 3 1 5 1 5 4 1 2 3 3 2 2 2 3 2 3 2 2 3 3 2 3 2 5 3 0 0 0 3 6 5 6 5 4
0 51 2 2 2 2 2 2 0 7 7 7 7 7 7 7 7 7 3 7 2 2 7 7 7 7 7 7 7 7 3 7 7 7 7 3 7 2 2 2 2 2 2 3 6 5 6 5 1 4 2 0 6
0 38 0 7 2 2 2 2 0 3 0 3 3 2 3 1 5 4 1 5 4 1 7 1 5 1 7 1 5 4 2 3 5 3 5 3 5 3 1 6
0 157 2 0 7 0 7 6 5 1 6 5 1 4 2 1 6 5 7 7 0 7 3 0 6 5 6 5 6 5 0 1 6 5 1 2 2 3 3 2 3 2 3 2 3 3 2 2 1 1 5 4 1 5 4 5 3 3 2 1 6 5 1 1 4 1 5 4 1 5 4 1 5 1 7 4 2 6 5 7 6 5 5 3 5 3 5 3 6 5 0 0 4 2 1 7 1 7 1 7 1 4 5 3 0 7 2 2 2 2 2 2 0 7 3 3 4 2 6 5 1 0 6 5 1 5 4 6 5 0 0 6 5 1 6 5 3 1 2 3 2 3 3 3 6 5 6 5 1 4 1 5 3 5 3 4 2 3 4
0 82 3 3 2 1 3 1 7 1 5 4 1 5 1 5 5 3 5 3 0 7 0 7 0 3 0 3 2 3 0 1 5 4 1 5 4 5 3 1 3 2 2 1 5 4 1 4 1 5 5 3 1 3 3 3 1 5 4 1 5 5 3 0 7 0 7 3 0 0 3 7 3 3 5 3 1 7 1 5 1 4 3 6
0 69 2 3 0 6 5 3 1 7 0 0 5 3 5 3 0 7 3 0 3 2 1 5 1 7 1 5 5 3 0 7 0 7 3 5 3 1 5 4 1 4 1 5 4 1 5 4 1 7 4 2 4 2 4 2 0 7 0 7 2 2 0 0 6 5 6 5 6 5 4
0 115 0 7 0 7 0 7 3 3 0 3 1 5 4 1 4 1 5 1 7 5 3 6 5 6 5 1 0 6 5 1 6 5 0 1 3 2 3 2 2 3 2 3 2 2 2 2 2 2 1 5 4 1 2 2 2 2 3 2 3 2 5 3 2 2 3 0 0 3 3 1 5 4 1 5 4 1 5 4 1 5 4 5 3 5 3 5 3 3 2 1 5 4 1 5 4 1 5 4 1 7 5 3 5 3 3 4 2 6 5 1 1 6 5 0 6
0 25 2 2 2 2 0 7 0 3 4 2 6 5 6 5 1 4 1 5 4 1 5 4 1 5 5
0 28 0 7 0 0 7 2 2 2 2 2 3 3 3 2 6 5 7 6 5 6 5 4 2 5 3 1 4 5
0 63 0 7 2 2 2 0 7 0 7 3 6 5 3 3 1 2 3 2 3 3 2 2 2 2 3 2 1 4 1 5 4 1 5 1 5 4 3 3 2 1 6 5 4 2 1 2 2 3 2 2 1 7 5 3 0 7 2 2 2 2 0 0 6
0 21 0 7 2 2 2 0 7 3 0 3 0 0 3 3 4 2 4 2 4 2 5
0 57 2 2 2 2 3 2 5 3 1 2 2 3 2 2 3 2 7 0 0 1 3 2 5 3 1 5 4 1 4 6 5 7 1 3 3 3 2 2 3 2 3 2 3 2 1 4 1 5 4 5 3 4 2 6 5 7 6
0 78 0 7 2 2 2 2 0 0 0 4 2 7 6 5 4 2 1 4 3 4 2 5 3 1 5 4 1 5 4 1 5 4 1 7 5 3 1 5 4 1 5 4 1 4 1 5 0 7 2 2 2 2 2 3 0 3 0 7 0 7 4 2 4 2 7 1 3 4 2 5 3 5 3 5 3 5 3 5
0 19 0 7 2 2 2 0 0 4 2 3 5 3 6 5 7 6 5 0 5
0 23 0 7 0 7 0 7 0 3 3 5 3 1 7 1 5 4 1 5 4 1 5 3 6
0 9 2 2 3 0 0 0 6 5 6
0 59 2 2 2 3 2 2 2 2 0 7 0 7 0 7 3 3 7 6 5 6 5 0 6 5 6 5 5 3 5 3 4 2 1 4 1 4 1 5 4 1 5 4 1 7 1 5 4 1 5 4 1 7 0 7 6 5 6 5 6
0 34 0 7 0 7 3 3 3 6 5 6 5 6 5 7 6 5 5 3 1 4 2 2 0 7 0 7 3 2 5 3 3 6 5 6
0 36 3 3 2 1 3 1 7 1 5 4 1 5 1 5 5 3 5 3 0 7 0 7 0 3 0 3 2 3 0 1 5 4 1 5 4 5
0 142 0 7 0 7 0 7 3 3 0 3 1 5 4 1 4 1 5 1 7 5 3 6 5 6 5 1 0 6 5 1 6 5 0 1 3 2 3 2 2 3 2 3 2 2 2 2 2 2 1 5 4 1 2 2 2 2 3 2 3 2 5 3 2 2 3 0 0 3 3 1 5 4 1 5 4 1 5 4 1 5 4 5 3 5 3 5 3 3 2 1 5 4 1 5 4 1 5 4 1 7 5 3 5 3 3 4 2 6 5 1 1 6 5 0 6 5 6 5 5 3 5 3 1 7 0 4 2 3 5 3 5 3 3 3 3 3 1 5 4 5 3 5
0 48 2 2 2 2 2 3 7 3 7 3 7 7 7 2 2 2 0 7 0 0 3 2 5 3 1 5 4 1 2 3 2 3 2 2 3 3 2 2 2 1 5 4 1 5 4 5 3 5
0 65 2 3 0 6 5 3 1 7 0 0 5 3 5 3 0 7 3 0 3 2 1 5 1 7 1 5 5 3 0 7 0 7 3 5 3 1 5 4 1 4 1 5 4 1 5 4 1 7 4 2 4 2 4 2 0 7 0 7 2 2 0 0 6 5 6
0 108 0 7 2 2 2 2 2 2 0 7 7 7 7 2 7 7 7 7 3 7 2 3 7 3 7 7 3 7 3 7 2 0 7 0 7 0 7 0 7 0 3 0 3 1 6 5 1 6 5 1 5 1 5 4 1 5 4 1 5 4 1 5 1 7 1 2 2 2 2 2 2 2 2 2 1 5 4 1 3 2 2 2 0 7 0 7 2 2 2 2 0 0 3 1 5 1 7 1 5 4 1 5 1 5 4 5 3 5
0 80 0 7 2 0 3 3 3 7 3 7 2 2 2 3 7 7 7 7 2 2 2 2 2 2 2 0 3 6 5 6 5 5 3 5 3 5 3 1 2 1 7 1 5 4 1 5 4 0 7 1 1 6 5 6 5 1 6 5 6 5 3 5 3 1 5 1 4 1 5 4 1 5 4 5 3 5 3 6 5 6
0 18 2 2 2 2 0 7 2 2 2 2 6 5 1 6 5 6 5 4
0 33 0 7 3 3 1 6 5 6 5 6 5 7 1 6 5 7 5 3 5 3 0 7 0 7 2 2 0 0 3 0 4 2 6
0 10 0 7 0 7 0 7 0 3 0 6
0 57 0 7 2 2 2 2 0 7 0 7 7 7 7 7 3 7 3 7 7 0 7 0 7 2 2 2 2 0 7 7 7 7 7 7 7 7 3 7 3 7 2 2 2 2 2 2 2 0 7 0 0 0 0 0 7 0 4
0 33 2 2 2 0 7 3 7 2 2 2 2 2 2 2 2 3 0 0 3 5 3 1 2 1 5 4 1 5 4 5 3 3 5
0 11 2 3 6 5 6 5 1 6 5 1 6
0 9 2 2 2 2 0 7 0 3 4
0 24 2 2 2 2 2 2 2 2 2 2 2 1 5 4 5 3 3 3 5 3 3 6 5 6
0 35 2 2 2 2 2 2 2 2 3 7 2 2 2 2 0 7 2 3 3 4 2 3 2 0 7 0 7 0 7 0 3 2 4 2 4
0 36 0 7 0 7 3 0 0 1 5 4 1 7 1 5 1 5 4 1 5 4 1 5 4 3 2 3 4 2 5 3 1 4 1 5 4 5
0 4 2 3 0 6
0 10 0 7 2 2 2 2 0 0 0 4
0 19 0 7 3 3 3 5 3 1 5 4 1 5 4 5 3 5 3 1 6
0 15 6 5 6 5 6 5 7 1 5 4 1 4 1 7 5
0 29 0 7 0 7 3 3 3 6 5 6 5 6 5 7 6 5 5 3 1 4 2 2 0 7 0 7 3 2 5
0 47 2 2 2 2 0 7 0 3 3 5 3 3 0 6 5 6 5 1 0 0 0 6 5 5 3 7 1 4 1 5 4 3 5 3 1 4 1 7 1 5 1 5 4 4 2 7 6
0 92 3 3 2 1 3 1 7 1 5 4 1 5 1 5 5 3 5 3 0 7 0 7 0 3 0 3 2 3 0 1 5 4 1 5 4 5 3 1 3 2 2 1 5 4 1 4 1 5 5 3 1 3 3 3 1 5 4 1 5 5 3 0 7 0 7 3 0 0 3 7 3 3 5 3 1 7 1 5 1 4 3 6 5 7 0 1 7 1 7 1 7 5
0 7 0 0 6 5 6 5 6
0 63 0 7 2 2 2 2 0 0 0 4 2 7 6 5 4 2 1 4 3 4 2 5 3 1 5 4 1 5 4 1 5 4 1 7 5 3 1 5 4 1 5 4 1 4 1 5 0 7 2 2 2 2 2 3 0 3 0 7 0 7 4 2 4
0 12 0 7 0 7 0 7 0 7 2 3 0 6
0 42 7 2 2 2 0 7 2 2 2 2 2 2 0 3 6 5 1 7 6 5 3 4 2 4 2 1 5 1 7 1 4 1 5 4 5 3 6 5 6 5 3 5
0 12 0 7 0 7 2 2 3 0 3 5 3 5
0 14 2 2 2 2 2 2 2 2 0 7 3 3 7 5
0 12 0 7 0 7 2 2 6 5 1 3 2 6
0 126 0 7 0 7 0 7 3 3 0 3 1 5 4 1 4 1 5 1 7 5 3 6 5 6 5 1 0 6 5 1 6 5 0 1 3 2 3 2 2 3 2 3 2 2 2 2 2 2 1 5 4 1 2 2 2 2 3 2 3 2 5 3 2 2 3 0 0 3 3 1 5 4 1 5 4 1 5 4 1 5 4 5 3 5 3 5 3 3 2 1 5 4 1 5 4 1 5 4 1 7 5 3 5 3 3 4 2 6 5 1 1 6 5 0 6 5 6 5 5 3 5 3 1 7 0 4
0 13 0 0 0 4 2 4 2 6 5 6 5 0 6
0 15 0 7 2 2 3 1 5 1 5 4 5 3 5 3 5
0 126 2 0 7 0 7 6 5 1 6 5 1 4 2 1 6 5 7 7 0 7 3 0 6 5 6 5 6 5 0 1 6 5 1 2 2 3 3 2 3 2 3 2 3 3 2 2 1 1 5 4 1 5 4 5 3 3 2 1 6 5 1 1 4 1 5 4 1 5 4 1 5 1 7 4 2 6 5 7 6 5 5 3 5 3 5 3 6 5 0 0 4 2 1 7 1 7 1 7 1 4 5 3 0 7 2 2 2 2 2 2 0 7 3 3 4 2 6 5 1 0 6 5 1 5 4 6
0 82 0 7 1 1 3 1 4 1 5 1 2 5 3 1 6 5 6 5 3 2 6 5 1 1 7 1 7 1 5 3 3 6 5 3 3 3 0 4 2 1 5 4 1 5 4 5 3 1 5 1 7 1 5 1 5 1 5 1 5 4 3 3 2 1 1 5 4 1 7 1 5 4 3 2 3 6 5 1 1 5 3 5
0 62 2 2 2 0 7 3 7 3 7 2 2 2 3 7 3 7 7 7 2 2 2 0 7 0 7 0 1 1 5 4 1 5 4 1 5 4 4 2 3 2 3 5 3 1 5 4 1 5 4 1 7 1 4 3 0 6 5 1 6 5 0 6
0 30 0 7 3 3 3 5 3 1 5 4 1 5 4 5 3 5 3 1 6 5 6 5 6 5 1 5 4 5 3 5
0 17 0 0 7 2 2 2 0 3 0 0 5 3 5 3 5 3 5
0 46 0 7 1 1 3 1 4 1 5 1 2 5 3 1 6 5 6 5 3 2 6 5 1 1 7 1 7 1 5 3 3 6 5 3 3 3 0 4 2 1 5 4 1 5 4 5
0 42 0 7 2 2 2 2 2 2 0 7 3 0 3 3 5 3 5 3 5 3 6 5 6 5 1 7 6 5 1 5 4 1 1 4 4 2 1 1 1 5 3 5
0 100 2 2 2 0 7 3 7 2 2 2 2 2 2 2 2 3 0 0 3 5 3 1 2 1 5 4 1 5 4 5 3 3 5 3 1 7 1 7 1 0 6 5 3 1 6 5 6 5 3 1 7 1 5 4 1 4 1 5 4 1 5 4 1 5 1 2 3 2 2 2 2 1 5 4 1 5 4 1 5 4 5 3 2 2 2 3 6 5 6 5 3 3 5 3 1 5 1 5 4 5
0 52 2 2 2 2 2 2 2 2 3 7 2 2 2 2 0 7 2 3 3 4 2 3 2 0 7 0 7 0 7 0 3 2 4 2 4 2 1 5 4 1 2 2 3 3 2 2 1 4 1 3 2 5
0 33 2 3 6 5 6 5 1 6 5 1 6 5 6 5 1 1 2 2 2 2 2 1 4 1 5 6 5 1 6 5 6 5 6
0 43 0 0 0 4 2 4 2 6 5 6 5 0 6 5 3 1 5 4 1 7 1 5 4 5 3 1 5 4 1 5 4 1 5 4 1 5 4 3 6 5 5 3 5
0 14 2 2 2 0 0 3 3 0 7 2 2 0 7 5
0 64 2 2 2 3 2 2 2 2 0 7 0 7 0 7 3 3 7 6 5 6 5 0 6 5 6 5 5 3 5 3 4 2 1 4 1 4 1 5 4 1 5 4 1 7 1 5 4 1 5 4 1 7 0 7 6 5 6 5 6 5 7 0 1 6
0 19 2 2 2 2 2 2 2 2 2 2 2 2 3 0 3 1 4 2 5
0 31 0 7 3 0 3 6 5 1 4 2 5 3 1 5 4 1 5 4 7 6 5 6 5 6 5 3 4 2 5 3 5
0 129 0 7 0 7 0 7 0 3 3 5 3 1 7 1 5 4 1 5 4 1 5 3 6 5 5 3 1 5 4 1 5 4 1 5 4 5 3 1 7 1 5 4 1 5 4 6 5 7 3 6 5 6 5 1 6 5 5 3 1 2 2 2 2 2 3 3 2 2 2 2 2 2 1 5 4 1 5 4 1 5 4 1 5 4 0 7 0 0 6 5 6 5 0 7 4 2 1 7 1 3 2 3 2 2 1 7 1 7 1 4 1 5 1 5 4 1 5 3 5 3 4 2 3 2 6 5 3 2 5
0 31 0 7 3 3 1 6 5 6 5 6 5 7 1 6 5 7 5 3 5 3 0 7 0 7 2 2 0 0 3 0 4
