804 8
1 0 
1 4 5 5 5 1
1 16 5 7 1 7 1 7 1 7 1 7 1 7 1 7 1 1
1 12 7 1 7 1 7 1 7 1 7 1 5 6
1 16 7 1 7 1 5 7 1 7 1 7 1 7 1 7 1 1
1 6 7 1 7 1 5 6
1 5 4 4 4 4 4
1 14 7 1 7 1 7 1 7 1 7 1 7 1 5 6
1 18 3 5 6 6 6 6 6 6 6 6 6 6 6 6 1 6 6 6
1 12 5 7 1 7 1 7 1 7 1 7 1 6
1 1 3
1 5 5 4 4 4 5
1 18 7 1 7 1 7 1 7 1 7 1 7 1 7 1 7 1 5 1
1 18 3 6 6 6 6 6 6 5 6 6 6 6 1 6 6 6 0 7
1 4 5 5 4 4
1 10 7 1 7 1 7 1 5 5 5 6
1 6 5 7 1 7 1 6
1 10 5 7 1 7 1 7 1 5 5 6
1 4 5 5 4 5
1 4 5 5 5 6
1 16 7 1 7 1 7 1 7 1 5 7 1 7 1 7 1 6
1 2 3 0
1 28 2 3 2 3 2 3 2 2 3 2 3 2 3 2 3 2 2 3 2 2 3 2 3 2 3 2 3 2
1 2 5 5
1 26 3 6 6 6 6 6 6 6 6 6 6 6 6 1 6 6 6 5 6 6 6 6 6 6 6 6
1 30 3 0 6 6 6 6 6 6 6 6 0 5 6 6 6 6 6 1 6 6 6 6 1 6 6 6 6 6 1 6
1 3 5 5 5
1 17 3 1 6 6 4 1 5 6 6 6 6 6 6 6 6 6 6
1 9 7 1 7 1 7 1 7 1 1
1 14 5 7 1 7 1 7 1 7 1 7 1 7 1 1
1 8 5 5 5 7 1 7 1 6
1 2 5 1
1 22 3 6 6 1 6 6 6 6 6 1 6 6 6 6 6 6 1 6 6 6 6 6
1 2 4 5
1 9 7 1 7 1 7 1 7 1 6
1 4 4 4 4 4
1 4 5 4 5 5
1 12 5 5 7 1 7 1 7 1 7 1 5 6
1 3 5 5 1
1 8 5 5 7 1 7 1 5 6
1 4 4 5 5 5
1 1 2
1 1 6
1 3 5 4 5
1 11 5 7 1 7 1 7 1 7 1 5 1
1 4 7 1 5 1
1 2 3 7
1 5 5 5 5 5 1
1 7 7 1 7 1 7 1 1
1 33 2 3 2 3 2 3 2 3 2 3 2 2 3 2 3 2 3 2 3 2 2 3 2 3 2 3 2 3 2 2 3 2 2
1 20 3 6 6 6 6 6 6 6 6 6 6 6 6 6 5 6 6 6 6 6
1 35 3 6 6 6 6 6 6 6 6 6 6 6 6 6 6 6 6 6 6 5 6 6 6 6 6 6 6 6 6 6 4 1 6 4 1
1 4 4 5 4 5
1 4 5 4 4 4
1 5 7 1 7 1 1
1 2 4 4
1 19 3 5 6 6 1 6 6 6 6 0 5 6 6 5 6 1 6 5 6
1 4 5 3 0 0
1 10 5 5 5 7 1 7 1 7 1 1
1 22 5 7 1 7 1 7 1 7 1 7 1 7 1 7 1 7 1 7 1 7 1 6
1 17 5 7 1 7 1 7 1 7 1 7 1 7 1 7 1 5 1
1 11 5 5 7 1 7 1 7 1 7 1 6
1 3 5 4 4
1 26 2 3 2 3 2 2 3 2 3 2 3 2 3 2 2 3 2 3 2 3 2 3 2 3 2 2
1 20 2 3 2 3 2 2 2 3 2 3 2 3 2 3 2 3 2 2 3 2
1 1 5
1 1 1
1 4 4 5 4 4
1 3 4 4 5
1 25 2 3 2 2 3 2 3 2 3 2 2 3 2 2 3 2 3 2 3 2 3 2 3 2 2
1 2 5 6
1 5 5 5 5 5 4
1 4 4 4 5 5
1 5 5 5 5 5 6
1 26 3 6 6 6 6 6 6 6 6 6 6 1 6 6 6 6 6 6 6 6 6 1 6 6 4 1
1 2 5 4
1 14 5 7 1 7 1 7 1 7 1 7 1 7 1 6
1 46 3 6 4 1 6 6 6 6 6 6 1 6 6 1 6 6 6 6 4 1 1 6 6 6 6 6 6 6 6 6 5 6 6 6 6 6 6 6 6 6 5 6 6 5 6 6
1 11 7 1 7 1 7 1 7 1 7 1 1
1 8 2 3 2 3 2 2 3 2
1 13 3 1 6 6 6 6 1 6 6 6 7 7 7
1 6 5 5 7 1 5 6
1 1 4
1 26 5 7 1 7 1 7 1 7 1 7 1 7 1 7 1 7 1 7 1 7 1 7 1 7 1 1
1 19 7 1 7 1 7 1 7 1 7 1 7 1 7 1 7 1 7 1 6
1 3 4 4 4
1 11 2 3 2 3 2 3 2 3 2 3 2
0 116 3 4 1 5 4 1 6 2 6 2 6 2 6 2 6 2 6 2 6 2 6 2 6 2 6 2 0 5 5 4 1 4 1 6 2 6 2 5 1 5 1 5 1 5 1 5 1 5 1 5 1 0 4 1 6 2 4 4 1 4 1 0 0 5 1 5 1 5 1 5 1 5 1 6 2 6 2 6 2 5 1 5 1 5 1 5 1 4 1 0 6 2 6 2 6 2 6 2 5 1 5 1 5 1 5 1 5 1 5 1 5 1 0 5 1 5
0 15 2 3 2 2 2 3 2 3 2 2 3 2 3 2 3
0 13 7 1 7 1 7 1 7 1 5 5 7 1 7
0 79 3 4 1 5 4 1 6 2 6 2 6 2 6 2 6 2 6 2 6 2 6 2 6 2 6 2 0 5 5 4 1 4 1 6 2 6 2 5 1 5 1 5 1 5 1 5 1 5 1 5 1 0 4 1 6 2 4 4 1 4 1 0 0 5 1 5 1 5 1 5 1 5 1 6 2 6 2 6 2
0 115 3 1 6 6 6 1 6 6 6 6 5 6 6 6 6 6 6 6 6 6 6 6 6 6 6 6 6 6 6 6 6 6 6 6 0 6 2 5 1 5 1 5 1 5 1 5 1 5 1 5 1 6 2 6 2 6 2 6 2 6 2 6 2 4 1 0 0 5 1 5 1 5 1 5 1 5 1 5 1 5 1 6 2 6 2 6 2 6 2 5 1 6 5 5 5 1 5 1 5 1 5 1 5 1 5 1 4 0 0 0 5 6 2 6 2
0 29 7 1 7 1 7 1 7 1 7 1 7 1 7 1 7 1 7 1 7 1 7 1 7 1 7 1 7 1 7
0 22 2 3 2 3 2 3 2 3 2 2 3 2 3 2 3 2 3 2 3 2 2 3
0 18 2 3 2 3 2 3 2 2 3 2 3 2 3 2 3 2 2 3
0 92 3 7 7 7 7 7 6 4 1 4 1 5 0 0 6 4 1 5 0 5 1 5 1 5 1 5 1 6 2 6 2 6 2 6 2 4 1 0 0 5 1 5 1 5 1 5 1 6 2 6 2 6 2 6 2 6 2 5 1 5 1 5 1 5 1 6 2 6 2 6 2 6 2 6 2 6 2 6 2 5 1 5 1 5 1 5 1 5 1 5 1 5
0 109 3 6 0 0 5 5 0 5 4 1 4 1 5 1 5 1 5 1 5 1 5 1 5 1 6 4 1 0 0 5 1 5 1 5 1 5 1 6 2 6 2 6 2 6 2 6 2 6 2 4 1 5 4 1 5 0 6 2 6 2 6 2 6 2 6 2 4 1 4 1 4 1 5 0 5 1 5 1 5 1 5 1 4 4 1 4 1 4 1 4 1 4 1 4 1 4 1 6 2 6 2 6 2 5 1 5 1 5 1
0 13 3 5 6 2 6 2 6 2 6 2 5 1 5
0 19 2 3 2 3 2 2 3 2 3 2 3 2 3 2 3 2 2 2 3
0 7 5 5 5 7 1 7 1
0 125 3 1 6 6 6 1 6 6 6 6 5 6 6 6 6 6 6 6 6 6 6 6 6 6 6 6 6 6 6 6 6 6 6 6 0 6 2 5 1 5 1 5 1 5 1 5 1 5 1 5 1 6 2 6 2 6 2 6 2 6 2 6 2 4 1 0 0 5 1 5 1 5 1 5 1 5 1 5 1 5 1 6 2 6 2 6 2 6 2 5 1 6 5 5 5 1 5 1 5 1 5 1 5 1 5 1 4 0 0 0 5 6 2 6 2 6 2 6 2 6 2 5 1 5 1
0 155 3 4 1 5 4 1 6 2 6 2 6 2 6 2 6 2 6 2 6 2 6 2 6 2 6 2 0 5 5 4 1 4 1 6 2 6 2 5 1 5 1 5 1 5 1 5 1 5 1 5 1 0 4 1 6 2 4 4 1 4 1 0 0 5 1 5 1 5 1 5 1 5 1 6 2 6 2 6 2 5 1 5 1 5 1 5 1 4 1 0 6 2 6 2 6 2 6 2 5 1 5 1 5 1 5 1 5 1 5 1 5 1 0 5 1 5 1 4 1 4 1 6 2 6 2 6 2 6 2 5 1 5 1 5 1 5 1 5 1 5 1 6 2 6 2 4 5 1 6 2 6 2 5 6 2
0 26 5 5 7 1 7 1 7 1 7 1 7 1 7 1 7 1 7 1 7 1 7 1 7 1 7 1
0 93 3 7 7 7 7 7 6 4 1 4 1 5 0 0 6 4 1 5 0 5 1 5 1 5 1 5 1 6 2 6 2 6 2 6 2 4 1 0 0 5 1 5 1 5 1 5 1 6 2 6 2 6 2 6 2 6 2 5 1 5 1 5 1 5 1 6 2 6 2 6 2 6 2 6 2 6 2 6 2 5 1 5 1 5 1 5 1 5 1 5 1 5 1
0 57 3 7 7 7 7 7 6 4 1 4 1 5 0 0 6 4 1 5 0 5 1 5 1 5 1 5 1 6 2 6 2 6 2 6 2 4 1 0 0 5 1 5 1 5 1 5 1 6 2 6 2 6 2 6 2 6 2
0 117 3 1 6 6 6 1 6 6 6 6 5 6 6 6 6 6 6 6 6 6 6 6 6 6 6 6 6 6 6 6 6 6 6 6 0 6 2 5 1 5 1 5 1 5 1 5 1 5 1 5 1 6 2 6 2 6 2 6 2 6 2 6 2 4 1 0 0 5 1 5 1 5 1 5 1 5 1 5 1 5 1 6 2 6 2 6 2 6 2 5 1 6 5 5 5 1 5 1 5 1 5 1 5 1 5 1 4 0 0 0 5 6 2 6 2 6 2
0 180 3 6 0 0 5 5 0 5 4 1 4 1 5 1 5 1 5 1 5 1 5 1 5 1 6 4 1 0 0 5 1 5 1 5 1 5 1 6 2 6 2 6 2 6 2 6 2 6 2 4 1 5 4 1 5 0 6 2 6 2 6 2 6 2 6 2 4 1 4 1 4 1 5 0 5 1 5 1 5 1 5 1 4 4 1 4 1 4 1 4 1 4 1 4 1 4 1 6 2 6 2 6 2 5 1 5 1 5 1 5 1 5 1 6 5 0 5 4 1 4 1 5 1 6 2 6 2 6 2 6 2 6 2 6 2 6 2 5 1 5 1 5 1 5 1 5 1 5 0 0 6 2 6 2 6 2 6 2 6 2 4 1 4 1 4 1 4 1 5 1 6 2 6 2 6 2 6 2 6 2
0 2 2 3
0 22 7 1 7 1 7 1 5 7 1 7 1 7 1 7 1 7 1 7 1 7 1 7
0 25 2 3 2 2 3 2 3 2 3 2 3 2 3 2 2 3 2 3 2 3 2 3 2 2 3
0 2 5 7
0 18 7 1 7 1 7 1 5 7 1 7 1 7 1 7 1 7 1 7
0 35 3 7 7 7 7 7 6 4 1 4 1 5 0 0 6 4 1 5 0 5 1 5 1 5 1 5 1 6 2 6 2 6 2 6 2
0 96 3 4 1 5 4 1 6 2 6 2 6 2 6 2 6 2 6 2 6 2 6 2 6 2 6 2 0 5 5 4 1 4 1 6 2 6 2 5 1 5 1 5 1 5 1 5 1 5 1 5 1 0 4 1 6 2 4 4 1 4 1 0 0 5 1 5 1 5 1 5 1 5 1 6 2 6 2 6 2 5 1 5 1 5 1 5 1 4 1 0 6 2 6 2 6 2
0 70 3 5 0 0 4 1 4 1 5 1 5 1 5 1 5 1 5 1 5 1 5 1 6 2 6 2 6 2 6 2 4 1 5 5 4 1 0 6 2 6 2 6 2 6 2 6 2 6 2 6 2 5 1 5 1 5 1 5 1 5 1 5 1 5 1 5 1 5 1 5
0 49 3 1 6 6 6 1 6 6 6 6 5 6 6 6 6 6 6 6 6 6 6 6 6 6 6 6 6 6 6 6 6 6 6 6 0 6 2 5 1 5 1 5 1 5 1 5 1 5 1
0 4 2 3 2 3
0 188 3 6 0 0 5 5 0 5 4 1 4 1 5 1 5 1 5 1 5 1 5 1 5 1 6 4 1 0 0 5 1 5 1 5 1 5 1 6 2 6 2 6 2 6 2 6 2 6 2 4 1 5 4 1 5 0 6 2 6 2 6 2 6 2 6 2 4 1 4 1 4 1 5 0 5 1 5 1 5 1 5 1 4 4 1 4 1 4 1 4 1 4 1 4 1 4 1 6 2 6 2 6 2 5 1 5 1 5 1 5 1 5 1 6 5 0 5 4 1 4 1 5 1 6 2 6 2 6 2 6 2 6 2 6 2 6 2 5 1 5 1 5 1 5 1 5 1 5 0 0 6 2 6 2 6 2 6 2 6 2 4 1 4 1 4 1 4 1 5 1 6 2 6 2 6 2 6 2 6 2 6 2 6 2 6 2 5 1
0 13 2 3 2 3 2 3 2 2 2 2 3 2 3
0 75 3 4 1 5 4 1 6 2 6 2 6 2 6 2 6 2 6 2 6 2 6 2 6 2 6 2 0 5 5 4 1 4 1 6 2 6 2 5 1 5 1 5 1 5 1 5 1 5 1 5 1 0 4 1 6 2 4 4 1 4 1 0 0 5 1 5 1 5 1 5 1 5 1 6 2
0 14 3 5 6 2 6 2 6 2 6 2 5 1 5 1
0 24 3 4 1 5 4 1 6 2 6 2 6 2 6 2 6 2 6 2 6 2 6 2 6 2
0 11 7 1 7 1 7 1 7 1 5 5 5
0 83 3 4 1 5 4 1 6 2 6 2 6 2 6 2 6 2 6 2 6 2 6 2 6 2 6 2 0 5 5 4 1 4 1 6 2 6 2 5 1 5 1 5 1 5 1 5 1 5 1 5 1 0 4 1 6 2 4 4 1 4 1 0 0 5 1 5 1 5 1 5 1 5 1 6 2 6 2 6 2 5 1 5 1
0 25 7 1 7 1 7 1 7 1 5 7 1 7 1 7 1 7 1 7 1 7 1 7 1 7 1
0 113 3 1 6 6 6 1 6 6 6 6 5 6 6 6 6 6 6 6 6 6 6 6 6 6 6 6 6 6 6 6 6 6 6 6 0 6 2 5 1 5 1 5 1 5 1 5 1 5 1 5 1 6 2 6 2 6 2 6 2 6 2 6 2 4 1 0 0 5 1 5 1 5 1 5 1 5 1 5 1 5 1 6 2 6 2 6 2 6 2 5 1 6 5 5 5 1 5 1 5 1 5 1 5 1 5 1 4 0 0 0 5 6 2
0 12 2 3 2 3 2 2 3 2 3 2 2 3
0 93 3 6 6 6 6 6 6 5 6 6 6 6 6 6 6 6 6 6 6 7 7 5 5 5 1 5 1 5 1 5 1 5 1 5 1 5 1 5 1 5 1 0 0 4 1 4 1 4 1 4 1 4 1 4 1 5 5 1 5 1 5 1 5 1 5 1 5 1 5 1 5 1 5 1 5 1 5 1 6 2 6 2 6 2 6 2 5 1 5 1 5 1 5
0 61 3 5 0 0 4 1 4 1 5 1 5 1 5 1 5 1 5 1 5 1 5 1 6 2 6 2 6 2 6 2 4 1 5 5 4 1 0 6 2 6 2 6 2 6 2 6 2 6 2 6 2 5 1 5 1 5 1 5 1 5 1
0 123 3 7 7 7 7 7 6 4 1 4 1 5 0 0 6 4 1 5 0 5 1 5 1 5 1 5 1 6 2 6 2 6 2 6 2 4 1 0 0 5 1 5 1 5 1 5 1 6 2 6 2 6 2 6 2 6 2 5 1 5 1 5 1 5 1 6 2 6 2 6 2 6 2 6 2 6 2 6 2 5 1 5 1 5 1 5 1 5 1 5 1 5 1 6 2 6 2 6 2 6 2 4 0 5 1 5 1 5 1 5 1 0 5 4 1 4 1 6 2 6 2 6 2
0 14 2 2 3 2 3 2 2 3 2 3 2 3 2 3
0 9 2 3 2 3 2 3 2 2 3
0 51 3 7 7 7 7 7 6 4 1 4 1 5 0 0 6 4 1 5 0 5 1 5 1 5 1 5 1 6 2 6 2 6 2 6 2 4 1 0 0 5 1 5 1 5 1 5 1 6 2 6 2
0 7 2 3 2 3 2 2 3
0 39 3 4 1 5 4 1 6 2 6 2 6 2 6 2 6 2 6 2 6 2 6 2 6 2 6 2 0 5 5 4 1 4 1 6 2 6 2 5 1
0 73 3 7 7 7 7 7 6 4 1 4 1 5 0 0 6 4 1 5 0 5 1 5 1 5 1 5 1 6 2 6 2 6 2 6 2 4 1 0 0 5 1 5 1 5 1 5 1 6 2 6 2 6 2 6 2 6 2 5 1 5 1 5 1 5 1 6 2 6 2 6 2 6 2
0 24 7 1 7 1 7 1 7 1 5 7 1 7 1 7 1 7 1 7 1 7 1 7 1 7
0 11 7 1 7 1 7 1 5 7 1 7 1
0 19 7 1 7 1 7 1 5 7 1 7 1 7 1 7 1 7 1 7 1
0 5 2 3 2 2 3
0 13 2 3 2 3 2 3 2 3 2 3 2 2 3
0 13 2 3 2 3 2 3 2 2 3 2 3 2 3
0 5 7 1 7 1 7
0 17 7 1 7 1 7 1 7 1 7 1 7 1 7 1 7 1 7
0 172 3 6 0 0 5 5 0 5 4 1 4 1 5 1 5 1 5 1 5 1 5 1 5 1 6 4 1 0 0 5 1 5 1 5 1 5 1 6 2 6 2 6 2 6 2 6 2 6 2 4 1 5 4 1 5 0 6 2 6 2 6 2 6 2 6 2 4 1 4 1 4 1 5 0 5 1 5 1 5 1 5 1 4 4 1 4 1 4 1 4 1 4 1 4 1 4 1 6 2 6 2 6 2 5 1 5 1 5 1 5 1 5 1 6 5 0 5 4 1 4 1 5 1 6 2 6 2 6 2 6 2 6 2 6 2 6 2 5 1 5 1 5 1 5 1 5 1 5 0 0 6 2 6 2 6 2 6 2 6 2 4 1 4 1 4 1 4 1 5 1 6 2
0 6 5 7 1 7 1 5
0 22 7 1 7 1 7 1 7 1 7 1 7 1 7 1 7 1 7 1 7 1 7 1
0 57 3 5 6 2 6 2 6 2 6 2 5 1 5 1 5 1 6 2 5 1 5 1 5 1 5 1 5 1 4 1 0 4 1 6 2 6 2 5 1 5 1 4 1 5 6 2 6 2 6 2 5 1 5 1 5 1 5
0 46 3 5 6 2 6 2 6 2 6 2 5 1 5 1 5 1 6 2 5 1 5 1 5 1 5 1 5 1 4 1 0 4 1 6 2 6 2 5 1 5 1 4 1 5 6 2
0 16 7 1 7 1 7 1 7 1 7 1 5 7 1 7 1 5
0 46 3 1 6 6 6 1 6 6 6 6 5 6 6 6 6 6 6 6 6 6 6 6 6 6 6 6 6 6 6 6 6 6 6 6 0 6 2 5 1 5 1 5 1 5 1 5
0 17 2 3 2 3 2 3 2 2 2 2 3 2 3 2 3 2 3
0 100 3 4 1 5 4 1 6 2 6 2 6 2 6 2 6 2 6 2 6 2 6 2 6 2 6 2 0 5 5 4 1 4 1 6 2 6 2 5 1 5 1 5 1 5 1 5 1 5 1 5 1 0 4 1 6 2 4 4 1 4 1 0 0 5 1 5 1 5 1 5 1 5 1 6 2 6 2 6 2 5 1 5 1 5 1 5 1 4 1 0 6 2 6 2 6 2 6 2 5 1
0 13 2 3 2 3 2 2 3 2 3 2 3 2 3
0 15 7 1 7 1 7 1 7 1 7 1 7 1 7 1 5
0 8 7 1 7 1 7 1 7 1
0 27 7 1 7 1 7 1 7 1 5 7 1 7 1 7 1 7 1 7 1 7 1 7 1 7 1 7 1
0 6 7 1 5 7 1 7
0 41 3 5 6 2 6 2 6 2 6 2 5 1 5 1 5 1 6 2 5 1 5 1 5 1 5 1 5 1 4 1 0 4 1 6 2 6 2 5 1 5 1
0 150 3 4 1 5 4 1 6 2 6 2 6 2 6 2 6 2 6 2 6 2 6 2 6 2 6 2 0 5 5 4 1 4 1 6 2 6 2 5 1 5 1 5 1 5 1 5 1 5 1 5 1 0 4 1 6 2 4 4 1 4 1 0 0 5 1 5 1 5 1 5 1 5 1 6 2 6 2 6 2 5 1 5 1 5 1 5 1 4 1 0 6 2 6 2 6 2 6 2 5 1 5 1 5 1 5 1 5 1 5 1 5 1 0 5 1 5 1 4 1 4 1 6 2 6 2 6 2 6 2 5 1 5 1 5 1 5 1 5 1 5 1 6 2 6 2 4 5 1 6 2
0 43 3 1 6 6 6 1 6 6 6 6 5 6 6 6 6 6 6 6 6 6 6 6 6 6 6 6 6 6 6 6 6 6 6 6 0 6 2 5 1 5 1 5 1
0 73 3 5 6 2 6 2 6 2 6 2 5 1 5 1 5 1 6 2 5 1 5 1 5 1 5 1 5 1 4 1 0 4 1 6 2 6 2 5 1 5 1 4 1 5 6 2 6 2 6 2 5 1 5 1 5 1 5 1 5 1 6 0 5 5 0 5 0 5 1 5 1 6 2
0 12 7 1 7 1 7 1 7 1 5 5 7 1
0 55 3 5 0 0 4 1 4 1 5 1 5 1 5 1 5 1 5 1 5 1 5 1 6 2 6 2 6 2 6 2 4 1 5 5 4 1 0 6 2 6 2 6 2 6 2 6 2 6 2 6 2 5 1 5 1
0 17 2 3 2 3 2 3 2 3 2 2 3 2 3 2 2 2 3
0 17 7 1 7 1 7 1 7 1 7 1 5 7 1 7 1 7 1
0 190 3 6 0 0 5 5 0 5 4 1 4 1 5 1 5 1 5 1 5 1 5 1 5 1 6 4 1 0 0 5 1 5 1 5 1 5 1 6 2 6 2 6 2 6 2 6 2 6 2 4 1 5 4 1 5 0 6 2 6 2 6 2 6 2 6 2 4 1 4 1 4 1 5 0 5 1 5 1 5 1 5 1 4 4 1 4 1 4 1 4 1 4 1 4 1 4 1 6 2 6 2 6 2 5 1 5 1 5 1 5 1 5 1 6 5 0 5 4 1 4 1 5 1 6 2 6 2 6 2 6 2 6 2 6 2 6 2 5 1 5 1 5 1 5 1 5 1 5 0 0 6 2 6 2 6 2 6 2 6 2 4 1 4 1 4 1 4 1 5 1 6 2 6 2 6 2 6 2 6 2 6 2 6 2 6 2 5 1 5 1
0 178 3 6 0 0 5 5 0 5 4 1 4 1 5 1 5 1 5 1 5 1 5 1 5 1 6 4 1 0 0 5 1 5 1 5 1 5 1 6 2 6 2 6 2 6 2 6 2 6 2 4 1 5 4 1 5 0 6 2 6 2 6 2 6 2 6 2 4 1 4 1 4 1 5 0 5 1 5 1 5 1 5 1 4 4 1 4 1 4 1 4 1 4 1 4 1 4 1 6 2 6 2 6 2 5 1 5 1 5 1 5 1 5 1 6 5 0 5 4 1 4 1 5 1 6 2 6 2 6 2 6 2 6 2 6 2 6 2 5 1 5 1 5 1 5 1 5 1 5 0 0 6 2 6 2 6 2 6 2 6 2 4 1 4 1 4 1 4 1 5 1 6 2 6 2 6 2 6 2
0 112 3 5 6 2 6 2 6 2 6 2 5 1 5 1 5 1 6 2 5 1 5 1 5 1 5 1 5 1 4 1 0 4 1 6 2 6 2 5 1 5 1 4 1 5 6 2 6 2 6 2 5 1 5 1 5 1 5 1 5 1 6 0 5 5 0 5 0 5 1 5 1 6 2 6 2 6 2 4 1 4 1 4 1 0 4 1 6 2 6 2 5 1 5 1 6 2 6 2 4 1 5 1 6 2 6 2 6 2 6 2 6 2
0 40 3 5 6 2 6 2 6 2 6 2 5 1 5 1 5 1 6 2 5 1 5 1 5 1 5 1 5 1 4 1 0 4 1 6 2 6 2 5 1 5
0 14 7 1 7 1 7 1 7 1 5 5 7 1 7 1
0 33 3 7 7 7 7 7 6 4 1 4 1 5 0 0 6 4 1 5 0 5 1 5 1 5 1 5 1 6 2 6 2 6 2
0 75 3 7 7 7 7 7 6 4 1 4 1 5 0 0 6 4 1 5 0 5 1 5 1 5 1 5 1 6 2 6 2 6 2 6 2 4 1 0 0 5 1 5 1 5 1 5 1 6 2 6 2 6 2 6 2 6 2 5 1 5 1 5 1 5 1 6 2 6 2 6 2 6 2 6 2
0 20 2 3 2 2 3 2 3 2 3 2 3 2 3 2 2 3 2 3 2 3
0 144 3 6 0 0 5 5 0 5 4 1 4 1 5 1 5 1 5 1 5 1 5 1 5 1 6 4 1 0 0 5 1 5 1 5 1 5 1 6 2 6 2 6 2 6 2 6 2 6 2 4 1 5 4 1 5 0 6 2 6 2 6 2 6 2 6 2 4 1 4 1 4 1 5 0 5 1 5 1 5 1 5 1 4 4 1 4 1 4 1 4 1 4 1 4 1 4 1 6 2 6 2 6 2 5 1 5 1 5 1 5 1 5 1 6 5 0 5 4 1 4 1 5 1 6 2 6 2 6 2 6 2 6 2 6 2 6 2 5 1 5 1 5 1 5
0 259 3 1 6 6 6 1 6 6 6 6 5 6 6 6 6 6 6 6 6 6 6 6 6 6 6 6 6 6 6 6 6 6 6 6 0 6 2 5 1 5 1 5 1 5 1 5 1 5 1 5 1 6 2 6 2 6 2 6 2 6 2 6 2 4 1 0 0 5 1 5 1 5 1 5 1 5 1 5 1 5 1 6 2 6 2 6 2 6 2 5 1 6 5 5 5 1 5 1 5 1 5 1 5 1 5 1 4 0 0 0 5 6 2 6 2 6 2 6 2 6 2 5 1 5 1 5 1 5 1 6 2 6 2 6 2 6 2 5 1 5 1 5 1 4 1 5 0 4 1 5 1 5 1 5 1 5 1 0 0 0 5 0 6 2 6 5 4 1 5 4 1 4 1 0 4 1 6 2 6 2 6 2 6 2 5 1 6 2 6 2 6 2 4 1 4 1 4 1 5 1 5 1 5 1 5 1 5 1 5 1 5 1 5 1 6 2 6 2 6 2 6 2 4 4 1 4 1 4 1 5 1 5 1 5 1 5 1 5 1 5 1 5 1 5 1 5 1 6 2 6 2 6 2 5 1 5 1 5 1
0 64 3 6 0 0 5 5 0 5 4 1 4 1 5 1 5 1 5 1 5 1 5 1 5 1 6 4 1 0 0 5 1 5 1 5 1 5 1 6 2 6 2 6 2 6 2 6 2 6 2 4 1 5 4 1 5 0 6 2 6 2 6 2 6 2
0 11 5 5 7 1 7 1 7 1 7 1 5
0 176 3 6 0 0 5 5 0 5 4 1 4 1 5 1 5 1 5 1 5 1 5 1 5 1 6 4 1 0 0 5 1 5 1 5 1 5 1 6 2 6 2 6 2 6 2 6 2 6 2 4 1 5 4 1 5 0 6 2 6 2 6 2 6 2 6 2 4 1 4 1 4 1 5 0 5 1 5 1 5 1 5 1 4 4 1 4 1 4 1 4 1 4 1 4 1 4 1 6 2 6 2 6 2 5 1 5 1 5 1 5 1 5 1 6 5 0 5 4 1 4 1 5 1 6 2 6 2 6 2 6 2 6 2 6 2 6 2 5 1 5 1 5 1 5 1 5 1 5 0 0 6 2 6 2 6 2 6 2 6 2 4 1 4 1 4 1 4 1 5 1 6 2 6 2 6 2
0 25 7 1 7 1 7 1 7 1 7 1 7 1 7 1 7 1 7 1 7 1 7 1 7 1 7
0 156 3 6 0 0 5 5 0 5 4 1 4 1 5 1 5 1 5 1 5 1 5 1 5 1 6 4 1 0 0 5 1 5 1 5 1 5 1 6 2 6 2 6 2 6 2 6 2 6 2 4 1 5 4 1 5 0 6 2 6 2 6 2 6 2 6 2 4 1 4 1 4 1 5 0 5 1 5 1 5 1 5 1 4 4 1 4 1 4 1 4 1 4 1 4 1 4 1 6 2 6 2 6 2 5 1 5 1 5 1 5 1 5 1 6 5 0 5 4 1 4 1 5 1 6 2 6 2 6 2 6 2 6 2 6 2 6 2 5 1 5 1 5 1 5 1 5 1 5 0 0 6 2 6 2 6 2
0 22 5 5 7 1 7 1 7 1 7 1 7 1 7 1 7 1 7 1 7 1 7 1
0 3 7 1 7
0 111 3 6 0 0 5 5 0 5 4 1 4 1 5 1 5 1 5 1 5 1 5 1 5 1 6 4 1 0 0 5 1 5 1 5 1 5 1 6 2 6 2 6 2 6 2 6 2 6 2 4 1 5 4 1 5 0 6 2 6 2 6 2 6 2 6 2 4 1 4 1 4 1 5 0 5 1 5 1 5 1 5 1 4 4 1 4 1 4 1 4 1 4 1 4 1 4 1 6 2 6 2 6 2 5 1 5 1 5 1 5 1
0 18 3 4 1 5 4 1 6 2 6 2 6 2 6 2 6 2 6 2
0 54 3 5 0 0 4 1 4 1 5 1 5 1 5 1 5 1 5 1 5 1 5 1 6 2 6 2 6 2 6 2 4 1 5 5 4 1 0 6 2 6 2 6 2 6 2 6 2 6 2 6 2 5 1 5
0 3 5 7 1
0 138 3 1 6 6 6 1 6 6 6 6 5 6 6 6 6 6 6 6 6 6 6 6 6 6 6 6 6 6 6 6 6 6 6 6 0 6 2 5 1 5 1 5 1 5 1 5 1 5 1 5 1 6 2 6 2 6 2 6 2 6 2 6 2 4 1 0 0 5 1 5 1 5 1 5 1 5 1 5 1 5 1 6 2 6 2 6 2 6 2 5 1 6 5 5 5 1 5 1 5 1 5 1 5 1 5 1 4 0 0 0 5 6 2 6 2 6 2 6 2 6 2 5 1 5 1 5 1 5 1 6 2 6 2 6 2 6 2 5
0 122 3 5 6 2 6 2 6 2 6 2 5 1 5 1 5 1 6 2 5 1 5 1 5 1 5 1 5 1 4 1 0 4 1 6 2 6 2 5 1 5 1 4 1 5 6 2 6 2 6 2 5 1 5 1 5 1 5 1 5 1 6 0 5 5 0 5 0 5 1 5 1 6 2 6 2 6 2 4 1 4 1 4 1 0 4 1 6 2 6 2 5 1 5 1 6 2 6 2 4 1 5 1 6 2 6 2 6 2 6 2 6 2 6 2 6 2 6 2 6 2 6 2
0 108 3 6 0 0 5 5 0 5 4 1 4 1 5 1 5 1 5 1 5 1 5 1 5 1 6 4 1 0 0 5 1 5 1 5 1 5 1 6 2 6 2 6 2 6 2 6 2 6 2 4 1 5 4 1 5 0 6 2 6 2 6 2 6 2 6 2 4 1 4 1 4 1 5 0 5 1 5 1 5 1 5 1 4 4 1 4 1 4 1 4 1 4 1 4 1 4 1 6 2 6 2 6 2 5 1 5 1 5
0 30 7 1 7 1 7 1 7 1 7 1 7 1 7 1 7 1 7 1 7 1 7 1 7 1 7 1 7 1 7 1
0 16 2 3 2 3 2 3 2 3 2 2 2 3 2 3 2 3
0 106 3 4 1 5 4 1 6 2 6 2 6 2 6 2 6 2 6 2 6 2 6 2 6 2 6 2 0 5 5 4 1 4 1 6 2 6 2 5 1 5 1 5 1 5 1 5 1 5 1 5 1 0 4 1 6 2 4 4 1 4 1 0 0 5 1 5 1 5 1 5 1 5 1 6 2 6 2 6 2 5 1 5 1 5 1 5 1 4 1 0 6 2 6 2 6 2 6 2 5 1 5 1 5 1 5 1
0 28 3 4 1 5 4 1 6 2 6 2 6 2 6 2 6 2 6 2 6 2 6 2 6 2 6 2 0 5
0 27 2 3 2 3 2 3 2 3 2 2 2 3 2 3 2 3 2 2 3 2 3 2 3 2 3 2 3
0 23 7 1 7 1 7 1 7 1 5 7 1 7 1 7 1 7 1 7 1 7 1 7 1
0 13 2 3 2 3 2 3 2 3 2 2 3 2 3
0 138 3 6 0 0 5 5 0 5 4 1 4 1 5 1 5 1 5 1 5 1 5 1 5 1 6 4 1 0 0 5 1 5 1 5 1 5 1 6 2 6 2 6 2 6 2 6 2 6 2 4 1 5 4 1 5 0 6 2 6 2 6 2 6 2 6 2 4 1 4 1 4 1 5 0 5 1 5 1 5 1 5 1 4 4 1 4 1 4 1 4 1 4 1 4 1 4 1 6 2 6 2 6 2 5 1 5 1 5 1 5 1 5 1 6 5 0 5 4 1 4 1 5 1 6 2 6 2 6 2 6 2 6 2 6 2 6 2 5
0 8 3 5 6 2 6 2 6 2
0 198 3 6 0 0 5 5 0 5 4 1 4 1 5 1 5 1 5 1 5 1 5 1 5 1 6 4 1 0 0 5 1 5 1 5 1 5 1 6 2 6 2 6 2 6 2 6 2 6 2 4 1 5 4 1 5 0 6 2 6 2 6 2 6 2 6 2 4 1 4 1 4 1 5 0 5 1 5 1 5 1 5 1 4 4 1 4 1 4 1 4 1 4 1 4 1 4 1 6 2 6 2 6 2 5 1 5 1 5 1 5 1 5 1 6 5 0 5 4 1 4 1 5 1 6 2 6 2 6 2 6 2 6 2 6 2 6 2 5 1 5 1 5 1 5 1 5 1 5 0 0 6 2 6 2 6 2 6 2 6 2 4 1 4 1 4 1 4 1 5 1 6 2 6 2 6 2 6 2 6 2 6 2 6 2 6 2 5 1 5 1 5 1 5 1 5 1 6 2
0 13 5 5 5 7 1 7 1 7 1 7 1 7 1
0 60 3 6 0 0 5 5 0 5 4 1 4 1 5 1 5 1 5 1 5 1 5 1 5 1 6 4 1 0 0 5 1 5 1 5 1 5 1 6 2 6 2 6 2 6 2 6 2 6 2 4 1 5 4 1 5 0 6 2 6 2
0 10 7 1 7 1 7 1 7 1 5 5
0 34 7 1 7 1 7 1 7 1 7 1 7 1 7 1 7 1 7 1 7 1 7 1 7 1 7 1 7 1 7 1 7 1 7 1
0 133 3 6 0 0 5 5 0 5 4 1 4 1 5 1 5 1 5 1 5 1 5 1 5 1 6 4 1 0 0 5 1 5 1 5 1 5 1 6 2 6 2 6 2 6 2 6 2 6 2 4 1 5 4 1 5 0 6 2 6 2 6 2 6 2 6 2 4 1 4 1 4 1 5 0 5 1 5 1 5 1 5 1 4 4 1 4 1 4 1 4 1 4 1 4 1 4 1 6 2 6 2 6 2 5 1 5 1 5 1 5 1 5 1 6 5 0 5 4 1 4 1 5 1 6 2 6 2 6 2 6 2 6 2
0 63 3 7 7 7 7 7 6 4 1 4 1 5 0 0 6 4 1 5 0 5 1 5 1 5 1 5 1 6 2 6 2 6 2 6 2 4 1 0 0 5 1 5 1 5 1 5 1 6 2 6 2 6 2 6 2 6 2 5 1 5 1 5 1
0 26 3 5 6 2 6 2 6 2 6 2 5 1 5 1 5 1 6 2 5 1 5 1 5 1 5 1
0 98 3 5 6 2 6 2 6 2 6 2 5 1 5 1 5 1 6 2 5 1 5 1 5 1 5 1 5 1 4 1 0 4 1 6 2 6 2 5 1 5 1 4 1 5 6 2 6 2 6 2 5 1 5 1 5 1 5 1 5 1 6 0 5 5 0 5 0 5 1 5 1 6 2 6 2 6 2 4 1 4 1 4 1 0 4 1 6 2 6 2 5 1 5 1 6 2 6 2
0 96 3 5 6 2 6 2 6 2 6 2 5 1 5 1 5 1 6 2 5 1 5 1 5 1 5 1 5 1 4 1 0 4 1 6 2 6 2 5 1 5 1 4 1 5 6 2 6 2 6 2 5 1 5 1 5 1 5 1 5 1 6 0 5 5 0 5 0 5 1 5 1 6 2 6 2 6 2 4 1 4 1 4 1 0 4 1 6 2 6 2 5 1 5 1 6 2
0 12 5 7 1 7 1 7 1 7 1 7 1 7
0 39 3 5 6 2 6 2 6 2 6 2 5 1 5 1 5 1 6 2 5 1 5 1 5 1 5 1 5 1 4 1 0 4 1 6 2 6 2 5 1
0 181 3 4 1 5 4 1 6 2 6 2 6 2 6 2 6 2 6 2 6 2 6 2 6 2 6 2 0 5 5 4 1 4 1 6 2 6 2 5 1 5 1 5 1 5 1 5 1 5 1 5 1 0 4 1 6 2 4 4 1 4 1 0 0 5 1 5 1 5 1 5 1 5 1 6 2 6 2 6 2 5 1 5 1 5 1 5 1 4 1 0 6 2 6 2 6 2 6 2 5 1 5 1 5 1 5 1 5 1 5 1 5 1 0 5 1 5 1 4 1 4 1 6 2 6 2 6 2 6 2 5 1 5 1 5 1 5 1 5 1 5 1 6 2 6 2 4 5 1 6 2 6 2 5 6 2 6 2 6 2 6 2 6 2 6 2 4 1 4 1 5 1 5 1 5 1 5 1 5 1 6 2
0 38 3 4 4 4 1 4 1 4 1 5 0 6 4 1 0 4 1 4 1 4 1 4 1 5 5 1 6 2 6 2 6 2 6 2 6 2 6 2
0 7 2 3 2 2 3 2 3
0 191 3 4 1 5 4 1 6 2 6 2 6 2 6 2 6 2 6 2 6 2 6 2 6 2 6 2 0 5 5 4 1 4 1 6 2 6 2 5 1 5 1 5 1 5 1 5 1 5 1 5 1 0 4 1 6 2 4 4 1 4 1 0 0 5 1 5 1 5 1 5 1 5 1 6 2 6 2 6 2 5 1 5 1 5 1 5 1 4 1 0 6 2 6 2 6 2 6 2 5 1 5 1 5 1 5 1 5 1 5 1 5 1 0 5 1 5 1 4 1 4 1 6 2 6 2 6 2 6 2 5 1 5 1 5 1 5 1 5 1 5 1 6 2 6 2 4 5 1 6 2 6 2 5 6 2 6 2 6 2 6 2 6 2 6 2 4 1 4 1 5 1 5 1 5 1 5 1 5 1 6 2 6 2 6 2 6 2 5 1 5 1
0 6 2 3 2 2 2 3
0 20 3 5 6 2 6 2 6 2 6 2 5 1 5 1 5 1 6 2 5 1
0 4 5 5 7 1
0 5 5 5 7 1 5
0 7 7 1 5 7 1 7 1
0 24 7 1 7 1 7 1 7 1 7 1 5 7 1 7 1 7 1 7 1 7 1 7 1 7
0 15 7 1 7 1 7 1 7 1 5 7 1 7 1 7 1
0 59 3 1 6 6 6 1 6 6 6 6 5 6 6 6 6 6 6 6 6 6 6 6 6 6 6 6 6 6 6 6 6 6 6 6 0 6 2 5 1 5 1 5 1 5 1 5 1 5 1 5 1 6 2 6 2 6 2 6 2
0 15 2 3 2 3 2 3 2 3 2 2 3 2 3 2 3
0 141 3 6 0 0 5 5 0 5 4 1 4 1 5 1 5 1 5 1 5 1 5 1 5 1 6 4 1 0 0 5 1 5 1 5 1 5 1 6 2 6 2 6 2 6 2 6 2 6 2 4 1 5 4 1 5 0 6 2 6 2 6 2 6 2 6 2 4 1 4 1 4 1 5 0 5 1 5 1 5 1 5 1 4 4 1 4 1 4 1 4 1 4 1 4 1 4 1 6 2 6 2 6 2 5 1 5 1 5 1 5 1 5 1 6 5 0 5 4 1 4 1 5 1 6 2 6 2 6 2 6 2 6 2 6 2 6 2 5 1 5 1
0 132 3 4 1 5 4 1 6 2 6 2 6 2 6 2 6 2 6 2 6 2 6 2 6 2 6 2 0 5 5 4 1 4 1 6 2 6 2 5 1 5 1 5 1 5 1 5 1 5 1 5 1 0 4 1 6 2 4 4 1 4 1 0 0 5 1 5 1 5 1 5 1 5 1 6 2 6 2 6 2 5 1 5 1 5 1 5 1 4 1 0 6 2 6 2 6 2 6 2 5 1 5 1 5 1 5 1 5 1 5 1 5 1 0 5 1 5 1 4 1 4 1 6 2 6 2 6 2 6 2 5 1 5
0 19 2 3 2 3 2 3 2 3 2 2 2 3 2 3 2 3 2 2 3
0 135 3 1 6 6 6 1 6 6 6 6 5 6 6 6 6 6 6 6 6 6 6 6 6 6 6 6 6 6 6 6 6 6 6 6 0 6 2 5 1 5 1 5 1 5 1 5 1 5 1 5 1 6 2 6 2 6 2 6 2 6 2 6 2 4 1 0 0 5 1 5 1 5 1 5 1 5 1 5 1 5 1 6 2 6 2 6 2 6 2 5 1 6 5 5 5 1 5 1 5 1 5 1 5 1 5 1 4 0 0 0 5 6 2 6 2 6 2 6 2 6 2 5 1 5 1 5 1 5 1 6 2 6 2 6 2
0 143 3 4 1 5 4 1 6 2 6 2 6 2 6 2 6 2 6 2 6 2 6 2 6 2 6 2 0 5 5 4 1 4 1 6 2 6 2 5 1 5 1 5 1 5 1 5 1 5 1 5 1 0 4 1 6 2 4 4 1 4 1 0 0 5 1 5 1 5 1 5 1 5 1 6 2 6 2 6 2 5 1 5 1 5 1 5 1 4 1 0 6 2 6 2 6 2 6 2 5 1 5 1 5 1 5 1 5 1 5 1 5 1 0 5 1 5 1 4 1 4 1 6 2 6 2 6 2 6 2 5 1 5 1 5 1 5 1 5 1 5 1 6 2
0 9 5 7 1 7 1 7 1 7 1
0 96 3 6 6 6 6 6 6 5 6 6 6 6 6 6 6 6 6 6 6 7 7 5 5 5 1 5 1 5 1 5 1 5 1 5 1 5 1 5 1 5 1 0 0 4 1 4 1 4 1 4 1 4 1 4 1 5 5 1 5 1 5 1 5 1 5 1 5 1 5 1 5 1 5 1 5 1 5 1 6 2 6 2 6 2 6 2 5 1 5 1 5 1 5 1 6 2
0 1 7
0 131 3 6 0 0 5 5 0 5 4 1 4 1 5 1 5 1 5 1 5 1 5 1 5 1 6 4 1 0 0 5 1 5 1 5 1 5 1 6 2 6 2 6 2 6 2 6 2 6 2 4 1 5 4 1 5 0 6 2 6 2 6 2 6 2 6 2 4 1 4 1 4 1 5 0 5 1 5 1 5 1 5 1 4 4 1 4 1 4 1 4 1 4 1 4 1 4 1 6 2 6 2 6 2 5 1 5 1 5 1 5 1 5 1 6 5 0 5 4 1 4 1 5 1 6 2 6 2 6 2 6 2
0 136 3 4 1 5 4 1 6 2 6 2 6 2 6 2 6 2 6 2 6 2 6 2 6 2 6 2 0 5 5 4 1 4 1 6 2 6 2 5 1 5 1 5 1 5 1 5 1 5 1 5 1 0 4 1 6 2 4 4 1 4 1 0 0 5 1 5 1 5 1 5 1 5 1 6 2 6 2 6 2 5 1 5 1 5 1 5 1 4 1 0 6 2 6 2 6 2 6 2 5 1 5 1 5 1 5 1 5 1 5 1 5 1 0 5 1 5 1 4 1 4 1 6 2 6 2 6 2 6 2 5 1 5 1 5 1 5
0 253 3 1 6 6 6 1 6 6 6 6 5 6 6 6 6 6 6 6 6 6 6 6 6 6 6 6 6 6 6 6 6 6 6 6 0 6 2 5 1 5 1 5 1 5 1 5 1 5 1 5 1 6 2 6 2 6 2 6 2 6 2 6 2 4 1 0 0 5 1 5 1 5 1 5 1 5 1 5 1 5 1 6 2 6 2 6 2 6 2 5 1 6 5 5 5 1 5 1 5 1 5 1 5 1 5 1 4 0 0 0 5 6 2 6 2 6 2 6 2 6 2 5 1 5 1 5 1 5 1 6 2 6 2 6 2 6 2 5 1 5 1 5 1 4 1 5 0 4 1 5 1 5 1 5 1 5 1 0 0 0 5 0 6 2 6 5 4 1 5 4 1 4 1 0 4 1 6 2 6 2 6 2 6 2 5 1 6 2 6 2 6 2 4 1 4 1 4 1 5 1 5 1 5 1 5 1 5 1 5 1 5 1 5 1 6 2 6 2 6 2 6 2 4 4 1 4 1 4 1 5 1 5 1 5 1 5 1 5 1 5 1 5 1 5 1 5 1 6 2 6 2 6 2
0 7 7 1 7 1 7 1 5
0 27 2 3 2 3 2 3 2 3 2 3 2 2 3 2 3 2 3 2 3 2 2 3 2 2 3 2 3
0 154 3 6 0 0 5 5 0 5 4 1 4 1 5 1 5 1 5 1 5 1 5 1 5 1 6 4 1 0 0 5 1 5 1 5 1 5 1 6 2 6 2 6 2 6 2 6 2 6 2 4 1 5 4 1 5 0 6 2 6 2 6 2 6 2 6 2 4 1 4 1 4 1 5 0 5 1 5 1 5 1 5 1 4 4 1 4 1 4 1 4 1 4 1 4 1 4 1 6 2 6 2 6 2 5 1 5 1 5 1 5 1 5 1 6 5 0 5 4 1 4 1 5 1 6 2 6 2 6 2 6 2 6 2 6 2 6 2 5 1 5 1 5 1 5 1 5 1 5 0 0 6 2 6 2
0 31 7 1 7 1 7 1 7 1 7 1 7 1 7 1 7 1 7 1 7 1 7 1 5 7 1 7 1 7 1 7 1
0 62 3 7 7 7 7 7 6 4 1 4 1 5 0 0 6 4 1 5 0 5 1 5 1 5 1 5 1 6 2 6 2 6 2 6 2 4 1 0 0 5 1 5 1 5 1 5 1 6 2 6 2 6 2 6 2 6 2 5 1 5 1 5
0 45 3 1 6 6 6 1 6 6 6 6 5 6 6 6 6 6 6 6 6 6 6 6 6 6 6 6 6 6 6 6 6 6 6 6 0 6 2 5 1 5 1 5 1 5 1
0 4 7 1 5 7
0 13 7 1 7 1 7 1 7 1 7 1 7 1 7
0 15 7 1 5 7 1 7 1 7 1 7 1 7 1 7 1
0 53 3 1 6 6 6 1 6 6 6 6 5 6 6 6 6 6 6 6 6 6 6 6 6 6 6 6 6 6 6 6 6 6 6 6 0 6 2 5 1 5 1 5 1 5 1 5 1 5 1 5 1 6 2
0 216 3 1 6 6 6 1 6 6 6 6 5 6 6 6 6 6 6 6 6 6 6 6 6 6 6 6 6 6 6 6 6 6 6 6 0 6 2 5 1 5 1 5 1 5 1 5 1 5 1 5 1 6 2 6 2 6 2 6 2 6 2 6 2 4 1 0 0 5 1 5 1 5 1 5 1 5 1 5 1 5 1 6 2 6 2 6 2 6 2 5 1 6 5 5 5 1 5 1 5 1 5 1 5 1 5 1 4 0 0 0 5 6 2 6 2 6 2 6 2 6 2 5 1 5 1 5 1 5 1 6 2 6 2 6 2 6 2 5 1 5 1 5 1 4 1 5 0 4 1 5 1 5 1 5 1 5 1 0 0 0 5 0 6 2 6 5 4 1 5 4 1 4 1 0 4 1 6 2 6 2 6 2 6 2 5 1 6 2 6 2 6 2 4 1 4 1 4 1 5 1 5 1 5 1 5 1 5 1 5 1 5 1 5 1 6 2
0 22 3 4 1 5 4 1 6 2 6 2 6 2 6 2 6 2 6 2 6 2 6 2
0 82 3 4 1 5 4 1 6 2 6 2 6 2 6 2 6 2 6 2 6 2 6 2 6 2 6 2 0 5 5 4 1 4 1 6 2 6 2 5 1 5 1 5 1 5 1 5 1 5 1 5 1 0 4 1 6 2 4 4 1 4 1 0 0 5 1 5 1 5 1 5 1 5 1 6 2 6 2 6 2 5 1 5
0 141 3 4 1 5 4 1 6 2 6 2 6 2 6 2 6 2 6 2 6 2 6 2 6 2 6 2 0 5 5 4 1 4 1 6 2 6 2 5 1 5 1 5 1 5 1 5 1 5 1 5 1 0 4 1 6 2 4 4 1 4 1 0 0 5 1 5 1 5 1 5 1 5 1 6 2 6 2 6 2 5 1 5 1 5 1 5 1 4 1 0 6 2 6 2 6 2 6 2 5 1 5 1 5 1 5 1 5 1 5 1 5 1 0 5 1 5 1 4 1 4 1 6 2 6 2 6 2 6 2 5 1 5 1 5 1 5 1 5 1 5 1
0 65 3 5 0 0 4 1 4 1 5 1 5 1 5 1 5 1 5 1 5 1 5 1 6 2 6 2 6 2 6 2 4 1 5 5 4 1 0 6 2 6 2 6 2 6 2 6 2 6 2 6 2 5 1 5 1 5 1 5 1 5 1 5 1 5 1
0 30 3 4 4 4 1 4 1 4 1 5 0 6 4 1 0 4 1 4 1 4 1 4 1 5 5 1 6 2 6 2
0 108 3 4 1 5 4 1 6 2 6 2 6 2 6 2 6 2 6 2 6 2 6 2 6 2 6 2 0 5 5 4 1 4 1 6 2 6 2 5 1 5 1 5 1 5 1 5 1 5 1 5 1 0 4 1 6 2 4 4 1 4 1 0 0 5 1 5 1 5 1 5 1 5 1 6 2 6 2 6 2 5 1 5 1 5 1 5 1 4 1 0 6 2 6 2 6 2 6 2 5 1 5 1 5 1 5 1 5 1
0 49 3 7 7 7 7 7 6 4 1 4 1 5 0 0 6 4 1 5 0 5 1 5 1 5 1 5 1 6 2 6 2 6 2 6 2 4 1 0 0 5 1 5 1 5 1 5 1 6 2
0 10 7 1 7 1 7 1 7 1 5 7
0 129 3 6 0 0 5 5 0 5 4 1 4 1 5 1 5 1 5 1 5 1 5 1 5 1 6 4 1 0 0 5 1 5 1 5 1 5 1 6 2 6 2 6 2 6 2 6 2 6 2 4 1 5 4 1 5 0 6 2 6 2 6 2 6 2 6 2 4 1 4 1 4 1 5 0 5 1 5 1 5 1 5 1 4 4 1 4 1 4 1 4 1 4 1 4 1 4 1 6 2 6 2 6 2 5 1 5 1 5 1 5 1 5 1 6 5 0 5 4 1 4 1 5 1 6 2 6 2 6 2
0 13 5 5 7 1 7 1 7 1 7 1 7 1 7
0 19 5 5 7 1 7 1 7 1 7 1 7 1 7 1 7 1 7 1 7
0 191 3 6 0 0 5 5 0 5 4 1 4 1 5 1 5 1 5 1 5 1 5 1 5 1 6 4 1 0 0 5 1 5 1 5 1 5 1 6 2 6 2 6 2 6 2 6 2 6 2 4 1 5 4 1 5 0 6 2 6 2 6 2 6 2 6 2 4 1 4 1 4 1 5 0 5 1 5 1 5 1 5 1 4 4 1 4 1 4 1 4 1 4 1 4 1 4 1 6 2 6 2 6 2 5 1 5 1 5 1 5 1 5 1 6 5 0 5 4 1 4 1 5 1 6 2 6 2 6 2 6 2 6 2 6 2 6 2 5 1 5 1 5 1 5 1 5 1 5 0 0 6 2 6 2 6 2 6 2 6 2 4 1 4 1 4 1 4 1 5 1 6 2 6 2 6 2 6 2 6 2 6 2 6 2 6 2 5 1 5 1 5
0 25 3 5 6 2 6 2 6 2 6 2 5 1 5 1 5 1 6 2 5 1 5 1 5 1 5
0 50 3 1 6 6 6 1 6 6 6 6 5 6 6 6 6 6 6 6 6 6 6 6 6 6 6 6 6 6 6 6 6 6 6 6 0 6 2 5 1 5 1 5 1 5 1 5 1 5 1 5
0 10 5 5 7 1 7 1 7 1 7 1
0 192 3 6 0 0 5 5 0 5 4 1 4 1 5 1 5 1 5 1 5 1 5 1 5 1 6 4 1 0 0 5 1 5 1 5 1 5 1 6 2 6 2 6 2 6 2 6 2 6 2 4 1 5 4 1 5 0 6 2 6 2 6 2 6 2 6 2 4 1 4 1 4 1 5 0 5 1 5 1 5 1 5 1 4 4 1 4 1 4 1 4 1 4 1 4 1 4 1 6 2 6 2 6 2 5 1 5 1 5 1 5 1 5 1 6 5 0 5 4 1 4 1 5 1 6 2 6 2 6 2 6 2 6 2 6 2 6 2 5 1 5 1 5 1 5 1 5 1 5 0 0 6 2 6 2 6 2 6 2 6 2 4 1 4 1 4 1 4 1 5 1 6 2 6 2 6 2 6 2 6 2 6 2 6 2 6 2 5 1 5 1 5 1
0 20 3 4 1 5 4 1 6 2 6 2 6 2 6 2 6 2 6 2 6 2
0 43 3 6 0 0 5 5 0 5 4 1 4 1 5 1 5 1 5 1 5 1 5 1 5 1 6 4 1 0 0 5 1 5 1 5 1 5 1 6 2 6 2 6 2
0 145 3 4 1 5 4 1 6 2 6 2 6 2 6 2 6 2 6 2 6 2 6 2 6 2 6 2 0 5 5 4 1 4 1 6 2 6 2 5 1 5 1 5 1 5 1 5 1 5 1 5 1 0 4 1 6 2 4 4 1 4 1 0 0 5 1 5 1 5 1 5 1 5 1 6 2 6 2 6 2 5 1 5 1 5 1 5 1 4 1 0 6 2 6 2 6 2 6 2 5 1 5 1 5 1 5 1 5 1 5 1 5 1 0 5 1 5 1 4 1 4 1 6 2 6 2 6 2 6 2 5 1 5 1 5 1 5 1 5 1 5 1 6 2 6 2
0 30 7 1 7 1 7 1 7 1 5 7 1 7 1 7 1 7 1 7 1 7 1 7 1 7 1 7 1 7 1 7
0 11 3 5 6 2 6 2 6 2 6 2 5
0 9 7 1 5 7 1 7 1 7 1
0 55 3 1 6 6 6 1 6 6 6 6 5 6 6 6 6 6 6 6 6 6 6 6 6 6 6 6 6 6 6 6 6 6 6 6 0 6 2 5 1 5 1 5 1 5 1 5 1 5 1 5 1 6 2 6 2
0 21 2 3 2 3 2 3 2 3 2 2 2 3 2 3 2 3 2 2 3 2 3
0 16 2 2 3 2 3 2 2 3 2 3 2 3 2 3 2 3
0 13 5 7 1 7 1 7 1 7 1 7 1 7 1
0 20 2 3 2 3 2 3 2 3 2 2 2 2 3 2 2 3 2 3 2 3
0 209 3 6 0 0 5 5 0 5 4 1 4 1 5 1 5 1 5 1 5 1 5 1 5 1 6 4 1 0 0 5 1 5 1 5 1 5 1 6 2 6 2 6 2 6 2 6 2 6 2 4 1 5 4 1 5 0 6 2 6 2 6 2 6 2 6 2 4 1 4 1 4 1 5 0 5 1 5 1 5 1 5 1 4 4 1 4 1 4 1 4 1 4 1 4 1 4 1 6 2 6 2 6 2 5 1 5 1 5 1 5 1 5 1 6 5 0 5 4 1 4 1 5 1 6 2 6 2 6 2 6 2 6 2 6 2 6 2 5 1 5 1 5 1 5 1 5 1 5 0 0 6 2 6 2 6 2 6 2 6 2 4 1 4 1 4 1 4 1 5 1 6 2 6 2 6 2 6 2 6 2 6 2 6 2 6 2 5 1 5 1 5 1 5 1 5 1 6 2 6 2 6 2 4 1 0 4 1 6 2
0 140 3 4 1 5 4 1 6 2 6 2 6 2 6 2 6 2 6 2 6 2 6 2 6 2 6 2 0 5 5 4 1 4 1 6 2 6 2 5 1 5 1 5 1 5 1 5 1 5 1 5 1 0 4 1 6 2 4 4 1 4 1 0 0 5 1 5 1 5 1 5 1 5 1 6 2 6 2 6 2 5 1 5 1 5 1 5 1 4 1 0 6 2 6 2 6 2 6 2 5 1 5 1 5 1 5 1 5 1 5 1 5 1 0 5 1 5 1 4 1 4 1 6 2 6 2 6 2 6 2 5 1 5 1 5 1 5 1 5 1 5
0 105 3 6 0 0 5 5 0 5 4 1 4 1 5 1 5 1 5 1 5 1 5 1 5 1 6 4 1 0 0 5 1 5 1 5 1 5 1 6 2 6 2 6 2 6 2 6 2 6 2 4 1 5 4 1 5 0 6 2 6 2 6 2 6 2 6 2 4 1 4 1 4 1 5 0 5 1 5 1 5 1 5 1 4 4 1 4 1 4 1 4 1 4 1 4 1 4 1 6 2 6 2 6 2 5 1
0 145 3 6 0 0 5 5 0 5 4 1 4 1 5 1 5 1 5 1 5 1 5 1 5 1 6 4 1 0 0 5 1 5 1 5 1 5 1 6 2 6 2 6 2 6 2 6 2 6 2 4 1 5 4 1 5 0 6 2 6 2 6 2 6 2 6 2 4 1 4 1 4 1 5 0 5 1 5 1 5 1 5 1 4 4 1 4 1 4 1 4 1 4 1 4 1 4 1 6 2 6 2 6 2 5 1 5 1 5 1 5 1 5 1 6 5 0 5 4 1 4 1 5 1 6 2 6 2 6 2 6 2 6 2 6 2 6 2 5 1 5 1 5 1 5 1
0 47 3 1 6 6 6 1 6 6 6 6 5 6 6 6 6 6 6 6 6 6 6 6 6 6 6 6 6 6 6 6 6 6 6 6 0 6 2 5 1 5 1 5 1 5 1 5 1
0 71 3 5 0 0 4 1 4 1 5 1 5 1 5 1 5 1 5 1 5 1 5 1 6 2 6 2 6 2 6 2 4 1 5 5 4 1 0 6 2 6 2 6 2 6 2 6 2 6 2 6 2 5 1 5 1 5 1 5 1 5 1 5 1 5 1 5 1 5 1 5 1
0 37 3 5 6 2 6 2 6 2 6 2 5 1 5 1 5 1 6 2 5 1 5 1 5 1 5 1 5 1 4 1 0 4 1 6 2 6 2
0 135 3 4 1 5 4 1 6 2 6 2 6 2 6 2 6 2 6 2 6 2 6 2 6 2 6 2 0 5 5 4 1 4 1 6 2 6 2 5 1 5 1 5 1 5 1 5 1 5 1 5 1 0 4 1 6 2 4 4 1 4 1 0 0 5 1 5 1 5 1 5 1 5 1 6 2 6 2 6 2 5 1 5 1 5 1 5 1 4 1 0 6 2 6 2 6 2 6 2 5 1 5 1 5 1 5 1 5 1 5 1 5 1 0 5 1 5 1 4 1 4 1 6 2 6 2 6 2 6 2 5 1 5 1 5 1
0 4 2 2 2 3
0 23 7 1 7 1 7 1 7 1 7 1 7 1 7 1 7 1 7 1 7 1 7 1 5
0 41 3 1 6 6 6 1 6 6 6 6 5 6 6 6 6 6 6 6 6 6 6 6 6 6 6 6 6 6 6 6 6 6 6 6 0 6 2 5 1 5 1
0 83 3 7 7 7 7 7 6 4 1 4 1 5 0 0 6 4 1 5 0 5 1 5 1 5 1 5 1 6 2 6 2 6 2 6 2 4 1 0 0 5 1 5 1 5 1 5 1 6 2 6 2 6 2 6 2 6 2 5 1 5 1 5 1 5 1 6 2 6 2 6 2 6 2 6 2 6 2 6 2 5 1 5 1
0 99 3 6 0 0 5 5 0 5 4 1 4 1 5 1 5 1 5 1 5 1 5 1 5 1 6 4 1 0 0 5 1 5 1 5 1 5 1 6 2 6 2 6 2 6 2 6 2 6 2 4 1 5 4 1 5 0 6 2 6 2 6 2 6 2 6 2 4 1 4 1 4 1 5 0 5 1 5 1 5 1 5 1 4 4 1 4 1 4 1 4 1 4 1 4 1 4 1 6 2
0 91 3 1 6 6 6 1 6 6 6 6 5 6 6 6 6 6 6 6 6 6 6 6 6 6 6 6 6 6 6 6 6 6 6 6 0 6 2 5 1 5 1 5 1 5 1 5 1 5 1 5 1 6 2 6 2 6 2 6 2 6 2 6 2 4 1 0 0 5 1 5 1 5 1 5 1 5 1 5 1 5 1 6 2 6 2 6 2 6 2 5 1
0 180 3 1 6 6 6 1 6 6 6 6 5 6 6 6 6 6 6 6 6 6 6 6 6 6 6 6 6 6 6 6 6 6 6 6 0 6 2 5 1 5 1 5 1 5 1 5 1 5 1 5 1 6 2 6 2 6 2 6 2 6 2 6 2 4 1 0 0 5 1 5 1 5 1 5 1 5 1 5 1 5 1 6 2 6 2 6 2 6 2 5 1 6 5 5 5 1 5 1 5 1 5 1 5 1 5 1 4 0 0 0 5 6 2 6 2 6 2 6 2 6 2 5 1 5 1 5 1 5 1 6 2 6 2 6 2 6 2 5 1 5 1 5 1 4 1 5 0 4 1 5 1 5 1 5 1 5 1 0 0 0 5 0 6 2 6 5 4 1 5 4 1 4 1 0 4 1 6 2 6 2
0 24 2 3 2 3 2 2 3 2 3 2 3 2 3 2 3 2 2 2 3 2 2 3 2 3
0 9 2 3 2 2 3 2 3 2 3
0 129 3 7 7 7 7 7 6 4 1 4 1 5 0 0 6 4 1 5 0 5 1 5 1 5 1 5 1 6 2 6 2 6 2 6 2 4 1 0 0 5 1 5 1 5 1 5 1 6 2 6 2 6 2 6 2 6 2 5 1 5 1 5 1 5 1 6 2 6 2 6 2 6 2 6 2 6 2 6 2 5 1 5 1 5 1 5 1 5 1 5 1 5 1 6 2 6 2 6 2 6 2 4 0 5 1 5 1 5 1 5 1 0 5 4 1 4 1 6 2 6 2 6 2 6 2 6 2 6 2
0 23 7 1 7 1 7 1 7 1 7 1 5 7 1 7 1 7 1 7 1 7 1 7 1
0 16 7 1 7 1 7 1 5 7 1 7 1 7 1 7 1 7
0 104 3 4 1 5 4 1 6 2 6 2 6 2 6 2 6 2 6 2 6 2 6 2 6 2 6 2 0 5 5 4 1 4 1 6 2 6 2 5 1 5 1 5 1 5 1 5 1 5 1 5 1 0 4 1 6 2 4 4 1 4 1 0 0 5 1 5 1 5 1 5 1 5 1 6 2 6 2 6 2 5 1 5 1 5 1 5 1 4 1 0 6 2 6 2 6 2 6 2 5 1 5 1 5 1
0 50 3 5 6 2 6 2 6 2 6 2 5 1 5 1 5 1 6 2 5 1 5 1 5 1 5 1 5 1 4 1 0 4 1 6 2 6 2 5 1 5 1 4 1 5 6 2 6 2 6 2
0 133 3 4 1 5 4 1 6 2 6 2 6 2 6 2 6 2 6 2 6 2 6 2 6 2 6 2 0 5 5 4 1 4 1 6 2 6 2 5 1 5 1 5 1 5 1 5 1 5 1 5 1 0 4 1 6 2 4 4 1 4 1 0 0 5 1 5 1 5 1 5 1 5 1 6 2 6 2 6 2 5 1 5 1 5 1 5 1 4 1 0 6 2 6 2 6 2 6 2 5 1 5 1 5 1 5 1 5 1 5 1 5 1 0 5 1 5 1 4 1 4 1 6 2 6 2 6 2 6 2 5 1 5 1
0 160 3 6 0 0 5 5 0 5 4 1 4 1 5 1 5 1 5 1 5 1 5 1 5 1 6 4 1 0 0 5 1 5 1 5 1 5 1 6 2 6 2 6 2 6 2 6 2 6 2 4 1 5 4 1 5 0 6 2 6 2 6 2 6 2 6 2 4 1 4 1 4 1 5 0 5 1 5 1 5 1 5 1 4 4 1 4 1 4 1 4 1 4 1 4 1 4 1 6 2 6 2 6 2 5 1 5 1 5 1 5 1 5 1 6 5 0 5 4 1 4 1 5 1 6 2 6 2 6 2 6 2 6 2 6 2 6 2 5 1 5 1 5 1 5 1 5 1 5 0 0 6 2 6 2 6 2 6 2 6 2
0 91 3 5 6 2 6 2 6 2 6 2 5 1 5 1 5 1 6 2 5 1 5 1 5 1 5 1 5 1 4 1 0 4 1 6 2 6 2 5 1 5 1 4 1 5 6 2 6 2 6 2 5 1 5 1 5 1 5 1 5 1 6 0 5 5 0 5 0 5 1 5 1 6 2 6 2 6 2 4 1 4 1 4 1 0 4 1 6 2 6 2 5
0 85 3 7 7 7 7 7 6 4 1 4 1 5 0 0 6 4 1 5 0 5 1 5 1 5 1 5 1 6 2 6 2 6 2 6 2 4 1 0 0 5 1 5 1 5 1 5 1 6 2 6 2 6 2 6 2 6 2 5 1 5 1 5 1 5 1 6 2 6 2 6 2 6 2 6 2 6 2 6 2 5 1 5 1 5 1
0 3 5 3 0
0 83 3 1 6 6 6 1 6 6 6 6 5 6 6 6 6 6 6 6 6 6 6 6 6 6 6 6 6 6 6 6 6 6 6 6 0 6 2 5 1 5 1 5 1 5 1 5 1 5 1 5 1 6 2 6 2 6 2 6 2 6 2 6 2 4 1 0 0 5 1 5 1 5 1 5 1 5 1 5 1 5 1 6 2
0 15 2 3 2 3 2 3 2 2 2 2 3 2 3 2 3
0 2 7 1
0 20 7 1 7 1 7 1 7 1 5 7 1 7 1 7 1 7 1 7 1 7
0 188 3 4 1 5 4 1 6 2 6 2 6 2 6 2 6 2 6 2 6 2 6 2 6 2 6 2 0 5 5 4 1 4 1 6 2 6 2 5 1 5 1 5 1 5 1 5 1 5 1 5 1 0 4 1 6 2 4 4 1 4 1 0 0 5 1 5 1 5 1 5 1 5 1 6 2 6 2 6 2 5 1 5 1 5 1 5 1 4 1 0 6 2 6 2 6 2 6 2 5 1 5 1 5 1 5 1 5 1 5 1 5 1 0 5 1 5 1 4 1 4 1 6 2 6 2 6 2 6 2 5 1 5 1 5 1 5 1 5 1 5 1 6 2 6 2 4 5 1 6 2 6 2 5 6 2 6 2 6 2 6 2 6 2 6 2 4 1 4 1 5 1 5 1 5 1 5 1 5 1 6 2 6 2 6 2 6 2 5
0 193 3 4 1 5 4 1 6 2 6 2 6 2 6 2 6 2 6 2 6 2 6 2 6 2 6 2 0 5 5 4 1 4 1 6 2 6 2 5 1 5 1 5 1 5 1 5 1 5 1 5 1 0 4 1 6 2 4 4 1 4 1 0 0 5 1 5 1 5 1 5 1 5 1 6 2 6 2 6 2 5 1 5 1 5 1 5 1 4 1 0 6 2 6 2 6 2 6 2 5 1 5 1 5 1 5 1 5 1 5 1 5 1 0 5 1 5 1 4 1 4 1 6 2 6 2 6 2 6 2 5 1 5 1 5 1 5 1 5 1 5 1 6 2 6 2 4 5 1 6 2 6 2 5 6 2 6 2 6 2 6 2 6 2 6 2 4 1 4 1 5 1 5 1 5 1 5 1 5 1 6 2 6 2 6 2 6 2 5 1 5 1 5 1
0 37 3 1 6 6 6 1 6 6 6 6 5 6 6 6 6 6 6 6 6 6 6 6 6 6 6 6 6 6 6 6 6 6 6 6 0 6 2
0 90 3 5 6 2 6 2 6 2 6 2 5 1 5 1 5 1 6 2 5 1 5 1 5 1 5 1 5 1 4 1 0 4 1 6 2 6 2 5 1 5 1 4 1 5 6 2 6 2 6 2 5 1 5 1 5 1 5 1 5 1 6 0 5 5 0 5 0 5 1 5 1 6 2 6 2 6 2 4 1 4 1 4 1 0 4 1 6 2 6 2
0 29 3 4 1 5 4 1 6 2 6 2 6 2 6 2 6 2 6 2 6 2 6 2 6 2 6 2 0 5 5
0 14 7 1 5 7 1 7 1 7 1 7 1 7 1 7
0 38 3 4 1 5 4 1 6 2 6 2 6 2 6 2 6 2 6 2 6 2 6 2 6 2 6 2 0 5 5 4 1 4 1 6 2 6 2 5
0 27 7 1 7 1 7 1 7 1 7 1 7 1 7 1 7 1 7 1 7 1 7 1 5 7 1 7 1
0 16 2 3 2 3 2 2 3 2 3 2 3 2 2 3 2 3
0 110 3 6 6 6 6 6 6 5 6 6 6 6 6 6 6 6 6 6 6 7 7 5 5 5 1 5 1 5 1 5 1 5 1 5 1 5 1 5 1 5 1 0 0 4 1 4 1 4 1 4 1 4 1 4 1 5 5 1 5 1 5 1 5 1 5 1 5 1 5 1 5 1 5 1 5 1 5 1 6 2 6 2 6 2 6 2 5 1 5 1 5 1 5 1 6 2 6 2 6 2 6 2 4 1 4 1 6 2 6 2
0 2 5 3
0 89 3 7 7 7 7 7 6 4 1 4 1 5 0 0 6 4 1 5 0 5 1 5 1 5 1 5 1 6 2 6 2 6 2 6 2 4 1 0 0 5 1 5 1 5 1 5 1 6 2 6 2 6 2 6 2 6 2 5 1 5 1 5 1 5 1 6 2 6 2 6 2 6 2 6 2 6 2 6 2 5 1 5 1 5 1 5 1 5 1
0 19 7 1 7 1 7 1 7 1 5 7 1 7 1 7 1 7 1 7 1
0 147 3 6 0 0 5 5 0 5 4 1 4 1 5 1 5 1 5 1 5 1 5 1 5 1 6 4 1 0 0 5 1 5 1 5 1 5 1 6 2 6 2 6 2 6 2 6 2 6 2 4 1 5 4 1 5 0 6 2 6 2 6 2 6 2 6 2 4 1 4 1 4 1 5 0 5 1 5 1 5 1 5 1 4 4 1 4 1 4 1 4 1 4 1 4 1 4 1 6 2 6 2 6 2 5 1 5 1 5 1 5 1 5 1 6 5 0 5 4 1 4 1 5 1 6 2 6 2 6 2 6 2 6 2 6 2 6 2 5 1 5 1 5 1 5 1 5 1
0 77 3 4 1 5 4 1 6 2 6 2 6 2 6 2 6 2 6 2 6 2 6 2 6 2 6 2 0 5 5 4 1 4 1 6 2 6 2 5 1 5 1 5 1 5 1 5 1 5 1 5 1 0 4 1 6 2 4 4 1 4 1 0 0 5 1 5 1 5 1 5 1 5 1 6 2 6 2
0 45 3 6 0 0 5 5 0 5 4 1 4 1 5 1 5 1 5 1 5 1 5 1 5 1 6 4 1 0 0 5 1 5 1 5 1 5 1 6 2 6 2 6 2 6 2
0 8 5 7 1 7 1 7 1 7
0 5 7 1 5 7 1
0 16 5 7 1 7 1 7 1 7 1 7 1 7 1 7 1 5
0 82 3 7 7 7 7 7 6 4 1 4 1 5 0 0 6 4 1 5 0 5 1 5 1 5 1 5 1 6 2 6 2 6 2 6 2 4 1 0 0 5 1 5 1 5 1 5 1 6 2 6 2 6 2 6 2 6 2 5 1 5 1 5 1 5 1 6 2 6 2 6 2 6 2 6 2 6 2 6 2 5 1 5
0 111 3 4 1 5 4 1 6 2 6 2 6 2 6 2 6 2 6 2 6 2 6 2 6 2 6 2 0 5 5 4 1 4 1 6 2 6 2 5 1 5 1 5 1 5 1 5 1 5 1 5 1 0 4 1 6 2 4 4 1 4 1 0 0 5 1 5 1 5 1 5 1 5 1 6 2 6 2 6 2 5 1 5 1 5 1 5 1 4 1 0 6 2 6 2 6 2 6 2 5 1 5 1 5 1 5 1 5 1 5 1 5
0 12 7 1 7 1 7 1 5 7 1 7 1 7
0 26 7 1 7 1 7 1 7 1 7 1 7 1 7 1 7 1 7 1 7 1 7 1 5 7 1 7
0 55 3 5 6 2 6 2 6 2 6 2 5 1 5 1 5 1 6 2 5 1 5 1 5 1 5 1 5 1 4 1 0 4 1 6 2 6 2 5 1 5 1 4 1 5 6 2 6 2 6 2 5 1 5 1 5
0 106 3 5 6 2 6 2 6 2 6 2 5 1 5 1 5 1 6 2 5 1 5 1 5 1 5 1 5 1 4 1 0 4 1 6 2 6 2 5 1 5 1 4 1 5 6 2 6 2 6 2 5 1 5 1 5 1 5 1 5 1 6 0 5 5 0 5 0 5 1 5 1 6 2 6 2 6 2 4 1 4 1 4 1 0 4 1 6 2 6 2 5 1 5 1 6 2 6 2 4 1 5 1 6 2 6 2
0 13 7 1 7 1 7 1 7 1 7 1 5 7 1
0 62 3 5 0 0 4 1 4 1 5 1 5 1 5 1 5 1 5 1 5 1 5 1 6 2 6 2 6 2 6 2 4 1 5 5 4 1 0 6 2 6 2 6 2 6 2 6 2 6 2 6 2 5 1 5 1 5 1 5 1 5 1 5
0 152 3 6 0 0 5 5 0 5 4 1 4 1 5 1 5 1 5 1 5 1 5 1 5 1 6 4 1 0 0 5 1 5 1 5 1 5 1 6 2 6 2 6 2 6 2 6 2 6 2 4 1 5 4 1 5 0 6 2 6 2 6 2 6 2 6 2 4 1 4 1 4 1 5 0 5 1 5 1 5 1 5 1 4 4 1 4 1 4 1 4 1 4 1 4 1 4 1 6 2 6 2 6 2 5 1 5 1 5 1 5 1 5 1 6 5 0 5 4 1 4 1 5 1 6 2 6 2 6 2 6 2 6 2 6 2 6 2 5 1 5 1 5 1 5 1 5 1 5 0 0 6 2
0 182 3 1 6 6 6 1 6 6 6 6 5 6 6 6 6 6 6 6 6 6 6 6 6 6 6 6 6 6 6 6 6 6 6 6 0 6 2 5 1 5 1 5 1 5 1 5 1 5 1 5 1 6 2 6 2 6 2 6 2 6 2 6 2 4 1 0 0 5 1 5 1 5 1 5 1 5 1 5 1 5 1 6 2 6 2 6 2 6 2 5 1 6 5 5 5 1 5 1 5 1 5 1 5 1 5 1 4 0 0 0 5 6 2 6 2 6 2 6 2 6 2 5 1 5 1 5 1 5 1 6 2 6 2 6 2 6 2 5 1 5 1 5 1 4 1 5 0 4 1 5 1 5 1 5 1 5 1 0 0 0 5 0 6 2 6 5 4 1 5 4 1 4 1 0 4 1 6 2 6 2 6 2
0 39 3 1 6 6 6 1 6 6 6 6 5 6 6 6 6 6 6 6 6 6 6 6 6 6 6 6 6 6 6 6 6 6 6 6 0 6 2 5 1
0 82 3 6 6 6 6 6 6 5 6 6 6 6 6 6 6 6 6 6 6 7 7 5 5 5 1 5 1 5 1 5 1 5 1 5 1 5 1 5 1 5 1 0 0 4 1 4 1 4 1 4 1 4 1 4 1 5 5 1 5 1 5 1 5 1 5 1 5 1 5 1 5 1 5 1 5 1 5 1 6 2 6 2
0 12 7 1 7 1 7 1 7 1 5 7 1 7
0 121 3 7 7 7 7 7 6 4 1 4 1 5 0 0 6 4 1 5 0 5 1 5 1 5 1 5 1 6 2 6 2 6 2 6 2 4 1 0 0 5 1 5 1 5 1 5 1 6 2 6 2 6 2 6 2 6 2 5 1 5 1 5 1 5 1 6 2 6 2 6 2 6 2 6 2 6 2 6 2 5 1 5 1 5 1 5 1 5 1 5 1 5 1 6 2 6 2 6 2 6 2 4 0 5 1 5 1 5 1 5 1 0 5 4 1 4 1 6 2 6 2
0 17 5 5 7 1 7 1 7 1 7 1 7 1 7 1 7 1 7
0 6 5 5 7 1 7 1
0 10 2 3 2 3 2 3 2 3 2 3
0 7 2 2 2 3 2 2 3
0 12 7 1 5 7 1 7 1 7 1 7 1 5
0 24 2 3 2 3 2 3 2 3 2 3 2 2 3 2 3 2 3 2 3 2 2 3 2 3
0 41 3 5 0 0 4 1 4 1 5 1 5 1 5 1 5 1 5 1 5 1 5 1 6 2 6 2 6 2 6 2 4 1 5 5 4 1 0 6 2 6 2
0 123 3 4 1 5 4 1 6 2 6 2 6 2 6 2 6 2 6 2 6 2 6 2 6 2 6 2 0 5 5 4 1 4 1 6 2 6 2 5 1 5 1 5 1 5 1 5 1 5 1 5 1 0 4 1 6 2 4 4 1 4 1 0 0 5 1 5 1 5 1 5 1 5 1 6 2 6 2 6 2 5 1 5 1 5 1 5 1 4 1 0 6 2 6 2 6 2 6 2 5 1 5 1 5 1 5 1 5 1 5 1 5 1 0 5 1 5 1 4 1 4 1 6 2
0 80 3 4 1 5 4 1 6 2 6 2 6 2 6 2 6 2 6 2 6 2 6 2 6 2 6 2 0 5 5 4 1 4 1 6 2 6 2 5 1 5 1 5 1 5 1 5 1 5 1 5 1 0 4 1 6 2 4 4 1 4 1 0 0 5 1 5 1 5 1 5 1 5 1 6 2 6 2 6 2 5
0 10 3 5 6 2 6 2 6 2 6 2
0 34 3 4 4 4 1 4 1 4 1 5 0 6 4 1 0 4 1 4 1 4 1 4 1 5 5 1 6 2 6 2 6 2 6 2
0 10 7 1 7 1 7 1 5 7 1 7
0 57 3 1 6 6 6 1 6 6 6 6 5 6 6 6 6 6 6 6 6 6 6 6 6 6 6 6 6 6 6 6 6 6 6 6 0 6 2 5 1 5 1 5 1 5 1 5 1 5 1 5 1 6 2 6 2 6 2
0 222 3 1 6 6 6 1 6 6 6 6 5 6 6 6 6 6 6 6 6 6 6 6 6 6 6 6 6 6 6 6 6 6 6 6 0 6 2 5 1 5 1 5 1 5 1 5 1 5 1 5 1 6 2 6 2 6 2 6 2 6 2 6 2 4 1 0 0 5 1 5 1 5 1 5 1 5 1 5 1 5 1 6 2 6 2 6 2 6 2 5 1 6 5 5 5 1 5 1 5 1 5 1 5 1 5 1 4 0 0 0 5 6 2 6 2 6 2 6 2 6 2 5 1 5 1 5 1 5 1 6 2 6 2 6 2 6 2 5 1 5 1 5 1 4 1 5 0 4 1 5 1 5 1 5 1 5 1 0 0 0 5 0 6 2 6 5 4 1 5 4 1 4 1 0 4 1 6 2 6 2 6 2 6 2 5 1 6 2 6 2 6 2 4 1 4 1 4 1 5 1 5 1 5 1 5 1 5 1 5 1 5 1 5 1 6 2 6 2 6 2 6 2
0 33 7 1 7 1 7 1 7 1 5 7 1 7 1 7 1 7 1 7 1 7 1 7 1 7 1 7 1 7 1 7 1 7 1
0 196 3 6 0 0 5 5 0 5 4 1 4 1 5 1 5 1 5 1 5 1 5 1 5 1 6 4 1 0 0 5 1 5 1 5 1 5 1 6 2 6 2 6 2 6 2 6 2 6 2 4 1 5 4 1 5 0 6 2 6 2 6 2 6 2 6 2 4 1 4 1 4 1 5 0 5 1 5 1 5 1 5 1 4 4 1 4 1 4 1 4 1 4 1 4 1 4 1 6 2 6 2 6 2 5 1 5 1 5 1 5 1 5 1 6 5 0 5 4 1 4 1 5 1 6 2 6 2 6 2 6 2 6 2 6 2 6 2 5 1 5 1 5 1 5 1 5 1 5 0 0 6 2 6 2 6 2 6 2 6 2 4 1 4 1 4 1 4 1 5 1 6 2 6 2 6 2 6 2 6 2 6 2 6 2 6 2 5 1 5 1 5 1 5 1 5 1
0 113 3 4 1 5 4 1 6 2 6 2 6 2 6 2 6 2 6 2 6 2 6 2 6 2 6 2 0 5 5 4 1 4 1 6 2 6 2 5 1 5 1 5 1 5 1 5 1 5 1 5 1 0 4 1 6 2 4 4 1 4 1 0 0 5 1 5 1 5 1 5 1 5 1 6 2 6 2 6 2 5 1 5 1 5 1 5 1 4 1 0 6 2 6 2 6 2 6 2 5 1 5 1 5 1 5 1 5 1 5 1 5 1 0
0 94 3 5 6 2 6 2 6 2 6 2 5 1 5 1 5 1 6 2 5 1 5 1 5 1 5 1 5 1 4 1 0 4 1 6 2 6 2 5 1 5 1 4 1 5 6 2 6 2 6 2 5 1 5 1 5 1 5 1 5 1 6 0 5 5 0 5 0 5 1 5 1 6 2 6 2 6 2 4 1 4 1 4 1 0 4 1 6 2 6 2 5 1 5 1
0 114 3 4 1 5 4 1 6 2 6 2 6 2 6 2 6 2 6 2 6 2 6 2 6 2 6 2 0 5 5 4 1 4 1 6 2 6 2 5 1 5 1 5 1 5 1 5 1 5 1 5 1 0 4 1 6 2 4 4 1 4 1 0 0 5 1 5 1 5 1 5 1 5 1 6 2 6 2 6 2 5 1 5 1 5 1 5 1 4 1 0 6 2 6 2 6 2 6 2 5 1 5 1 5 1 5 1 5 1 5 1 5 1 0 5
0 49 3 5 0 0 4 1 4 1 5 1 5 1 5 1 5 1 5 1 5 1 5 1 6 2 6 2 6 2 6 2 4 1 5 5 4 1 0 6 2 6 2 6 2 6 2 6 2 6 2
0 9 2 3 2 3 2 2 3 2 3
0 16 5 7 1 7 1 7 1 7 1 7 1 7 1 7 1 7
0 101 3 7 7 7 7 7 6 4 1 4 1 5 0 0 6 4 1 5 0 5 1 5 1 5 1 5 1 6 2 6 2 6 2 6 2 4 1 0 0 5 1 5 1 5 1 5 1 6 2 6 2 6 2 6 2 6 2 5 1 5 1 5 1 5 1 6 2 6 2 6 2 6 2 6 2 6 2 6 2 5 1 5 1 5 1 5 1 5 1 5 1 5 1 6 2 6 2 6 2 6 2
0 14 5 5 7 1 7 1 7 1 7 1 7 1 7 1
0 13 7 1 7 1 7 1 7 1 5 7 1 7 1
0 10 5 5 5 7 1 7 1 7 1 7
0 8 5 5 5 7 1 7 1 7
0 11 2 3 2 3 2 3 2 2 3 2 3
0 23 5 5 7 1 7 1 7 1 7 1 7 1 7 1 7 1 7 1 7 1 7 1 7
0 60 3 7 7 7 7 7 6 4 1 4 1 5 0 0 6 4 1 5 0 5 1 5 1 5 1 5 1 6 2 6 2 6 2 6 2 4 1 0 0 5 1 5 1 5 1 5 1 6 2 6 2 6 2 6 2 6 2 5 1 5
0 44 3 4 1 5 4 1 6 2 6 2 6 2 6 2 6 2 6 2 6 2 6 2 6 2 6 2 0 5 5 4 1 4 1 6 2 6 2 5 1 5 1 5 1 5
0 4 3 5 6 2
0 12 7 1 7 1 7 1 7 1 5 7 1 5
0 31 7 1 7 1 7 1 7 1 5 7 1 7 1 7 1 7 1 7 1 7 1 7 1 7 1 7 1 7 1 7 1
0 15 7 1 7 1 7 1 5 7 1 7 1 7 1 7 1
0 12 5 5 5 7 1 7 1 7 1 7 1 7
0 108 3 6 6 6 6 6 6 5 6 6 6 6 6 6 6 6 6 6 6 7 7 5 5 5 1 5 1 5 1 5 1 5 1 5 1 5 1 5 1 5 1 0 0 4 1 4 1 4 1 4 1 4 1 4 1 5 5 1 5 1 5 1 5 1 5 1 5 1 5 1 5 1 5 1 5 1 5 1 6 2 6 2 6 2 6 2 5 1 5 1 5 1 5 1 6 2 6 2 6 2 6 2 4 1 4 1 6 2
0 55 3 7 7 7 7 7 6 4 1 4 1 5 0 0 6 4 1 5 0 5 1 5 1 5 1 5 1 6 2 6 2 6 2 6 2 4 1 0 0 5 1 5 1 5 1 5 1 6 2 6 2 6 2 6 2
0 25 2 3 2 3 2 3 2 3 2 2 2 3 2 3 2 3 2 2 3 2 3 2 3 2 3
0 85 3 1 6 6 6 1 6 6 6 6 5 6 6 6 6 6 6 6 6 6 6 6 6 6 6 6 6 6 6 6 6 6 6 6 0 6 2 5 1 5 1 5 1 5 1 5 1 5 1 5 1 6 2 6 2 6 2 6 2 6 2 6 2 4 1 0 0 5 1 5 1 5 1 5 1 5 1 5 1 5 1 6 2 6 2
0 165 3 4 1 5 4 1 6 2 6 2 6 2 6 2 6 2 6 2 6 2 6 2 6 2 6 2 0 5 5 4 1 4 1 6 2 6 2 5 1 5 1 5 1 5 1 5 1 5 1 5 1 0 4 1 6 2 4 4 1 4 1 0 0 5 1 5 1 5 1 5 1 5 1 6 2 6 2 6 2 5 1 5 1 5 1 5 1 4 1 0 6 2 6 2 6 2 6 2 5 1 5 1 5 1 5 1 5 1 5 1 5 1 0 5 1 5 1 4 1 4 1 6 2 6 2 6 2 6 2 5 1 5 1 5 1 5 1 5 1 5 1 6 2 6 2 4 5 1 6 2 6 2 5 6 2 6 2 6 2 6 2 6 2 6 2
0 22 2 3 2 3 2 3 2 3 2 3 2 2 3 2 3 2 3 2 3 2 2 3
0 12 7 1 7 1 7 1 7 1 7 1 5 5
0 92 3 6 6 6 6 6 6 5 6 6 6 6 6 6 6 6 6 6 6 7 7 5 5 5 1 5 1 5 1 5 1 5 1 5 1 5 1 5 1 5 1 0 0 4 1 4 1 4 1 4 1 4 1 4 1 5 5 1 5 1 5 1 5 1 5 1 5 1 5 1 5 1 5 1 5 1 5 1 6 2 6 2 6 2 6 2 5 1 5 1 5 1
0 88 3 7 7 7 7 7 6 4 1 4 1 5 0 0 6 4 1 5 0 5 1 5 1 5 1 5 1 6 2 6 2 6 2 6 2 4 1 0 0 5 1 5 1 5 1 5 1 6 2 6 2 6 2 6 2 6 2 5 1 5 1 5 1 5 1 6 2 6 2 6 2 6 2 6 2 6 2 6 2 5 1 5 1 5 1 5 1 5
0 26 7 1 7 1 7 1 7 1 7 1 7 1 7 1 7 1 7 1 7 1 7 1 7 1 7 1
0 128 3 1 6 6 6 1 6 6 6 6 5 6 6 6 6 6 6 6 6 6 6 6 6 6 6 6 6 6 6 6 6 6 6 6 0 6 2 5 1 5 1 5 1 5 1 5 1 5 1 5 1 6 2 6 2 6 2 6 2 6 2 6 2 4 1 0 0 5 1 5 1 5 1 5 1 5 1 5 1 5 1 6 2 6 2 6 2 6 2 5 1 6 5 5 5 1 5 1 5 1 5 1 5 1 5 1 4 0 0 0 5 6 2 6 2 6 2 6 2 6 2 5 1 5 1 5 1 5
0 125 3 6 0 0 5 5 0 5 4 1 4 1 5 1 5 1 5 1 5 1 5 1 5 1 6 4 1 0 0 5 1 5 1 5 1 5 1 6 2 6 2 6 2 6 2 6 2 6 2 4 1 5 4 1 5 0 6 2 6 2 6 2 6 2 6 2 4 1 4 1 4 1 5 0 5 1 5 1 5 1 5 1 4 4 1 4 1 4 1 4 1 4 1 4 1 4 1 6 2 6 2 6 2 5 1 5 1 5 1 5 1 5 1 6 5 0 5 4 1 4 1 5 1 6 2
0 202 3 6 0 0 5 5 0 5 4 1 4 1 5 1 5 1 5 1 5 1 5 1 5 1 6 4 1 0 0 5 1 5 1 5 1 5 1 6 2 6 2 6 2 6 2 6 2 6 2 4 1 5 4 1 5 0 6 2 6 2 6 2 6 2 6 2 4 1 4 1 4 1 5 0 5 1 5 1 5 1 5 1 4 4 1 4 1 4 1 4 1 4 1 4 1 4 1 6 2 6 2 6 2 5 1 5 1 5 1 5 1 5 1 6 5 0 5 4 1 4 1 5 1 6 2 6 2 6 2 6 2 6 2 6 2 6 2 5 1 5 1 5 1 5 1 5 1 5 0 0 6 2 6 2 6 2 6 2 6 2 4 1 4 1 4 1 4 1 5 1 6 2 6 2 6 2 6 2 6 2 6 2 6 2 6 2 5 1 5 1 5 1 5 1 5 1 6 2 6 2 6 2
0 58 3 5 6 2 6 2 6 2 6 2 5 1 5 1 5 1 6 2 5 1 5 1 5 1 5 1 5 1 4 1 0 4 1 6 2 6 2 5 1 5 1 4 1 5 6 2 6 2 6 2 5 1 5 1 5 1 5 1
0 5 2 2 3 2 3
0 42 3 1 6 6 6 1 6 6 6 6 5 6 6 6 6 6 6 6 6 6 6 6 6 6 6 6 6 6 6 6 6 6 6 6 0 6 2 5 1 5 1 5
0 23 3 5 6 2 6 2 6 2 6 2 5 1 5 1 5 1 6 2 5 1 5 1 5
0 184 3 6 0 0 5 5 0 5 4 1 4 1 5 1 5 1 5 1 5 1 5 1 5 1 6 4 1 0 0 5 1 5 1 5 1 5 1 6 2 6 2 6 2 6 2 6 2 6 2 4 1 5 4 1 5 0 6 2 6 2 6 2 6 2 6 2 4 1 4 1 4 1 5 0 5 1 5 1 5 1 5 1 4 4 1 4 1 4 1 4 1 4 1 4 1 4 1 6 2 6 2 6 2 5 1 5 1 5 1 5 1 5 1 6 5 0 5 4 1 4 1 5 1 6 2 6 2 6 2 6 2 6 2 6 2 6 2 5 1 5 1 5 1 5 1 5 1 5 0 0 6 2 6 2 6 2 6 2 6 2 4 1 4 1 4 1 4 1 5 1 6 2 6 2 6 2 6 2 6 2 6 2 6 2
0 15 5 5 7 1 7 1 7 1 7 1 7 1 7 1 7
0 125 3 7 7 7 7 7 6 4 1 4 1 5 0 0 6 4 1 5 0 5 1 5 1 5 1 5 1 6 2 6 2 6 2 6 2 4 1 0 0 5 1 5 1 5 1 5 1 6 2 6 2 6 2 6 2 6 2 5 1 5 1 5 1 5 1 6 2 6 2 6 2 6 2 6 2 6 2 6 2 5 1 5 1 5 1 5 1 5 1 5 1 5 1 6 2 6 2 6 2 6 2 4 0 5 1 5 1 5 1 5 1 0 5 4 1 4 1 6 2 6 2 6 2 6 2
0 35 3 5 6 2 6 2 6 2 6 2 5 1 5 1 5 1 6 2 5 1 5 1 5 1 5 1 5 1 4 1 0 4 1 6 2
0 186 3 6 0 0 5 5 0 5 4 1 4 1 5 1 5 1 5 1 5 1 5 1 5 1 6 4 1 0 0 5 1 5 1 5 1 5 1 6 2 6 2 6 2 6 2 6 2 6 2 4 1 5 4 1 5 0 6 2 6 2 6 2 6 2 6 2 4 1 4 1 4 1 5 0 5 1 5 1 5 1 5 1 4 4 1 4 1 4 1 4 1 4 1 4 1 4 1 6 2 6 2 6 2 5 1 5 1 5 1 5 1 5 1 6 5 0 5 4 1 4 1 5 1 6 2 6 2 6 2 6 2 6 2 6 2 6 2 5 1 5 1 5 1 5 1 5 1 5 0 0 6 2 6 2 6 2 6 2 6 2 4 1 4 1 4 1 4 1 5 1 6 2 6 2 6 2 6 2 6 2 6 2 6 2 6 2
0 7 7 1 7 1 7 1 7
0 46 3 4 1 5 4 1 6 2 6 2 6 2 6 2 6 2 6 2 6 2 6 2 6 2 6 2 0 5 5 4 1 4 1 6 2 6 2 5 1 5 1 5 1 5 1 5
0 112 3 6 0 0 5 5 0 5 4 1 4 1 5 1 5 1 5 1 5 1 5 1 5 1 6 4 1 0 0 5 1 5 1 5 1 5 1 6 2 6 2 6 2 6 2 6 2 6 2 4 1 5 4 1 5 0 6 2 6 2 6 2 6 2 6 2 4 1 4 1 4 1 5 0 5 1 5 1 5 1 5 1 4 4 1 4 1 4 1 4 1 4 1 4 1 4 1 6 2 6 2 6 2 5 1 5 1 5 1 5 1 5
0 58 3 5 0 0 4 1 4 1 5 1 5 1 5 1 5 1 5 1 5 1 5 1 6 2 6 2 6 2 6 2 4 1 5 5 4 1 0 6 2 6 2 6 2 6 2 6 2 6 2 6 2 5 1 5 1 5 1 5
0 119 3 1 6 6 6 1 6 6 6 6 5 6 6 6 6 6 6 6 6 6 6 6 6 6 6 6 6 6 6 6 6 6 6 6 0 6 2 5 1 5 1 5 1 5 1 5 1 5 1 5 1 6 2 6 2 6 2 6 2 6 2 6 2 4 1 0 0 5 1 5 1 5 1 5 1 5 1 5 1 5 1 6 2 6 2 6 2 6 2 5 1 6 5 5 5 1 5 1 5 1 5 1 5 1 5 1 4 0 0 0 5 6 2 6 2 6 2 6 2
0 42 3 4 1 5 4 1 6 2 6 2 6 2 6 2 6 2 6 2 6 2 6 2 6 2 6 2 0 5 5 4 1 4 1 6 2 6 2 5 1 5 1 5
0 54 3 5 6 2 6 2 6 2 6 2 5 1 5 1 5 1 6 2 5 1 5 1 5 1 5 1 5 1 4 1 0 4 1 6 2 6 2 5 1 5 1 4 1 5 6 2 6 2 6 2 5 1 5 1
0 33 7 1 7 1 7 1 7 1 7 1 7 1 7 1 7 1 7 1 7 1 7 1 7 1 7 1 7 1 7 1 7 1 7
0 27 2 3 2 2 3 2 3 2 3 2 3 2 3 2 2 3 2 3 2 3 2 3 2 2 3 2 3
0 106 3 6 0 0 5 5 0 5 4 1 4 1 5 1 5 1 5 1 5 1 5 1 5 1 6 4 1 0 0 5 1 5 1 5 1 5 1 6 2 6 2 6 2 6 2 6 2 6 2 4 1 5 4 1 5 0 6 2 6 2 6 2 6 2 6 2 4 1 4 1 4 1 5 0 5 1 5 1 5 1 5 1 4 4 1 4 1 4 1 4 1 4 1 4 1 4 1 6 2 6 2 6 2 5 1 5
0 251 3 1 6 6 6 1 6 6 6 6 5 6 6 6 6 6 6 6 6 6 6 6 6 6 6 6 6 6 6 6 6 6 6 6 0 6 2 5 1 5 1 5 1 5 1 5 1 5 1 5 1 6 2 6 2 6 2 6 2 6 2 6 2 4 1 0 0 5 1 5 1 5 1 5 1 5 1 5 1 5 1 6 2 6 2 6 2 6 2 5 1 6 5 5 5 1 5 1 5 1 5 1 5 1 5 1 4 0 0 0 5 6 2 6 2 6 2 6 2 6 2 5 1 5 1 5 1 5 1 6 2 6 2 6 2 6 2 5 1 5 1 5 1 4 1 5 0 4 1 5 1 5 1 5 1 5 1 0 0 0 5 0 6 2 6 5 4 1 5 4 1 4 1 0 4 1 6 2 6 2 6 2 6 2 5 1 6 2 6 2 6 2 4 1 4 1 4 1 5 1 5 1 5 1 5 1 5 1 5 1 5 1 5 1 6 2 6 2 6 2 6 2 4 4 1 4 1 4 1 5 1 5 1 5 1 5 1 5 1 5 1 5 1 5 1 5 1 6 2 6 2
0 9 5 5 5 7 1 7 1 7 1
0 21 7 1 7 1 7 1 7 1 7 1 5 7 1 7 1 7 1 7 1 7 1
0 52 3 5 6 2 6 2 6 2 6 2 5 1 5 1 5 1 6 2 5 1 5 1 5 1 5 1 5 1 4 1 0 4 1 6 2 6 2 5 1 5 1 4 1 5 6 2 6 2 6 2 5 1
0 23 2 3 2 3 2 3 2 3 2 2 2 3 2 3 2 3 2 2 3 2 3 2 3
0 9 5 5 7 1 7 1 7 1 7
0 182 3 6 0 0 5 5 0 5 4 1 4 1 5 1 5 1 5 1 5 1 5 1 5 1 6 4 1 0 0 5 1 5 1 5 1 5 1 6 2 6 2 6 2 6 2 6 2 6 2 4 1 5 4 1 5 0 6 2 6 2 6 2 6 2 6 2 4 1 4 1 4 1 5 0 5 1 5 1 5 1 5 1 4 4 1 4 1 4 1 4 1 4 1 4 1 4 1 6 2 6 2 6 2 5 1 5 1 5 1 5 1 5 1 6 5 0 5 4 1 4 1 5 1 6 2 6 2 6 2 6 2 6 2 6 2 6 2 5 1 5 1 5 1 5 1 5 1 5 0 0 6 2 6 2 6 2 6 2 6 2 4 1 4 1 4 1 4 1 5 1 6 2 6 2 6 2 6 2 6 2 6 2
0 5 7 1 7 1 5
0 32 2 3 2 2 3 2 3 2 3 2 3 2 3 2 2 3 2 3 2 3 2 3 2 2 3 2 3 2 3 2 2 3
0 30 7 1 7 1 7 1 7 1 7 1 7 1 7 1 7 1 7 1 7 1 7 1 5 7 1 7 1 7 1 7
0 20 7 1 7 1 7 1 5 7 1 7 1 7 1 7 1 7 1 7 1 7
0 61 3 1 6 6 6 1 6 6 6 6 5 6 6 6 6 6 6 6 6 6 6 6 6 6 6 6 6 6 6 6 6 6 6 6 0 6 2 5 1 5 1 5 1 5 1 5 1 5 1 5 1 6 2 6 2 6 2 6 2 6 2
0 24 5 5 7 1 7 1 7 1 7 1 7 1 7 1 7 1 7 1 7 1 7 1 7 1
0 14 2 3 2 3 2 2 3 2 3 2 2 3 2 3
0 84 3 7 7 7 7 7 6 4 1 4 1 5 0 0 6 4 1 5 0 5 1 5 1 5 1 5 1 6 2 6 2 6 2 6 2 4 1 0 0 5 1 5 1 5 1 5 1 6 2 6 2 6 2 6 2 6 2 5 1 5 1 5 1 5 1 6 2 6 2 6 2 6 2 6 2 6 2 6 2 5 1 5 1 5
0 77 3 5 6 2 6 2 6 2 6 2 5 1 5 1 5 1 6 2 5 1 5 1 5 1 5 1 5 1 4 1 0 4 1 6 2 6 2 5 1 5 1 4 1 5 6 2 6 2 6 2 5 1 5 1 5 1 5 1 5 1 6 0 5 5 0 5 0 5 1 5 1 6 2 6 2 6 2
0 88 3 5 6 2 6 2 6 2 6 2 5 1 5 1 5 1 6 2 5 1 5 1 5 1 5 1 5 1 4 1 0 4 1 6 2 6 2 5 1 5 1 4 1 5 6 2 6 2 6 2 5 1 5 1 5 1 5 1 5 1 6 0 5 5 0 5 0 5 1 5 1 6 2 6 2 6 2 4 1 4 1 4 1 0 4 1 6 2
0 190 3 4 1 5 4 1 6 2 6 2 6 2 6 2 6 2 6 2 6 2 6 2 6 2 6 2 0 5 5 4 1 4 1 6 2 6 2 5 1 5 1 5 1 5 1 5 1 5 1 5 1 0 4 1 6 2 4 4 1 4 1 0 0 5 1 5 1 5 1 5 1 5 1 6 2 6 2 6 2 5 1 5 1 5 1 5 1 4 1 0 6 2 6 2 6 2 6 2 5 1 5 1 5 1 5 1 5 1 5 1 5 1 0 5 1 5 1 4 1 4 1 6 2 6 2 6 2 6 2 5 1 5 1 5 1 5 1 5 1 5 1 6 2 6 2 4 5 1 6 2 6 2 5 6 2 6 2 6 2 6 2 6 2 6 2 4 1 4 1 5 1 5 1 5 1 5 1 5 1 6 2 6 2 6 2 6 2 5 1 5
0 104 3 5 6 2 6 2 6 2 6 2 5 1 5 1 5 1 6 2 5 1 5 1 5 1 5 1 5 1 4 1 0 4 1 6 2 6 2 5 1 5 1 4 1 5 6 2 6 2 6 2 5 1 5 1 5 1 5 1 5 1 6 0 5 5 0 5 0 5 1 5 1 6 2 6 2 6 2 4 1 4 1 4 1 0 4 1 6 2 6 2 5 1 5 1 6 2 6 2 4 1 5 1 6 2
0 59 3 5 0 0 4 1 4 1 5 1 5 1 5 1 5 1 5 1 5 1 5 1 6 2 6 2 6 2 6 2 4 1 5 5 4 1 0 6 2 6 2 6 2 6 2 6 2 6 2 6 2 5 1 5 1 5 1 5 1
0 123 3 1 6 6 6 1 6 6 6 6 5 6 6 6 6 6 6 6 6 6 6 6 6 6 6 6 6 6 6 6 6 6 6 6 0 6 2 5 1 5 1 5 1 5 1 5 1 5 1 5 1 6 2 6 2 6 2 6 2 6 2 6 2 4 1 0 0 5 1 5 1 5 1 5 1 5 1 5 1 5 1 6 2 6 2 6 2 6 2 5 1 6 5 5 5 1 5 1 5 1 5 1 5 1 5 1 4 0 0 0 5 6 2 6 2 6 2 6 2 6 2 5 1
0 192 3 1 6 6 6 1 6 6 6 6 5 6 6 6 6 6 6 6 6 6 6 6 6 6 6 6 6 6 6 6 6 6 6 6 0 6 2 5 1 5 1 5 1 5 1 5 1 5 1 5 1 6 2 6 2 6 2 6 2 6 2 6 2 4 1 0 0 5 1 5 1 5 1 5 1 5 1 5 1 5 1 6 2 6 2 6 2 6 2 5 1 6 5 5 5 1 5 1 5 1 5 1 5 1 5 1 4 0 0 0 5 6 2 6 2 6 2 6 2 6 2 5 1 5 1 5 1 5 1 6 2 6 2 6 2 6 2 5 1 5 1 5 1 4 1 5 0 4 1 5 1 5 1 5 1 5 1 0 0 0 5 0 6 2 6 5 4 1 5 4 1 4 1 0 4 1 6 2 6 2 6 2 6 2 5 1 6 2 6 2 6 2
0 19 5 7 1 7 1 7 1 7 1 7 1 7 1 7 1 7 1 7 1
0 29 7 1 7 1 7 1 7 1 7 1 7 1 7 1 7 1 7 1 7 1 7 1 5 7 1 7 1 7 1
0 57 3 5 0 0 4 1 4 1 5 1 5 1 5 1 5 1 5 1 5 1 5 1 6 2 6 2 6 2 6 2 4 1 5 5 4 1 0 6 2 6 2 6 2 6 2 6 2 6 2 6 2 5 1 5 1 5 1
0 190 3 1 6 6 6 1 6 6 6 6 5 6 6 6 6 6 6 6 6 6 6 6 6 6 6 6 6 6 6 6 6 6 6 6 0 6 2 5 1 5 1 5 1 5 1 5 1 5 1 5 1 6 2 6 2 6 2 6 2 6 2 6 2 4 1 0 0 5 1 5 1 5 1 5 1 5 1 5 1 5 1 6 2 6 2 6 2 6 2 5 1 6 5 5 5 1 5 1 5 1 5 1 5 1 5 1 4 0 0 0 5 6 2 6 2 6 2 6 2 6 2 5 1 5 1 5 1 5 1 6 2 6 2 6 2 6 2 5 1 5 1 5 1 4 1 5 0 4 1 5 1 5 1 5 1 5 1 0 0 0 5 0 6 2 6 5 4 1 5 4 1 4 1 0 4 1 6 2 6 2 6 2 6 2 5 1 6 2 6 2
0 4 7 1 7 1
0 26 3 5 0 0 4 1 4 1 5 1 5 1 5 1 5 1 5 1 5 1 5 1 6 2 6 2
0 14 2 3 2 3 2 3 2 3 2 2 2 3 2 3
0 178 3 1 6 6 6 1 6 6 6 6 5 6 6 6 6 6 6 6 6 6 6 6 6 6 6 6 6 6 6 6 6 6 6 6 0 6 2 5 1 5 1 5 1 5 1 5 1 5 1 5 1 6 2 6 2 6 2 6 2 6 2 6 2 4 1 0 0 5 1 5 1 5 1 5 1 5 1 5 1 5 1 6 2 6 2 6 2 6 2 5 1 6 5 5 5 1 5 1 5 1 5 1 5 1 5 1 4 0 0 0 5 6 2 6 2 6 2 6 2 6 2 5 1 5 1 5 1 5 1 6 2 6 2 6 2 6 2 5 1 5 1 5 1 4 1 5 0 4 1 5 1 5 1 5 1 5 1 0 0 0 5 0 6 2 6 5 4 1 5 4 1 4 1 0 4 1 6 2
0 77 3 7 7 7 7 7 6 4 1 4 1 5 0 0 6 4 1 5 0 5 1 5 1 5 1 5 1 6 2 6 2 6 2 6 2 4 1 0 0 5 1 5 1 5 1 5 1 6 2 6 2 6 2 6 2 6 2 5 1 5 1 5 1 5 1 6 2 6 2 6 2 6 2 6 2 6 2
0 48 3 4 1 5 4 1 6 2 6 2 6 2 6 2 6 2 6 2 6 2 6 2 6 2 6 2 0 5 5 4 1 4 1 6 2 6 2 5 1 5 1 5 1 5 1 5 1 5
0 139 3 6 0 0 5 5 0 5 4 1 4 1 5 1 5 1 5 1 5 1 5 1 5 1 6 4 1 0 0 5 1 5 1 5 1 5 1 6 2 6 2 6 2 6 2 6 2 6 2 4 1 5 4 1 5 0 6 2 6 2 6 2 6 2 6 2 4 1 4 1 4 1 5 0 5 1 5 1 5 1 5 1 4 4 1 4 1 4 1 4 1 4 1 4 1 4 1 6 2 6 2 6 2 5 1 5 1 5 1 5 1 5 1 6 5 0 5 4 1 4 1 5 1 6 2 6 2 6 2 6 2 6 2 6 2 6 2 5 1
0 13 5 5 7 1 7 1 7 1 7 1 7 1 5
0 103 3 4 1 5 4 1 6 2 6 2 6 2 6 2 6 2 6 2 6 2 6 2 6 2 6 2 0 5 5 4 1 4 1 6 2 6 2 5 1 5 1 5 1 5 1 5 1 5 1 5 1 0 4 1 6 2 4 4 1 4 1 0 0 5 1 5 1 5 1 5 1 5 1 6 2 6 2 6 2 5 1 5 1 5 1 5 1 4 1 0 6 2 6 2 6 2 6 2 5 1 5 1 5
0 14 7 1 7 1 7 1 5 7 1 7 1 7 1 7
0 26 2 3 2 3 2 2 3 2 3 2 3 2 3 2 3 2 2 2 3 2 2 3 2 3 2 3
0 12 5 5 7 1 7 1 7 1 7 1 7 1
0 11 7 1 5 7 1 7 1 7 1 7 1
0 102 3 6 6 6 6 6 6 5 6 6 6 6 6 6 6 6 6 6 6 7 7 5 5 5 1 5 1 5 1 5 1 5 1 5 1 5 1 5 1 5 1 0 0 4 1 4 1 4 1 4 1 4 1 4 1 5 5 1 5 1 5 1 5 1 5 1 5 1 5 1 5 1 5 1 5 1 5 1 6 2 6 2 6 2 6 2 5 1 5 1 5 1 5 1 6 2 6 2 6 2 6 2
0 27 3 5 6 2 6 2 6 2 6 2 5 1 5 1 5 1 6 2 5 1 5 1 5 1 5 1 5
0 258 3 1 6 6 6 1 6 6 6 6 5 6 6 6 6 6 6 6 6 6 6 6 6 6 6 6 6 6 6 6 6 6 6 6 0 6 2 5 1 5 1 5 1 5 1 5 1 5 1 5 1 6 2 6 2 6 2 6 2 6 2 6 2 4 1 0 0 5 1 5 1 5 1 5 1 5 1 5 1 5 1 6 2 6 2 6 2 6 2 5 1 6 5 5 5 1 5 1 5 1 5 1 5 1 5 1 4 0 0 0 5 6 2 6 2 6 2 6 2 6 2 5 1 5 1 5 1 5 1 6 2 6 2 6 2 6 2 5 1 5 1 5 1 4 1 5 0 4 1 5 1 5 1 5 1 5 1 0 0 0 5 0 6 2 6 5 4 1 5 4 1 4 1 0 4 1 6 2 6 2 6 2 6 2 5 1 6 2 6 2 6 2 4 1 4 1 4 1 5 1 5 1 5 1 5 1 5 1 5 1 5 1 5 1 6 2 6 2 6 2 6 2 4 4 1 4 1 4 1 5 1 5 1 5 1 5 1 5 1 5 1 5 1 5 1 5 1 6 2 6 2 6 2 5 1 5 1 5
0 23 7 1 7 1 7 1 7 1 7 1 7 1 7 1 7 1 7 1 7 1 7 1 7
0 11 7 1 7 1 7 1 7 1 5 7 1
0 195 3 4 1 5 4 1 6 2 6 2 6 2 6 2 6 2 6 2 6 2 6 2 6 2 6 2 0 5 5 4 1 4 1 6 2 6 2 5 1 5 1 5 1 5 1 5 1 5 1 5 1 0 4 1 6 2 4 4 1 4 1 0 0 5 1 5 1 5 1 5 1 5 1 6 2 6 2 6 2 5 1 5 1 5 1 5 1 4 1 0 6 2 6 2 6 2 6 2 5 1 5 1 5 1 5 1 5 1 5 1 5 1 0 5 1 5 1 4 1 4 1 6 2 6 2 6 2 6 2 5 1 5 1 5 1 5 1 5 1 5 1 6 2 6 2 4 5 1 6 2 6 2 5 6 2 6 2 6 2 6 2 6 2 6 2 4 1 4 1 5 1 5 1 5 1 5 1 5 1 6 2 6 2 6 2 6 2 5 1 5 1 5 1 6 2
0 17 7 1 7 1 7 1 7 1 5 7 1 7 1 7 1 7 1
0 254 3 1 6 6 6 1 6 6 6 6 5 6 6 6 6 6 6 6 6 6 6 6 6 6 6 6 6 6 6 6 6 6 6 6 0 6 2 5 1 5 1 5 1 5 1 5 1 5 1 5 1 6 2 6 2 6 2 6 2 6 2 6 2 4 1 0 0 5 1 5 1 5 1 5 1 5 1 5 1 5 1 6 2 6 2 6 2 6 2 5 1 6 5 5 5 1 5 1 5 1 5 1 5 1 5 1 4 0 0 0 5 6 2 6 2 6 2 6 2 6 2 5 1 5 1 5 1 5 1 6 2 6 2 6 2 6 2 5 1 5 1 5 1 4 1 5 0 4 1 5 1 5 1 5 1 5 1 0 0 0 5 0 6 2 6 5 4 1 5 4 1 4 1 0 4 1 6 2 6 2 6 2 6 2 5 1 6 2 6 2 6 2 4 1 4 1 4 1 5 1 5 1 5 1 5 1 5 1 5 1 5 1 5 1 6 2 6 2 6 2 6 2 4 4 1 4 1 4 1 5 1 5 1 5 1 5 1 5 1 5 1 5 1 5 1 5 1 6 2 6 2 6 2 5
0 186 3 1 6 6 6 1 6 6 6 6 5 6 6 6 6 6 6 6 6 6 6 6 6 6 6 6 6 6 6 6 6 6 6 6 0 6 2 5 1 5 1 5 1 5 1 5 1 5 1 5 1 6 2 6 2 6 2 6 2 6 2 6 2 4 1 0 0 5 1 5 1 5 1 5 1 5 1 5 1 5 1 6 2 6 2 6 2 6 2 5 1 6 5 5 5 1 5 1 5 1 5 1 5 1 5 1 4 0 0 0 5 6 2 6 2 6 2 6 2 6 2 5 1 5 1 5 1 5 1 6 2 6 2 6 2 6 2 5 1 5 1 5 1 4 1 5 0 4 1 5 1 5 1 5 1 5 1 0 0 0 5 0 6 2 6 5 4 1 5 4 1 4 1 0 4 1 6 2 6 2 6 2 6 2 5 1
0 99 3 4 1 5 4 1 6 2 6 2 6 2 6 2 6 2 6 2 6 2 6 2 6 2 6 2 0 5 5 4 1 4 1 6 2 6 2 5 1 5 1 5 1 5 1 5 1 5 1 5 1 0 4 1 6 2 4 4 1 4 1 0 0 5 1 5 1 5 1 5 1 5 1 6 2 6 2 6 2 5 1 5 1 5 1 5 1 4 1 0 6 2 6 2 6 2 6 2 5
0 60 3 5 6 2 6 2 6 2 6 2 5 1 5 1 5 1 6 2 5 1 5 1 5 1 5 1 5 1 4 1 0 4 1 6 2 6 2 5 1 5 1 4 1 5 6 2 6 2 6 2 5 1 5 1 5 1 5 1 5 1
0 13 2 3 2 2 3 2 3 2 3 2 3 2 3
0 98 3 4 1 5 4 1 6 2 6 2 6 2 6 2 6 2 6 2 6 2 6 2 6 2 6 2 0 5 5 4 1 4 1 6 2 6 2 5 1 5 1 5 1 5 1 5 1 5 1 5 1 0 4 1 6 2 4 4 1 4 1 0 0 5 1 5 1 5 1 5 1 5 1 6 2 6 2 6 2 5 1 5 1 5 1 5 1 4 1 0 6 2 6 2 6 2 6 2
0 50 3 4 1 5 4 1 6 2 6 2 6 2 6 2 6 2 6 2 6 2 6 2 6 2 6 2 0 5 5 4 1 4 1 6 2 6 2 5 1 5 1 5 1 5 1 5 1 5 1 5
0 16 2 3 2 2 3 2 3 2 3 2 3 2 3 2 2 3
0 18 7 1 7 1 7 1 7 1 7 1 5 7 1 7 1 7 1 7
0 51 3 5 0 0 4 1 4 1 5 1 5 1 5 1 5 1 5 1 5 1 5 1 6 2 6 2 6 2 6 2 4 1 5 5 4 1 0 6 2 6 2 6 2 6 2 6 2 6 2 6 2
0 17 7 1 7 1 7 1 5 7 1 7 1 7 1 7 1 7 1
0 142 3 1 6 6 6 1 6 6 6 6 5 6 6 6 6 6 6 6 6 6 6 6 6 6 6 6 6 6 6 6 6 6 6 6 0 6 2 5 1 5 1 5 1 5 1 5 1 5 1 5 1 6 2 6 2 6 2 6 2 6 2 6 2 4 1 0 0 5 1 5 1 5 1 5 1 5 1 5 1 5 1 6 2 6 2 6 2 6 2 5 1 6 5 5 5 1 5 1 5 1 5 1 5 1 5 1 4 0 0 0 5 6 2 6 2 6 2 6 2 6 2 5 1 5 1 5 1 5 1 6 2 6 2 6 2 6 2 5 1 5 1 5
0 220 3 1 6 6 6 1 6 6 6 6 5 6 6 6 6 6 6 6 6 6 6 6 6 6 6 6 6 6 6 6 6 6 6 6 0 6 2 5 1 5 1 5 1 5 1 5 1 5 1 5 1 6 2 6 2 6 2 6 2 6 2 6 2 4 1 0 0 5 1 5 1 5 1 5 1 5 1 5 1 5 1 6 2 6 2 6 2 6 2 5 1 6 5 5 5 1 5 1 5 1 5 1 5 1 5 1 4 0 0 0 5 6 2 6 2 6 2 6 2 6 2 5 1 5 1 5 1 5 1 6 2 6 2 6 2 6 2 5 1 5 1 5 1 4 1 5 0 4 1 5 1 5 1 5 1 5 1 0 0 0 5 0 6 2 6 5 4 1 5 4 1 4 1 0 4 1 6 2 6 2 6 2 6 2 5 1 6 2 6 2 6 2 4 1 4 1 4 1 5 1 5 1 5 1 5 1 5 1 5 1 5 1 5 1 6 2 6 2 6 2
0 256 3 1 6 6 6 1 6 6 6 6 5 6 6 6 6 6 6 6 6 6 6 6 6 6 6 6 6 6 6 6 6 6 6 6 0 6 2 5 1 5 1 5 1 5 1 5 1 5 1 5 1 6 2 6 2 6 2 6 2 6 2 6 2 4 1 0 0 5 1 5 1 5 1 5 1 5 1 5 1 5 1 6 2 6 2 6 2 6 2 5 1 6 5 5 5 1 5 1 5 1 5 1 5 1 5 1 4 0 0 0 5 6 2 6 2 6 2 6 2 6 2 5 1 5 1 5 1 5 1 6 2 6 2 6 2 6 2 5 1 5 1 5 1 4 1 5 0 4 1 5 1 5 1 5 1 5 1 0 0 0 5 0 6 2 6 5 4 1 5 4 1 4 1 0 4 1 6 2 6 2 6 2 6 2 5 1 6 2 6 2 6 2 4 1 4 1 4 1 5 1 5 1 5 1 5 1 5 1 5 1 5 1 5 1 6 2 6 2 6 2 6 2 4 4 1 4 1 4 1 5 1 5 1 5 1 5 1 5 1 5 1 5 1 5 1 5 1 6 2 6 2 6 2 5 1 5
0 89 3 1 6 6 6 1 6 6 6 6 5 6 6 6 6 6 6 6 6 6 6 6 6 6 6 6 6 6 6 6 6 6 6 6 0 6 2 5 1 5 1 5 1 5 1 5 1 5 1 5 1 6 2 6 2 6 2 6 2 6 2 6 2 4 1 0 0 5 1 5 1 5 1 5 1 5 1 5 1 5 1 6 2 6 2 6 2 6 2
0 69 3 5 0 0 4 1 4 1 5 1 5 1 5 1 5 1 5 1 5 1 5 1 6 2 6 2 6 2 6 2 4 1 5 5 4 1 0 6 2 6 2 6 2 6 2 6 2 6 2 6 2 5 1 5 1 5 1 5 1 5 1 5 1 5 1 5 1 5 1
0 8 3 4 1 5 4 1 6 2
0 40 3 1 6 6 6 1 6 6 6 6 5 6 6 6 6 6 6 6 6 6 6 6 6 6 6 6 6 6 6 6 6 6 6 6 0 6 2 5 1 5
0 118 3 5 6 2 6 2 6 2 6 2 5 1 5 1 5 1 6 2 5 1 5 1 5 1 5 1 5 1 4 1 0 4 1 6 2 6 2 5 1 5 1 4 1 5 6 2 6 2 6 2 5 1 5 1 5 1 5 1 5 1 6 0 5 5 0 5 0 5 1 5 1 6 2 6 2 6 2 4 1 4 1 4 1 0 4 1 6 2 6 2 5 1 5 1 6 2 6 2 4 1 5 1 6 2 6 2 6 2 6 2 6 2 6 2 6 2 6 2
0 28 2 3 2 3 2 2 3 2 3 2 3 2 3 2 3 2 2 2 3 2 2 3 2 3 2 3 2 3
0 51 3 4 1 5 4 1 6 2 6 2 6 2 6 2 6 2 6 2 6 2 6 2 6 2 6 2 0 5 5 4 1 4 1 6 2 6 2 5 1 5 1 5 1 5 1 5 1 5 1 5 1
0 21 7 1 7 1 7 1 5 7 1 7 1 7 1 7 1 7 1 7 1 7 1
0 18 5 5 7 1 7 1 7 1 7 1 7 1 7 1 7 1 7 1
0 20 7 1 7 1 7 1 7 1 7 1 7 1 7 1 7 1 7 1 5 5
0 13 7 1 5 7 1 7 1 7 1 7 1 7 1
0 174 3 6 0 0 5 5 0 5 4 1 4 1 5 1 5 1 5 1 5 1 5 1 5 1 6 4 1 0 0 5 1 5 1 5 1 5 1 6 2 6 2 6 2 6 2 6 2 6 2 4 1 5 4 1 5 0 6 2 6 2 6 2 6 2 6 2 4 1 4 1 4 1 5 0 5 1 5 1 5 1 5 1 4 4 1 4 1 4 1 4 1 4 1 4 1 4 1 6 2 6 2 6 2 5 1 5 1 5 1 5 1 5 1 6 5 0 5 4 1 4 1 5 1 6 2 6 2 6 2 6 2 6 2 6 2 6 2 5 1 5 1 5 1 5 1 5 1 5 0 0 6 2 6 2 6 2 6 2 6 2 4 1 4 1 4 1 4 1 5 1 6 2 6 2
0 164 3 1 6 6 6 1 6 6 6 6 5 6 6 6 6 6 6 6 6 6 6 6 6 6 6 6 6 6 6 6 6 6 6 6 0 6 2 5 1 5 1 5 1 5 1 5 1 5 1 5 1 6 2 6 2 6 2 6 2 6 2 6 2 4 1 0 0 5 1 5 1 5 1 5 1 5 1 5 1 5 1 6 2 6 2 6 2 6 2 5 1 6 5 5 5 1 5 1 5 1 5 1 5 1 5 1 4 0 0 0 5 6 2 6 2 6 2 6 2 6 2 5 1 5 1 5 1 5 1 6 2 6 2 6 2 6 2 5 1 5 1 5 1 4 1 5 0 4 1 5 1 5 1 5 1 5 1 0 0 0 5 0 6 2
0 69 3 7 7 7 7 7 6 4 1 4 1 5 0 0 6 4 1 5 0 5 1 5 1 5 1 5 1 6 2 6 2 6 2 6 2 4 1 0 0 5 1 5 1 5 1 5 1 6 2 6 2 6 2 6 2 6 2 5 1 5 1 5 1 5 1 6 2 6 2
0 90 3 6 6 6 6 6 6 5 6 6 6 6 6 6 6 6 6 6 6 7 7 5 5 5 1 5 1 5 1 5 1 5 1 5 1 5 1 5 1 5 1 0 0 4 1 4 1 4 1 4 1 4 1 4 1 5 5 1 5 1 5 1 5 1 5 1 5 1 5 1 5 1 5 1 5 1 5 1 6 2 6 2 6 2 6 2 5 1 5 1
0 97 3 7 7 7 7 7 6 4 1 4 1 5 0 0 6 4 1 5 0 5 1 5 1 5 1 5 1 6 2 6 2 6 2 6 2 4 1 0 0 5 1 5 1 5 1 5 1 6 2 6 2 6 2 6 2 6 2 5 1 5 1 5 1 5 1 6 2 6 2 6 2 6 2 6 2 6 2 6 2 5 1 5 1 5 1 5 1 5 1 5 1 5 1 6 2 6 2
0 8 7 1 5 7 1 7 1 7
0 24 2 3 2 3 2 3 2 3 2 2 3 2 3 2 3 2 3 2 3 2 2 3 2 3
0 29 3 7 7 7 7 7 6 4 1 4 1 5 0 0 6 4 1 5 0 5 1 5 1 5 1 5 1 6 2
0 98 3 6 6 6 6 6 6 5 6 6 6 6 6 6 6 6 6 6 6 7 7 5 5 5 1 5 1 5 1 5 1 5 1 5 1 5 1 5 1 5 1 0 0 4 1 4 1 4 1 4 1 4 1 4 1 5 5 1 5 1 5 1 5 1 5 1 5 1 5 1 5 1 5 1 5 1 5 1 6 2 6 2 6 2 6 2 5 1 5 1 5 1 5 1 6 2 6 2
0 61 3 7 7 7 7 7 6 4 1 4 1 5 0 0 6 4 1 5 0 5 1 5 1 5 1 5 1 6 2 6 2 6 2 6 2 4 1 0 0 5 1 5 1 5 1 5 1 6 2 6 2 6 2 6 2 6 2 5 1 5 1
0 40 3 4 4 4 1 4 1 4 1 5 0 6 4 1 0 4 1 4 1 4 1 4 1 5 5 1 6 2 6 2 6 2 6 2 6 2 6 2 6 2
0 148 3 6 0 0 5 5 0 5 4 1 4 1 5 1 5 1 5 1 5 1 5 1 5 1 6 4 1 0 0 5 1 5 1 5 1 5 1 6 2 6 2 6 2 6 2 6 2 6 2 4 1 5 4 1 5 0 6 2 6 2 6 2 6 2 6 2 4 1 4 1 4 1 5 0 5 1 5 1 5 1 5 1 4 4 1 4 1 4 1 4 1 4 1 4 1 4 1 6 2 6 2 6 2 5 1 5 1 5 1 5 1 5 1 6 5 0 5 4 1 4 1 5 1 6 2 6 2 6 2 6 2 6 2 6 2 6 2 5 1 5 1 5 1 5 1 5 1 5
0 28 3 5 0 0 4 1 4 1 5 1 5 1 5 1 5 1 5 1 5 1 5 1 6 2 6 2 6 2
0 3 7 1 5
0 63 3 1 6 6 6 1 6 6 6 6 5 6 6 6 6 6 6 6 6 6 6 6 6 6 6 6 6 6 6 6 6 6 6 6 0 6 2 5 1 5 1 5 1 5 1 5 1 5 1 5 1 6 2 6 2 6 2 6 2 6 2 6 2
0 138 3 4 1 5 4 1 6 2 6 2 6 2 6 2 6 2 6 2 6 2 6 2 6 2 6 2 0 5 5 4 1 4 1 6 2 6 2 5 1 5 1 5 1 5 1 5 1 5 1 5 1 0 4 1 6 2 4 4 1 4 1 0 0 5 1 5 1 5 1 5 1 5 1 6 2 6 2 6 2 5 1 5 1 5 1 5 1 4 1 0 6 2 6 2 6 2 6 2 5 1 5 1 5 1 5 1 5 1 5 1 5 1 0 5 1 5 1 4 1 4 1 6 2 6 2 6 2 6 2 5 1 5 1 5 1 5 1 5
0 21 5 5 7 1 7 1 7 1 7 1 7 1 7 1 7 1 7 1 7 1 7
0 127 3 6 0 0 5 5 0 5 4 1 4 1 5 1 5 1 5 1 5 1 5 1 5 1 6 4 1 0 0 5 1 5 1 5 1 5 1 6 2 6 2 6 2 6 2 6 2 6 2 4 1 5 4 1 5 0 6 2 6 2 6 2 6 2 6 2 4 1 4 1 4 1 5 0 5 1 5 1 5 1 5 1 4 4 1 4 1 4 1 4 1 4 1 4 1 4 1 6 2 6 2 6 2 5 1 5 1 5 1 5 1 5 1 6 5 0 5 4 1 4 1 5 1 6 2 6 2
0 15 7 1 7 1 7 1 7 1 7 1 7 1 7 1 7
0 64 3 5 0 0 4 1 4 1 5 1 5 1 5 1 5 1 5 1 5 1 5 1 6 2 6 2 6 2 6 2 4 1 5 5 4 1 0 6 2 6 2 6 2 6 2 6 2 6 2 6 2 5 1 5 1 5 1 5 1 5 1 5 1 5
0 108 3 5 6 2 6 2 6 2 6 2 5 1 5 1 5 1 6 2 5 1 5 1 5 1 5 1 5 1 4 1 0 4 1 6 2 6 2 5 1 5 1 4 1 5 6 2 6 2 6 2 5 1 5 1 5 1 5 1 5 1 6 0 5 5 0 5 0 5 1 5 1 6 2 6 2 6 2 4 1 4 1 4 1 0 4 1 6 2 6 2 5 1 5 1 6 2 6 2 4 1 5 1 6 2 6 2 6 2
0 7 7 1 7 1 5 5 5
0 121 3 1 6 6 6 1 6 6 6 6 5 6 6 6 6 6 6 6 6 6 6 6 6 6 6 6 6 6 6 6 6 6 6 6 0 6 2 5 1 5 1 5 1 5 1 5 1 5 1 5 1 6 2 6 2 6 2 6 2 6 2 6 2 4 1 0 0 5 1 5 1 5 1 5 1 5 1 5 1 5 1 6 2 6 2 6 2 6 2 5 1 6 5 5 5 1 5 1 5 1 5 1 5 1 5 1 4 0 0 0 5 6 2 6 2 6 2 6 2 6 2
0 67 3 7 7 7 7 7 6 4 1 4 1 5 0 0 6 4 1 5 0 5 1 5 1 5 1 5 1 6 2 6 2 6 2 6 2 4 1 0 0 5 1 5 1 5 1 5 1 6 2 6 2 6 2 6 2 6 2 5 1 5 1 5 1 5 1 6 2
0 49 3 6 0 0 5 5 0 5 4 1 4 1 5 1 5 1 5 1 5 1 5 1 5 1 6 4 1 0 0 5 1 5 1 5 1 5 1 6 2 6 2 6 2 6 2 6 2 6 2
0 71 3 7 7 7 7 7 6 4 1 4 1 5 0 0 6 4 1 5 0 5 1 5 1 5 1 5 1 6 2 6 2 6 2 6 2 4 1 0 0 5 1 5 1 5 1 5 1 6 2 6 2 6 2 6 2 6 2 5 1 5 1 5 1 5 1 6 2 6 2 6 2
0 25 5 5 7 1 7 1 7 1 7 1 7 1 7 1 7 1 7 1 7 1 7 1 7 1 7
0 43 3 5 0 0 4 1 4 1 5 1 5 1 5 1 5 1 5 1 5 1 5 1 6 2 6 2 6 2 6 2 4 1 5 5 4 1 0 6 2 6 2 6 2
0 185 3 1 6 6 6 1 6 6 6 6 5 6 6 6 6 6 6 6 6 6 6 6 6 6 6 6 6 6 6 6 6 6 6 6 0 6 2 5 1 5 1 5 1 5 1 5 1 5 1 5 1 6 2 6 2 6 2 6 2 6 2 6 2 4 1 0 0 5 1 5 1 5 1 5 1 5 1 5 1 5 1 6 2 6 2 6 2 6 2 5 1 6 5 5 5 1 5 1 5 1 5 1 5 1 5 1 4 0 0 0 5 6 2 6 2 6 2 6 2 6 2 5 1 5 1 5 1 5 1 6 2 6 2 6 2 6 2 5 1 5 1 5 1 4 1 5 0 4 1 5 1 5 1 5 1 5 1 0 0 0 5 0 6 2 6 5 4 1 5 4 1 4 1 0 4 1 6 2 6 2 6 2 6 2 5
0 41 3 6 0 0 5 5 0 5 4 1 4 1 5 1 5 1 5 1 5 1 5 1 5 1 6 4 1 0 0 5 1 5 1 5 1 5 1 6 2 6 2
0 86 3 7 7 7 7 7 6 4 1 4 1 5 0 0 6 4 1 5 0 5 1 5 1 5 1 5 1 6 2 6 2 6 2 6 2 4 1 0 0 5 1 5 1 5 1 5 1 6 2 6 2 6 2 6 2 6 2 5 1 5 1 5 1 5 1 6 2 6 2 6 2 6 2 6 2 6 2 6 2 5 1 5 1 5 1 5
0 11 2 3 2 3 2 2 3 2 3 2 3
0 30 2 3 2 3 2 3 2 3 2 3 2 2 3 2 3 2 3 2 3 2 2 3 2 2 3 2 3 2 2 3
0 16 2 3 2 3 2 3 2 3 2 2 2 2 3 2 2 3
0 134 3 4 1 5 4 1 6 2 6 2 6 2 6 2 6 2 6 2 6 2 6 2 6 2 6 2 0 5 5 4 1 4 1 6 2 6 2 5 1 5 1 5 1 5 1 5 1 5 1 5 1 0 4 1 6 2 4 4 1 4 1 0 0 5 1 5 1 5 1 5 1 5 1 6 2 6 2 6 2 5 1 5 1 5 1 5 1 4 1 0 6 2 6 2 6 2 6 2 5 1 5 1 5 1 5 1 5 1 5 1 5 1 0 5 1 5 1 4 1 4 1 6 2 6 2 6 2 6 2 5 1 5 1 5
0 27 7 1 7 1 7 1 7 1 7 1 7 1 7 1 7 1 7 1 7 1 7 1 7 1 7 1 7
0 110 3 6 0 0 5 5 0 5 4 1 4 1 5 1 5 1 5 1 5 1 5 1 5 1 6 4 1 0 0 5 1 5 1 5 1 5 1 6 2 6 2 6 2 6 2 6 2 6 2 4 1 5 4 1 5 0 6 2 6 2 6 2 6 2 6 2 4 1 4 1 4 1 5 0 5 1 5 1 5 1 5 1 4 4 1 4 1 4 1 4 1 4 1 4 1 4 1 6 2 6 2 6 2 5 1 5 1 5 1 5
0 40 3 4 1 5 4 1 6 2 6 2 6 2 6 2 6 2 6 2 6 2 6 2 6 2 6 2 0 5 5 4 1 4 1 6 2 6 2 5 1 5
0 24 3 5 0 0 4 1 4 1 5 1 5 1 5 1 5 1 5 1 5 1 5 1 6 2
0 30 5 5 7 1 7 1 7 1 7 1 7 1 7 1 7 1 7 1 7 1 7 1 7 1 7 1 7 1 7 1
0 86 3 4 1 5 4 1 6 2 6 2 6 2 6 2 6 2 6 2 6 2 6 2 6 2 6 2 0 5 5 4 1 4 1 6 2 6 2 5 1 5 1 5 1 5 1 5 1 5 1 5 1 0 4 1 6 2 4 4 1 4 1 0 0 5 1 5 1 5 1 5 1 5 1 6 2 6 2 6 2 5 1 5 1 5 1 5
0 87 3 6 6 6 6 6 6 5 6 6 6 6 6 6 6 6 6 6 6 7 7 5 5 5 1 5 1 5 1 5 1 5 1 5 1 5 1 5 1 5 1 0 0 4 1 4 1 4 1 4 1 4 1 4 1 5 5 1 5 1 5 1 5 1 5 1 5 1 5 1 5 1 5 1 5 1 5 1 6 2 6 2 6 2 6 2 5
0 17 7 1 7 1 7 1 7 1 7 1 7 1 7 1 5 5 5
0 38 3 5 6 2 6 2 6 2 6 2 5 1 5 1 5 1 6 2 5 1 5 1 5 1 5 1 5 1 4 1 0 4 1 6 2 6 2 5
0 189 3 4 1 5 4 1 6 2 6 2 6 2 6 2 6 2 6 2 6 2 6 2 6 2 6 2 0 5 5 4 1 4 1 6 2 6 2 5 1 5 1 5 1 5 1 5 1 5 1 5 1 0 4 1 6 2 4 4 1 4 1 0 0 5 1 5 1 5 1 5 1 5 1 6 2 6 2 6 2 5 1 5 1 5 1 5 1 4 1 0 6 2 6 2 6 2 6 2 5 1 5 1 5 1 5 1 5 1 5 1 5 1 0 5 1 5 1 4 1 4 1 6 2 6 2 6 2 6 2 5 1 5 1 5 1 5 1 5 1 5 1 6 2 6 2 4 5 1 6 2 6 2 5 6 2 6 2 6 2 6 2 6 2 6 2 4 1 4 1 5 1 5 1 5 1 5 1 5 1 6 2 6 2 6 2 6 2 5 1
0 127 3 7 7 7 7 7 6 4 1 4 1 5 0 0 6 4 1 5 0 5 1 5 1 5 1 5 1 6 2 6 2 6 2 6 2 4 1 0 0 5 1 5 1 5 1 5 1 6 2 6 2 6 2 6 2 6 2 5 1 5 1 5 1 5 1 6 2 6 2 6 2 6 2 6 2 6 2 6 2 5 1 5 1 5 1 5 1 5 1 5 1 5 1 6 2 6 2 6 2 6 2 4 0 5 1 5 1 5 1 5 1 0 5 4 1 4 1 6 2 6 2 6 2 6 2 6 2
0 79 3 7 7 7 7 7 6 4 1 4 1 5 0 0 6 4 1 5 0 5 1 5 1 5 1 5 1 6 2 6 2 6 2 6 2 4 1 0 0 5 1 5 1 5 1 5 1 6 2 6 2 6 2 6 2 6 2 5 1 5 1 5 1 5 1 6 2 6 2 6 2 6 2 6 2 6 2 6 2
0 21 7 1 7 1 7 1 7 1 5 7 1 7 1 7 1 7 1 7 1 7 1
0 47 3 5 0 0 4 1 4 1 5 1 5 1 5 1 5 1 5 1 5 1 5 1 6 2 6 2 6 2 6 2 4 1 5 5 4 1 0 6 2 6 2 6 2 6 2 6 2
0 18 7 1 7 1 7 1 7 1 5 7 1 7 1 7 1 7 1 7
0 32 7 1 7 1 7 1 7 1 7 1 7 1 7 1 7 1 7 1 7 1 7 1 7 1 7 1 7 1 7 1 7 1
0 107 3 6 0 0 5 5 0 5 4 1 4 1 5 1 5 1 5 1 5 1 5 1 5 1 6 4 1 0 0 5 1 5 1 5 1 5 1 6 2 6 2 6 2 6 2 6 2 6 2 4 1 5 4 1 5 0 6 2 6 2 6 2 6 2 6 2 4 1 4 1 4 1 5 0 5 1 5 1 5 1 5 1 4 4 1 4 1 4 1 4 1 4 1 4 1 4 1 6 2 6 2 6 2 5 1 5 1
0 89 3 6 6 6 6 6 6 5 6 6 6 6 6 6 6 6 6 6 6 7 7 5 5 5 1 5 1 5 1 5 1 5 1 5 1 5 1 5 1 5 1 0 0 4 1 4 1 4 1 4 1 4 1 4 1 5 5 1 5 1 5 1 5 1 5 1 5 1 5 1 5 1 5 1 5 1 5 1 6 2 6 2 6 2 6 2 5 1 5
0 7 5 7 1 7 1 7 1
0 62 3 6 0 0 5 5 0 5 4 1 4 1 5 1 5 1 5 1 5 1 5 1 5 1 6 4 1 0 0 5 1 5 1 5 1 5 1 6 2 6 2 6 2 6 2 6 2 6 2 4 1 5 4 1 5 0 6 2 6 2 6 2
0 59 3 7 7 7 7 7 6 4 1 4 1 5 0 0 6 4 1 5 0 5 1 5 1 5 1 5 1 6 2 6 2 6 2 6 2 4 1 0 0 5 1 5 1 5 1 5 1 6 2 6 2 6 2 6 2 6 2 5 1
0 140 3 6 0 0 5 5 0 5 4 1 4 1 5 1 5 1 5 1 5 1 5 1 5 1 6 4 1 0 0 5 1 5 1 5 1 5 1 6 2 6 2 6 2 6 2 6 2 6 2 4 1 5 4 1 5 0 6 2 6 2 6 2 6 2 6 2 4 1 4 1 4 1 5 0 5 1 5 1 5 1 5 1 4 4 1 4 1 4 1 4 1 4 1 4 1 4 1 6 2 6 2 6 2 5 1 5 1 5 1 5 1 5 1 6 5 0 5 4 1 4 1 5 1 6 2 6 2 6 2 6 2 6 2 6 2 6 2 5 1 5
0 119 3 7 7 7 7 7 6 4 1 4 1 5 0 0 6 4 1 5 0 5 1 5 1 5 1 5 1 6 2 6 2 6 2 6 2 4 1 0 0 5 1 5 1 5 1 5 1 6 2 6 2 6 2 6 2 6 2 5 1 5 1 5 1 5 1 6 2 6 2 6 2 6 2 6 2 6 2 6 2 5 1 5 1 5 1 5 1 5 1 5 1 5 1 6 2 6 2 6 2 6 2 4 0 5 1 5 1 5 1 5 1 0 5 4 1 4 1 6 2
0 28 7 1 7 1 7 1 7 1 5 7 1 7 1 7 1 7 1 7 1 7 1 7 1 7 1 7 1 7
0 18 3 5 6 2 6 2 6 2 6 2 5 1 5 1 5 1 6 2
0 14 7 1 7 1 7 1 7 1 7 1 7 1 7 1
0 159 3 4 1 5 4 1 6 2 6 2 6 2 6 2 6 2 6 2 6 2 6 2 6 2 6 2 0 5 5 4 1 4 1 6 2 6 2 5 1 5 1 5 1 5 1 5 1 5 1 5 1 0 4 1 6 2 4 4 1 4 1 0 0 5 1 5 1 5 1 5 1 5 1 6 2 6 2 6 2 5 1 5 1 5 1 5 1 4 1 0 6 2 6 2 6 2 6 2 5 1 5 1 5 1 5 1 5 1 5 1 5 1 0 5 1 5 1 4 1 4 1 6 2 6 2 6 2 6 2 5 1 5 1 5 1 5 1 5 1 5 1 6 2 6 2 4 5 1 6 2 6 2 5 6 2 6 2 6 2
0 11 2 3 2 2 3 2 3 2 3 2 3
0 38 3 1 6 6 6 1 6 6 6 6 5 6 6 6 6 6 6 6 6 6 6 6 6 6 6 6 6 6 6 6 6 6 6 6 0 6 2 5
0 53 3 7 7 7 7 7 6 4 1 4 1 5 0 0 6 4 1 5 0 5 1 5 1 5 1 5 1 6 2 6 2 6 2 6 2 4 1 0 0 5 1 5 1 5 1 5 1 6 2 6 2 6 2
0 139 3 1 6 6 6 1 6 6 6 6 5 6 6 6 6 6 6 6 6 6 6 6 6 6 6 6 6 6 6 6 6 6 6 6 0 6 2 5 1 5 1 5 1 5 1 5 1 5 1 5 1 6 2 6 2 6 2 6 2 6 2 6 2 4 1 0 0 5 1 5 1 5 1 5 1 5 1 5 1 5 1 6 2 6 2 6 2 6 2 5 1 6 5 5 5 1 5 1 5 1 5 1 5 1 5 1 4 0 0 0 5 6 2 6 2 6 2 6 2 6 2 5 1 5 1 5 1 5 1 6 2 6 2 6 2 6 2 5 1
0 28 2 3 2 3 2 3 2 3 2 2 3 2 3 2 3 2 3 2 3 2 2 3 2 3 2 3 2 3
0 48 3 5 6 2 6 2 6 2 6 2 5 1 5 1 5 1 6 2 5 1 5 1 5 1 5 1 5 1 4 1 0 4 1 6 2 6 2 5 1 5 1 4 1 5 6 2 6 2
0 8 2 2 3 2 3 2 2 3
0 28 7 1 7 1 7 1 7 1 7 1 7 1 7 1 7 1 7 1 7 1 7 1 7 1 7 1 7 1
0 56 3 4 1 5 4 1 6 2 6 2 6 2 6 2 6 2 6 2 6 2 6 2 6 2 6 2 0 5 5 4 1 4 1 6 2 6 2 5 1 5 1 5 1 5 1 5 1 5 1 5 1 0 4 1 6 2
0 17 2 3 2 3 2 2 3 2 3 2 2 3 2 3 2 2 3
0 122 3 1 6 6 6 1 6 6 6 6 5 6 6 6 6 6 6 6 6 6 6 6 6 6 6 6 6 6 6 6 6 6 6 6 0 6 2 5 1 5 1 5 1 5 1 5 1 5 1 5 1 6 2 6 2 6 2 6 2 6 2 6 2 4 1 0 0 5 1 5 1 5 1 5 1 5 1 5 1 5 1 6 2 6 2 6 2 6 2 5 1 6 5 5 5 1 5 1 5 1 5 1 5 1 5 1 4 0 0 0 5 6 2 6 2 6 2 6 2 6 2 5
0 26 7 1 7 1 7 1 7 1 5 7 1 7 1 7 1 7 1 7 1 7 1 7 1 7 1 7
0 52 3 4 1 5 4 1 6 2 6 2 6 2 6 2 6 2 6 2 6 2 6 2 6 2 6 2 0 5 5 4 1 4 1 6 2 6 2 5 1 5 1 5 1 5 1 5 1 5 1 5 1 0
0 100 3 6 6 6 6 6 6 5 6 6 6 6 6 6 6 6 6 6 6 7 7 5 5 5 1 5 1 5 1 5 1 5 1 5 1 5 1 5 1 5 1 0 0 4 1 4 1 4 1 4 1 4 1 4 1 5 5 1 5 1 5 1 5 1 5 1 5 1 5 1 5 1 5 1 5 1 5 1 6 2 6 2 6 2 6 2 5 1 5 1 5 1 5 1 6 2 6 2 6 2
0 94 3 6 6 6 6 6 6 5 6 6 6 6 6 6 6 6 6 6 6 7 7 5 5 5 1 5 1 5 1 5 1 5 1 5 1 5 1 5 1 5 1 0 0 4 1 4 1 4 1 4 1 4 1 4 1 5 5 1 5 1 5 1 5 1 5 1 5 1 5 1 5 1 5 1 5 1 5 1 6 2 6 2 6 2 6 2 5 1 5 1 5 1 5 1
0 13 7 1 5 7 1 7 1 7 1 7 1 5 5
0 47 3 4 1 5 4 1 6 2 6 2 6 2 6 2 6 2 6 2 6 2 6 2 6 2 6 2 0 5 5 4 1 4 1 6 2 6 2 5 1 5 1 5 1 5 1 5 1
0 21 7 1 7 1 7 1 7 1 7 1 7 1 7 1 7 1 7 1 7 1 7
0 90 3 1 6 6 6 1 6 6 6 6 5 6 6 6 6 6 6 6 6 6 6 6 6 6 6 6 6 6 6 6 6 6 6 6 0 6 2 5 1 5 1 5 1 5 1 5 1 5 1 5 1 6 2 6 2 6 2 6 2 6 2 6 2 4 1 0 0 5 1 5 1 5 1 5 1 5 1 5 1 5 1 6 2 6 2 6 2 6 2 5
0 14 5 7 1 7 1 7 1 7 1 7 1 7 1 7
0 15 2 2 2 3 2 2 3 2 3 2 3 2 3 2 3
0 11 5 5 5 7 1 7 1 7 1 7 1
0 183 3 4 1 5 4 1 6 2 6 2 6 2 6 2 6 2 6 2 6 2 6 2 6 2 6 2 0 5 5 4 1 4 1 6 2 6 2 5 1 5 1 5 1 5 1 5 1 5 1 5 1 0 4 1 6 2 4 4 1 4 1 0 0 5 1 5 1 5 1 5 1 5 1 6 2 6 2 6 2 5 1 5 1 5 1 5 1 4 1 0 6 2 6 2 6 2 6 2 5 1 5 1 5 1 5 1 5 1 5 1 5 1 0 5 1 5 1 4 1 4 1 6 2 6 2 6 2 6 2 5 1 5 1 5 1 5 1 5 1 5 1 6 2 6 2 4 5 1 6 2 6 2 5 6 2 6 2 6 2 6 2 6 2 6 2 4 1 4 1 5 1 5 1 5 1 5 1 5 1 6 2 6 2
0 49 3 4 1 5 4 1 6 2 6 2 6 2 6 2 6 2 6 2 6 2 6 2 6 2 6 2 0 5 5 4 1 4 1 6 2 6 2 5 1 5 1 5 1 5 1 5 1 5 1
0 124 3 1 6 6 6 1 6 6 6 6 5 6 6 6 6 6 6 6 6 6 6 6 6 6 6 6 6 6 6 6 6 6 6 6 0 6 2 5 1 5 1 5 1 5 1 5 1 5 1 5 1 6 2 6 2 6 2 6 2 6 2 6 2 4 1 0 0 5 1 5 1 5 1 5 1 5 1 5 1 5 1 6 2 6 2 6 2 6 2 5 1 6 5 5 5 1 5 1 5 1 5 1 5 1 5 1 4 0 0 0 5 6 2 6 2 6 2 6 2 6 2 5 1 5
0 11 7 1 7 1 7 1 7 1 7 1 7
0 141 3 1 6 6 6 1 6 6 6 6 5 6 6 6 6 6 6 6 6 6 6 6 6 6 6 6 6 6 6 6 6 6 6 6 0 6 2 5 1 5 1 5 1 5 1 5 1 5 1 5 1 6 2 6 2 6 2 6 2 6 2 6 2 4 1 0 0 5 1 5 1 5 1 5 1 5 1 5 1 5 1 6 2 6 2 6 2 6 2 5 1 6 5 5 5 1 5 1 5 1 5 1 5 1 5 1 4 0 0 0 5 6 2 6 2 6 2 6 2 6 2 5 1 5 1 5 1 5 1 6 2 6 2 6 2 6 2 5 1 5 1
0 12 3 4 1 5 4 1 6 2 6 2 6 2
0 17 2 3 2 3 2 3 2 3 2 3 2 2 3 2 3 2 3
0 105 3 4 1 5 4 1 6 2 6 2 6 2 6 2 6 2 6 2 6 2 6 2 6 2 6 2 0 5 5 4 1 4 1 6 2 6 2 5 1 5 1 5 1 5 1 5 1 5 1 5 1 0 4 1 6 2 4 4 1 4 1 0 0 5 1 5 1 5 1 5 1 5 1 6 2 6 2 6 2 5 1 5 1 5 1 5 1 4 1 0 6 2 6 2 6 2 6 2 5 1 5 1 5 1 5
0 67 3 5 0 0 4 1 4 1 5 1 5 1 5 1 5 1 5 1 5 1 5 1 6 2 6 2 6 2 6 2 4 1 5 5 4 1 0 6 2 6 2 6 2 6 2 6 2 6 2 6 2 5 1 5 1 5 1 5 1 5 1 5 1 5 1 5 1
0 30 2 3 2 3 2 2 3 2 3 2 3 2 3 2 3 2 2 2 3 2 2 3 2 3 2 3 2 3 2 3
0 4 5 7 1 7
0 51 3 5 6 2 6 2 6 2 6 2 5 1 5 1 5 1 6 2 5 1 5 1 5 1 5 1 5 1 4 1 0 4 1 6 2 6 2 5 1 5 1 4 1 5 6 2 6 2 6 2 5
0 18 2 3 2 3 2 3 2 3 2 2 2 2 3 2 2 3 2 3
0 20 7 1 7 1 7 1 7 1 7 1 5 7 1 7 1 7 1 7 1 7
0 60 3 5 0 0 4 1 4 1 5 1 5 1 5 1 5 1 5 1 5 1 5 1 6 2 6 2 6 2 6 2 4 1 5 5 4 1 0 6 2 6 2 6 2 6 2 6 2 6 2 6 2 5 1 5 1 5 1 5 1 5
0 189 3 6 0 0 5 5 0 5 4 1 4 1 5 1 5 1 5 1 5 1 5 1 5 1 6 4 1 0 0 5 1 5 1 5 1 5 1 6 2 6 2 6 2 6 2 6 2 6 2 4 1 5 4 1 5 0 6 2 6 2 6 2 6 2 6 2 4 1 4 1 4 1 5 0 5 1 5 1 5 1 5 1 4 4 1 4 1 4 1 4 1 4 1 4 1 4 1 6 2 6 2 6 2 5 1 5 1 5 1 5 1 5 1 6 5 0 5 4 1 4 1 5 1 6 2 6 2 6 2 6 2 6 2 6 2 6 2 5 1 5 1 5 1 5 1 5 1 5 0 0 6 2 6 2 6 2 6 2 6 2 4 1 4 1 4 1 4 1 5 1 6 2 6 2 6 2 6 2 6 2 6 2 6 2 6 2 5 1 5
0 12 2 3 2 3 2 3 2 3 2 2 2 3
0 84 3 6 6 6 6 6 6 5 6 6 6 6 6 6 6 6 6 6 6 7 7 5 5 5 1 5 1 5 1 5 1 5 1 5 1 5 1 5 1 5 1 0 0 4 1 4 1 4 1 4 1 4 1 4 1 5 5 1 5 1 5 1 5 1 5 1 5 1 5 1 5 1 5 1 5 1 5 1 6 2 6 2 6 2
0 120 3 5 6 2 6 2 6 2 6 2 5 1 5 1 5 1 6 2 5 1 5 1 5 1 5 1 5 1 4 1 0 4 1 6 2 6 2 5 1 5 1 4 1 5 6 2 6 2 6 2 5 1 5 1 5 1 5 1 5 1 6 0 5 5 0 5 0 5 1 5 1 6 2 6 2 6 2 4 1 4 1 4 1 0 4 1 6 2 6 2 5 1 5 1 6 2 6 2 4 1 5 1 6 2 6 2 6 2 6 2 6 2 6 2 6 2 6 2 6 2
0 29 7 1 7 1 7 1 7 1 5 7 1 7 1 7 1 7 1 7 1 7 1 7 1 7 1 7 1 7 1
0 11 7 1 7 1 7 1 7 1 5 5 7
0 137 3 4 1 5 4 1 6 2 6 2 6 2 6 2 6 2 6 2 6 2 6 2 6 2 6 2 0 5 5 4 1 4 1 6 2 6 2 5 1 5 1 5 1 5 1 5 1 5 1 5 1 0 4 1 6 2 4 4 1 4 1 0 0 5 1 5 1 5 1 5 1 5 1 6 2 6 2 6 2 5 1 5 1 5 1 5 1 4 1 0 6 2 6 2 6 2 6 2 5 1 5 1 5 1 5 1 5 1 5 1 5 1 0 5 1 5 1 4 1 4 1 6 2 6 2 6 2 6 2 5 1 5 1 5 1 5 1
0 36 3 4 4 4 1 4 1 4 1 5 0 6 4 1 0 4 1 4 1 4 1 4 1 5 5 1 6 2 6 2 6 2 6 2 6 2
0 23 7 1 7 1 7 1 5 7 1 7 1 7 1 7 1 7 1 7 1 7 1 7 1
0 24 7 1 7 1 7 1 7 1 7 1 7 1 7 1 7 1 7 1 7 1 7 1 5 7
0 58 3 6 0 0 5 5 0 5 4 1 4 1 5 1 5 1 5 1 5 1 5 1 5 1 6 4 1 0 0 5 1 5 1 5 1 5 1 6 2 6 2 6 2 6 2 6 2 6 2 4 1 5 4 1 5 0 6 2
0 14 7 1 7 1 7 1 7 1 5 7 1 7 1 5
0 15 7 1 7 1 7 1 7 1 5 7 1 7 1 5 5
0 87 3 1 6 6 6 1 6 6 6 6 5 6 6 6 6 6 6 6 6 6 6 6 6 6 6 6 6 6 6 6 6 6 6 6 0 6 2 5 1 5 1 5 1 5 1 5 1 5 1 5 1 6 2 6 2 6 2 6 2 6 2 6 2 4 1 0 0 5 1 5 1 5 1 5 1 5 1 5 1 5 1 6 2 6 2 6 2
0 4 7 1 5 5
0 25 2 3 2 3 2 3 2 3 2 3 2 2 3 2 3 2 3 2 3 2 2 3 2 2 3
0 3 5 5 7
0 6 7 1 7 1 5 5
0 14 7 1 7 1 7 1 7 1 7 1 5 7 1 7
0 8 2 3 2 2 2 3 2 3
0 15 7 1 7 1 7 1 7 1 7 1 5 7 1 7 1
0 19 2 3 2 3 2 3 2 3 2 2 3 2 3 2 2 2 3 2 3
0 17 2 3 2 3 2 3 2 3 2 2 3 2 3 2 3 2 3
0 91 3 6 6 6 6 6 6 5 6 6 6 6 6 6 6 6 6 6 6 7 7 5 5 5 1 5 1 5 1 5 1 5 1 5 1 5 1 5 1 5 1 0 0 4 1 4 1 4 1 4 1 4 1 4 1 5 5 1 5 1 5 1 5 1 5 1 5 1 5 1 5 1 5 1 5 1 5 1 6 2 6 2 6 2 6 2 5 1 5 1 5
0 86 3 6 6 6 6 6 6 5 6 6 6 6 6 6 6 6 6 6 6 7 7 5 5 5 1 5 1 5 1 5 1 5 1 5 1 5 1 5 1 5 1 0 0 4 1 4 1 4 1 4 1 4 1 4 1 5 5 1 5 1 5 1 5 1 5 1 5 1 5 1 5 1 5 1 5 1 5 1 6 2 6 2 6 2 6 2
0 22 7 1 7 1 7 1 7 1 5 7 1 7 1 7 1 7 1 7 1 7 1 7
0 51 3 1 6 6 6 1 6 6 6 6 5 6 6 6 6 6 6 6 6 6 6 6 6 6 6 6 6 6 6 6 6 6 6 6 0 6 2 5 1 5 1 5 1 5 1 5 1 5 1 5 1
0 9 7 1 7 1 7 1 5 7 1
0 8 7 1 7 1 7 1 5 7
0 19 7 1 7 1 7 1 7 1 7 1 7 1 7 1 7 1 7 1 7
0 25 7 1 7 1 7 1 7 1 7 1 7 1 7 1 7 1 7 1 7 1 7 1 5 7 1
0 91 3 7 7 7 7 7 6 4 1 4 1 5 0 0 6 4 1 5 0 5 1 5 1 5 1 5 1 6 2 6 2 6 2 6 2 4 1 0 0 5 1 5 1 5 1 5 1 6 2 6 2 6 2 6 2 6 2 5 1 5 1 5 1 5 1 6 2 6 2 6 2 6 2 6 2 6 2 6 2 5 1 5 1 5 1 5 1 5 1 5 1
0 12 7 1 5 7 1 7 1 7 1 7 1 7
0 117 3 4 1 5 4 1 6 2 6 2 6 2 6 2 6 2 6 2 6 2 6 2 6 2 6 2 0 5 5 4 1 4 1 6 2 6 2 5 1 5 1 5 1 5 1 5 1 5 1 5 1 0 4 1 6 2 4 4 1 4 1 0 0 5 1 5 1 5 1 5 1 5 1 6 2 6 2 6 2 5 1 5 1 5 1 5 1 4 1 0 6 2 6 2 6 2 6 2 5 1 5 1 5 1 5 1 5 1 5 1 5 1 0 5 1 5 1
0 10 7 1 7 1 7 1 7 1 7 1
0 19 2 3 2 3 2 3 2 3 2 3 2 2 3 2 3 2 3 2 3
0 6 7 1 7 1 7 1
0 112 3 4 1 5 4 1 6 2 6 2 6 2 6 2 6 2 6 2 6 2 6 2 6 2 6 2 0 5 5 4 1 4 1 6 2 6 2 5 1 5 1 5 1 5 1 5 1 5 1 5 1 0 4 1 6 2 4 4 1 4 1 0 0 5 1 5 1 5 1 5 1 5 1 6 2 6 2 6 2 5 1 5 1 5 1 5 1 4 1 0 6 2 6 2 6 2 6 2 5 1 5 1 5 1 5 1 5 1 5 1 5 1
0 3 2 2 3
0 261 3 1 6 6 6 1 6 6 6 6 5 6 6 6 6 6 6 6 6 6 6 6 6 6 6 6 6 6 6 6 6 6 6 6 0 6 2 5 1 5 1 5 1 5 1 5 1 5 1 5 1 6 2 6 2 6 2 6 2 6 2 6 2 4 1 0 0 5 1 5 1 5 1 5 1 5 1 5 1 5 1 6 2 6 2 6 2 6 2 5 1 6 5 5 5 1 5 1 5 1 5 1 5 1 5 1 4 0 0 0 5 6 2 6 2 6 2 6 2 6 2 5 1 5 1 5 1 5 1 6 2 6 2 6 2 6 2 5 1 5 1 5 1 4 1 5 0 4 1 5 1 5 1 5 1 5 1 0 0 0 5 0 6 2 6 5 4 1 5 4 1 4 1 0 4 1 6 2 6 2 6 2 6 2 5 1 6 2 6 2 6 2 4 1 4 1 4 1 5 1 5 1 5 1 5 1 5 1 5 1 5 1 5 1 6 2 6 2 6 2 6 2 4 4 1 4 1 4 1 5 1 5 1 5 1 5 1 5 1 5 1 5 1 5 1 5 1 6 2 6 2 6 2 5 1 5 1 5 1 5 1
0 129 3 1 6 6 6 1 6 6 6 6 5 6 6 6 6 6 6 6 6 6 6 6 6 6 6 6 6 6 6 6 6 6 6 6 0 6 2 5 1 5 1 5 1 5 1 5 1 5 1 5 1 6 2 6 2 6 2 6 2 6 2 6 2 4 1 0 0 5 1 5 1 5 1 5 1 5 1 5 1 5 1 6 2 6 2 6 2 6 2 5 1 6 5 5 5 1 5 1 5 1 5 1 5 1 5 1 4 0 0 0 5 6 2 6 2 6 2 6 2 6 2 5 1 5 1 5 1 5 1
0 87 3 7 7 7 7 7 6 4 1 4 1 5 0 0 6 4 1 5 0 5 1 5 1 5 1 5 1 6 2 6 2 6 2 6 2 4 1 0 0 5 1 5 1 5 1 5 1 6 2 6 2 6 2 6 2 6 2 5 1 5 1 5 1 5 1 6 2 6 2 6 2 6 2 6 2 6 2 6 2 5 1 5 1 5 1 5 1
0 85 3 4 1 5 4 1 6 2 6 2 6 2 6 2 6 2 6 2 6 2 6 2 6 2 6 2 0 5 5 4 1 4 1 6 2 6 2 5 1 5 1 5 1 5 1 5 1 5 1 5 1 0 4 1 6 2 4 4 1 4 1 0 0 5 1 5 1 5 1 5 1 5 1 6 2 6 2 6 2 5 1 5 1 5 1
0 80 3 6 6 6 6 6 6 5 6 6 6 6 6 6 6 6 6 6 6 7 7 5 5 5 1 5 1 5 1 5 1 5 1 5 1 5 1 5 1 5 1 0 0 4 1 4 1 4 1 4 1 4 1 4 1 5 5 1 5 1 5 1 5 1 5 1 5 1 5 1 5 1 5 1 5 1 5 1 6 2
0 22 7 1 7 1 7 1 7 1 7 1 5 7 1 7 1 7 1 7 1 7 1 7
0 11 2 3 2 2 2 3 2 3 2 2 3
0 18 7 1 7 1 7 1 7 1 7 1 7 1 7 1 7 1 7 1
0 153 3 4 1 5 4 1 6 2 6 2 6 2 6 2 6 2 6 2 6 2 6 2 6 2 6 2 0 5 5 4 1 4 1 6 2 6 2 5 1 5 1 5 1 5 1 5 1 5 1 5 1 0 4 1 6 2 4 4 1 4 1 0 0 5 1 5 1 5 1 5 1 5 1 6 2 6 2 6 2 5 1 5 1 5 1 5 1 4 1 0 6 2 6 2 6 2 6 2 5 1 5 1 5 1 5 1 5 1 5 1 5 1 0 5 1 5 1 4 1 4 1 6 2 6 2 6 2 6 2 5 1 5 1 5 1 5 1 5 1 5 1 6 2 6 2 4 5 1 6 2 6 2 5
0 27 3 4 1 5 4 1 6 2 6 2 6 2 6 2 6 2 6 2 6 2 6 2 6 2 6 2 0
0 5 5 5 7 1 7
0 27 5 5 7 1 7 1 7 1 7 1 7 1 7 1 7 1 7 1 7 1 7 1 7 1 7 1 7
0 102 3 4 1 5 4 1 6 2 6 2 6 2 6 2 6 2 6 2 6 2 6 2 6 2 6 2 0 5 5 4 1 4 1 6 2 6 2 5 1 5 1 5 1 5 1 5 1 5 1 5 1 0 4 1 6 2 4 4 1 4 1 0 0 5 1 5 1 5 1 5 1 5 1 6 2 6 2 6 2 5 1 5 1 5 1 5 1 4 1 0 6 2 6 2 6 2 6 2 5 1 5 1
0 22 2 3 2 3 2 2 3 2 3 2 3 2 3 2 3 2 2 2 3 2 2 3
0 161 3 4 1 5 4 1 6 2 6 2 6 2 6 2 6 2 6 2 6 2 6 2 6 2 6 2 0 5 5 4 1 4 1 6 2 6 2 5 1 5 1 5 1 5 1 5 1 5 1 5 1 0 4 1 6 2 4 4 1 4 1 0 0 5 1 5 1 5 1 5 1 5 1 6 2 6 2 6 2 5 1 5 1 5 1 5 1 4 1 0 6 2 6 2 6 2 6 2 5 1 5 1 5 1 5 1 5 1 5 1 5 1 0 5 1 5 1 4 1 4 1 6 2 6 2 6 2 6 2 5 1 5 1 5 1 5 1 5 1 5 1 6 2 6 2 4 5 1 6 2 6 2 5 6 2 6 2 6 2 6 2
0 109 3 4 1 5 4 1 6 2 6 2 6 2 6 2 6 2 6 2 6 2 6 2 6 2 6 2 0 5 5 4 1 4 1 6 2 6 2 5 1 5 1 5 1 5 1 5 1 5 1 5 1 0 4 1 6 2 4 4 1 4 1 0 0 5 1 5 1 5 1 5 1 5 1 6 2 6 2 6 2 5 1 5 1 5 1 5 1 4 1 0 6 2 6 2 6 2 6 2 5 1 5 1 5 1 5 1 5 1 5
0 127 3 1 6 6 6 1 6 6 6 6 5 6 6 6 6 6 6 6 6 6 6 6 6 6 6 6 6 6 6 6 6 6 6 6 0 6 2 5 1 5 1 5 1 5 1 5 1 5 1 5 1 6 2 6 2 6 2 6 2 6 2 6 2 4 1 0 0 5 1 5 1 5 1 5 1 5 1 5 1 5 1 6 2 6 2 6 2 6 2 5 1 6 5 5 5 1 5 1 5 1 5 1 5 1 5 1 4 0 0 0 5 6 2 6 2 6 2 6 2 6 2 5 1 5 1 5 1
0 8 5 5 7 1 7 1 7 1
0 113 3 6 0 0 5 5 0 5 4 1 4 1 5 1 5 1 5 1 5 1 5 1 5 1 6 4 1 0 0 5 1 5 1 5 1 5 1 6 2 6 2 6 2 6 2 6 2 6 2 4 1 5 4 1 5 0 6 2 6 2 6 2 6 2 6 2 4 1 4 1 4 1 5 0 5 1 5 1 5 1 5 1 4 4 1 4 1 4 1 4 1 4 1 4 1 4 1 6 2 6 2 6 2 5 1 5 1 5 1 5 1 5 1
0 184 3 1 6 6 6 1 6 6 6 6 5 6 6 6 6 6 6 6 6 6 6 6 6 6 6 6 6 6 6 6 6 6 6 6 0 6 2 5 1 5 1 5 1 5 1 5 1 5 1 5 1 6 2 6 2 6 2 6 2 6 2 6 2 4 1 0 0 5 1 5 1 5 1 5 1 5 1 5 1 5 1 6 2 6 2 6 2 6 2 5 1 6 5 5 5 1 5 1 5 1 5 1 5 1 5 1 4 0 0 0 5 6 2 6 2 6 2 6 2 6 2 5 1 5 1 5 1 5 1 6 2 6 2 6 2 6 2 5 1 5 1 5 1 4 1 5 0 4 1 5 1 5 1 5 1 5 1 0 0 0 5 0 6 2 6 5 4 1 5 4 1 4 1 0 4 1 6 2 6 2 6 2 6 2
0 6 5 5 5 7 1 7
0 24 7 1 7 1 7 1 7 1 7 1 7 1 7 1 7 1 7 1 7 1 7 1 5 5
0 52 3 5 0 0 4 1 4 1 5 1 5 1 5 1 5 1 5 1 5 1 5 1 6 2 6 2 6 2 6 2 4 1 5 5 4 1 0 6 2 6 2 6 2 6 2 6 2 6 2 6 2 5
0 56 3 5 6 2 6 2 6 2 6 2 5 1 5 1 5 1 6 2 5 1 5 1 5 1 5 1 5 1 4 1 0 4 1 6 2 6 2 5 1 5 1 4 1 5 6 2 6 2 6 2 5 1 5 1 5 1
0 9 2 2 2 3 2 2 3 2 3
0 10 2 2 3 2 3 2 2 3 2 3
0 146 3 6 0 0 5 5 0 5 4 1 4 1 5 1 5 1 5 1 5 1 5 1 5 1 6 4 1 0 0 5 1 5 1 5 1 5 1 6 2 6 2 6 2 6 2 6 2 6 2 4 1 5 4 1 5 0 6 2 6 2 6 2 6 2 6 2 4 1 4 1 4 1 5 0 5 1 5 1 5 1 5 1 4 4 1 4 1 4 1 4 1 4 1 4 1 4 1 6 2 6 2 6 2 5 1 5 1 5 1 5 1 5 1 6 5 0 5 4 1 4 1 5 1 6 2 6 2 6 2 6 2 6 2 6 2 6 2 5 1 5 1 5 1 5 1 5
0 5 5 5 5 7 1
0 99 3 7 7 7 7 7 6 4 1 4 1 5 0 0 6 4 1 5 0 5 1 5 1 5 1 5 1 6 2 6 2 6 2 6 2 4 1 0 0 5 1 5 1 5 1 5 1 6 2 6 2 6 2 6 2 6 2 5 1 5 1 5 1 5 1 6 2 6 2 6 2 6 2 6 2 6 2 6 2 5 1 5 1 5 1 5 1 5 1 5 1 5 1 6 2 6 2 6 2
0 127 3 4 1 5 4 1 6 2 6 2 6 2 6 2 6 2 6 2 6 2 6 2 6 2 6 2 0 5 5 4 1 4 1 6 2 6 2 5 1 5 1 5 1 5 1 5 1 5 1 5 1 0 4 1 6 2 4 4 1 4 1 0 0 5 1 5 1 5 1 5 1 5 1 6 2 6 2 6 2 5 1 5 1 5 1 5 1 4 1 0 6 2 6 2 6 2 6 2 5 1 5 1 5 1 5 1 5 1 5 1 5 1 0 5 1 5 1 4 1 4 1 6 2 6 2 6 2
0 131 3 1 6 6 6 1 6 6 6 6 5 6 6 6 6 6 6 6 6 6 6 6 6 6 6 6 6 6 6 6 6 6 6 6 0 6 2 5 1 5 1 5 1 5 1 5 1 5 1 5 1 6 2 6 2 6 2 6 2 6 2 6 2 4 1 0 0 5 1 5 1 5 1 5 1 5 1 5 1 5 1 6 2 6 2 6 2 6 2 5 1 6 5 5 5 1 5 1 5 1 5 1 5 1 5 1 4 0 0 0 5 6 2 6 2 6 2 6 2 6 2 5 1 5 1 5 1 5 1 6 2
0 143 3 6 0 0 5 5 0 5 4 1 4 1 5 1 5 1 5 1 5 1 5 1 5 1 6 4 1 0 0 5 1 5 1 5 1 5 1 6 2 6 2 6 2 6 2 6 2 6 2 4 1 5 4 1 5 0 6 2 6 2 6 2 6 2 6 2 4 1 4 1 4 1 5 0 5 1 5 1 5 1 5 1 4 4 1 4 1 4 1 4 1 4 1 4 1 4 1 6 2 6 2 6 2 5 1 5 1 5 1 5 1 5 1 6 5 0 5 4 1 4 1 5 1 6 2 6 2 6 2 6 2 6 2 6 2 6 2 5 1 5 1 5 1
0 200 3 6 0 0 5 5 0 5 4 1 4 1 5 1 5 1 5 1 5 1 5 1 5 1 6 4 1 0 0 5 1 5 1 5 1 5 1 6 2 6 2 6 2 6 2 6 2 6 2 4 1 5 4 1 5 0 6 2 6 2 6 2 6 2 6 2 4 1 4 1 4 1 5 0 5 1 5 1 5 1 5 1 4 4 1 4 1 4 1 4 1 4 1 4 1 4 1 6 2 6 2 6 2 5 1 5 1 5 1 5 1 5 1 6 5 0 5 4 1 4 1 5 1 6 2 6 2 6 2 6 2 6 2 6 2 6 2 5 1 5 1 5 1 5 1 5 1 5 0 0 6 2 6 2 6 2 6 2 6 2 4 1 4 1 4 1 4 1 5 1 6 2 6 2 6 2 6 2 6 2 6 2 6 2 6 2 5 1 5 1 5 1 5 1 5 1 6 2 6 2
0 66 3 5 0 0 4 1 4 1 5 1 5 1 5 1 5 1 5 1 5 1 5 1 6 2 6 2 6 2 6 2 4 1 5 5 4 1 0 6 2 6 2 6 2 6 2 6 2 6 2 6 2 5 1 5 1 5 1 5 1 5 1 5 1 5 1 5
0 48 3 1 6 6 6 1 6 6 6 6 5 6 6 6 6 6 6 6 6 6 6 6 6 6 6 6 6 6 6 6 6 6 6 6 0 6 2 5 1 5 1 5 1 5 1 5 1 5
0 5 5 7 1 7 1
0 125 3 4 1 5 4 1 6 2 6 2 6 2 6 2 6 2 6 2 6 2 6 2 6 2 6 2 0 5 5 4 1 4 1 6 2 6 2 5 1 5 1 5 1 5 1 5 1 5 1 5 1 0 4 1 6 2 4 4 1 4 1 0 0 5 1 5 1 5 1 5 1 5 1 6 2 6 2 6 2 5 1 5 1 5 1 5 1 4 1 0 6 2 6 2 6 2 6 2 5 1 5 1 5 1 5 1 5 1 5 1 5 1 0 5 1 5 1 4 1 4 1 6 2 6 2
0 19 2 3 2 3 2 3 2 3 2 2 3 2 3 2 3 2 3 2 3
0 139 3 4 1 5 4 1 6 2 6 2 6 2 6 2 6 2 6 2 6 2 6 2 6 2 6 2 0 5 5 4 1 4 1 6 2 6 2 5 1 5 1 5 1 5 1 5 1 5 1 5 1 0 4 1 6 2 4 4 1 4 1 0 0 5 1 5 1 5 1 5 1 5 1 6 2 6 2 6 2 5 1 5 1 5 1 5 1 4 1 0 6 2 6 2 6 2 6 2 5 1 5 1 5 1 5 1 5 1 5 1 5 1 0 5 1 5 1 4 1 4 1 6 2 6 2 6 2 6 2 5 1 5 1 5 1 5 1 5 1
0 64 3 7 7 7 7 7 6 4 1 4 1 5 0 0 6 4 1 5 0 5 1 5 1 5 1 5 1 6 2 6 2 6 2 6 2 4 1 0 0 5 1 5 1 5 1 5 1 6 2 6 2 6 2 6 2 6 2 5 1 5 1 5 1 5
0 95 3 7 7 7 7 7 6 4 1 4 1 5 0 0 6 4 1 5 0 5 1 5 1 5 1 5 1 6 2 6 2 6 2 6 2 4 1 0 0 5 1 5 1 5 1 5 1 6 2 6 2 6 2 6 2 6 2 5 1 5 1 5 1 5 1 6 2 6 2 6 2 6 2 6 2 6 2 6 2 5 1 5 1 5 1 5 1 5 1 5 1 5 1 6 2
0 93 3 5 6 2 6 2 6 2 6 2 5 1 5 1 5 1 6 2 5 1 5 1 5 1 5 1 5 1 4 1 0 4 1 6 2 6 2 5 1 5 1 4 1 5 6 2 6 2 6 2 5 1 5 1 5 1 5 1 5 1 6 0 5 5 0 5 0 5 1 5 1 6 2 6 2 6 2 4 1 4 1 4 1 0 4 1 6 2 6 2 5 1 5
0 15 3 5 6 2 6 2 6 2 6 2 5 1 5 1 5
0 20 7 1 7 1 7 1 7 1 7 1 7 1 7 1 7 1 7 1 7 1
0 13 2 2 2 3 2 2 3 2 3 2 3 2 3
0 126 3 1 6 6 6 1 6 6 6 6 5 6 6 6 6 6 6 6 6 6 6 6 6 6 6 6 6 6 6 6 6 6 6 6 0 6 2 5 1 5 1 5 1 5 1 5 1 5 1 5 1 6 2 6 2 6 2 6 2 6 2 6 2 4 1 0 0 5 1 5 1 5 1 5 1 5 1 5 1 5 1 6 2 6 2 6 2 6 2 5 1 6 5 5 5 1 5 1 5 1 5 1 5 1 5 1 4 0 0 0 5 6 2 6 2 6 2 6 2 6 2 5 1 5 1 5
0 39 3 6 0 0 5 5 0 5 4 1 4 1 5 1 5 1 5 1 5 1 5 1 5 1 6 4 1 0 0 5 1 5 1 5 1 5 1 6 2
0 16 7 1 7 1 7 1 7 1 7 1 7 1 7 1 7 1
0 192 3 4 1 5 4 1 6 2 6 2 6 2 6 2 6 2 6 2 6 2 6 2 6 2 6 2 0 5 5 4 1 4 1 6 2 6 2 5 1 5 1 5 1 5 1 5 1 5 1 5 1 0 4 1 6 2 4 4 1 4 1 0 0 5 1 5 1 5 1 5 1 5 1 6 2 6 2 6 2 5 1 5 1 5 1 5 1 4 1 0 6 2 6 2 6 2 6 2 5 1 5 1 5 1 5 1 5 1 5 1 5 1 0 5 1 5 1 4 1 4 1 6 2 6 2 6 2 6 2 5 1 5 1 5 1 5 1 5 1 5 1 6 2 6 2 4 5 1 6 2 6 2 5 6 2 6 2 6 2 6 2 6 2 6 2 4 1 4 1 5 1 5 1 5 1 5 1 5 1 6 2 6 2 6 2 6 2 5 1 5 1 5
0 185 3 4 1 5 4 1 6 2 6 2 6 2 6 2 6 2 6 2 6 2 6 2 6 2 6 2 0 5 5 4 1 4 1 6 2 6 2 5 1 5 1 5 1 5 1 5 1 5 1 5 1 0 4 1 6 2 4 4 1 4 1 0 0 5 1 5 1 5 1 5 1 5 1 6 2 6 2 6 2 5 1 5 1 5 1 5 1 4 1 0 6 2 6 2 6 2 6 2 5 1 5 1 5 1 5 1 5 1 5 1 5 1 0 5 1 5 1 4 1 4 1 6 2 6 2 6 2 6 2 5 1 5 1 5 1 5 1 5 1 5 1 6 2 6 2 4 5 1 6 2 6 2 5 6 2 6 2 6 2 6 2 6 2 6 2 4 1 4 1 5 1 5 1 5 1 5 1 5 1 6 2 6 2 6 2
0 15 2 3 2 3 2 2 3 2 3 2 3 2 3 2 3
0 257 3 1 6 6 6 1 6 6 6 6 5 6 6 6 6 6 6 6 6 6 6 6 6 6 6 6 6 6 6 6 6 6 6 6 0 6 2 5 1 5 1 5 1 5 1 5 1 5 1 5 1 6 2 6 2 6 2 6 2 6 2 6 2 4 1 0 0 5 1 5 1 5 1 5 1 5 1 5 1 5 1 6 2 6 2 6 2 6 2 5 1 6 5 5 5 1 5 1 5 1 5 1 5 1 5 1 4 0 0 0 5 6 2 6 2 6 2 6 2 6 2 5 1 5 1 5 1 5 1 6 2 6 2 6 2 6 2 5 1 5 1 5 1 4 1 5 0 4 1 5 1 5 1 5 1 5 1 0 0 0 5 0 6 2 6 5 4 1 5 4 1 4 1 0 4 1 6 2 6 2 6 2 6 2 5 1 6 2 6 2 6 2 4 1 4 1 4 1 5 1 5 1 5 1 5 1 5 1 5 1 5 1 5 1 6 2 6 2 6 2 6 2 4 4 1 4 1 4 1 5 1 5 1 5 1 5 1 5 1 5 1 5 1 5 1 5 1 6 2 6 2 6 2 5 1 5 1
0 19 2 3 2 3 2 2 3 2 3 2 2 3 2 3 2 2 3 2 3
0 195 3 6 0 0 5 5 0 5 4 1 4 1 5 1 5 1 5 1 5 1 5 1 5 1 6 4 1 0 0 5 1 5 1 5 1 5 1 6 2 6 2 6 2 6 2 6 2 6 2 4 1 5 4 1 5 0 6 2 6 2 6 2 6 2 6 2 4 1 4 1 4 1 5 0 5 1 5 1 5 1 5 1 4 4 1 4 1 4 1 4 1 4 1 4 1 4 1 6 2 6 2 6 2 5 1 5 1 5 1 5 1 5 1 6 5 0 5 4 1 4 1 5 1 6 2 6 2 6 2 6 2 6 2 6 2 6 2 5 1 5 1 5 1 5 1 5 1 5 0 0 6 2 6 2 6 2 6 2 6 2 4 1 4 1 4 1 4 1 5 1 6 2 6 2 6 2 6 2 6 2 6 2 6 2 6 2 5 1 5 1 5 1 5 1 5
0 22 2 3 2 2 3 2 3 2 3 2 3 2 3 2 2 3 2 3 2 3 2 3
0 14 2 3 2 3 2 3 2 2 3 2 3 2 2 3
0 92 3 5 6 2 6 2 6 2 6 2 5 1 5 1 5 1 6 2 5 1 5 1 5 1 5 1 5 1 4 1 0 4 1 6 2 6 2 5 1 5 1 4 1 5 6 2 6 2 6 2 5 1 5 1 5 1 5 1 5 1 6 0 5 5 0 5 0 5 1 5 1 6 2 6 2 6 2 4 1 4 1 4 1 0 4 1 6 2 6 2 5 1
0 18 2 3 2 2 3 2 3 2 3 2 3 2 3 2 2 3 2 3
0 59 3 5 6 2 6 2 6 2 6 2 5 1 5 1 5 1 6 2 5 1 5 1 5 1 5 1 5 1 4 1 0 4 1 6 2 6 2 5 1 5 1 4 1 5 6 2 6 2 6 2 5 1 5 1 5 1 5 1 5
0 6 5 7 1 7 1 7
0 81 3 7 7 7 7 7 6 4 1 4 1 5 0 0 6 4 1 5 0 5 1 5 1 5 1 5 1 6 2 6 2 6 2 6 2 4 1 0 0 5 1 5 1 5 1 5 1 6 2 6 2 6 2 6 2 6 2 5 1 5 1 5 1 5 1 6 2 6 2 6 2 6 2 6 2 6 2 6 2 5 1
0 14 2 3 2 3 2 2 3 2 3 2 3 2 2 3
0 130 3 4 1 5 4 1 6 2 6 2 6 2 6 2 6 2 6 2 6 2 6 2 6 2 6 2 0 5 5 4 1 4 1 6 2 6 2 5 1 5 1 5 1 5 1 5 1 5 1 5 1 0 4 1 6 2 4 4 1 4 1 0 0 5 1 5 1 5 1 5 1 5 1 6 2 6 2 6 2 5 1 5 1 5 1 5 1 4 1 0 6 2 6 2 6 2 6 2 5 1 5 1 5 1 5 1 5 1 5 1 5 1 0 5 1 5 1 4 1 4 1 6 2 6 2 6 2 6 2 5
0 137 3 6 0 0 5 5 0 5 4 1 4 1 5 1 5 1 5 1 5 1 5 1 5 1 6 4 1 0 0 5 1 5 1 5 1 5 1 6 2 6 2 6 2 6 2 6 2 6 2 4 1 5 4 1 5 0 6 2 6 2 6 2 6 2 6 2 4 1 4 1 4 1 5 0 5 1 5 1 5 1 5 1 4 4 1 4 1 4 1 4 1 4 1 4 1 4 1 6 2 6 2 6 2 5 1 5 1 5 1 5 1 5 1 6 5 0 5 4 1 4 1 5 1 6 2 6 2 6 2 6 2 6 2 6 2 6 2
0 152 3 4 1 5 4 1 6 2 6 2 6 2 6 2 6 2 6 2 6 2 6 2 6 2 6 2 0 5 5 4 1 4 1 6 2 6 2 5 1 5 1 5 1 5 1 5 1 5 1 5 1 0 4 1 6 2 4 4 1 4 1 0 0 5 1 5 1 5 1 5 1 5 1 6 2 6 2 6 2 5 1 5 1 5 1 5 1 4 1 0 6 2 6 2 6 2 6 2 5 1 5 1 5 1 5 1 5 1 5 1 5 1 0 5 1 5 1 4 1 4 1 6 2 6 2 6 2 6 2 5 1 5 1 5 1 5 1 5 1 5 1 6 2 6 2 4 5 1 6 2 6 2
0 53 3 5 6 2 6 2 6 2 6 2 5 1 5 1 5 1 6 2 5 1 5 1 5 1 5 1 5 1 4 1 0 4 1 6 2 6 2 5 1 5 1 4 1 5 6 2 6 2 6 2 5 1 5
0 115 3 4 1 5 4 1 6 2 6 2 6 2 6 2 6 2 6 2 6 2 6 2 6 2 6 2 0 5 5 4 1 4 1 6 2 6 2 5 1 5 1 5 1 5 1 5 1 5 1 5 1 0 4 1 6 2 4 4 1 4 1 0 0 5 1 5 1 5 1 5 1 5 1 6 2 6 2 6 2 5 1 5 1 5 1 5 1 4 1 0 6 2 6 2 6 2 6 2 5 1 5 1 5 1 5 1 5 1 5 1 5 1 0 5 1
0 137 3 1 6 6 6 1 6 6 6 6 5 6 6 6 6 6 6 6 6 6 6 6 6 6 6 6 6 6 6 6 6 6 6 6 0 6 2 5 1 5 1 5 1 5 1 5 1 5 1 5 1 6 2 6 2 6 2 6 2 6 2 6 2 4 1 0 0 5 1 5 1 5 1 5 1 5 1 5 1 5 1 6 2 6 2 6 2 6 2 5 1 6 5 5 5 1 5 1 5 1 5 1 5 1 5 1 4 0 0 0 5 6 2 6 2 6 2 6 2 6 2 5 1 5 1 5 1 5 1 6 2 6 2 6 2 6 2
0 187 3 4 1 5 4 1 6 2 6 2 6 2 6 2 6 2 6 2 6 2 6 2 6 2 6 2 0 5 5 4 1 4 1 6 2 6 2 5 1 5 1 5 1 5 1 5 1 5 1 5 1 0 4 1 6 2 4 4 1 4 1 0 0 5 1 5 1 5 1 5 1 5 1 6 2 6 2 6 2 5 1 5 1 5 1 5 1 4 1 0 6 2 6 2 6 2 6 2 5 1 5 1 5 1 5 1 5 1 5 1 5 1 0 5 1 5 1 4 1 4 1 6 2 6 2 6 2 6 2 5 1 5 1 5 1 5 1 5 1 5 1 6 2 6 2 4 5 1 6 2 6 2 5 6 2 6 2 6 2 6 2 6 2 6 2 4 1 4 1 5 1 5 1 5 1 5 1 5 1 6 2 6 2 6 2 6 2
0 26 2 3 2 3 2 3 2 3 2 2 3 2 3 2 3 2 3 2 3 2 2 3 2 3 2 3
0 15 2 3 2 3 2 3 2 2 3 2 3 2 3 2 3
0 75 3 5 6 2 6 2 6 2 6 2 5 1 5 1 5 1 6 2 5 1 5 1 5 1 5 1 5 1 4 1 0 4 1 6 2 6 2 5 1 5 1 4 1 5 6 2 6 2 6 2 5 1 5 1 5 1 5 1 5 1 6 0 5 5 0 5 0 5 1 5 1 6 2 6 2
0 114 3 5 6 2 6 2 6 2 6 2 5 1 5 1 5 1 6 2 5 1 5 1 5 1 5 1 5 1 4 1 0 4 1 6 2 6 2 5 1 5 1 4 1 5 6 2 6 2 6 2 5 1 5 1 5 1 5 1 5 1 6 0 5 5 0 5 0 5 1 5 1 6 2 6 2 6 2 4 1 4 1 4 1 0 4 1 6 2 6 2 5 1 5 1 6 2 6 2 4 1 5 1 6 2 6 2 6 2 6 2 6 2 6 2
0 24 3 5 6 2 6 2 6 2 6 2 5 1 5 1 5 1 6 2 5 1 5 1 5 1
0 6 3 5 6 2 6 2
0 80 3 7 7 7 7 7 6 4 1 4 1 5 0 0 6 4 1 5 0 5 1 5 1 5 1 5 1 6 2 6 2 6 2 6 2 4 1 0 0 5 1 5 1 5 1 5 1 6 2 6 2 6 2 6 2 6 2 5 1 5 1 5 1 5 1 6 2 6 2 6 2 6 2 6 2 6 2 6 2 5
0 94 3 4 1 5 4 1 6 2 6 2 6 2 6 2 6 2 6 2 6 2 6 2 6 2 6 2 0 5 5 4 1 4 1 6 2 6 2 5 1 5 1 5 1 5 1 5 1 5 1 5 1 0 4 1 6 2 4 4 1 4 1 0 0 5 1 5 1 5 1 5 1 5 1 6 2 6 2 6 2 5 1 5 1 5 1 5 1 4 1 0 6 2 6 2
0 31 7 1 7 1 7 1 7 1 7 1 7 1 7 1 7 1 7 1 7 1 7 1 7 1 7 1 7 1 7 1 7
0 12 3 5 6 2 6 2 6 2 6 2 5 1
0 88 3 6 6 6 6 6 6 5 6 6 6 6 6 6 6 6 6 6 6 7 7 5 5 5 1 5 1 5 1 5 1 5 1 5 1 5 1 5 1 5 1 0 0 4 1 4 1 4 1 4 1 4 1 4 1 5 5 1 5 1 5 1 5 1 5 1 5 1 5 1 5 1 5 1 5 1 5 1 6 2 6 2 6 2 6 2 5 1
0 29 2 3 2 2 3 2 3 2 3 2 3 2 3 2 2 3 2 3 2 3 2 3 2 2 3 2 3 2 3
0 63 3 5 0 0 4 1 4 1 5 1 5 1 5 1 5 1 5 1 5 1 5 1 6 2 6 2 6 2 6 2 4 1 5 5 4 1 0 6 2 6 2 6 2 6 2 6 2 6 2 6 2 5 1 5 1 5 1 5 1 5 1 5 1
0 39 3 5 0 0 4 1 4 1 5 1 5 1 5 1 5 1 5 1 5 1 5 1 6 2 6 2 6 2 6 2 4 1 5 5 4 1 0 6 2
0 16 7 1 7 1 7 1 7 1 5 7 1 7 1 7 1 7
0 44 3 1 6 6 6 1 6 6 6 6 5 6 6 6 6 6 6 6 6 6 6 6 6 6 6 6 6 6 6 6 6 6 6 6 0 6 2 5 1 5 1 5 1 5
0 8 7 1 5 7 1 7 1 5
0 14 3 4 1 5 4 1 6 2 6 2 6 2 6 2
0 19 7 1 7 1 7 1 7 1 7 1 7 1 7 1 7 1 7 1 5
0 68 3 5 0 0 4 1 4 1 5 1 5 1 5 1 5 1 5 1 5 1 5 1 6 2 6 2 6 2 6 2 4 1 5 5 4 1 0 6 2 6 2 6 2 6 2 6 2 6 2 6 2 5 1 5 1 5 1 5 1 5 1 5 1 5 1 5 1 5
0 16 3 4 1 5 4 1 6 2 6 2 6 2 6 2 6 2
0 56 3 5 0 0 4 1 4 1 5 1 5 1 5 1 5 1 5 1 5 1 5 1 6 2 6 2 6 2 6 2 4 1 5 5 4 1 0 6 2 6 2 6 2 6 2 6 2 6 2 6 2 5 1 5 1 5
0 87 3 4 1 5 4 1 6 2 6 2 6 2 6 2 6 2 6 2 6 2 6 2 6 2 6 2 0 5 5 4 1 4 1 6 2 6 2 5 1 5 1 5 1 5 1 5 1 5 1 5 1 0 4 1 6 2 4 4 1 4 1 0 0 5 1 5 1 5 1 5 1 5 1 6 2 6 2 6 2 5 1 5 1 5 1 5 1
0 13 7 1 7 1 7 1 5 7 1 7 1 7 1
0 15 5 7 1 7 1 7 1 7 1 7 1 7 1 7 1
0 158 3 6 0 0 5 5 0 5 4 1 4 1 5 1 5 1 5 1 5 1 5 1 5 1 6 4 1 0 0 5 1 5 1 5 1 5 1 6 2 6 2 6 2 6 2 6 2 6 2 4 1 5 4 1 5 0 6 2 6 2 6 2 6 2 6 2 4 1 4 1 4 1 5 0 5 1 5 1 5 1 5 1 4 4 1 4 1 4 1 4 1 4 1 4 1 4 1 6 2 6 2 6 2 5 1 5 1 5 1 5 1 5 1 6 5 0 5 4 1 4 1 5 1 6 2 6 2 6 2 6 2 6 2 6 2 6 2 5 1 5 1 5 1 5 1 5 1 5 0 0 6 2 6 2 6 2 6 2
0 92 3 4 1 5 4 1 6 2 6 2 6 2 6 2 6 2 6 2 6 2 6 2 6 2 6 2 0 5 5 4 1 4 1 6 2 6 2 5 1 5 1 5 1 5 1 5 1 5 1 5 1 0 4 1 6 2 4 4 1 4 1 0 0 5 1 5 1 5 1 5 1 5 1 6 2 6 2 6 2 5 1 5 1 5 1 5 1 4 1 0 6 2
0 103 3 6 0 0 5 5 0 5 4 1 4 1 5 1 5 1 5 1 5 1 5 1 5 1 6 4 1 0 0 5 1 5 1 5 1 5 1 6 2 6 2 6 2 6 2 6 2 6 2 4 1 5 4 1 5 0 6 2 6 2 6 2 6 2 6 2 4 1 4 1 4 1 5 0 5 1 5 1 5 1 5 1 4 4 1 4 1 4 1 4 1 4 1 4 1 4 1 6 2 6 2 6 2
0 140 3 1 6 6 6 1 6 6 6 6 5 6 6 6 6 6 6 6 6 6 6 6 6 6 6 6 6 6 6 6 6 6 6 6 0 6 2 5 1 5 1 5 1 5 1 5 1 5 1 5 1 6 2 6 2 6 2 6 2 6 2 6 2 4 1 0 0 5 1 5 1 5 1 5 1 5 1 5 1 5 1 6 2 6 2 6 2 6 2 5 1 6 5 5 5 1 5 1 5 1 5 1 5 1 5 1 4 0 0 0 5 6 2 6 2 6 2 6 2 6 2 5 1 5 1 5 1 5 1 6 2 6 2 6 2 6 2 5 1 5
0 133 3 1 6 6 6 1 6 6 6 6 5 6 6 6 6 6 6 6 6 6 6 6 6 6 6 6 6 6 6 6 6 6 6 6 0 6 2 5 1 5 1 5 1 5 1 5 1 5 1 5 1 6 2 6 2 6 2 6 2 6 2 6 2 4 1 0 0 5 1 5 1 5 1 5 1 5 1 5 1 5 1 6 2 6 2 6 2 6 2 5 1 6 5 5 5 1 5 1 5 1 5 1 5 1 5 1 4 0 0 0 5 6 2 6 2 6 2 6 2 6 2 5 1 5 1 5 1 5 1 6 2 6 2
0 13 2 3 2 3 2 3 2 3 2 2 2 2 3
0 255 3 1 6 6 6 1 6 6 6 6 5 6 6 6 6 6 6 6 6 6 6 6 6 6 6 6 6 6 6 6 6 6 6 6 0 6 2 5 1 5 1 5 1 5 1 5 1 5 1 5 1 6 2 6 2 6 2 6 2 6 2 6 2 4 1 0 0 5 1 5 1 5 1 5 1 5 1 5 1 5 1 6 2 6 2 6 2 6 2 5 1 6 5 5 5 1 5 1 5 1 5 1 5 1 5 1 4 0 0 0 5 6 2 6 2 6 2 6 2 6 2 5 1 5 1 5 1 5 1 6 2 6 2 6 2 6 2 5 1 5 1 5 1 4 1 5 0 4 1 5 1 5 1 5 1 5 1 0 0 0 5 0 6 2 6 5 4 1 5 4 1 4 1 0 4 1 6 2 6 2 6 2 6 2 5 1 6 2 6 2 6 2 4 1 4 1 4 1 5 1 5 1 5 1 5 1 5 1 5 1 5 1 5 1 6 2 6 2 6 2 6 2 4 4 1 4 1 4 1 5 1 5 1 5 1 5 1 5 1 5 1 5 1 5 1 5 1 6 2 6 2 6 2 5 1
0 194 3 6 0 0 5 5 0 5 4 1 4 1 5 1 5 1 5 1 5 1 5 1 5 1 6 4 1 0 0 5 1 5 1 5 1 5 1 6 2 6 2 6 2 6 2 6 2 6 2 4 1 5 4 1 5 0 6 2 6 2 6 2 6 2 6 2 4 1 4 1 4 1 5 0 5 1 5 1 5 1 5 1 4 4 1 4 1 4 1 4 1 4 1 4 1 4 1 6 2 6 2 6 2 5 1 5 1 5 1 5 1 5 1 6 5 0 5 4 1 4 1 5 1 6 2 6 2 6 2 6 2 6 2 6 2 6 2 5 1 5 1 5 1 5 1 5 1 5 0 0 6 2 6 2 6 2 6 2 6 2 4 1 4 1 4 1 4 1 5 1 6 2 6 2 6 2 6 2 6 2 6 2 6 2 6 2 5 1 5 1 5 1 5 1
0 104 3 6 0 0 5 5 0 5 4 1 4 1 5 1 5 1 5 1 5 1 5 1 5 1 6 4 1 0 0 5 1 5 1 5 1 5 1 6 2 6 2 6 2 6 2 6 2 6 2 4 1 5 4 1 5 0 6 2 6 2 6 2 6 2 6 2 4 1 4 1 4 1 5 0 5 1 5 1 5 1 5 1 4 4 1 4 1 4 1 4 1 4 1 4 1 4 1 6 2 6 2 6 2 5
0 90 3 7 7 7 7 7 6 4 1 4 1 5 0 0 6 4 1 5 0 5 1 5 1 5 1 5 1 6 2 6 2 6 2 6 2 4 1 0 0 5 1 5 1 5 1 5 1 6 2 6 2 6 2 6 2 6 2 5 1 5 1 5 1 5 1 6 2 6 2 6 2 6 2 6 2 6 2 6 2 5 1 5 1 5 1 5 1 5 1 5
0 28 3 5 6 2 6 2 6 2 6 2 5 1 5 1 5 1 6 2 5 1 5 1 5 1 5 1 5 1
0 12 7 1 7 1 7 1 7 1 7 1 5 7
0 13 7 1 7 1 7 1 7 1 5 7 1 5 5
0 45 3 4 1 5 4 1 6 2 6 2 6 2 6 2 6 2 6 2 6 2 6 2 6 2 6 2 0 5 5 4 1 4 1 6 2 6 2 5 1 5 1 5 1 5 1
0 131 3 4 1 5 4 1 6 2 6 2 6 2 6 2 6 2 6 2 6 2 6 2 6 2 6 2 0 5 5 4 1 4 1 6 2 6 2 5 1 5 1 5 1 5 1 5 1 5 1 5 1 0 4 1 6 2 4 4 1 4 1 0 0 5 1 5 1 5 1 5 1 5 1 6 2 6 2 6 2 5 1 5 1 5 1 5 1 4 1 0 6 2 6 2 6 2 6 2 5 1 5 1 5 1 5 1 5 1 5 1 5 1 0 5 1 5 1 4 1 4 1 6 2 6 2 6 2 6 2 5 1
0 18 5 7 1 7 1 7 1 7 1 7 1 7 1 7 1 7 1 7
0 58 3 7 7 7 7 7 6 4 1 4 1 5 0 0 6 4 1 5 0 5 1 5 1 5 1 5 1 6 2 6 2 6 2 6 2 4 1 0 0 5 1 5 1 5 1 5 1 6 2 6 2 6 2 6 2 6 2 5
0 21 2 3 2 3 2 3 2 3 2 2 3 2 3 2 2 2 3 2 3 2 3
0 260 3 1 6 6 6 1 6 6 6 6 5 6 6 6 6 6 6 6 6 6 6 6 6 6 6 6 6 6 6 6 6 6 6 6 0 6 2 5 1 5 1 5 1 5 1 5 1 5 1 5 1 6 2 6 2 6 2 6 2 6 2 6 2 4 1 0 0 5 1 5 1 5 1 5 1 5 1 5 1 5 1 6 2 6 2 6 2 6 2 5 1 6 5 5 5 1 5 1 5 1 5 1 5 1 5 1 4 0 0 0 5 6 2 6 2 6 2 6 2 6 2 5 1 5 1 5 1 5 1 6 2 6 2 6 2 6 2 5 1 5 1 5 1 4 1 5 0 4 1 5 1 5 1 5 1 5 1 0 0 0 5 0 6 2 6 5 4 1 5 4 1 4 1 0 4 1 6 2 6 2 6 2 6 2 5 1 6 2 6 2 6 2 4 1 4 1 4 1 5 1 5 1 5 1 5 1 5 1 5 1 5 1 5 1 6 2 6 2 6 2 6 2 4 4 1 4 1 4 1 5 1 5 1 5 1 5 1 5 1 5 1 5 1 5 1 5 1 6 2 6 2 6 2 5 1 5 1 5 1 5
0 45 3 5 0 0 4 1 4 1 5 1 5 1 5 1 5 1 5 1 5 1 5 1 6 2 6 2 6 2 6 2 4 1 5 5 4 1 0 6 2 6 2 6 2 6 2
0 66 3 6 0 0 5 5 0 5 4 1 4 1 5 1 5 1 5 1 5 1 5 1 5 1 6 4 1 0 0 5 1 5 1 5 1 5 1 6 2 6 2 6 2 6 2 6 2 6 2 4 1 5 4 1 5 0 6 2 6 2 6 2 6 2 6 2
0 43 3 4 1 5 4 1 6 2 6 2 6 2 6 2 6 2 6 2 6 2 6 2 6 2 6 2 0 5 5 4 1 4 1 6 2 6 2 5 1 5 1 5 1
0 24 7 1 7 1 7 1 7 1 7 1 7 1 7 1 7 1 7 1 7 1 7 1 7 1
0 149 3 6 0 0 5 5 0 5 4 1 4 1 5 1 5 1 5 1 5 1 5 1 5 1 6 4 1 0 0 5 1 5 1 5 1 5 1 6 2 6 2 6 2 6 2 6 2 6 2 4 1 5 4 1 5 0 6 2 6 2 6 2 6 2 6 2 4 1 4 1 4 1 5 0 5 1 5 1 5 1 5 1 4 4 1 4 1 4 1 4 1 4 1 4 1 4 1 6 2 6 2 6 2 5 1 5 1 5 1 5 1 5 1 6 5 0 5 4 1 4 1 5 1 6 2 6 2 6 2 6 2 6 2 6 2 6 2 5 1 5 1 5 1 5 1 5 1 5 0
0 30 3 5 0 0 4 1 4 1 5 1 5 1 5 1 5 1 5 1 5 1 5 1 6 2 6 2 6 2 6 2
0 16 5 5 7 1 7 1 7 1 7 1 7 1 7 1 7 1
0 188 3 1 6 6 6 1 6 6 6 6 5 6 6 6 6 6 6 6 6 6 6 6 6 6 6 6 6 6 6 6 6 6 6 6 0 6 2 5 1 5 1 5 1 5 1 5 1 5 1 5 1 6 2 6 2 6 2 6 2 6 2 6 2 4 1 0 0 5 1 5 1 5 1 5 1 5 1 5 1 5 1 6 2 6 2 6 2 6 2 5 1 6 5 5 5 1 5 1 5 1 5 1 5 1 5 1 4 0 0 0 5 6 2 6 2 6 2 6 2 6 2 5 1 5 1 5 1 5 1 6 2 6 2 6 2 6 2 5 1 5 1 5 1 4 1 5 0 4 1 5 1 5 1 5 1 5 1 0 0 0 5 0 6 2 6 5 4 1 5 4 1 4 1 0 4 1 6 2 6 2 6 2 6 2 5 1 6 2
0 20 5 5 7 1 7 1 7 1 7 1 7 1 7 1 7 1 7 1 7 1
0 47 3 6 0 0 5 5 0 5 4 1 4 1 5 1 5 1 5 1 5 1 5 1 5 1 6 4 1 0 0 5 1 5 1 5 1 5 1 6 2 6 2 6 2 6 2 6 2
0 142 3 6 0 0 5 5 0 5 4 1 4 1 5 1 5 1 5 1 5 1 5 1 5 1 6 4 1 0 0 5 1 5 1 5 1 5 1 6 2 6 2 6 2 6 2 6 2 6 2 4 1 5 4 1 5 0 6 2 6 2 6 2 6 2 6 2 4 1 4 1 4 1 5 0 5 1 5 1 5 1 5 1 4 4 1 4 1 4 1 4 1 4 1 4 1 4 1 6 2 6 2 6 2 5 1 5 1 5 1 5 1 5 1 6 5 0 5 4 1 4 1 5 1 6 2 6 2 6 2 6 2 6 2 6 2 6 2 5 1 5 1 5
0 35 3 4 1 5 4 1 6 2 6 2 6 2 6 2 6 2 6 2 6 2 6 2 6 2 6 2 0 5 5 4 1 4 1 6 2
0 9 7 1 7 1 7 1 7 1 5
0 11 7 1 7 1 7 1 7 1 7 1 5
0 17 5 7 1 7 1 7 1 7 1 7 1 7 1 7 1 7 1
0 129 3 4 1 5 4 1 6 2 6 2 6 2 6 2 6 2 6 2 6 2 6 2 6 2 6 2 0 5 5 4 1 4 1 6 2 6 2 5 1 5 1 5 1 5 1 5 1 5 1 5 1 0 4 1 6 2 4 4 1 4 1 0 0 5 1 5 1 5 1 5 1 5 1 6 2 6 2 6 2 5 1 5 1 5 1 5 1 4 1 0 6 2 6 2 6 2 6 2 5 1 5 1 5 1 5 1 5 1 5 1 5 1 0 5 1 5 1 4 1 4 1 6 2 6 2 6 2 6 2
0 6 2 3 2 3 2 3
0 193 3 6 0 0 5 5 0 5 4 1 4 1 5 1 5 1 5 1 5 1 5 1 5 1 6 4 1 0 0 5 1 5 1 5 1 5 1 6 2 6 2 6 2 6 2 6 2 6 2 4 1 5 4 1 5 0 6 2 6 2 6 2 6 2 6 2 4 1 4 1 4 1 5 0 5 1 5 1 5 1 5 1 4 4 1 4 1 4 1 4 1 4 1 4 1 4 1 6 2 6 2 6 2 5 1 5 1 5 1 5 1 5 1 6 5 0 5 4 1 4 1 5 1 6 2 6 2 6 2 6 2 6 2 6 2 6 2 5 1 5 1 5 1 5 1 5 1 5 0 0 6 2 6 2 6 2 6 2 6 2 4 1 4 1 4 1 4 1 5 1 6 2 6 2 6 2 6 2 6 2 6 2 6 2 6 2 5 1 5 1 5 1 5
0 13 2 3 2 2 2 3 2 3 2 2 3 2 3
0 28 5 5 7 1 7 1 7 1 7 1 7 1 7 1 7 1 7 1 7 1 7 1 7 1 7 1 7 1
0 10 5 7 1 7 1 7 1 7 1 7
0 81 3 4 1 5 4 1 6 2 6 2 6 2 6 2 6 2 6 2 6 2 6 2 6 2 6 2 0 5 5 4 1 4 1 6 2 6 2 5 1 5 1 5 1 5 1 5 1 5 1 5 1 0 4 1 6 2 4 4 1 4 1 0 0 5 1 5 1 5 1 5 1 5 1 6 2 6 2 6 2 5 1
0 16 3 5 6 2 6 2 6 2 6 2 5 1 5 1 5 1
0 19 3 5 6 2 6 2 6 2 6 2 5 1 5 1 5 1 6 2 5
0 11 5 7 1 7 1 7 1 7 1 7 1
0 28 3 4 4 4 1 4 1 4 1 5 0 6 4 1 0 4 1 4 1 4 1 4 1 5 5 1 6 2
0 16 7 1 7 1 7 1 7 1 7 1 7 1 7 1 5 5
0 143 3 1 6 6 6 1 6 6 6 6 5 6 6 6 6 6 6 6 6 6 6 6 6 6 6 6 6 6 6 6 6 6 6 6 0 6 2 5 1 5 1 5 1 5 1 5 1 5 1 5 1 6 2 6 2 6 2 6 2 6 2 6 2 4 1 0 0 5 1 5 1 5 1 5 1 5 1 5 1 5 1 6 2 6 2 6 2 6 2 5 1 6 5 5 5 1 5 1 5 1 5 1 5 1 5 1 4 0 0 0 5 6 2 6 2 6 2 6 2 6 2 5 1 5 1 5 1 5 1 6 2 6 2 6 2 6 2 5 1 5 1 5 1
0 22 3 5 6 2 6 2 6 2 6 2 5 1 5 1 5 1 6 2 5 1 5 1
0 84 3 4 1 5 4 1 6 2 6 2 6 2 6 2 6 2 6 2 6 2 6 2 6 2 6 2 0 5 5 4 1 4 1 6 2 6 2 5 1 5 1 5 1 5 1 5 1 5 1 5 1 0 4 1 6 2 4 4 1 4 1 0 0 5 1 5 1 5 1 5 1 5 1 6 2 6 2 6 2 5 1 5 1 5
0 116 3 5 6 2 6 2 6 2 6 2 5 1 5 1 5 1 6 2 5 1 5 1 5 1 5 1 5 1 4 1 0 4 1 6 2 6 2 5 1 5 1 4 1 5 6 2 6 2 6 2 5 1 5 1 5 1 5 1 5 1 6 0 5 5 0 5 0 5 1 5 1 6 2 6 2 6 2 4 1 4 1 4 1 0 4 1 6 2 6 2 5 1 5 1 6 2 6 2 4 1 5 1 6 2 6 2 6 2 6 2 6 2 6 2 6 2
0 32 3 4 4 4 1 4 1 4 1 5 0 6 4 1 0 4 1 4 1 4 1 4 1 5 5 1 6 2 6 2 6 2
0 37 3 4 1 5 4 1 6 2 6 2 6 2 6 2 6 2 6 2 6 2 6 2 6 2 6 2 0 5 5 4 1 4 1 6 2 6 2
0 29 5 5 7 1 7 1 7 1 7 1 7 1 7 1 7 1 7 1 7 1 7 1 7 1 7 1 7 1 7
0 150 3 6 0 0 5 5 0 5 4 1 4 1 5 1 5 1 5 1 5 1 5 1 5 1 6 4 1 0 0 5 1 5 1 5 1 5 1 6 2 6 2 6 2 6 2 6 2 6 2 4 1 5 4 1 5 0 6 2 6 2 6 2 6 2 6 2 4 1 4 1 4 1 5 0 5 1 5 1 5 1 5 1 4 4 1 4 1 4 1 4 1 4 1 4 1 4 1 6 2 6 2 6 2 5 1 5 1 5 1 5 1 5 1 6 5 0 5 4 1 4 1 5 1 6 2 6 2 6 2 6 2 6 2 6 2 6 2 5 1 5 1 5 1 5 1 5 1 5 0 0
0 5 5 7 1 5 5
0 135 3 6 0 0 5 5 0 5 4 1 4 1 5 1 5 1 5 1 5 1 5 1 5 1 6 4 1 0 0 5 1 5 1 5 1 5 1 6 2 6 2 6 2 6 2 6 2 6 2 4 1 5 4 1 5 0 6 2 6 2 6 2 6 2 6 2 4 1 4 1 4 1 5 0 5 1 5 1 5 1 5 1 4 4 1 4 1 4 1 4 1 4 1 4 1 4 1 6 2 6 2 6 2 5 1 5 1 5 1 5 1 5 1 6 5 0 5 4 1 4 1 5 1 6 2 6 2 6 2 6 2 6 2 6 2
0 107 3 4 1 5 4 1 6 2 6 2 6 2 6 2 6 2 6 2 6 2 6 2 6 2 6 2 0 5 5 4 1 4 1 6 2 6 2 5 1 5 1 5 1 5 1 5 1 5 1 5 1 0 4 1 6 2 4 4 1 4 1 0 0 5 1 5 1 5 1 5 1 5 1 6 2 6 2 6 2 5 1 5 1 5 1 5 1 4 1 0 6 2 6 2 6 2 6 2 5 1 5 1 5 1 5 1 5
0 11 2 3 2 3 2 3 2 3 2 2 3
0 25 7 1 7 1 7 1 7 1 7 1 5 7 1 7 1 7 1 7 1 7 1 7 1 7 1
0 12 7 1 7 1 7 1 7 1 7 1 7 1
0 9 7 1 7 1 7 1 7 1 7
0 12 2 2 3 2 3 2 2 3 2 3 2 3
0 53 3 5 0 0 4 1 4 1 5 1 5 1 5 1 5 1 5 1 5 1 5 1 6 2 6 2 6 2 6 2 4 1 5 5 4 1 0 6 2 6 2 6 2 6 2 6 2 6 2 6 2 5 1
0 16 7 1 7 1 7 1 7 1 7 1 5 7 1 7 1 7
0 163 3 4 1 5 4 1 6 2 6 2 6 2 6 2 6 2 6 2 6 2 6 2 6 2 6 2 0 5 5 4 1 4 1 6 2 6 2 5 1 5 1 5 1 5 1 5 1 5 1 5 1 0 4 1 6 2 4 4 1 4 1 0 0 5 1 5 1 5 1 5 1 5 1 6 2 6 2 6 2 5 1 5 1 5 1 5 1 4 1 0 6 2 6 2 6 2 6 2 5 1 5 1 5 1 5 1 5 1 5 1 5 1 0 5 1 5 1 4 1 4 1 6 2 6 2 6 2 6 2 5 1 5 1 5 1 5 1 5 1 5 1 6 2 6 2 4 5 1 6 2 6 2 5 6 2 6 2 6 2 6 2 6 2
0 110 3 5 6 2 6 2 6 2 6 2 5 1 5 1 5 1 6 2 5 1 5 1 5 1 5 1 5 1 4 1 0 4 1 6 2 6 2 5 1 5 1 4 1 5 6 2 6 2 6 2 5 1 5 1 5 1 5 1 5 1 6 0 5 5 0 5 0 5 1 5 1 6 2 6 2 6 2 4 1 4 1 4 1 0 4 1 6 2 6 2 5 1 5 1 6 2 6 2 4 1 5 1 6 2 6 2 6 2 6 2
0 15 2 3 2 3 2 3 2 3 2 3 2 2 3 2 3
0 41 3 4 1 5 4 1 6 2 6 2 6 2 6 2 6 2 6 2 6 2 6 2 6 2 6 2 0 5 5 4 1 4 1 6 2 6 2 5 1 5 1
0 28 7 1 7 1 7 1 7 1 7 1 7 1 7 1 7 1 7 1 7 1 7 1 5 7 1 7 1 7
0 11 2 2 2 3 2 2 3 2 3 2 3
0 65 3 7 7 7 7 7 6 4 1 4 1 5 0 0 6 4 1 5 0 5 1 5 1 5 1 5 1 6 2 6 2 6 2 6 2 4 1 0 0 5 1 5 1 5 1 5 1 6 2 6 2 6 2 6 2 6 2 5 1 5 1 5 1 5 1
0 11 5 5 7 1 7 1 7 1 7 1 7
0 26 3 4 1 5 4 1 6 2 6 2 6 2 6 2 6 2 6 2 6 2 6 2 6 2 6 2
0 197 3 4 1 5 4 1 6 2 6 2 6 2 6 2 6 2 6 2 6 2 6 2 6 2 6 2 0 5 5 4 1 4 1 6 2 6 2 5 1 5 1 5 1 5 1 5 1 5 1 5 1 0 4 1 6 2 4 4 1 4 1 0 0 5 1 5 1 5 1 5 1 5 1 6 2 6 2 6 2 5 1 5 1 5 1 5 1 4 1 0 6 2 6 2 6 2 6 2 5 1 5 1 5 1 5 1 5 1 5 1 5 1 0 5 1 5 1 4 1 4 1 6 2 6 2 6 2 6 2 5 1 5 1 5 1 5 1 5 1 5 1 6 2 6 2 4 5 1 6 2 6 2 5 6 2 6 2 6 2 6 2 6 2 6 2 4 1 4 1 5 1 5 1 5 1 5 1 5 1 6 2 6 2 6 2 6 2 5 1 5 1 5 1 6 2 6 2
0 10 7 1 5 7 1 7 1 7 1 7
0 31 3 7 7 7 7 7 6 4 1 4 1 5 0 0 6 4 1 5 0 5 1 5 1 5 1 5 1 6 2 6 2
0 4 5 7 1 5
0 11 2 3 2 3 2 3 2 2 2 2 3
0 218 3 1 6 6 6 1 6 6 6 6 5 6 6 6 6 6 6 6 6 6 6 6 6 6 6 6 6 6 6 6 6 6 6 6 0 6 2 5 1 5 1 5 1 5 1 5 1 5 1 5 1 6 2 6 2 6 2 6 2 6 2 6 2 4 1 0 0 5 1 5 1 5 1 5 1 5 1 5 1 5 1 6 2 6 2 6 2 6 2 5 1 6 5 5 5 1 5 1 5 1 5 1 5 1 5 1 4 0 0 0 5 6 2 6 2 6 2 6 2 6 2 5 1 5 1 5 1 5 1 6 2 6 2 6 2 6 2 5 1 5 1 5 1 4 1 5 0 4 1 5 1 5 1 5 1 5 1 0 0 0 5 0 6 2 6 5 4 1 5 4 1 4 1 0 4 1 6 2 6 2 6 2 6 2 5 1 6 2 6 2 6 2 4 1 4 1 4 1 5 1 5 1 5 1 5 1 5 1 5 1 5 1 5 1 6 2 6 2
0 10 3 4 1 5 4 1 6 2 6 2
0 21 3 5 6 2 6 2 6 2 6 2 5 1 5 1 5 1 6 2 5 1 5
0 157 3 4 1 5 4 1 6 2 6 2 6 2 6 2 6 2 6 2 6 2 6 2 6 2 6 2 0 5 5 4 1 4 1 6 2 6 2 5 1 5 1 5 1 5 1 5 1 5 1 5 1 0 4 1 6 2 4 4 1 4 1 0 0 5 1 5 1 5 1 5 1 5 1 6 2 6 2 6 2 5 1 5 1 5 1 5 1 4 1 0 6 2 6 2 6 2 6 2 5 1 5 1 5 1 5 1 5 1 5 1 5 1 0 5 1 5 1 4 1 4 1 6 2 6 2 6 2 6 2 5 1 5 1 5 1 5 1 5 1 5 1 6 2 6 2 4 5 1 6 2 6 2 5 6 2 6 2
0 7 5 7 1 7 1 5 5
0 187 3 6 0 0 5 5 0 5 4 1 4 1 5 1 5 1 5 1 5 1 5 1 5 1 6 4 1 0 0 5 1 5 1 5 1 5 1 6 2 6 2 6 2 6 2 6 2 6 2 4 1 5 4 1 5 0 6 2 6 2 6 2 6 2 6 2 4 1 4 1 4 1 5 0 5 1 5 1 5 1 5 1 4 4 1 4 1 4 1 4 1 4 1 4 1 4 1 6 2 6 2 6 2 5 1 5 1 5 1 5 1 5 1 6 5 0 5 4 1 4 1 5 1 6 2 6 2 6 2 6 2 6 2 6 2 6 2 5 1 5 1 5 1 5 1 5 1 5 0 0 6 2 6 2 6 2 6 2 6 2 4 1 4 1 4 1 4 1 5 1 6 2 6 2 6 2 6 2 6 2 6 2 6 2 6 2 5
0 249 3 1 6 6 6 1 6 6 6 6 5 6 6 6 6 6 6 6 6 6 6 6 6 6 6 6 6 6 6 6 6 6 6 6 0 6 2 5 1 5 1 5 1 5 1 5 1 5 1 5 1 6 2 6 2 6 2 6 2 6 2 6 2 4 1 0 0 5 1 5 1 5 1 5 1 5 1 5 1 5 1 6 2 6 2 6 2 6 2 5 1 6 5 5 5 1 5 1 5 1 5 1 5 1 5 1 4 0 0 0 5 6 2 6 2 6 2 6 2 6 2 5 1 5 1 5 1 5 1 6 2 6 2 6 2 6 2 5 1 5 1 5 1 4 1 5 0 4 1 5 1 5 1 5 1 5 1 0 0 0 5 0 6 2 6 5 4 1 5 4 1 4 1 0 4 1 6 2 6 2 6 2 6 2 5 1 6 2 6 2 6 2 4 1 4 1 4 1 5 1 5 1 5 1 5 1 5 1 5 1 5 1 5 1 6 2 6 2 6 2 6 2 4 4 1 4 1 4 1 5 1 5 1 5 1 5 1 5 1 5 1 5 1 5 1 5 1 6 2
0 13 7 1 7 1 7 1 7 1 7 1 7 1 5
0 32 7 1 7 1 7 1 7 1 5 7 1 7 1 7 1 7 1 7 1 7 1 7 1 7 1 7 1 7 1 7 1 7
0 14 7 1 7 1 7 1 7 1 5 7 1 7 1 7
0 7 5 5 7 1 7 1 7
0 110 3 4 1 5 4 1 6 2 6 2 6 2 6 2 6 2 6 2 6 2 6 2 6 2 6 2 0 5 5 4 1 4 1 6 2 6 2 5 1 5 1 5 1 5 1 5 1 5 1 5 1 0 4 1 6 2 4 4 1 4 1 0 0 5 1 5 1 5 1 5 1 5 1 6 2 6 2 6 2 5 1 5 1 5 1 5 1 4 1 0 6 2 6 2 6 2 6 2 5 1 5 1 5 1 5 1 5 1 5 1
0 19 7 1 7 1 7 1 7 1 7 1 5 7 1 7 1 7 1 7 1
0 101 3 4 1 5 4 1 6 2 6 2 6 2 6 2 6 2 6 2 6 2 6 2 6 2 6 2 0 5 5 4 1 4 1 6 2 6 2 5 1 5 1 5 1 5 1 5 1 5 1 5 1 0 4 1 6 2 4 4 1 4 1 0 0 5 1 5 1 5 1 5 1 5 1 6 2 6 2 6 2 5 1 5 1 5 1 5 1 4 1 0 6 2 6 2 6 2 6 2 5 1 5
0 17 5 7 1 7 1 7 1 7 1 7 1 7 1 7 1 5 5
0 101 3 6 0 0 5 5 0 5 4 1 4 1 5 1 5 1 5 1 5 1 5 1 5 1 6 4 1 0 0 5 1 5 1 5 1 5 1 6 2 6 2 6 2 6 2 6 2 6 2 4 1 5 4 1 5 0 6 2 6 2 6 2 6 2 6 2 4 1 4 1 4 1 5 0 5 1 5 1 5 1 5 1 4 4 1 4 1 4 1 4 1 4 1 4 1 4 1 6 2 6 2
0 8 2 3 2 3 2 3 2 3
0 4 5 5 5 7
