371 8
1 0 
1 8 6 4 4 4 4 4 4 6
1 31 6 0 2 4 1 4 1 4 1 6 4 1 4 1 4 1 4 1 6 6 4 1 7 7 7 7 1 6 0 2 1
1 31 6 5 5 5 5 0 2 7 4 1 6 4 1 4 1 4 1 4 1 6 4 1 6 1 5 5 4 0 2 5 1
1 25 6 0 2 4 1 4 1 4 1 4 1 6 4 1 4 1 4 1 4 1 6 1 2 1 1
1 6 6 4 4 4 4 4
1 51 1 3 1 3 1 3 1 2 1 1 6 1 6 6 1 1 1 3 1 3 1 1 1 1 3 1 3 1 3 1 3 1 2 1 1 1 1 1 1 3 1 3 1 3 1 3 1 6 4 4 4
1 22 4 6 4 6 1 3 1 1 3 1 3 1 3 1 2 2 1 3 1 5 1 2
1 12 6 5 4 6 6 6 0 2 5 4 5 4
1 24 4 6 1 3 1 3 1 2 2 1 2 4 6 1 3 1 2 2 1 1 1 1 1 5
1 1 6
1 28 4 6 1 3 1 3 1 3 1 3 1 2 1 3 1 3 1 3 1 3 1 6 2 2 5 6 6 1
1 26 6 5 4 5 4 5 4 5 5 5 5 0 2 4 1 6 4 1 4 1 4 1 4 1 5 5
1 56 6 5 4 0 2 4 1 6 4 1 4 1 4 1 4 1 7 7 7 7 4 1 4 1 4 1 7 7 7 4 1 4 1 4 1 4 1 6 1 5 5 5 5 0 2 4 1 4 1 6 4 1 6 2 2 1
1 9 6 4 4 4 4 6 4 4 4
1 17 6 4 1 1 3 1 3 1 3 1 1 5 1 4 6 4 6
1 18 6 6 6 0 2 4 1 4 1 4 1 7 4 1 4 1 7 7
1 4 4 6 4 6
1 24 6 5 4 5 4 0 2 4 1 4 1 4 1 4 1 7 7 7 7 4 1 4 1 7
1 21 6 6 6 6 0 2 4 1 4 1 4 1 4 1 6 1 1 1 2 5 4
1 3 6 5 4
1 55 6 0 2 4 1 4 1 4 1 4 1 6 5 5 1 5 6 6 6 6 0 2 6 4 1 6 4 1 7 7 7 7 4 1 4 1 4 1 4 1 2 1 1 5 5 5 0 2 4 1 6 1 2 1 2
1 2 4 6
1 5 6 5 4 5 4
1 13 6 5 4 5 5 5 5 0 2 7 5 5 1
1 10 6 5 0 2 4 1 6 2 5 4
1 26 6 5 4 6 0 2 4 1 4 1 4 1 6 4 1 4 1 4 1 4 1 6 7 7 2 1
1 7 6 4 4 4 4 4 6
1 46 6 5 0 2 4 1 4 1 7 7 7 4 1 4 1 7 7 7 7 6 6 6 6 0 2 6 4 1 4 1 4 1 6 4 1 4 1 4 1 6 4 1 7 7 5 4
1 4 6 4 4 6
1 26 4 6 1 3 1 3 1 2 1 6 2 1 1 3 1 3 1 3 1 2 1 1 6 5 1 6
1 7 6 5 4 5 4 5 4
1 31 6 5 5 0 2 4 1 4 1 4 1 4 1 4 1 4 1 4 1 4 1 7 7 4 1 4 1 6 7 7 7
1 10 4 6 4 6 1 3 1 5 5 5
1 63 6 5 5 0 2 4 1 7 7 7 5 0 2 4 1 4 1 4 1 4 1 6 4 1 4 1 7 4 1 4 1 4 1 4 1 6 5 6 6 6 6 0 2 4 1 4 1 4 1 4 1 6 1 2 2 5 5 5 0 2 5 2 5
1 24 1 3 1 1 5 5 1 1 6 6 1 2 1 2 6 5 6 6 1 3 1 3 1 2
1 10 6 4 4 4 4 4 6 4 4 4
1 46 6 4 4 4 4 4 1 3 1 3 1 5 5 5 1 2 1 3 1 3 1 3 1 5 1 6 6 1 6 1 1 3 1 3 1 5 6 1 1 1 1 6 1 6 6 4
1 12 6 5 5 5 0 2 5 4 0 2 1 1
1 53 6 0 2 4 1 4 1 4 1 6 4 1 4 1 6 5 4 0 2 4 1 4 1 4 1 4 1 4 1 4 1 6 6 5 5 0 2 4 1 4 1 4 1 7 7 4 1 4 1 4 1 1 5
1 45 4 6 4 6 4 6 1 3 1 3 1 3 1 2 5 1 1 3 1 2 5 1 1 2 1 6 5 1 1 3 1 3 1 3 1 3 1 6 6 1 5 2 1 1 5
1 11 6 4 4 4 6 4 4 4 6 4 6
1 54 1 3 1 3 1 3 1 3 1 1 6 5 4 6 1 1 5 6 1 3 1 3 1 3 1 3 1 6 1 5 1 2 1 3 1 3 1 3 1 2 1 3 1 5 5 1 1 3 1 3 1 6 5 2
1 7 6 4 4 4 6 4 6
1 6 4 6 6 4 4 4
1 8 4 6 6 4 4 4 4 4
1 15 4 6 6 4 4 4 4 1 3 1 3 1 2 4 6
1 36 6 5 4 5 5 5 5 0 2 4 1 7 5 5 5 0 2 4 1 4 1 4 1 4 1 7 7 4 1 4 1 4 1 6 5 4
1 6 4 6 4 6 4 6
1 36 4 6 1 1 3 1 3 1 2 1 3 1 3 1 3 1 5 1 2 1 3 1 1 3 1 3 1 3 1 3 1 1 5 6 5 2
1 11 6 4 4 4 4 6 4 4 4 4 6
1 47 6 6 6 6 6 0 2 4 1 6 4 1 6 2 1 1 2 5 5 5 5 0 2 4 1 4 1 4 1 4 1 7 7 4 1 4 1 6 4 1 4 1 4 1 7 7 7
1 27 4 6 1 3 1 3 1 2 2 1 3 1 3 1 3 1 3 1 1 3 1 3 1 3 1 2 2
0 5 6 5 4 6 0
0 51 6 5 5 0 2 2 5 1 2 5 4 6 0 2 4 1 4 1 4 1 4 1 6 4 1 4 1 4 1 4 1 6 4 1 4 1 4 1 4 1 6 1 2 1 2 5 5 0 2 6 4
0 7 6 6 6 6 0 2 4
0 50 6 5 5 5 0 2 4 1 4 1 4 1 6 4 1 4 1 4 1 4 1 6 4 1 4 1 6 1 1 5 5 5 5 0 2 6 4 1 6 4 1 7 7 2 1 0 2 4 1 4
0 35 6 5 5 0 2 2 5 1 2 5 4 6 0 2 4 1 4 1 4 1 4 1 6 4 1 4 1 4 1 4 1 6 4 1 4
0 20 6 6 6 6 6 0 2 2 5 1 5 4 5 0 2 4 1 4 1 4
0 13 6 6 6 6 6 0 2 2 5 1 5 4 5
0 39 6 6 6 6 6 0 2 7 7 7 7 5 5 5 0 2 4 1 6 4 1 4 1 4 1 4 1 7 6 5 6 6 6 6 0 2 4 1 4
0 9 6 5 4 5 5 5 0 2 4
0 8 6 6 6 6 6 0 2 4
0 22 1 3 1 3 1 2 1 1 6 5 2 1 3 1 3 1 1 3 1 3 1 3
0 37 6 5 5 0 2 2 5 1 2 5 4 6 0 2 4 1 4 1 4 1 4 1 6 4 1 4 1 4 1 4 1 6 4 1 4 1 4
0 7 6 5 5 5 0 2 4
0 34 6 4 4 4 4 6 4 4 4 1 1 2 2 2 1 1 5 6 1 2 1 1 1 1 6 5 5 5 1 6 1 3 1 3
0 25 6 6 6 6 6 0 2 4 1 4 1 4 1 4 1 6 5 1 1 5 4 6 6 6 0
0 19 6 0 2 5 5 5 0 2 4 1 4 1 6 4 1 4 1 6 4
0 6 6 6 6 6 6 0
0 7 6 0 2 5 5 5 0
0 20 6 6 0 2 4 1 6 4 1 7 7 7 7 4 1 7 7 4 1 4
0 9 6 5 4 5 4 5 4 5 5
0 6 1 3 1 3 1 3
0 44 6 5 4 5 5 5 0 2 6 4 1 7 7 7 4 1 6 4 1 6 5 5 5 5 5 0 2 4 1 4 1 7 7 7 7 7 4 1 4 1 7 7 7 4
0 23 6 0 2 5 5 5 0 2 4 1 4 1 6 4 1 4 1 6 4 1 4 1 4
0 47 6 5 5 5 0 2 6 1 1 6 6 0 2 4 1 4 1 7 7 7 1 2 2 5 5 5 5 0 2 7 7 7 7 4 1 4 1 4 1 4 1 6 4 1 4 1 4
0 8 6 5 5 0 2 4 1 4
0 23 1 3 1 3 1 6 2 1 3 1 2 2 2 2 1 3 1 1 3 1 3 1 3
0 48 6 6 6 6 6 0 2 2 5 1 5 4 5 0 2 4 1 4 1 4 1 7 7 7 7 4 1 4 1 4 1 6 2 0 2 4 1 6 4 1 4 1 4 1 6 4 1 4
0 6 6 5 5 0 2 4
0 64 6 5 5 0 2 2 5 1 2 5 4 6 0 2 4 1 4 1 4 1 4 1 6 4 1 4 1 4 1 4 1 6 4 1 4 1 4 1 4 1 6 1 2 1 2 5 5 0 2 6 4 1 4 1 4 1 4 1 6 4 1 4 1 4
0 16 6 5 4 5 4 6 6 0 2 4 1 6 1 1 2 0
0 8 1 3 1 3 1 3 1 3
0 9 6 6 0 2 4 1 4 1 4
0 15 6 4 4 4 4 4 1 3 1 3 1 3 1 1 3
0 13 6 5 5 0 2 2 5 1 2 5 4 6 0
0 3 6 5 0
0 18 6 5 4 5 4 5 4 5 5 0 2 4 1 4 1 4 1 4
0 20 6 6 0 2 4 1 4 1 4 1 4 1 7 7 1 5 4 5 5 5
0 16 6 6 6 6 6 0 2 2 5 1 5 4 5 0 2 4
0 25 6 5 4 5 4 6 6 0 2 4 1 6 1 1 2 0 2 4 1 6 4 1 4 1 4
0 5 6 4 4 1 3
0 39 6 5 4 5 5 5 0 2 6 4 1 7 7 7 4 1 6 4 1 6 5 5 5 5 5 0 2 4 1 4 1 7 7 7 7 7 4 1 4
0 8 6 4 4 4 4 4 1 3
0 14 6 6 0 2 4 1 6 4 1 7 7 7 7 4
0 67 6 6 6 6 6 0 2 7 7 7 7 5 5 5 0 2 4 1 6 4 1 4 1 4 1 4 1 7 6 5 6 6 6 6 0 2 4 1 4 1 4 1 4 1 7 7 4 1 4 1 4 1 4 1 7 7 7 4 1 4 1 4 1 6 4 1 4
0 11 6 6 6 6 0 2 4 1 4 1 4
0 15 6 5 5 5 0 2 4 1 4 1 4 1 6 6 4
0 13 6 6 6 6 0 2 4 1 4 1 4 1 4
0 15 4 6 1 3 1 3 1 3 1 2 2 6 5 1 3
0 33 6 5 5 0 2 2 5 1 2 5 4 6 0 2 4 1 4 1 4 1 4 1 6 4 1 4 1 4 1 4 1 6 4
0 26 6 0 2 4 1 4 1 4 1 7 7 6 4 1 4 1 4 1 1 5 4 6 6 6 6 0
0 21 4 6 1 3 1 3 1 3 1 2 2 1 3 1 5 5 1 5 5 1 3
0 24 6 4 4 4 4 1 2 2 1 3 1 3 1 3 1 1 1 2 1 3 1 3 1 3
0 20 6 5 4 5 5 5 0 2 4 1 6 4 1 4 1 7 7 4 1 4
0 10 6 5 4 5 4 6 6 0 2 4
0 9 6 6 6 6 0 2 4 1 4
0 12 6 5 4 5 4 5 4 5 5 0 2 4
0 58 6 6 6 6 6 0 2 7 7 7 7 5 5 5 0 2 4 1 6 4 1 4 1 4 1 4 1 7 6 5 6 6 6 6 0 2 4 1 4 1 4 1 4 1 7 7 4 1 4 1 4 1 4 1 7 7 7 4
0 23 6 5 4 5 4 6 6 0 2 4 1 6 1 1 2 0 2 4 1 6 4 1 4
0 24 6 5 5 5 0 2 4 1 4 1 4 1 6 6 4 1 4 1 4 1 6 4 1 4
0 10 6 5 5 5 5 0 2 4 1 4
0 2 6 6
0 7 6 5 4 5 4 6 6
0 5 6 5 5 5 5
0 49 6 6 6 6 6 0 2 7 7 7 7 5 5 5 0 2 4 1 6 4 1 4 1 4 1 4 1 7 6 5 6 6 6 6 0 2 4 1 4 1 4 1 4 1 7 7 4 1 4
0 5 4 6 4 6 4
0 5 6 5 0 2 4
0 16 4 6 1 3 1 3 1 3 1 3 1 2 2 2 1 3
0 10 6 5 5 5 0 2 6 1 1 6
0 26 6 5 5 0 2 2 5 1 2 5 4 6 0 2 4 1 4 1 4 1 4 1 6 4 1 4
0 10 6 5 4 5 4 5 4 5 5 0
0 8 6 5 4 5 5 5 5 0
0 25 6 0 2 5 5 5 0 2 4 1 4 1 6 4 1 4 1 6 4 1 4 1 4 1 4
0 19 6 5 5 5 0 2 4 1 4 1 4 1 6 6 4 1 4 1 4
0 46 6 6 6 6 6 0 2 2 5 1 5 4 5 0 2 4 1 4 1 4 1 7 7 7 7 4 1 4 1 4 1 6 2 0 2 4 1 6 4 1 4 1 4 1 6 4
0 21 6 6 0 2 4 1 4 1 4 1 4 1 7 7 1 5 4 5 5 5 5
0 20 6 5 5 0 2 4 1 4 1 6 4 1 4 1 4 1 4 1 6 4
0 15 6 5 4 5 5 5 0 2 6 4 1 7 7 7 4
0 17 6 0 2 4 1 4 1 4 1 7 7 6 4 1 4 1 4
0 26 6 5 5 5 0 2 4 1 4 1 4 1 7 7 4 1 4 1 4 1 4 1 6 4 1 4
0 17 4 6 1 3 1 3 1 3 1 2 2 6 5 1 3 1 3
0 12 6 5 5 0 2 2 5 1 2 5 4 6
0 12 6 5 4 5 5 5 0 2 4 1 6 4
0 37 6 5 4 5 5 5 0 2 6 4 1 7 7 7 4 1 6 4 1 6 5 5 5 5 5 0 2 4 1 4 1 7 7 7 7 7 4
0 18 6 6 6 6 6 0 2 4 1 4 1 6 4 1 6 4 1 4
0 11 6 5 5 5 0 2 6 1 1 6 6
0 65 6 6 6 6 6 0 2 7 7 7 7 5 5 5 0 2 4 1 6 4 1 4 1 4 1 4 1 7 6 5 6 6 6 6 0 2 4 1 4 1 4 1 4 1 7 7 4 1 4 1 4 1 4 1 7 7 7 4 1 4 1 4 1 6 4
0 11 6 5 5 0 2 4 1 4 1 6 4
0 40 6 5 5 5 0 2 6 1 1 6 6 0 2 4 1 4 1 7 7 7 1 2 2 5 5 5 5 0 2 7 7 7 7 4 1 4 1 4 1 4
0 24 1 3 1 3 1 2 1 1 6 5 2 1 3 1 3 1 1 3 1 3 1 3 1 3
0 28 6 5 4 5 5 5 0 2 6 4 1 7 7 7 4 1 6 4 1 6 5 5 5 5 5 0 2 4
0 18 6 6 0 2 4 1 6 4 1 7 7 7 7 4 1 7 7 4
0 6 6 0 2 4 1 4
0 28 6 6 6 6 6 0 2 2 5 1 5 4 5 0 2 4 1 4 1 4 1 7 7 7 7 4 1 4
0 12 6 4 4 4 4 1 2 2 1 3 1 3
0 34 6 6 6 6 6 0 2 7 7 7 7 5 5 5 0 2 4 1 6 4 1 4 1 4 1 4 1 7 6 5 6 6 6 6
0 45 6 5 5 5 0 2 6 1 1 6 6 0 2 4 1 4 1 7 7 7 1 2 2 5 5 5 5 0 2 7 7 7 7 4 1 4 1 4 1 4 1 6 4 1 4
0 10 6 4 4 6 4 4 1 3 1 3
0 46 6 5 5 5 0 2 4 1 4 1 4 1 6 4 1 4 1 4 1 4 1 6 4 1 4 1 6 1 1 5 5 5 5 0 2 6 4 1 6 4 1 7 7 2 1 0
0 8 6 5 4 5 4 5 4 5
0 52 6 6 6 6 6 0 2 2 5 1 5 4 5 0 2 4 1 4 1 4 1 7 7 7 7 4 1 4 1 4 1 6 2 0 2 4 1 6 4 1 4 1 4 1 6 4 1 4 1 4 1 4
0 20 1 3 1 3 1 2 1 1 6 5 2 1 3 1 3 1 1 3 1 3
0 27 6 6 0 2 4 1 6 4 1 7 7 7 7 4 1 7 7 4 1 4 1 4 1 6 6 6 0
0 14 6 5 4 5 5 5 5 0 2 5 5 1 2 0
0 8 6 5 4 5 4 6 6 0
0 24 6 5 5 5 0 2 4 1 4 1 4 1 7 7 4 1 4 1 4 1 4 1 6 4
0 16 6 0 2 5 5 5 0 2 4 1 4 1 6 4 1 4
0 4 6 0 2 4
0 32 6 6 6 6 6 0 2 4 1 4 1 6 4 1 6 4 1 4 1 4 1 7 7 7 1 5 4 5 5 5 5 0
0 39 6 6 6 6 6 0 2 2 5 1 5 4 5 0 2 4 1 4 1 4 1 7 7 7 7 4 1 4 1 4 1 6 2 0 2 4 1 6 4
0 19 6 6 0 2 4 1 4 1 4 1 4 1 7 7 1 5 4 5 5
0 13 4 6 1 3 1 3 1 3 1 2 2 1 3
0 8 6 6 0 2 4 1 6 4
0 25 6 0 2 4 1 4 1 4 1 7 7 6 4 1 4 1 4 1 1 5 4 6 6 6 6
0 6 6 4 4 1 1 3
0 26 6 6 6 6 6 0 2 2 5 1 5 4 5 0 2 4 1 4 1 4 1 7 7 7 7 4
0 37 6 5 5 5 0 2 4 1 4 1 4 1 6 4 1 4 1 4 1 4 1 6 4 1 4 1 6 1 1 5 5 5 5 0 2 6 4
0 14 6 0 2 5 5 5 0 2 4 1 4 1 6 4
0 9 6 0 2 5 5 5 0 2 4
0 40 6 5 5 5 0 2 4 1 4 1 4 1 6 4 1 4 1 4 1 4 1 6 4 1 4 1 6 1 1 5 5 5 5 0 2 6 4 1 6 4
0 22 6 6 6 6 6 0 2 7 7 7 7 5 5 5 0 2 4 1 6 4 1 4
0 7 6 6 0 2 4 1 4
0 5 6 5 5 5 0
0 30 6 5 4 5 5 5 0 2 6 4 1 7 7 7 4 1 6 4 1 6 5 5 5 5 5 0 2 4 1 4
0 16 6 5 5 5 5 0 2 4 1 4 1 6 4 1 7 4
0 18 6 6 6 6 6 0 2 2 5 1 5 4 5 0 2 4 1 4
0 12 6 4 4 4 4 4 1 3 1 3 1 3
0 7 4 6 4 6 4 6 4
0 50 6 6 6 6 6 0 2 2 5 1 5 4 5 0 2 4 1 4 1 4 1 7 7 7 7 4 1 4 1 4 1 6 2 0 2 4 1 6 4 1 4 1 4 1 6 4 1 4 1 4
0 39 6 5 5 0 2 2 5 1 2 5 4 6 0 2 4 1 4 1 4 1 4 1 6 4 1 4 1 4 1 4 1 6 4 1 4 1 4 1 4
0 29 4 6 1 3 1 3 1 3 1 2 2 1 3 1 5 5 1 5 5 1 3 1 3 1 3 1 2 1 3
0 20 6 6 6 6 6 0 2 7 7 7 7 5 5 5 0 2 4 1 6 4
0 7 6 5 4 5 5 5 0
0 66 6 5 5 0 2 2 5 1 2 5 4 6 0 2 4 1 4 1 4 1 4 1 6 4 1 4 1 4 1 4 1 6 4 1 4 1 4 1 4 1 6 1 2 1 2 5 5 0 2 6 4 1 4 1 4 1 4 1 6 4 1 4 1 4 1 4
0 8 1 3 1 3 1 2 1 3
0 8 4 6 1 3 1 3 1 3
0 10 4 6 1 3 1 3 1 3 1 3
0 16 1 3 1 3 1 6 2 1 3 1 2 2 2 2 1 3
0 22 6 4 4 4 4 1 2 2 1 3 1 3 1 3 1 1 1 2 1 3 1 3
0 28 6 6 6 6 6 0 2 4 1 4 1 6 4 1 6 4 1 4 1 4 1 7 7 7 1 5 4 5
0 18 6 5 5 5 5 0 2 4 1 4 1 6 4 1 7 4 1 4
0 41 6 6 6 6 6 0 2 7 7 7 7 5 5 5 0 2 4 1 6 4 1 4 1 4 1 4 1 7 6 5 6 6 6 6 0 2 4 1 4 1 4
0 14 6 5 5 5 0 2 6 1 1 6 6 0 2 4
0 2 1 3
0 28 6 5 5 0 2 2 5 1 2 5 4 6 0 2 4 1 4 1 4 1 4 1 6 4 1 4 1 4
0 22 6 6 0 2 4 1 6 4 1 7 7 7 7 4 1 7 7 4 1 4 1 4
0 2 6 5
0 17 6 5 5 0 2 2 5 1 2 5 4 6 0 2 4 1 4
0 20 6 6 6 6 6 0 2 4 1 4 1 6 4 1 6 4 1 4 1 4
0 36 1 3 1 3 1 6 2 1 3 1 2 2 2 2 1 3 1 1 3 1 3 1 3 1 2 1 5 6 1 2 1 3 1 3 1 3
0 33 4 6 1 3 1 3 1 3 1 2 2 1 3 1 5 5 1 5 5 1 3 1 3 1 3 1 2 1 3 1 3 1 3
0 43 6 5 5 5 0 2 6 1 1 6 6 0 2 4 1 4 1 7 7 7 1 2 2 5 5 5 5 0 2 7 7 7 7 4 1 4 1 4 1 4 1 6 4
0 5 6 6 6 6 0
0 8 6 0 2 4 1 4 1 4
0 17 6 6 6 6 6 0 2 7 7 7 7 5 5 5 0 2 4
0 13 1 3 1 3 1 2 1 1 6 5 2 1 3
0 16 6 5 5 5 0 2 4 1 4 1 4 1 6 4 1 4
0 18 6 5 5 5 0 2 4 1 4 1 4 1 6 4 1 4 1 4
0 32 6 4 4 4 4 6 4 4 4 1 1 2 2 2 1 1 5 6 1 2 1 1 1 1 6 5 5 5 1 6 1 3
0 13 6 0 2 4 1 4 1 4 1 7 7 6 4
0 17 6 5 5 5 0 2 4 1 4 1 4 1 7 7 4 1 4
0 10 6 4 4 1 1 3 1 3 1 3
0 6 6 5 4 5 5 5
0 6 6 5 4 5 4 5
0 37 6 6 6 6 6 0 2 7 7 7 7 5 5 5 0 2 4 1 6 4 1 4 1 4 1 4 1 7 6 5 6 6 6 6 0 2 4
0 48 6 5 5 5 0 2 4 1 4 1 4 1 6 4 1 4 1 4 1 4 1 6 4 1 4 1 6 1 1 5 5 5 5 0 2 6 4 1 6 4 1 7 7 2 1 0 2 4
0 23 6 6 6 6 6 0 2 4 1 4 1 4 1 4 1 6 5 1 1 5 4 6 6
0 60 6 5 5 0 2 2 5 1 2 5 4 6 0 2 4 1 4 1 4 1 4 1 6 4 1 4 1 4 1 4 1 6 4 1 4 1 4 1 4 1 6 1 2 1 2 5 5 0 2 6 4 1 4 1 4 1 4 1 6 4
0 1 4
0 21 1 3 1 3 1 6 2 1 3 1 2 2 2 2 1 3 1 1 3 1 3
0 7 6 5 4 5 5 5 5
0 14 6 5 4 5 5 5 0 2 4 1 6 4 1 4
0 9 1 3 1 3 1 6 2 1 3
0 22 6 6 0 2 4 1 4 1 4 1 4 1 7 7 1 5 4 5 5 5 5 0
0 43 6 6 6 6 6 0 2 2 5 1 5 4 5 0 2 4 1 4 1 4 1 7 7 7 7 4 1 4 1 4 1 6 2 0 2 4 1 6 4 1 4 1 4
0 15 6 0 2 4 1 4 1 4 1 7 7 6 4 1 4
0 13 6 6 6 6 6 0 2 4 1 4 1 6 4
0 17 6 5 5 5 0 2 4 1 4 1 4 1 6 6 4 1 4
0 29 6 6 6 6 6 0 2 4 1 4 1 6 4 1 6 4 1 4 1 4 1 7 7 7 1 5 4 5 5
0 16 6 5 5 5 0 2 6 1 1 6 6 0 2 4 1 4
0 8 6 5 4 5 4 5 5 5
0 18 1 3 1 3 1 2 1 1 6 5 2 1 3 1 3 1 1 3
0 19 1 3 1 3 1 6 2 1 3 1 2 2 2 2 1 3 1 1 3
0 36 6 5 5 5 0 2 6 1 1 6 6 0 2 4 1 4 1 7 7 7 1 2 2 5 5 5 5 0 2 7 7 7 7 4 1 4
0 15 6 5 5 0 2 2 5 1 2 5 4 6 0 2 4
0 11 6 5 5 5 0 2 4 1 4 1 4
0 24 6 6 0 2 4 1 4 1 4 1 4 1 7 7 1 5 4 5 5 5 5 0 2 4
0 24 6 0 2 4 1 4 1 4 1 7 7 6 4 1 4 1 4 1 1 5 4 6 6 6
0 9 6 5 5 5 0 2 4 1 4
0 3 6 6 0
0 8 6 4 4 1 1 3 1 3
0 19 6 5 5 5 0 2 4 1 4 1 4 1 7 7 4 1 4 1 4
0 24 6 6 6 6 6 0 2 7 7 7 7 5 5 5 0 2 4 1 6 4 1 4 1 4
0 34 1 3 1 3 1 6 2 1 3 1 2 2 2 2 1 3 1 1 3 1 3 1 3 1 2 1 5 6 1 2 1 3 1 3
0 38 6 5 5 5 0 2 6 1 1 6 6 0 2 4 1 4 1 7 7 7 1 2 2 5 5 5 5 0 2 7 7 7 7 4 1 4 1 4
0 14 6 6 6 6 6 0 2 4 1 4 1 4 1 4
0 19 4 6 1 3 1 3 1 3 1 2 2 6 5 1 3 1 3 1 3
0 3 6 4 6
0 14 6 5 5 5 0 2 4 1 4 1 4 1 6 4
0 6 6 5 5 5 5 0
0 24 6 6 6 6 6 0 2 4 1 4 1 4 1 4 1 6 5 1 1 5 4 6 6 6
0 43 6 6 6 6 6 0 2 7 7 7 7 5 5 5 0 2 4 1 6 4 1 4 1 4 1 4 1 7 6 5 6 6 6 6 0 2 4 1 4 1 4 1 4
0 23 4 6 1 3 1 3 1 3 1 2 2 1 3 1 5 5 1 5 5 1 3 1 3
0 9 6 5 4 5 4 5 5 5 0
0 30 6 5 5 0 2 2 5 1 2 5 4 6 0 2 4 1 4 1 4 1 4 1 6 4 1 4 1 4 1 4
0 18 6 6 0 2 4 1 4 1 4 1 4 1 7 7 1 5 4 5
0 12 6 4 4 1 1 3 1 3 1 3 1 3
0 26 6 5 4 5 5 5 0 2 6 4 1 7 7 7 4 1 6 4 1 6 5 5 5 5 5 0
0 20 6 5 5 5 0 2 4 1 4 1 4 1 6 4 1 4 1 4 1 4
0 62 6 6 6 6 6 0 2 7 7 7 7 5 5 5 0 2 4 1 6 4 1 4 1 4 1 4 1 7 6 5 6 6 6 6 0 2 4 1 4 1 4 1 4 1 7 7 4 1 4 1 4 1 4 1 7 7 7 4 1 4 1 4
0 52 6 5 5 5 0 2 4 1 4 1 4 1 6 4 1 4 1 4 1 4 1 6 4 1 4 1 6 1 1 5 5 5 5 0 2 6 4 1 6 4 1 7 7 2 1 0 2 4 1 4 1 4
0 22 6 0 2 4 1 4 1 4 1 7 7 6 4 1 4 1 4 1 1 5 4 6
0 17 6 4 4 4 4 4 1 3 1 3 1 3 1 1 3 1 3
0 15 6 5 5 5 0 2 4 1 4 1 4 1 7 7 4
0 33 6 6 6 6 6 0 2 7 7 7 7 5 5 5 0 2 4 1 6 4 1 4 1 4 1 4 1 7 6 5 6 6 6
0 14 6 6 6 6 6 0 2 2 5 1 5 4 5 0
0 28 6 5 5 5 0 2 4 1 4 1 4 1 7 7 4 1 4 1 4 1 4 1 6 4 1 4 1 4
0 62 6 5 5 0 2 2 5 1 2 5 4 6 0 2 4 1 4 1 4 1 4 1 6 4 1 4 1 4 1 4 1 6 4 1 4 1 4 1 4 1 6 1 2 1 2 5 5 0 2 6 4 1 4 1 4 1 4 1 6 4 1 4
0 21 6 4 4 4 4 4 1 3 1 3 1 3 1 1 3 1 3 1 2 1 3
0 41 6 6 6 6 6 0 2 2 5 1 5 4 5 0 2 4 1 4 1 4 1 7 7 7 7 4 1 4 1 4 1 6 2 0 2 4 1 6 4 1 4
0 21 4 6 1 3 1 3 1 3 1 2 2 6 5 1 3 1 3 1 3 1 3
0 56 6 6 6 6 6 0 2 2 5 1 5 4 5 0 2 4 1 4 1 4 1 7 7 7 7 4 1 4 1 4 1 6 2 0 2 4 1 6 4 1 4 1 4 1 6 4 1 4 1 4 1 4 1 4 1 4
0 3 4 6 4
0 3 6 5 5
0 21 6 5 5 0 2 2 5 1 2 5 4 6 0 2 4 1 4 1 4 1 4
0 23 6 5 5 5 0 2 4 1 4 1 4 1 6 4 1 4 1 4 1 4 1 6 4
0 31 4 6 1 3 1 3 1 3 1 2 2 1 3 1 5 5 1 5 5 1 3 1 3 1 3 1 2 1 3 1 3
0 13 6 5 5 0 2 4 1 4 1 6 4 1 4
0 8 6 5 5 5 5 0 2 4
0 21 6 0 2 5 5 5 0 2 4 1 4 1 6 4 1 4 1 6 4 1 4
0 5 6 6 6 6 6
0 2 6 0
0 10 1 3 1 3 1 2 1 3 1 3
0 10 6 4 4 4 4 4 1 3 1 3
0 32 6 5 5 0 2 4 1 4 1 6 4 1 4 1 4 1 4 1 6 4 1 4 1 4 1 6 2 5 1 5 4 5
0 32 6 6 6 6 6 0 2 7 7 7 7 5 5 5 0 2 4 1 6 4 1 4 1 4 1 4 1 7 6 5 6 6
0 11 6 6 0 2 4 1 4 1 4 1 4
0 35 6 6 6 6 6 0 2 7 7 7 7 5 5 5 0 2 4 1 6 4 1 4 1 4 1 4 1 7 6 5 6 6 6 6 0
0 57 6 5 5 0 2 2 5 1 2 5 4 6 0 2 4 1 4 1 4 1 4 1 6 4 1 4 1 4 1 4 1 6 4 1 4 1 4 1 4 1 6 1 2 1 2 5 5 0 2 6 4 1 4 1 4 1 4
0 53 6 6 6 6 6 0 2 7 7 7 7 5 5 5 0 2 4 1 6 4 1 4 1 4 1 4 1 7 6 5 6 6 6 6 0 2 4 1 4 1 4 1 4 1 7 7 4 1 4 1 4 1 4
0 16 6 6 6 6 6 0 2 4 1 4 1 6 4 1 6 4
0 10 6 4 4 4 4 1 2 2 1 3
0 29 1 3 1 3 1 2 1 1 6 5 2 1 3 1 3 1 1 3 1 3 1 3 1 3 1 1 2 2 4
0 4 6 5 4 5
0 53 6 5 5 0 2 2 5 1 2 5 4 6 0 2 4 1 4 1 4 1 4 1 6 4 1 4 1 4 1 4 1 6 4 1 4 1 4 1 4 1 6 1 2 1 2 5 5 0 2 6 4 1 4
0 4 1 3 1 3
0 7 6 5 4 5 4 5 5
0 14 6 4 4 4 4 1 2 2 1 3 1 3 1 3
0 34 6 5 5 5 0 2 6 1 1 6 6 0 2 4 1 4 1 7 7 7 1 2 2 5 5 5 5 0 2 7 7 7 7 4
0 26 6 6 0 2 4 1 4 1 4 1 4 1 7 7 1 5 4 5 5 5 5 0 2 4 1 4
0 12 1 3 1 3 1 2 1 3 1 3 1 3
0 49 6 4 4 4 4 6 4 4 4 1 1 2 2 2 1 1 5 6 1 2 1 1 1 1 6 5 5 5 1 6 1 3 1 3 1 3 1 5 1 1 2 1 2 1 6 1 6 1 3
0 5 6 6 0 2 4
0 4 6 6 6 0
0 13 6 5 5 5 5 0 2 4 1 4 1 6 4
0 51 6 6 6 6 6 0 2 7 7 7 7 5 5 5 0 2 4 1 6 4 1 4 1 4 1 4 1 7 6 5 6 6 6 6 0 2 4 1 4 1 4 1 4 1 7 7 4 1 4 1 4
0 25 6 5 5 5 0 2 4 1 4 1 4 1 6 4 1 4 1 4 1 4 1 6 4 1 4
0 24 4 6 1 3 1 3 1 3 1 2 2 6 5 1 3 1 3 1 3 1 3 1 1 3
0 30 6 6 6 6 6 0 2 4 1 4 1 6 4 1 6 4 1 4 1 4 1 7 7 7 1 5 4 5 5 5
0 25 4 6 1 3 1 3 1 3 1 2 2 1 3 1 5 5 1 5 5 1 3 1 3 1 3
0 20 6 4 4 4 4 1 2 2 1 3 1 3 1 3 1 1 1 2 1 3
0 31 6 6 6 6 6 0 2 4 1 4 1 6 4 1 6 4 1 4 1 4 1 7 7 7 1 5 4 5 5 5 5
0 18 6 5 4 5 5 5 0 2 4 1 6 4 1 4 1 7 7 4
0 19 6 5 5 0 2 2 5 1 2 5 4 6 0 2 4 1 4 1 4
0 36 6 4 4 4 4 6 4 4 4 1 1 2 2 2 1 1 5 6 1 2 1 1 1 1 6 5 5 5 1 6 1 3 1 3 1 3
0 16 6 4 4 1 1 3 1 3 1 3 1 3 1 2 1 3
0 6 6 5 4 5 4 6
0 3 6 6 6
0 4 6 6 6 6
0 31 6 6 6 6 6 0 2 7 7 7 7 5 5 5 0 2 4 1 6 4 1 4 1 4 1 4 1 7 6 5 6
0 4 4 6 1 3
0 22 6 5 5 5 0 2 4 1 4 1 4 1 6 6 4 1 4 1 4 1 6 4
0 6 4 6 1 3 1 3
0 28 6 6 0 2 4 1 4 1 4 1 4 1 7 7 1 5 4 5 5 5 5 0 2 4 1 4 1 4
0 4 6 5 5 5
0 18 6 5 4 5 5 5 0 2 6 4 1 7 7 7 4 1 6 4
0 8 6 4 4 6 4 4 1 3
0 11 6 0 2 5 5 5 0 2 4 1 4
0 12 6 6 6 6 6 0 2 4 1 4 1 4
0 23 4 6 1 3 1 3 1 3 1 3 1 2 2 2 1 3 1 5 2 1 3 1 3
0 23 6 0 2 4 1 4 1 4 1 7 7 6 4 1 4 1 4 1 1 5 4 6 6
0 54 6 6 6 6 6 0 2 2 5 1 5 4 5 0 2 4 1 4 1 4 1 7 7 7 7 4 1 4 1 4 1 6 2 0 2 4 1 6 4 1 4 1 4 1 6 4 1 4 1 4 1 4 1 4
0 36 6 6 6 6 6 0 2 2 5 1 5 4 5 0 2 4 1 4 1 4 1 7 7 7 7 4 1 4 1 4 1 6 2 0 2 4
0 3 4 6 6
0 18 6 5 4 5 4 6 6 0 2 4 1 6 1 1 2 0 2 4
0 32 1 3 1 3 1 6 2 1 3 1 2 2 2 2 1 3 1 1 3 1 3 1 3 1 2 1 5 6 1 2 1 3
0 24 6 5 5 0 2 4 1 4 1 6 4 1 4 1 4 1 4 1 6 4 1 4 1 4
0 24 6 5 5 0 2 2 5 1 2 5 4 6 0 2 4 1 4 1 4 1 4 1 6 4
0 47 6 6 6 6 6 0 2 7 7 7 7 5 5 5 0 2 4 1 6 4 1 4 1 4 1 4 1 7 6 5 6 6 6 6 0 2 4 1 4 1 4 1 4 1 7 7 4
0 12 6 5 5 5 0 2 6 1 1 6 6 0
0 10 6 5 4 5 5 5 0 2 6 4
0 35 4 6 1 3 1 3 1 3 1 2 2 1 3 1 5 5 1 5 5 1 3 1 3 1 3 1 2 1 3 1 3 1 3 1 3
0 55 6 5 5 0 2 2 5 1 2 5 4 6 0 2 4 1 4 1 4 1 4 1 6 4 1 4 1 4 1 4 1 6 4 1 4 1 4 1 4 1 6 1 2 1 2 5 5 0 2 6 4 1 4 1 4
0 21 6 5 4 5 4 6 6 0 2 4 1 6 1 1 2 0 2 4 1 6 4
0 21 4 6 1 3 1 3 1 3 1 3 1 2 2 2 1 3 1 5 2 1 3
0 15 6 5 5 0 2 4 1 4 1 6 4 1 4 1 4
0 17 6 5 5 0 2 4 1 4 1 6 4 1 4 1 4 1 4
0 10 6 6 6 6 6 0 2 4 1 4
0 7 6 5 0 2 4 1 4
0 16 6 5 4 5 4 5 4 5 5 0 2 4 1 4 1 4
0 28 6 5 4 5 4 6 6 0 2 4 1 6 1 1 2 0 2 4 1 6 4 1 4 1 4 1 6 4
0 48 6 5 5 0 2 2 5 1 2 5 4 6 0 2 4 1 4 1 4 1 4 1 6 4 1 4 1 4 1 4 1 6 4 1 4 1 4 1 4 1 6 1 2 1 2 5 5 0
0 15 6 6 6 6 6 0 2 7 7 7 7 5 5 5 0
0 60 6 6 6 6 6 0 2 7 7 7 7 5 5 5 0 2 4 1 6 4 1 4 1 4 1 4 1 7 6 5 6 6 6 6 0 2 4 1 4 1 4 1 4 1 7 7 4 1 4 1 4 1 4 1 7 7 7 4 1 4
0 34 6 6 6 6 6 0 2 2 5 1 5 4 5 0 2 4 1 4 1 4 1 7 7 7 7 4 1 4 1 4 1 6 2 0
0 30 6 6 6 6 6 0 2 2 5 1 5 4 5 0 2 4 1 4 1 4 1 7 7 7 7 4 1 4 1 4
0 15 1 3 1 3 1 2 1 1 6 5 2 1 3 1 3
0 14 6 5 4 5 4 5 4 5 5 0 2 4 1 4
0 5 6 5 4 5 5
0 21 6 5 5 5 0 2 4 1 4 1 4 1 7 7 4 1 4 1 4 1 4
0 22 6 5 5 0 2 4 1 4 1 6 4 1 4 1 4 1 4 1 6 4 1 4
0 26 6 6 6 6 6 0 2 7 7 7 7 5 5 5 0 2 4 1 6 4 1 4 1 4 1 4
0 34 6 5 5 5 0 2 4 1 4 1 4 1 6 4 1 4 1 4 1 4 1 6 4 1 4 1 6 1 1 5 5 5 5 0
0 4 6 5 5 0
0 27 6 4 4 4 4 4 1 3 1 3 1 3 1 1 3 1 3 1 2 1 3 1 2 2 2 1 3
0 28 6 5 5 5 0 2 6 1 1 6 6 0 2 4 1 4 1 7 7 7 1 2 2 5 5 5 5 0
0 4 6 5 4 6
0 22 6 6 6 6 6 0 2 4 1 4 1 4 1 4 1 6 5 1 1 5 4 6
0 7 6 5 4 6 0 2 4
