770 8
1 0 
1 107 3 3 3 1 2 1 2 1 2 1 2 1 2 1 2 1 2 1 2 1 2 1 2 1 2 1 2 3 6 5 5 1 0 5 5 5 5 1 0 7 0 1 2 1 2 5 1 1 5 1 0 1 1 7 7 0 0 0 0 0 0 1 0 4 4 4 1 0 1 1 1 7 6 3 6 1 2 1 2 1 2 1 2 1 2 1 2 1 2 3 6 3 1 5 5 3 1 5 5 3 1 5 5 3 1 5 5
1 72 0 3 6 3 6 1 2 1 2 1 2 1 2 1 2 3 6 6 1 2 1 2 1 2 1 2 1 2 1 2 1 5 5 5 5 5 1 0 1 1 7 1 1 1 7 1 0 1 1 7 3 6 1 2 1 2 3 1 5 5 3 6 1 2 1 2 1 2 1 2 1 2
1 5 3 6 3 3 0
1 40 3 3 3 3 0 0 0 0 3 3 3 3 3 0 0 0 0 0 0 0 0 0 0 3 3 3 0 0 0 0 0 0 0 0 3 3 3 3 4 5
1 26 3 3 3 3 0 0 0 0 0 0 0 0 0 0 3 3 1 2 1 2 1 2 1 2 1 2
1 78 3 6 5 1 1 1 4 4 4 4 1 0 7 0 3 6 1 2 1 2 1 2 1 2 5 4 5 1 4 4 4 4 4 1 0 1 5 5 5 5 1 0 1 7 7 7 1 2 1 2 1 2 1 2 1 2 1 2 1 2 1 2 3 6 1 0 1 7 1 2 1 2 1 2 1 2 1 2
1 11 7 6 0 3 6 0 3 6 1 3 0
1 150 3 3 3 3 1 2 1 2 1 2 1 1 7 1 2 1 2 1 2 1 2 3 6 1 2 1 2 1 2 1 2 1 2 1 2 1 2 1 2 4 4 1 0 1 1 1 7 4 4 1 0 1 4 4 4 4 4 1 0 4 4 4 1 0 1 7 0 1 1 1 4 4 1 0 1 7 1 1 4 4 4 1 0 4 4 4 4 1 0 5 5 5 5 1 0 7 3 6 1 2 1 2 0 3 6 3 6 4 4 4 1 0 1 7 0 3 3 3 3 0 1 5 5 5 5 1 0 5 5 1 0 7 1 2 1 2 0 0 1 1 7 1 5 5 5 5 1 0 7 6
1 5 3 0 3 3 0
1 4 3 3 4 5
1 62 3 0 5 1 2 3 1 5 5 3 1 5 5 3 1 5 5 5 5 5 1 0 5 1 0 4 1 0 1 5 1 0 7 1 0 7 3 6 1 2 1 2 1 2 1 2 1 2 1 2 1 2 1 2 1 2 1 2 1 2 6 3
1 55 3 3 1 5 5 3 1 5 5 3 1 5 5 3 1 5 5 1 2 1 2 1 2 1 2 1 2 1 2 1 2 1 2 1 2 1 2 1 2 5 5 1 0 7 1 2 3 6 1 2 1 2 0 4 5
1 6 3 3 3 3 3 3
1 117 3 3 4 5 1 7 1 2 1 2 1 2 1 2 1 2 1 2 4 1 0 5 5 5 1 0 5 5 5 5 5 1 0 1 7 3 6 3 6 1 2 1 2 5 3 6 3 6 5 4 5 4 4 4 4 1 0 1 4 4 4 1 0 7 1 7 5 3 6 1 1 1 4 4 4 4 1 0 5 5 5 5 1 0 7 3 6 1 2 1 2 1 2 1 2 1 2 3 1 5 5 3 1 5 5 3 1 5 5 3 1 5 5 3 1 5 5
1 42 3 3 3 0 0 0 0 0 0 0 0 0 0 1 0 1 1 5 5 1 0 1 7 3 1 5 5 3 1 5 5 3 1 5 5 3 1 5 5 3 3 6
1 58 0 6 3 6 3 6 3 6 1 2 1 2 0 4 4 4 1 0 1 0 1 0 7 6 3 3 3 3 1 5 5 1 2 1 2 1 2 1 2 1 2 1 2 1 2 1 1 1 0 7 2 1 2 1 2 1 1 3
1 41 4 4 4 4 1 0 7 1 0 1 4 4 4 4 1 0 1 1 7 4 4 4 1 0 1 0 5 5 1 0 7 3 6 1 2 3 3 3 1 5 5
1 76 3 6 5 5 1 0 4 4 4 4 4 1 0 4 1 0 7 1 4 4 4 1 0 7 0 4 4 4 1 0 7 1 2 1 2 1 2 1 2 1 2 0 5 1 2 1 2 1 2 0 3 6 3 6 6 1 2 1 2 1 2 1 2 1 2 1 2 1 2 1 2 5 3 3 1 3
1 37 1 2 1 2 1 2 1 1 7 1 2 1 2 1 2 1 2 1 2 3 6 1 2 1 2 1 2 1 2 1 2 0 0 0 0 1 5
1 126 1 2 0 0 0 0 0 0 0 0 0 0 3 3 3 3 3 3 6 3 6 1 2 1 2 1 0 1 0 4 1 0 7 3 6 3 6 1 2 1 2 1 2 1 2 1 2 4 5 3 3 3 3 3 1 5 5 3 1 5 5 3 1 5 5 3 1 5 5 3 1 5 5 1 0 7 5 3 6 3 6 6 1 2 1 2 1 2 1 2 1 2 1 2 1 2 1 2 4 4 4 4 1 0 4 1 0 4 4 4 1 0 4 4 4 1 0 7 3 1 5 5 3 1 5 5
1 23 3 3 3 2 1 2 1 2 1 1 5 3 3 3 3 2 1 2 1 2 1 1 5
1 58 3 1 5 5 3 1 5 5 1 2 1 2 1 2 1 2 0 1 2 1 2 1 2 1 2 1 2 2 1 2 1 1 3 3 1 5 5 3 1 5 5 2 1 2 1 1 3 3 1 2 1 2 1 2 1 2 1 2
1 6 3 3 3 3 3 0
1 40 1 2 1 2 1 2 1 2 1 2 7 3 1 5 5 1 2 1 2 1 2 1 2 3 6 1 2 0 1 7 1 2 1 2 1 2 1 2 4 5
1 70 1 2 1 2 1 2 1 2 5 1 2 5 5 5 5 5 1 0 1 7 4 4 1 0 5 1 0 1 7 1 1 7 7 1 2 1 2 1 2 1 2 1 2 5 5 5 5 1 0 5 1 0 7 1 2 1 2 1 2 1 2 1 2 1 4 1 0 7 1 5
1 87 1 1 4 1 0 1 1 7 0 0 0 0 0 0 0 0 3 3 1 2 1 2 1 2 1 2 1 2 4 4 1 0 1 4 4 4 1 0 1 1 7 1 5 1 0 7 1 1 7 4 4 4 1 0 7 1 2 1 2 3 1 5 5 3 1 5 5 3 1 5 5 3 1 5 5 3 3 2 1 2 1 2 1 2 1 1 5
1 30 3 3 3 3 1 2 1 2 1 2 1 2 1 2 3 6 7 0 3 3 3 3 1 2 1 2 1 2 1 2
1 38 7 7 5 1 0 1 1 7 5 3 1 5 5 3 1 5 5 3 1 5 5 3 1 5 5 3 3 3 1 2 1 2 1 2 1 2 1 2
1 186 0 4 4 1 0 7 0 6 1 2 0 5 0 5 3 6 1 2 1 2 1 2 1 2 1 2 1 2 1 2 1 2 1 2 1 2 3 6 6 5 1 1 1 7 1 2 6 1 2 1 2 1 2 5 1 2 6 1 2 7 3 1 5 5 1 4 4 4 4 4 1 0 7 4 4 4 4 1 0 4 4 4 4 1 0 7 0 1 2 1 2 1 2 1 2 1 2 1 0 1 1 1 4 4 4 1 0 7 1 2 1 2 1 2 1 2 1 2 3 6 3 6 3 6 1 2 1 2 1 2 1 2 3 6 1 2 1 2 1 2 1 2 1 2 1 2 1 2 1 2 1 2 1 2 1 2 1 2 1 2 1 2 1 2 1 2 1 2 1 2 1 2 1 2 3 1 5 5 3 1 5 5 3 1 5 5
0 26 3 3 0 0 0 0 0 0 0 0 7 1 4 4 4 4 1 0 1 7 4 4 1 0 1 4
0 38 5 5 5 1 0 5 5 5 1 0 4 4 1 0 5 5 5 5 5 1 0 7 1 2 1 2 1 2 1 2 1 2 1 1 1 1 5 1
0 26 0 5 0 3 6 6 5 1 2 1 2 1 2 1 2 4 4 4 1 0 1 7 1 4 1 0
0 10 4 4 4 4 4 1 0 1 5 5
0 65 1 2 1 2 3 6 1 2 1 2 1 2 1 2 5 1 2 1 2 5 3 6 3 6 1 2 1 2 1 2 3 6 1 2 1 2 1 2 2 1 2 1 2 1 1 5 3 3 3 2 1 2 1 2 1 1 5 3 3 3 1 5 5 2 1
0 25 1 2 1 2 3 6 1 2 1 2 1 2 1 2 5 1 2 1 2 5 3 6 3 6 1
0 35 5 5 5 1 0 5 5 5 1 0 4 4 1 0 5 5 5 5 5 1 0 7 1 2 1 2 1 2 1 2 1 2 1 1 1
0 20 4 4 4 4 4 1 0 1 5 5 5 5 1 0 5 5 5 5 1 0
0 51 3 3 3 0 3 3 0 0 3 6 3 6 1 2 1 2 1 2 1 2 3 6 1 1 4 4 4 4 1 0 7 3 6 1 1 0 1 1 0 5 5 5 5 5 1 0 7 2 1 2 1
0 45 3 3 3 0 3 3 0 0 3 6 3 6 1 2 1 2 1 2 1 2 3 6 1 1 4 4 4 4 1 0 7 3 6 1 1 0 1 1 0 5 5 5 5 5 1
0 37 2 1 2 1 2 1 2 1 2 1 1 3 1 7 4 4 4 4 1 0 4 4 4 4 4 1 0 7 6 3 3 3 3 2 1 2 1
0 35 3 6 1 1 7 0 5 5 5 5 5 1 0 1 1 4 4 4 4 1 0 1 7 1 0 4 4 1 0 7 7 6 1 5 1
0 113 1 1 7 1 1 7 3 6 1 7 4 1 0 7 1 1 1 0 7 2 1 2 1 1 3 1 2 1 2 1 2 1 2 1 2 1 2 1 2 3 6 1 1 1 7 5 5 5 5 1 0 4 4 4 4 1 0 4 4 4 1 0 4 1 0 7 0 3 6 1 2 1 2 1 2 6 1 2 1 2 1 2 1 2 1 2 1 2 1 1 5 5 5 5 1 0 1 4 4 4 4 1 0 7 3 6 3 6 1 2 1 2 1
0 36 1 1 7 1 1 7 3 6 1 7 4 1 0 7 1 1 1 0 7 2 1 2 1 1 3 1 2 1 2 1 2 1 2 1 2 1
0 54 3 3 3 0 3 3 0 0 3 6 3 6 1 2 1 2 1 2 1 2 3 6 1 1 4 4 4 4 1 0 7 3 6 1 1 0 1 1 0 5 5 5 5 5 1 0 7 2 1 2 1 2 1 2
0 9 3 3 3 3 1 5 5 3 1
0 5 1 1 7 1 1
0 5 2 1 2 1 2
0 73 4 4 4 4 4 1 0 1 5 5 5 5 1 0 5 5 5 5 1 0 7 1 2 1 2 1 2 0 0 1 2 1 2 1 2 7 0 0 3 6 1 2 1 2 1 2 1 2 1 2 1 2 1 2 4 5 1 1 1 1 4 4 4 1 0 7 1 0 1 5 5 5 1
0 42 3 3 0 0 3 3 3 3 3 2 1 2 1 2 1 2 1 2 1 1 3 1 5 5 5 5 5 1 0 5 5 5 5 5 1 0 7 1 7 1 0 1
0 59 4 4 4 4 4 1 0 1 5 5 5 5 1 0 5 5 5 5 1 0 7 1 2 1 2 1 2 0 0 1 2 1 2 1 2 7 0 0 3 6 1 2 1 2 1 2 1 2 1 2 1 2 1 2 4 5 1 1 1
0 58 3 6 1 1 7 0 5 5 5 5 5 1 0 1 1 4 4 4 4 1 0 1 7 1 0 4 4 1 0 7 7 6 1 5 1 0 1 7 1 1 5 5 5 5 1 0 1 7 7 1 2 1 2 1 2 1 2 1
0 43 3 6 1 1 7 0 5 5 5 5 5 1 0 1 1 4 4 4 4 1 0 1 7 1 0 4 4 1 0 7 7 6 1 5 1 0 1 7 1 1 5 5 5
0 27 2 1 2 1 2 1 1 3 2 1 2 1 1 3 3 3 3 3 1 2 1 2 1 2 1 2 1
0 8 5 5 5 1 0 5 5 5
0 11 3 3 1 5 5 3 1 5 5 3 1
0 15 4 4 4 4 4 1 0 1 0 1 5 5 5 5 1
0 21 3 3 3 4 4 4 4 4 1 0 5 5 1 0 4 4 4 4 1 0 5
0 25 3 3 3 0 3 3 0 0 3 6 3 6 1 2 1 2 1 2 1 2 3 6 1 1 4
0 7 3 3 3 3 2 1 2
0 95 5 5 1 0 7 0 5 5 3 6 4 4 4 1 0 4 4 1 0 7 1 2 3 6 1 2 1 2 1 2 1 2 7 0 5 5 1 0 1 5 5 5 5 1 0 7 4 4 1 0 4 4 1 0 7 1 5 5 1 0 1 4 4 4 4 1 0 7 1 2 1 2 3 6 0 3 6 3 6 1 2 1 5 5 5 5 1 0 5 5 5 5 5 1 0
0 48 5 5 1 0 7 0 5 5 3 6 4 4 4 1 0 4 4 1 0 7 1 2 3 6 1 2 1 2 1 2 1 2 7 0 5 5 1 0 1 5 5 5 5 1 0 7 4 4
0 37 3 3 0 0 0 0 0 0 0 0 7 1 4 4 4 4 1 0 1 7 4 4 1 0 1 4 4 1 0 7 0 1 0 5 5 5 5
0 49 4 4 4 4 4 1 0 1 5 5 5 5 1 0 5 5 5 5 1 0 7 1 2 1 2 1 2 0 0 1 2 1 2 1 2 7 0 0 3 6 1 2 1 2 1 2 1 2 1
0 12 2 1 2 1 2 1 1 3 2 1 2 1
0 38 2 1 2 1 2 1 2 1 2 1 1 3 1 7 4 4 4 4 1 0 4 4 4 4 4 1 0 7 6 3 3 3 3 2 1 2 1 2
0 22 4 4 4 4 4 1 0 1 0 1 5 5 5 5 1 0 7 3 6 1 2 1
0 26 3 3 3 3 3 3 3 3 3 6 1 2 1 2 1 2 1 2 1 2 5 5 5 5 1 0
0 17 3 3 3 3 3 3 3 3 3 6 1 2 1 2 1 2 1
0 10 3 3 3 3 2 1 2 1 2 1
0 44 3 3 3 0 3 3 0 0 3 6 3 6 1 2 1 2 1 2 1 2 3 6 1 1 4 4 4 4 1 0 7 3 6 1 1 0 1 1 0 5 5 5 5 5
0 33 1 2 1 2 3 6 1 2 1 2 1 2 1 2 5 1 2 1 2 5 3 6 3 6 1 2 1 2 1 2 3 6 1
0 29 5 5 5 1 0 5 5 5 1 0 4 4 1 0 5 5 5 5 5 1 0 7 1 2 1 2 1 2 1
0 11 1 2 1 2 3 6 1 2 1 2 1
0 6 5 5 5 1 0 5
0 8 2 1 2 1 2 1 2 1
0 40 1 2 1 2 3 6 1 2 1 2 1 2 1 2 5 1 2 1 2 5 3 6 3 6 1 2 1 2 1 2 3 6 1 2 1 2 1 2 2 1
0 9 2 1 2 1 2 1 1 3 2
0 102 5 5 1 0 7 0 5 5 3 6 4 4 4 1 0 4 4 1 0 7 1 2 3 6 1 2 1 2 1 2 1 2 7 0 5 5 1 0 1 5 5 5 5 1 0 7 4 4 1 0 4 4 1 0 7 1 5 5 1 0 1 4 4 4 4 1 0 7 1 2 1 2 3 6 0 3 6 3 6 1 2 1 5 5 5 5 1 0 5 5 5 5 5 1 0 1 1 7 1 1 0 4
0 12 1 1 4 4 4 4 4 1 0 1 4 4
0 37 5 5 5 1 0 5 5 5 1 0 4 4 1 0 5 5 5 5 5 1 0 7 1 2 1 2 1 2 1 2 1 2 1 1 1 1 5
0 33 3 3 0 0 0 0 0 0 0 0 7 1 4 4 4 4 1 0 1 7 4 4 1 0 1 4 4 1 0 7 0 1 0
0 8 1 1 4 4 4 4 4 1
0 55 3 3 3 0 3 3 0 0 3 6 3 6 1 2 1 2 1 2 1 2 3 6 1 1 4 4 4 4 1 0 7 3 6 1 1 0 1 1 0 5 5 5 5 5 1 0 7 2 1 2 1 2 1 2 1
0 94 1 1 7 1 1 7 3 6 1 7 4 1 0 7 1 1 1 0 7 2 1 2 1 1 3 1 2 1 2 1 2 1 2 1 2 1 2 1 2 3 6 1 1 1 7 5 5 5 5 1 0 4 4 4 4 1 0 4 4 4 1 0 4 1 0 7 0 3 6 1 2 1 2 1 2 6 1 2 1 2 1 2 1 2 1 2 1 2 1 1 5 5 5 5
0 12 0 5 0 3 6 6 5 1 2 1 2 1
0 13 4 4 4 4 4 1 0 1 5 5 5 5 1
0 44 4 4 4 4 4 1 0 1 0 1 5 5 5 5 1 0 7 3 6 1 2 1 2 3 6 6 1 2 1 2 1 2 1 2 1 2 0 1 2 1 2 1 2 1
0 52 1 1 7 1 1 7 3 6 1 7 4 1 0 7 1 1 1 0 7 2 1 2 1 1 3 1 2 1 2 1 2 1 2 1 2 1 2 1 2 3 6 1 1 1 7 5 5 5 5 1 0 4
0 19 3 3 3 0 3 3 0 0 3 6 3 6 1 2 1 2 1 2 1
0 12 3 3 2 1 2 1 2 1 2 1 2 1
0 111 1 1 7 1 1 7 3 6 1 7 4 1 0 7 1 1 1 0 7 2 1 2 1 1 3 1 2 1 2 1 2 1 2 1 2 1 2 1 2 3 6 1 1 1 7 5 5 5 5 1 0 4 4 4 4 1 0 4 4 4 1 0 4 1 0 7 0 3 6 1 2 1 2 1 2 6 1 2 1 2 1 2 1 2 1 2 1 2 1 1 5 5 5 5 1 0 1 4 4 4 4 1 0 7 3 6 3 6 1 2 1
0 7 1 1 4 4 4 4 4
0 2 1 0
0 102 1 1 7 1 1 7 3 6 1 7 4 1 0 7 1 1 1 0 7 2 1 2 1 1 3 1 2 1 2 1 2 1 2 1 2 1 2 1 2 3 6 1 1 1 7 5 5 5 5 1 0 4 4 4 4 1 0 4 4 4 1 0 4 1 0 7 0 3 6 1 2 1 2 1 2 6 1 2 1 2 1 2 1 2 1 2 1 2 1 1 5 5 5 5 1 0 1 4 4 4 4 1
0 45 1 2 1 2 3 6 1 2 1 2 1 2 1 2 5 1 2 1 2 5 3 6 3 6 1 2 1 2 1 2 3 6 1 2 1 2 1 2 2 1 2 1 2 1 1
0 27 3 3 2 1 2 1 2 1 2 1 2 1 1 3 3 3 3 3 1 2 1 2 1 2 1 2 1
0 9 4 4 4 4 4 1 0 1 0
0 4 4 4 4 4
0 36 3 3 3 0 3 3 0 0 3 6 3 6 1 2 1 2 1 2 1 2 3 6 1 1 4 4 4 4 1 0 7 3 6 1 1 0
0 41 3 3 0 0 0 0 0 0 0 0 7 1 4 4 4 4 1 0 1 7 4 4 1 0 1 4 4 1 0 7 0 1 0 5 5 5 5 1 0 1 0
0 20 3 6 1 1 7 0 5 5 5 5 5 1 0 1 1 4 4 4 4 1
0 10 5 5 5 1 0 5 5 5 1 0
0 3 3 6 1
0 10 3 3 3 2 1 2 1 2 1 1
0 12 3 3 3 4 4 4 4 4 1 0 5 5
0 13 3 3 3 3 3 2 1 2 1 2 1 2 1
0 29 1 2 1 2 3 6 1 2 1 2 1 2 1 2 5 1 2 1 2 5 3 6 3 6 1 2 1 2 1
0 30 3 3 3 1 5 6 1 7 6 3 3 3 3 3 1 2 1 2 1 2 1 2 1 2 5 5 5 5 1 0
0 60 4 4 4 4 4 1 0 1 5 5 5 5 1 0 5 5 5 5 1 0 7 1 2 1 2 1 2 0 0 1 2 1 2 1 2 7 0 0 3 6 1 2 1 2 1 2 1 2 1 2 1 2 1 2 4 5 1 1 1 1
0 34 1 2 1 2 1 2 1 2 3 6 6 3 6 1 2 1 2 1 2 0 3 6 1 5 3 3 0 1 2 1 2 1 2 1
0 104 5 5 1 0 7 0 5 5 3 6 4 4 4 1 0 4 4 1 0 7 1 2 3 6 1 2 1 2 1 2 1 2 7 0 5 5 1 0 1 5 5 5 5 1 0 7 4 4 1 0 4 4 1 0 7 1 5 5 1 0 1 4 4 4 4 1 0 7 1 2 1 2 3 6 0 3 6 3 6 1 2 1 5 5 5 5 1 0 5 5 5 5 5 1 0 1 1 7 1 1 0 4 1 0
0 40 3 3 0 0 3 3 3 3 3 2 1 2 1 2 1 2 1 2 1 1 3 1 5 5 5 5 5 1 0 5 5 5 5 5 1 0 7 1 7 1
0 59 3 3 0 0 0 0 0 0 0 0 7 1 4 4 4 4 1 0 1 7 4 4 1 0 1 4 4 1 0 7 0 1 0 5 5 5 5 1 0 1 0 1 7 6 0 1 2 1 2 1 2 1 2 0 3 6 3 6 1
0 27 0 5 0 3 6 6 5 1 2 1 2 1 2 1 2 4 4 4 1 0 1 7 1 4 1 0 5
0 100 5 5 1 0 7 0 5 5 3 6 4 4 4 1 0 4 4 1 0 7 1 2 3 6 1 2 1 2 1 2 1 2 7 0 5 5 1 0 1 5 5 5 5 1 0 7 4 4 1 0 4 4 1 0 7 1 5 5 1 0 1 4 4 4 4 1 0 7 1 2 1 2 3 6 0 3 6 3 6 1 2 1 5 5 5 5 1 0 5 5 5 5 5 1 0 1 1 7 1 1
0 59 5 5 1 0 7 0 5 5 3 6 4 4 4 1 0 4 4 1 0 7 1 2 3 6 1 2 1 2 1 2 1 2 7 0 5 5 1 0 1 5 5 5 5 1 0 7 4 4 1 0 4 4 1 0 7 1 5 5 1
0 22 1 0 1 0 1 1 7 7 5 5 5 1 0 7 3 6 1 4 1 0 5 5
0 23 3 3 0 0 0 0 0 0 0 0 7 1 4 4 4 4 1 0 1 7 4 4 1
0 27 2 1 2 1 2 1 2 1 2 1 1 3 1 7 4 4 4 4 1 0 4 4 4 4 4 1 0
0 2 1 1
0 21 5 5 5 1 0 5 5 5 1 0 4 4 1 0 5 5 5 5 5 1 0
0 7 3 3 2 1 2 1 2
0 32 3 3 3 1 5 6 1 7 6 3 3 3 3 3 1 2 1 2 1 2 1 2 1 2 5 5 5 5 1 0 1 1
0 61 1 1 7 1 1 7 3 6 1 7 4 1 0 7 1 1 1 0 7 2 1 2 1 1 3 1 2 1 2 1 2 1 2 1 2 1 2 1 2 3 6 1 1 1 7 5 5 5 5 1 0 4 4 4 4 1 0 4 4 4 1
0 16 1 1 4 4 4 4 4 1 0 1 4 4 4 4 1 0
0 18 3 3 3 4 4 4 4 4 1 0 5 5 1 0 4 4 4 4
0 19 3 3 3 3 3 3 3 3 3 6 1 2 1 2 1 2 1 2 1
0 15 5 5 5 1 0 5 5 5 1 0 4 4 1 0 5
0 7 3 3 3 2 1 2 1
0 12 5 5 1 0 7 0 5 5 3 6 4 4
0 63 3 6 1 1 7 0 5 5 5 5 5 1 0 1 1 4 4 4 4 1 0 1 7 1 0 4 4 1 0 7 7 6 1 5 1 0 1 7 1 1 5 5 5 5 1 0 1 7 7 1 2 1 2 1 2 1 2 1 2 1 2 2 1
0 49 4 4 4 4 4 1 0 1 0 1 5 5 5 5 1 0 7 3 6 1 2 1 2 3 6 6 1 2 1 2 1 2 1 2 1 2 0 1 2 1 2 1 2 1 2 1 2 0 1
0 27 1 1 4 4 4 4 4 1 0 1 4 4 4 4 1 0 7 3 1 5 5 3 1 5 5 3 1
0 6 6 1 2 1 2 1
0 40 3 3 0 0 0 0 0 0 0 0 7 1 4 4 4 4 1 0 1 7 4 4 1 0 1 4 4 1 0 7 0 1 0 5 5 5 5 1 0 1
0 90 5 5 1 0 7 0 5 5 3 6 4 4 4 1 0 4 4 1 0 7 1 2 3 6 1 2 1 2 1 2 1 2 7 0 5 5 1 0 1 5 5 5 5 1 0 7 4 4 1 0 4 4 1 0 7 1 5 5 1 0 1 4 4 4 4 1 0 7 1 2 1 2 3 6 0 3 6 3 6 1 2 1 5 5 5 5 1 0 5 5
0 13 2 1 2 1 2 1 1 3 2 1 2 1 1
0 32 1 2 1 2 1 2 1 2 3 6 6 3 6 1 2 1 2 1 2 0 3 6 1 5 3 3 0 1 2 1 2 1
0 24 6 1 2 1 2 1 2 1 2 1 2 3 6 1 2 1 2 1 2 1 2 1 2 4
0 38 3 3 0 0 3 3 3 3 3 2 1 2 1 2 1 2 1 2 1 1 3 1 5 5 5 5 5 1 0 5 5 5 5 5 1 0 7 1
0 82 5 5 1 0 7 0 5 5 3 6 4 4 4 1 0 4 4 1 0 7 1 2 3 6 1 2 1 2 1 2 1 2 7 0 5 5 1 0 1 5 5 5 5 1 0 7 4 4 1 0 4 4 1 0 7 1 5 5 1 0 1 4 4 4 4 1 0 7 1 2 1 2 3 6 0 3 6 3 6 1 2 1
0 64 5 5 1 0 7 0 5 5 3 6 4 4 4 1 0 4 4 1 0 7 1 2 3 6 1 2 1 2 1 2 1 2 7 0 5 5 1 0 1 5 5 5 5 1 0 7 4 4 1 0 4 4 1 0 7 1 5 5 1 0 1 4 4 4
0 29 3 3 3 1 5 6 1 7 6 3 3 3 3 3 1 2 1 2 1 2 1 2 1 2 5 5 5 5 1
0 24 3 3 3 4 4 4 4 4 1 0 5 5 1 0 4 4 4 4 1 0 5 5 5 5
0 101 1 1 7 1 1 7 3 6 1 7 4 1 0 7 1 1 1 0 7 2 1 2 1 1 3 1 2 1 2 1 2 1 2 1 2 1 2 1 2 3 6 1 1 1 7 5 5 5 5 1 0 4 4 4 4 1 0 4 4 4 1 0 4 1 0 7 0 3 6 1 2 1 2 1 2 6 1 2 1 2 1 2 1 2 1 2 1 2 1 1 5 5 5 5 1 0 1 4 4 4 4
0 13 3 3 3 3 1 5 5 3 1 5 5 3 1
0 91 5 5 1 0 7 0 5 5 3 6 4 4 4 1 0 4 4 1 0 7 1 2 3 6 1 2 1 2 1 2 1 2 7 0 5 5 1 0 1 5 5 5 5 1 0 7 4 4 1 0 4 4 1 0 7 1 5 5 1 0 1 4 4 4 4 1 0 7 1 2 1 2 3 6 0 3 6 3 6 1 2 1 5 5 5 5 1 0 5 5 5
0 31 0 0 5 1 1 1 7 5 5 0 5 2 1 2 1 1 3 3 1 5 5 3 1 5 5 3 1 5 5 3 1
0 29 4 4 4 4 4 1 0 1 0 1 5 5 5 5 1 0 7 3 6 1 2 1 2 3 6 6 1 2 1
0 43 3 3 3 3 3 2 1 2 1 2 1 1 3 3 2 1 1 3 3 3 3 3 6 3 3 2 1 1 3 6 3 6 3 6 1 2 3 6 1 2 1 2 1
0 10 1 2 1 2 1 2 6 3 6 4
0 4 3 3 3 4
0 23 0 0 5 1 1 1 7 5 5 0 5 2 1 2 1 1 3 3 1 5 5 3 1
0 2 4 4
0 66 3 3 3 3 3 2 1 2 1 2 1 1 3 3 2 1 1 3 3 3 3 3 6 3 3 2 1 1 3 6 3 6 3 6 1 2 3 6 1 2 1 2 1 2 1 2 1 2 1 2 1 2 1 2 5 3 6 2 1 2 1 2 1 2 1 2
0 38 3 3 0 0 0 0 0 0 0 0 7 1 4 4 4 4 1 0 1 7 4 4 1 0 1 4 4 1 0 7 0 1 0 5 5 5 5 1
0 13 4 5 3 6 5 3 6 5 1 2 1 2 1
0 35 3 3 0 0 0 0 0 0 0 0 7 1 4 4 4 4 1 0 1 7 4 4 1 0 1 4 4 1 0 7 0 1 0 5 5
0 27 1 2 1 2 3 6 1 2 1 2 1 2 1 2 5 1 2 1 2 5 3 6 3 6 1 2 1
0 14 4 4 4 4 4 1 0 1 5 5 5 5 1 0
0 22 4 4 4 4 4 1 0 1 5 5 5 5 1 0 5 5 5 5 1 0 7 1
0 18 2 1 2 1 2 1 2 1 2 1 1 3 1 7 4 4 4 4
0 16 4 5 3 3 0 7 1 1 5 5 5 5 5 1 0 1
0 10 4 5 3 3 0 7 1 1 5 5
0 55 1 2 1 2 3 6 1 2 1 2 1 2 1 2 5 1 2 1 2 5 3 6 3 6 1 2 1 2 1 2 3 6 1 2 1 2 1 2 2 1 2 1 2 1 1 5 3 3 3 2 1 2 1 2 1
0 16 1 2 1 2 1 2 1 2 3 3 3 2 1 2 1 2
0 43 3 3 3 0 3 3 0 0 3 6 3 6 1 2 1 2 1 2 1 2 3 6 1 1 4 4 4 4 1 0 7 3 6 1 1 0 1 1 0 5 5 5 5
0 30 1 2 1 2 1 2 1 2 3 6 6 3 6 1 2 1 2 1 2 0 3 6 1 5 3 3 0 1 2 1
0 30 6 1 2 1 2 1 2 1 2 1 2 3 6 1 2 1 2 1 2 1 2 1 2 4 4 1 0 7 2 1
0 44 0 0 5 1 1 1 7 5 5 0 5 2 1 2 1 1 3 3 1 5 5 3 1 5 5 3 1 5 5 3 1 5 5 3 1 5 5 7 0 1 2 1 2 1
0 16 1 1 7 1 1 7 3 6 1 7 4 1 0 7 1 1
0 22 2 1 2 1 2 1 2 1 2 1 1 3 1 7 4 4 4 4 1 0 4 4
0 19 4 4 4 4 4 1 0 1 5 5 5 5 1 0 5 5 5 5 1
0 14 3 3 3 3 3 2 1 2 1 2 1 2 1 1
0 1 1
0 5 1 0 1 0 1
0 60 3 6 1 1 7 0 5 5 5 5 5 1 0 1 1 4 4 4 4 1 0 1 7 1 0 4 4 1 0 7 7 6 1 5 1 0 1 7 1 1 5 5 5 5 1 0 1 7 7 1 2 1 2 1 2 1 2 1 2 1
0 16 3 3 3 4 4 4 4 4 1 0 5 5 1 0 4 4
0 9 4 4 4 4 4 1 0 1 5
0 52 1 2 1 2 3 6 1 2 1 2 1 2 1 2 5 1 2 1 2 5 3 6 3 6 1 2 1 2 1 2 3 6 1 2 1 2 1 2 2 1 2 1 2 1 1 5 3 3 3 2 1 2
0 21 1 1 7 1 1 7 3 6 1 7 4 1 0 7 1 1 1 0 7 2 1
0 17 0 5 0 3 6 6 5 1 2 1 2 1 2 1 2 4 4
0 66 3 6 1 1 7 0 5 5 5 5 5 1 0 1 1 4 4 4 4 1 0 1 7 1 0 4 4 1 0 7 7 6 1 5 1 0 1 7 1 1 5 5 5 5 1 0 1 7 7 1 2 1 2 1 2 1 2 1 2 1 2 2 1 2 1 1
0 101 5 5 1 0 7 0 5 5 3 6 4 4 4 1 0 4 4 1 0 7 1 2 3 6 1 2 1 2 1 2 1 2 7 0 5 5 1 0 1 5 5 5 5 1 0 7 4 4 1 0 4 4 1 0 7 1 5 5 1 0 1 4 4 4 4 1 0 7 1 2 1 2 3 6 0 3 6 3 6 1 2 1 5 5 5 5 1 0 5 5 5 5 5 1 0 1 1 7 1 1 0
0 11 3 3 3 3 2 1 2 1 2 1 1
0 34 1 1 7 1 1 7 3 6 1 7 4 1 0 7 1 1 1 0 7 2 1 2 1 1 3 1 2 1 2 1 2 1 2 1
0 13 3 3 0 0 3 3 3 3 3 2 1 2 1
0 48 3 3 0 0 0 0 0 0 0 0 7 1 4 4 4 4 1 0 1 7 4 4 1 0 1 4 4 1 0 7 0 1 0 5 5 5 5 1 0 1 0 1 7 6 0 1 2 1
0 48 3 3 0 0 3 3 3 3 3 2 1 2 1 2 1 2 1 2 1 1 3 1 5 5 5 5 5 1 0 5 5 5 5 5 1 0 7 1 7 1 0 1 1 5 1 0 7 1
0 15 3 3 0 0 0 0 0 0 0 0 7 1 4 4 4
0 71 4 4 4 4 4 1 0 1 5 5 5 5 1 0 5 5 5 5 1 0 7 1 2 1 2 1 2 0 0 1 2 1 2 1 2 7 0 0 3 6 1 2 1 2 1 2 1 2 1 2 1 2 1 2 4 5 1 1 1 1 4 4 4 1 0 7 1 0 1 5 5
0 69 4 4 4 4 4 1 0 1 5 5 5 5 1 0 5 5 5 5 1 0 7 1 2 1 2 1 2 0 0 1 2 1 2 1 2 7 0 0 3 6 1 2 1 2 1 2 1 2 1 2 1 2 1 2 4 5 1 1 1 1 4 4 4 1 0 7 1 0 1
0 45 3 6 1 1 7 0 5 5 5 5 5 1 0 1 1 4 4 4 4 1 0 1 7 1 0 4 4 1 0 7 7 6 1 5 1 0 1 7 1 1 5 5 5 5 1
0 4 1 0 1 0
0 8 3 3 3 3 3 2 1 2
0 6 3 3 3 3 3 1
0 25 2 1 2 1 2 1 1 3 2 1 2 1 1 3 3 3 3 3 1 2 1 2 1 2 1
0 7 2 1 2 1 2 1 2
0 29 3 3 0 0 0 0 0 0 0 0 7 1 4 4 4 4 1 0 1 7 4 4 1 0 1 4 4 1 0
0 41 5 5 1 0 7 0 5 5 3 6 4 4 4 1 0 4 4 1 0 7 1 2 3 6 1 2 1 2 1 2 1 2 7 0 5 5 1 0 1 5 5
0 14 0 0 5 1 1 1 7 5 5 0 5 2 1 2
0 92 5 5 1 0 7 0 5 5 3 6 4 4 4 1 0 4 4 1 0 7 1 2 3 6 1 2 1 2 1 2 1 2 7 0 5 5 1 0 1 5 5 5 5 1 0 7 4 4 1 0 4 4 1 0 7 1 5 5 1 0 1 4 4 4 4 1 0 7 1 2 1 2 3 6 0 3 6 3 6 1 2 1 5 5 5 5 1 0 5 5 5 5
0 53 3 3 3 0 3 3 0 0 3 6 3 6 1 2 1 2 1 2 1 2 3 6 1 1 4 4 4 4 1 0 7 3 6 1 1 0 1 1 0 5 5 5 5 5 1 0 7 2 1 2 1 2 1
0 12 5 5 5 1 0 5 5 5 1 0 4 4
0 38 5 5 1 0 7 0 5 5 3 6 4 4 4 1 0 4 4 1 0 7 1 2 3 6 1 2 1 2 1 2 1 2 7 0 5 5 1 0
0 91 1 1 7 1 1 7 3 6 1 7 4 1 0 7 1 1 1 0 7 2 1 2 1 1 3 1 2 1 2 1 2 1 2 1 2 1 2 1 2 3 6 1 1 1 7 5 5 5 5 1 0 4 4 4 4 1 0 4 4 4 1 0 4 1 0 7 0 3 6 1 2 1 2 1 2 6 1 2 1 2 1 2 1 2 1 2 1 2 1 1 5
0 8 0 5 0 3 6 6 5 1
0 52 5 5 1 0 7 0 5 5 3 6 4 4 4 1 0 4 4 1 0 7 1 2 3 6 1 2 1 2 1 2 1 2 7 0 5 5 1 0 1 5 5 5 5 1 0 7 4 4 1 0 4 4
0 17 3 3 3 0 3 3 0 0 3 6 3 6 1 2 1 2 1
0 21 2 1 2 1 2 1 2 1 2 1 1 3 1 7 4 4 4 4 1 0 4
0 50 3 3 0 0 3 3 3 3 3 2 1 2 1 2 1 2 1 2 1 1 3 1 5 5 5 5 5 1 0 5 5 5 5 5 1 0 7 1 7 1 0 1 1 5 1 0 7 1 2 1
0 18 6 1 2 1 2 1 2 1 2 1 2 3 6 1 2 1 2 1
0 59 4 4 4 4 4 1 0 1 0 1 5 5 5 5 1 0 7 3 6 1 2 1 2 3 6 6 1 2 1 2 1 2 1 2 1 2 0 1 2 1 2 1 2 1 2 1 2 0 1 2 1 2 3 6 3 6 3 6 1
0 19 3 3 2 1 2 1 2 1 2 1 2 1 1 3 3 3 3 3 1
0 40 3 3 3 0 3 3 0 0 3 6 3 6 1 2 1 2 1 2 1 2 3 6 1 1 4 4 4 4 1 0 7 3 6 1 1 0 1 1 0 5
0 8 3 3 2 1 2 1 2 1
0 26 3 3 3 0 3 3 0 0 3 6 3 6 1 2 1 2 1 2 1 2 3 6 1 1 4 4
0 43 1 1 7 1 1 7 3 6 1 7 4 1 0 7 1 1 1 0 7 2 1 2 1 1 3 1 2 1 2 1 2 1 2 1 2 1 2 1 2 3 6 1 1
0 54 1 2 1 2 3 6 1 2 1 2 1 2 1 2 5 1 2 1 2 5 3 6 3 6 1 2 1 2 1 2 3 6 1 2 1 2 1 2 2 1 2 1 2 1 1 5 3 3 3 2 1 2 1 2
0 56 3 3 3 0 3 3 0 0 3 6 3 6 1 2 1 2 1 2 1 2 3 6 1 1 4 4 4 4 1 0 7 3 6 1 1 0 1 1 0 5 5 5 5 5 1 0 7 2 1 2 1 2 1 2 1 1
0 99 5 5 1 0 7 0 5 5 3 6 4 4 4 1 0 4 4 1 0 7 1 2 3 6 1 2 1 2 1 2 1 2 7 0 5 5 1 0 1 5 5 5 5 1 0 7 4 4 1 0 4 4 1 0 7 1 5 5 1 0 1 4 4 4 4 1 0 7 1 2 1 2 3 6 0 3 6 3 6 1 2 1 5 5 5 5 1 0 5 5 5 5 5 1 0 1 1 7 1
0 103 5 5 1 0 7 0 5 5 3 6 4 4 4 1 0 4 4 1 0 7 1 2 3 6 1 2 1 2 1 2 1 2 7 0 5 5 1 0 1 5 5 5 5 1 0 7 4 4 1 0 4 4 1 0 7 1 5 5 1 0 1 4 4 4 4 1 0 7 1 2 1 2 3 6 0 3 6 3 6 1 2 1 5 5 5 5 1 0 5 5 5 5 5 1 0 1 1 7 1 1 0 4 1
0 12 3 3 3 3 3 2 1 2 1 2 1 2
0 18 0 5 0 3 6 6 5 1 2 1 2 1 2 1 2 4 4 4
0 9 5 5 5 1 0 5 5 5 1
0 13 4 5 3 3 0 7 1 1 5 5 5 5 5
0 39 3 3 3 3 3 2 1 2 1 2 1 1 3 3 2 1 1 3 3 3 3 3 6 3 3 2 1 1 3 6 3 6 3 6 1 2 3 6 1
0 35 4 4 4 4 4 1 0 1 0 1 5 5 5 5 1 0 7 3 6 1 2 1 2 3 6 6 1 2 1 2 1 2 1 2 1
0 28 1 0 1 0 1 1 7 7 5 5 5 1 0 7 3 6 1 4 1 0 5 5 1 0 7 2 1 2
0 42 3 6 1 1 7 0 5 5 5 5 5 1 0 1 1 4 4 4 4 1 0 1 7 1 0 4 4 1 0 7 7 6 1 5 1 0 1 7 1 1 5 5
0 9 3 3 3 4 4 4 4 4 1
0 42 3 3 3 0 3 3 0 0 3 6 3 6 1 2 1 2 1 2 1 2 3 6 1 1 4 4 4 4 1 0 7 3 6 1 1 0 1 1 0 5 5 5
0 36 3 3 0 0 3 3 3 3 3 2 1 2 1 2 1 2 1 2 1 1 3 1 5 5 5 5 5 1 0 5 5 5 5 5 1 0
0 45 3 3 3 3 3 2 1 2 1 2 1 1 3 3 2 1 1 3 3 3 3 3 6 3 3 2 1 1 3 6 3 6 3 6 1 2 3 6 1 2 1 2 1 2 1
0 65 3 3 3 3 3 2 1 2 1 2 1 1 3 3 2 1 1 3 3 3 3 3 6 3 3 2 1 1 3 6 3 6 3 6 1 2 3 6 1 2 1 2 1 2 1 2 1 2 1 2 1 2 1 2 5 3 6 2 1 2 1 2 1 2 1
0 63 4 4 4 4 4 1 0 1 5 5 5 5 1 0 5 5 5 5 1 0 7 1 2 1 2 1 2 0 0 1 2 1 2 1 2 7 0 0 3 6 1 2 1 2 1 2 1 2 1 2 1 2 1 2 4 5 1 1 1 1 4 4 4
0 28 1 2 1 2 1 2 1 2 3 6 6 3 6 1 2 1 2 1 2 0 3 6 1 5 3 3 0 1
0 31 3 3 0 0 3 3 3 3 3 2 1 2 1 2 1 2 1 2 1 1 3 1 5 5 5 5 5 1 0 5 5
0 23 3 3 3 1 5 6 1 7 6 3 3 3 3 3 1 2 1 2 1 2 1 2 1
0 17 3 3 3 4 4 4 4 4 1 0 5 5 1 0 4 4 4
0 5 0 0 5 1 1
0 30 4 4 4 4 4 1 0 1 5 5 5 5 1 0 5 5 5 5 1 0 7 1 2 1 2 1 2 0 0 1
0 34 4 4 4 4 4 1 0 1 5 5 5 5 1 0 5 5 5 5 1 0 7 1 2 1 2 1 2 0 0 1 2 1 2 1
0 27 3 3 3 0 3 3 0 0 3 6 3 6 1 2 1 2 1 2 1 2 3 6 1 1 4 4 4
0 55 1 1 7 1 1 7 3 6 1 7 4 1 0 7 1 1 1 0 7 2 1 2 1 1 3 1 2 1 2 1 2 1 2 1 2 1 2 1 2 3 6 1 1 1 7 5 5 5 5 1 0 4 4 4 4
0 64 1 1 7 1 1 7 3 6 1 7 4 1 0 7 1 1 1 0 7 2 1 2 1 1 3 1 2 1 2 1 2 1 2 1 2 1 2 1 2 3 6 1 1 1 7 5 5 5 5 1 0 4 4 4 4 1 0 4 4 4 1 0 4 1
0 14 3 3 0 0 0 0 0 0 0 0 7 1 4 4
0 17 4 4 4 4 4 1 0 1 5 5 5 5 1 0 5 5 5
0 20 0 5 0 3 6 6 5 1 2 1 2 1 2 1 2 4 4 4 1 0
0 12 4 4 4 4 4 1 0 1 5 5 5 5
0 16 5 5 5 1 0 5 5 5 1 0 4 4 1 0 5 5
0 46 3 6 1 1 7 0 5 5 5 5 5 1 0 1 1 4 4 4 4 1 0 1 7 1 0 4 4 1 0 7 7 6 1 5 1 0 1 7 1 1 5 5 5 5 1 0
0 23 1 1 7 1 1 7 3 6 1 7 4 1 0 7 1 1 1 0 7 2 1 2 1
0 107 5 5 1 0 7 0 5 5 3 6 4 4 4 1 0 4 4 1 0 7 1 2 3 6 1 2 1 2 1 2 1 2 7 0 5 5 1 0 1 5 5 5 5 1 0 7 4 4 1 0 4 4 1 0 7 1 5 5 1 0 1 4 4 4 4 1 0 7 1 2 1 2 3 6 0 3 6 3 6 1 2 1 5 5 5 5 1 0 5 5 5 5 5 1 0 1 1 7 1 1 0 4 1 0 7 3 1
0 37 5 5 1 0 7 0 5 5 3 6 4 4 4 1 0 4 4 1 0 7 1 2 3 6 1 2 1 2 1 2 1 2 7 0 5 5 1
0 17 3 3 3 1 5 6 1 7 6 3 3 3 3 3 1 2 1
0 66 5 5 1 0 7 0 5 5 3 6 4 4 4 1 0 4 4 1 0 7 1 2 3 6 1 2 1 2 1 2 1 2 7 0 5 5 1 0 1 5 5 5 5 1 0 7 4 4 1 0 4 4 1 0 7 1 5 5 1 0 1 4 4 4 4 1
0 14 6 1 2 1 2 1 2 1 2 1 2 3 6 1
0 23 1 1 4 4 4 4 4 1 0 1 4 4 4 4 1 0 7 3 1 5 5 3 1
0 54 1 1 7 1 1 7 3 6 1 7 4 1 0 7 1 1 1 0 7 2 1 2 1 1 3 1 2 1 2 1 2 1 2 1 2 1 2 1 2 3 6 1 1 1 7 5 5 5 5 1 0 4 4 4
0 12 3 6 1 1 7 0 5 5 5 5 5 1
0 14 1 1 4 4 4 4 4 1 0 1 4 4 4 4
0 4 6 1 2 1
0 13 1 2 1 2 3 6 1 2 1 2 1 2 1
0 15 3 3 3 3 3 1 5 5 3 3 3 3 3 3 1
0 25 6 1 2 1 2 1 2 1 2 1 2 3 6 1 2 1 2 1 2 1 2 1 2 4 4
0 61 3 3 0 0 0 0 0 0 0 0 7 1 4 4 4 4 1 0 1 7 4 4 1 0 1 4 4 1 0 7 0 1 0 5 5 5 5 1 0 1 0 1 7 6 0 1 2 1 2 1 2 1 2 0 3 6 3 6 1 2 1
0 54 5 5 1 0 7 0 5 5 3 6 4 4 4 1 0 4 4 1 0 7 1 2 3 6 1 2 1 2 1 2 1 2 7 0 5 5 1 0 1 5 5 5 5 1 0 7 4 4 1 0 4 4 1 0
0 58 3 3 3 3 3 2 1 2 1 2 1 1 3 3 2 1 1 3 3 3 3 3 6 3 3 2 1 1 3 6 3 6 3 6 1 2 3 6 1 2 1 2 1 2 1 2 1 2 1 2 1 2 1 2 5 3 6 2
0 4 3 3 2 1
0 8 3 3 3 3 2 1 2 1
0 26 3 3 3 3 3 2 1 2 1 2 1 1 3 3 2 1 1 3 3 3 3 3 6 3 3 2
0 46 0 0 5 1 1 1 7 5 5 0 5 2 1 2 1 1 3 3 1 5 5 3 1 5 5 3 1 5 5 3 1 5 5 3 1 5 5 7 0 1 2 1 2 1 2 1
0 43 1 2 1 2 3 6 1 2 1 2 1 2 1 2 5 1 2 1 2 5 3 6 3 6 1 2 1 2 1 2 3 6 1 2 1 2 1 2 2 1 2 1 2
0 25 3 3 3 4 4 4 4 4 1 0 5 5 1 0 4 4 4 4 1 0 5 5 5 5 1
0 29 3 3 0 0 3 3 3 3 3 2 1 2 1 2 1 2 1 2 1 1 3 1 5 5 5 5 5 1 0
0 28 3 3 0 0 0 0 0 0 0 0 7 1 4 4 4 4 1 0 1 7 4 4 1 0 1 4 4 1
0 52 0 0 5 1 1 1 7 5 5 0 5 2 1 2 1 1 3 3 1 5 5 3 1 5 5 3 1 5 5 3 1 5 5 3 1 5 5 7 0 1 2 1 2 1 2 1 2 1 2 3 6 4
0 68 4 4 4 4 4 1 0 1 5 5 5 5 1 0 5 5 5 5 1 0 7 1 2 1 2 1 2 0 0 1 2 1 2 1 2 7 0 0 3 6 1 2 1 2 1 2 1 2 1 2 1 2 1 2 4 5 1 1 1 1 4 4 4 1 0 7 1 0
0 15 1 2 1 2 1 2 1 2 3 3 3 2 1 2 1
0 24 3 3 3 0 3 3 0 0 3 6 3 6 1 2 1 2 1 2 1 2 3 6 1 1
0 94 5 5 1 0 7 0 5 5 3 6 4 4 4 1 0 4 4 1 0 7 1 2 3 6 1 2 1 2 1 2 1 2 7 0 5 5 1 0 1 5 5 5 5 1 0 7 4 4 1 0 4 4 1 0 7 1 5 5 1 0 1 4 4 4 4 1 0 7 1 2 1 2 3 6 0 3 6 3 6 1 2 1 5 5 5 5 1 0 5 5 5 5 5 1
0 95 1 1 7 1 1 7 3 6 1 7 4 1 0 7 1 1 1 0 7 2 1 2 1 1 3 1 2 1 2 1 2 1 2 1 2 1 2 1 2 3 6 1 1 1 7 5 5 5 5 1 0 4 4 4 4 1 0 4 4 4 1 0 4 1 0 7 0 3 6 1 2 1 2 1 2 6 1 2 1 2 1 2 1 2 1 2 1 2 1 1 5 5 5 5 1
0 14 0 5 0 3 6 6 5 1 2 1 2 1 2 1
0 49 3 3 3 3 3 2 1 2 1 2 1 1 3 3 2 1 1 3 3 3 3 3 6 3 3 2 1 1 3 6 3 6 3 6 1 2 3 6 1 2 1 2 1 2 1 2 1 2 1
0 9 4 5 3 3 0 7 1 1 5
0 17 1 0 1 0 1 1 7 7 5 5 5 1 0 7 3 6 1
0 24 3 3 0 0 0 0 0 0 0 0 7 1 4 4 4 4 1 0 1 7 4 4 1 0
0 60 3 3 3 3 3 2 1 2 1 2 1 1 3 3 2 1 1 3 3 3 3 3 6 3 3 2 1 1 3 6 3 6 3 6 1 2 3 6 1 2 1 2 1 2 1 2 1 2 1 2 1 2 1 2 5 3 6 2 1 2
0 57 4 4 4 4 4 1 0 1 5 5 5 5 1 0 5 5 5 5 1 0 7 1 2 1 2 1 2 0 0 1 2 1 2 1 2 7 0 0 3 6 1 2 1 2 1 2 1 2 1 2 1 2 1 2 4 5 1
0 23 2 1 2 1 2 1 1 3 2 1 2 1 1 3 3 3 3 3 1 2 1 2 1
0 30 1 0 1 0 1 1 7 7 5 5 5 1 0 7 3 6 1 4 1 0 5 5 1 0 7 2 1 2 1 1
0 10 3 3 0 0 3 3 3 3 3 2
0 3 3 3 2
0 14 4 5 3 3 0 7 1 1 5 5 5 5 5 1
0 93 1 1 7 1 1 7 3 6 1 7 4 1 0 7 1 1 1 0 7 2 1 2 1 1 3 1 2 1 2 1 2 1 2 1 2 1 2 1 2 3 6 1 1 1 7 5 5 5 5 1 0 4 4 4 4 1 0 4 4 4 1 0 4 1 0 7 0 3 6 1 2 1 2 1 2 6 1 2 1 2 1 2 1 2 1 2 1 2 1 1 5 5 5
0 6 2 1 2 1 2 1
0 24 0 5 0 3 6 6 5 1 2 1 2 1 2 1 2 4 4 4 1 0 1 7 1 4
0 9 3 3 3 3 3 2 1 2 1
0 17 5 5 5 1 0 5 5 5 1 0 4 4 1 0 5 5 5
0 45 3 3 0 0 3 3 3 3 3 2 1 2 1 2 1 2 1 2 1 1 3 1 5 5 5 5 5 1 0 5 5 5 5 5 1 0 7 1 7 1 0 1 1 5 1
0 11 3 3 2 1 2 1 2 1 2 1 2
0 37 3 3 3 0 3 3 0 0 3 6 3 6 1 2 1 2 1 2 1 2 3 6 1 1 4 4 4 4 1 0 7 3 6 1 1 0 1
0 77 1 1 7 1 1 7 3 6 1 7 4 1 0 7 1 1 1 0 7 2 1 2 1 1 3 1 2 1 2 1 2 1 2 1 2 1 2 1 2 3 6 1 1 1 7 5 5 5 5 1 0 4 4 4 4 1 0 4 4 4 1 0 4 1 0 7 0 3 6 1 2 1 2 1 2 6 1
0 20 4 4 4 4 4 1 0 1 0 1 5 5 5 5 1 0 7 3 6 1
0 11 5 5 5 1 0 5 5 5 1 0 4
0 90 1 1 7 1 1 7 3 6 1 7 4 1 0 7 1 1 1 0 7 2 1 2 1 1 3 1 2 1 2 1 2 1 2 1 2 1 2 1 2 3 6 1 1 1 7 5 5 5 5 1 0 4 4 4 4 1 0 4 4 4 1 0 4 1 0 7 0 3 6 1 2 1 2 1 2 6 1 2 1 2 1 2 1 2 1 2 1 2 1 1
0 38 1 1 7 1 1 7 3 6 1 7 4 1 0 7 1 1 1 0 7 2 1 2 1 1 3 1 2 1 2 1 2 1 2 1 2 1 2 1
0 20 3 3 1 5 5 3 1 5 5 3 1 5 5 0 0 0 0 0 3 4
0 40 2 1 2 1 2 1 2 1 2 1 1 3 1 7 4 4 4 4 1 0 4 4 4 4 4 1 0 7 6 3 3 3 3 2 1 2 1 2 1 1
0 19 0 0 5 1 1 1 7 5 5 0 5 2 1 2 1 1 3 3 1
0 15 3 3 3 0 3 3 0 0 3 6 3 6 1 2 1
0 40 0 0 5 1 1 1 7 5 5 0 5 2 1 2 1 1 3 3 1 5 5 3 1 5 5 3 1 5 5 3 1 5 5 3 1 5 5 7 0 1
0 12 0 0 5 1 1 1 7 5 5 0 5 2
0 1 2
0 11 4 4 4 4 4 1 0 1 0 1 5
0 35 3 3 3 0 3 3 0 0 3 6 3 6 1 2 1 2 1 2 1 2 3 6 1 1 4 4 4 4 1 0 7 3 6 1 1
0 10 0 5 0 3 6 6 5 1 2 1
0 59 3 3 3 3 3 2 1 2 1 2 1 1 3 3 2 1 1 3 3 3 3 3 6 3 3 2 1 1 3 6 3 6 3 6 1 2 3 6 1 2 1 2 1 2 1 2 1 2 1 2 1 2 1 2 5 3 6 2 1
0 74 1 1 7 1 1 7 3 6 1 7 4 1 0 7 1 1 1 0 7 2 1 2 1 1 3 1 2 1 2 1 2 1 2 1 2 1 2 1 2 3 6 1 1 1 7 5 5 5 5 1 0 4 4 4 4 1 0 4 4 4 1 0 4 1 0 7 0 3 6 1 2 1 2 1
0 51 1 2 1 2 3 6 1 2 1 2 1 2 1 2 5 1 2 1 2 5 3 6 3 6 1 2 1 2 1 2 3 6 1 2 1 2 1 2 2 1 2 1 2 1 1 5 3 3 3 2 1
0 22 3 3 0 0 0 0 0 0 0 0 7 1 4 4 4 4 1 0 1 7 4 4
0 28 3 3 0 0 3 3 3 3 3 2 1 2 1 2 1 2 1 2 1 1 3 1 5 5 5 5 5 1
0 35 0 0 5 1 1 1 7 5 5 0 5 2 1 2 1 1 3 3 1 5 5 3 1 5 5 3 1 5 5 3 1 5 5 3 1
0 30 3 3 3 3 3 3 3 3 3 6 1 2 1 2 1 2 1 2 1 2 5 5 5 5 1 0 7 1 7 1
0 81 1 1 7 1 1 7 3 6 1 7 4 1 0 7 1 1 1 0 7 2 1 2 1 1 3 1 2 1 2 1 2 1 2 1 2 1 2 1 2 3 6 1 1 1 7 5 5 5 5 1 0 4 4 4 4 1 0 4 4 4 1 0 4 1 0 7 0 3 6 1 2 1 2 1 2 6 1 2 1 2 1
0 44 1 2 1 2 3 6 1 2 1 2 1 2 1 2 5 1 2 1 2 5 3 6 3 6 1 2 1 2 1 2 3 6 1 2 1 2 1 2 2 1 2 1 2 1
0 11 4 5 3 6 5 3 6 5 1 2 1
0 50 1 1 7 1 1 7 3 6 1 7 4 1 0 7 1 1 1 0 7 2 1 2 1 1 3 1 2 1 2 1 2 1 2 1 2 1 2 1 2 3 6 1 1 1 7 5 5 5 5 1
0 67 4 4 4 4 4 1 0 1 5 5 5 5 1 0 5 5 5 5 1 0 7 1 2 1 2 1 2 0 0 1 2 1 2 1 2 7 0 0 3 6 1 2 1 2 1 2 1 2 1 2 1 2 1 2 4 5 1 1 1 1 4 4 4 1 0 7 1
0 15 3 6 1 1 7 0 5 5 5 5 5 1 0 1 1
0 28 3 3 3 3 3 2 1 2 1 2 1 1 3 3 2 1 1 3 3 3 3 3 6 3 3 2 1 1
0 13 1 1 7 1 1 7 3 6 1 7 4 1 0
0 27 4 4 4 4 4 1 0 1 0 1 5 5 5 5 1 0 7 3 6 1 2 1 2 3 6 6 1
0 43 3 3 0 0 3 3 3 3 3 2 1 2 1 2 1 2 1 2 1 1 3 1 5 5 5 5 5 1 0 5 5 5 5 5 1 0 7 1 7 1 0 1 1
0 35 3 3 0 0 3 3 3 3 3 2 1 2 1 2 1 2 1 2 1 1 3 1 5 5 5 5 5 1 0 5 5 5 5 5 1
0 11 2 1 2 1 2 1 2 1 2 1 1
0 80 5 5 1 0 7 0 5 5 3 6 4 4 4 1 0 4 4 1 0 7 1 2 3 6 1 2 1 2 1 2 1 2 7 0 5 5 1 0 1 5 5 5 5 1 0 7 4 4 1 0 4 4 1 0 7 1 5 5 1 0 1 4 4 4 4 1 0 7 1 2 1 2 3 6 0 3 6 3 6 1
0 32 4 4 4 4 4 1 0 1 5 5 5 5 1 0 5 5 5 5 1 0 7 1 2 1 2 1 2 0 0 1 2 1
0 72 4 4 4 4 4 1 0 1 5 5 5 5 1 0 5 5 5 5 1 0 7 1 2 1 2 1 2 0 0 1 2 1 2 1 2 7 0 0 3 6 1 2 1 2 1 2 1 2 1 2 1 2 1 2 4 5 1 1 1 1 4 4 4 1 0 7 1 0 1 5 5 5
0 56 3 6 1 1 7 0 5 5 5 5 5 1 0 1 1 4 4 4 4 1 0 1 7 1 0 4 4 1 0 7 7 6 1 5 1 0 1 7 1 1 5 5 5 5 1 0 1 7 7 1 2 1 2 1 2 1
0 12 4 5 3 3 0 7 1 1 5 5 5 5
0 39 3 3 3 0 3 3 0 0 3 6 3 6 1 2 1 2 1 2 1 2 3 6 1 1 4 4 4 4 1 0 7 3 6 1 1 0 1 1 0
0 42 0 0 5 1 1 1 7 5 5 0 5 2 1 2 1 1 3 3 1 5 5 3 1 5 5 3 1 5 5 3 1 5 5 3 1 5 5 7 0 1 2 1
0 26 3 3 3 4 4 4 4 4 1 0 5 5 1 0 4 4 4 4 1 0 5 5 5 5 1 0
0 16 3 3 3 3 3 2 1 2 1 2 1 1 3 3 2 1
0 10 6 1 2 1 2 1 2 1 2 1
0 31 3 3 3 1 5 6 1 7 6 3 3 3 3 3 1 2 1 2 1 2 1 2 1 2 5 5 5 5 1 0 1
0 33 3 3 0 0 3 3 3 3 3 2 1 2 1 2 1 2 1 2 1 1 3 1 5 5 5 5 5 1 0 5 5 5 5
0 7 1 2 1 2 3 6 1
0 56 1 2 1 2 3 6 1 2 1 2 1 2 1 2 5 1 2 1 2 5 3 6 3 6 1 2 1 2 1 2 3 6 1 2 1 2 1 2 2 1 2 1 2 1 1 5 3 3 3 2 1 2 1 2 1 1
0 26 2 1 2 1 2 1 2 1 2 1 1 3 1 7 4 4 4 4 1 0 4 4 4 4 4 1
0 52 3 3 3 0 3 3 0 0 3 6 3 6 1 2 1 2 1 2 1 2 3 6 1 1 4 4 4 4 1 0 7 3 6 1 1 0 1 1 0 5 5 5 5 5 1 0 7 2 1 2 1 2
0 12 1 0 1 0 1 1 7 7 5 5 5 1
0 18 1 2 1 2 1 2 1 2 3 3 3 2 1 2 1 2 1 2
0 64 1 2 1 2 3 6 1 2 1 2 1 2 1 2 5 1 2 1 2 5 3 6 3 6 1 2 1 2 1 2 3 6 1 2 1 2 1 2 2 1 2 1 2 1 1 5 3 3 3 2 1 2 1 2 1 1 5 3 3 3 1 5 5 2
0 20 1 1 7 1 1 7 3 6 1 7 4 1 0 7 1 1 1 0 7 2
0 46 3 3 0 0 3 3 3 3 3 2 1 2 1 2 1 2 1 2 1 1 3 1 5 5 5 5 5 1 0 5 5 5 5 5 1 0 7 1 7 1 0 1 1 5 1 0
0 18 5 5 5 1 0 5 5 5 1 0 4 4 1 0 5 5 5 5
0 29 5 5 1 0 7 0 5 5 3 6 4 4 4 1 0 4 4 1 0 7 1 2 3 6 1 2 1 2 1
0 72 1 1 7 1 1 7 3 6 1 7 4 1 0 7 1 1 1 0 7 2 1 2 1 1 3 1 2 1 2 1 2 1 2 1 2 1 2 1 2 3 6 1 1 1 7 5 5 5 5 1 0 4 4 4 4 1 0 4 4 4 1 0 4 1 0 7 0 3 6 1 2 1
0 62 4 4 4 4 4 1 0 1 5 5 5 5 1 0 5 5 5 5 1 0 7 1 2 1 2 1 2 0 0 1 2 1 2 1 2 7 0 0 3 6 1 2 1 2 1 2 1 2 1 2 1 2 1 2 4 5 1 1 1 1 4 4
0 115 1 1 7 1 1 7 3 6 1 7 4 1 0 7 1 1 1 0 7 2 1 2 1 1 3 1 2 1 2 1 2 1 2 1 2 1 2 1 2 3 6 1 1 1 7 5 5 5 5 1 0 4 4 4 4 1 0 4 4 4 1 0 4 1 0 7 0 3 6 1 2 1 2 1 2 6 1 2 1 2 1 2 1 2 1 2 1 2 1 1 5 5 5 5 1 0 1 4 4 4 4 1 0 7 3 6 3 6 1 2 1 2 1 2 1
0 38 4 4 4 4 4 1 0 1 0 1 5 5 5 5 1 0 7 3 6 1 2 1 2 3 6 6 1 2 1 2 1 2 1 2 1 2 0 1
0 38 3 3 3 0 3 3 0 0 3 6 3 6 1 2 1 2 1 2 1 2 3 6 1 1 4 4 4 4 1 0 7 3 6 1 1 0 1 1
0 34 3 3 0 0 0 0 0 0 0 0 7 1 4 4 4 4 1 0 1 7 4 4 1 0 1 4 4 1 0 7 0 1 0 5
0 6 1 1 4 4 4 4
0 19 3 3 3 3 3 1 5 5 3 3 3 3 3 3 1 5 5 3 1
0 19 0 5 0 3 6 6 5 1 2 1 2 1 2 1 2 4 4 4 1
0 6 1 0 1 0 1 1
0 93 5 5 1 0 7 0 5 5 3 6 4 4 4 1 0 4 4 1 0 7 1 2 3 6 1 2 1 2 1 2 1 2 7 0 5 5 1 0 1 5 5 5 5 1 0 7 4 4 1 0 4 4 1 0 7 1 5 5 1 0 1 4 4 4 4 1 0 7 1 2 1 2 3 6 0 3 6 3 6 1 2 1 5 5 5 5 1 0 5 5 5 5 5
0 46 4 4 4 4 4 1 0 1 0 1 5 5 5 5 1 0 7 3 6 1 2 1 2 3 6 6 1 2 1 2 1 2 1 2 1 2 0 1 2 1 2 1 2 1 2 1
0 48 3 3 3 0 3 3 0 0 3 6 3 6 1 2 1 2 1 2 1 2 3 6 1 1 4 4 4 4 1 0 7 3 6 1 1 0 1 1 0 5 5 5 5 5 1 0 7 2
0 61 1 2 1 2 3 6 1 2 1 2 1 2 1 2 5 1 2 1 2 5 3 6 3 6 1 2 1 2 1 2 3 6 1 2 1 2 1 2 2 1 2 1 2 1 1 5 3 3 3 2 1 2 1 2 1 1 5 3 3 3 1
0 51 4 4 4 4 4 1 0 1 0 1 5 5 5 5 1 0 7 3 6 1 2 1 2 3 6 6 1 2 1 2 1 2 1 2 1 2 0 1 2 1 2 1 2 1 2 1 2 0 1 2 1
0 38 3 3 3 3 3 3 3 3 3 6 1 2 1 2 1 2 1 2 1 2 5 5 5 5 1 0 7 1 7 1 2 1 2 1 2 1 2 1
0 62 3 3 3 3 3 2 1 2 1 2 1 1 3 3 2 1 1 3 3 3 3 3 6 3 3 2 1 1 3 6 3 6 3 6 1 2 3 6 1 2 1 2 1 2 1 2 1 2 1 2 1 2 1 2 5 3 6 2 1 2 1 2
0 15 3 3 3 1 5 6 1 7 6 3 3 3 3 3 1
0 54 3 3 0 0 3 3 3 3 3 2 1 2 1 2 1 2 1 2 1 1 3 1 5 5 5 5 5 1 0 5 5 5 5 5 1 0 7 1 7 1 0 1 1 5 1 0 7 1 2 1 2 1 2 1
0 11 4 5 3 3 0 7 1 1 5 5 5
0 15 5 5 1 0 7 0 5 5 3 6 4 4 4 1 0
0 23 2 1 2 1 2 1 2 1 2 1 1 3 1 7 4 4 4 4 1 0 4 4 4
0 16 3 3 0 0 3 3 3 3 3 2 1 2 1 2 1 2
0 21 3 3 2 1 2 1 2 1 2 1 2 1 1 3 3 3 3 3 1 2 1
0 20 2 1 2 1 2 1 2 1 2 1 1 3 1 7 4 4 4 4 1 0
0 39 1 2 1 2 3 6 1 2 1 2 1 2 1 2 5 1 2 1 2 5 3 6 3 6 1 2 1 2 1 2 3 6 1 2 1 2 1 2 2
0 41 3 3 0 0 3 3 3 3 3 2 1 2 1 2 1 2 1 2 1 1 3 1 5 5 5 5 5 1 0 5 5 5 5 5 1 0 7 1 7 1 0
0 4 2 1 2 1
0 32 3 3 0 0 3 3 3 3 3 2 1 2 1 2 1 2 1 2 1 1 3 1 5 5 5 5 5 1 0 5 5 5
0 11 3 3 3 3 3 2 1 2 1 2 1
0 47 3 3 3 3 3 2 1 2 1 2 1 1 3 3 2 1 1 3 3 3 3 3 6 3 3 2 1 1 3 6 3 6 3 6 1 2 3 6 1 2 1 2 1 2 1 2 1
0 39 5 5 5 1 0 5 5 5 1 0 4 4 1 0 5 5 5 5 5 1 0 7 1 2 1 2 1 2 1 2 1 2 1 1 1 1 5 1 0
0 63 3 3 0 0 0 0 0 0 0 0 7 1 4 4 4 4 1 0 1 7 4 4 1 0 1 4 4 1 0 7 0 1 0 5 5 5 5 1 0 1 0 1 7 6 0 1 2 1 2 1 2 1 2 0 3 6 3 6 1 2 1 2 1
0 36 5 5 5 1 0 5 5 5 1 0 4 4 1 0 5 5 5 5 5 1 0 7 1 2 1 2 1 2 1 2 1 2 1 1 1 1
0 23 0 5 0 3 6 6 5 1 2 1 2 1 2 1 2 4 4 4 1 0 1 7 1
0 47 5 5 1 0 7 0 5 5 3 6 4 4 4 1 0 4 4 1 0 7 1 2 3 6 1 2 1 2 1 2 1 2 7 0 5 5 1 0 1 5 5 5 5 1 0 7 4
0 64 3 3 3 3 3 2 1 2 1 2 1 1 3 3 2 1 1 3 3 3 3 3 6 3 3 2 1 1 3 6 3 6 3 6 1 2 3 6 1 2 1 2 1 2 1 2 1 2 1 2 1 2 1 2 5 3 6 2 1 2 1 2 1 2
0 3 3 3 1
0 47 4 4 4 4 4 1 0 1 5 5 5 5 1 0 5 5 5 5 1 0 7 1 2 1 2 1 2 0 0 1 2 1 2 1 2 7 0 0 3 6 1 2 1 2 1 2 1
0 20 3 3 0 0 3 3 3 3 3 2 1 2 1 2 1 2 1 2 1 1
0 13 3 3 3 4 4 4 4 4 1 0 5 5 1
0 21 1 2 1 2 1 2 1 2 3 3 3 2 1 2 1 2 1 2 1 2 1
0 61 3 3 3 3 3 2 1 2 1 2 1 1 3 3 2 1 1 3 3 3 3 3 6 3 3 2 1 1 3 6 3 6 3 6 1 2 3 6 1 2 1 2 1 2 1 2 1 2 1 2 1 2 1 2 5 3 6 2 1 2 1
0 4 3 6 1 1
0 32 1 1 7 1 1 7 3 6 1 7 4 1 0 7 1 1 1 0 7 2 1 2 1 1 3 1 2 1 2 1 2 1
0 21 3 3 0 0 0 0 0 0 0 0 7 1 4 4 4 4 1 0 1 7 4
0 27 3 3 3 3 3 1 5 5 3 3 3 3 3 3 1 5 5 3 1 5 5 3 1 5 5 3 1
0 19 5 5 5 1 0 5 5 5 1 0 4 4 1 0 5 5 5 5 5
0 3 4 4 4
0 8 4 5 3 3 0 7 1 1
0 16 5 5 1 0 7 0 5 5 3 6 4 4 4 1 0 4
0 49 3 3 3 0 3 3 0 0 3 6 3 6 1 2 1 2 1 2 1 2 3 6 1 1 4 4 4 4 1 0 7 3 6 1 1 0 1 1 0 5 5 5 5 5 1 0 7 2 1
0 18 5 5 1 0 7 0 5 5 3 6 4 4 4 1 0 4 4 1
0 6 4 4 4 4 4 1
0 13 2 1 2 1 2 1 2 1 2 1 1 3 1
0 48 0 0 5 1 1 1 7 5 5 0 5 2 1 2 1 1 3 3 1 5 5 3 1 5 5 3 1 5 5 3 1 5 5 3 1 5 5 7 0 1 2 1 2 1 2 1 2 1
0 13 3 3 3 0 3 3 0 0 3 6 3 6 1
0 34 2 1 2 1 2 1 2 1 2 1 1 3 1 7 4 4 4 4 1 0 4 4 4 4 4 1 0 7 6 3 3 3 3 2
0 13 4 4 4 4 4 1 0 1 0 1 5 5 5
0 51 3 3 3 3 3 2 1 2 1 2 1 1 3 3 2 1 1 3 3 3 3 3 6 3 3 2 1 1 3 6 3 6 3 6 1 2 3 6 1 2 1 2 1 2 1 2 1 2 1 2 1
0 4 5 5 5 1
0 42 3 3 3 3 3 3 3 3 3 6 1 2 1 2 1 2 1 2 1 2 5 5 5 5 1 0 7 1 7 1 2 1 2 1 2 1 2 1 2 1 2 1
0 7 3 3 1 5 5 3 1
0 36 1 2 1 2 1 2 1 2 3 6 6 3 6 1 2 1 2 1 2 0 3 6 1 5 3 3 0 1 2 1 2 1 2 1 2 1
0 35 3 3 3 3 3 2 1 2 1 2 1 1 3 3 2 1 1 3 3 3 3 3 6 3 3 2 1 1 3 6 3 6 3 6 1
0 109 1 1 7 1 1 7 3 6 1 7 4 1 0 7 1 1 1 0 7 2 1 2 1 1 3 1 2 1 2 1 2 1 2 1 2 1 2 1 2 3 6 1 1 1 7 5 5 5 5 1 0 4 4 4 4 1 0 4 4 4 1 0 4 1 0 7 0 3 6 1 2 1 2 1 2 6 1 2 1 2 1 2 1 2 1 2 1 2 1 1 5 5 5 5 1 0 1 4 4 4 4 1 0 7 3 6 3 6 1
0 58 4 4 4 4 4 1 0 1 5 5 5 5 1 0 5 5 5 5 1 0 7 1 2 1 2 1 2 0 0 1 2 1 2 1 2 7 0 0 3 6 1 2 1 2 1 2 1 2 1 2 1 2 1 2 4 5 1 1
0 25 3 3 0 0 0 0 0 0 0 0 7 1 4 4 4 4 1 0 1 7 4 4 1 0 1
0 11 5 5 1 0 7 0 5 5 3 6 4
0 27 3 6 1 1 7 0 5 5 5 5 5 1 0 1 1 4 4 4 4 1 0 1 7 1 0 4 4
0 13 1 0 1 0 1 1 7 7 5 5 5 1 0
0 19 1 2 1 2 1 2 1 2 3 3 3 2 1 2 1 2 1 2 1
0 16 3 3 0 0 0 0 0 0 0 0 7 1 4 4 4 4
0 17 5 5 1 0 7 0 5 5 3 6 4 4 4 1 0 4 4
0 15 0 0 5 1 1 1 7 5 5 0 5 2 1 2 1
0 7 1 2 1 2 1 2 1
0 7 3 3 3 4 4 4 4
0 13 0 0 5 1 1 1 7 5 5 0 5 2 1
0 96 1 1 7 1 1 7 3 6 1 7 4 1 0 7 1 1 1 0 7 2 1 2 1 1 3 1 2 1 2 1 2 1 2 1 2 1 2 1 2 3 6 1 1 1 7 5 5 5 5 1 0 4 4 4 4 1 0 4 4 4 1 0 4 1 0 7 0 3 6 1 2 1 2 1 2 6 1 2 1 2 1 2 1 2 1 2 1 2 1 1 5 5 5 5 1 0
0 3 1 1 4
0 76 4 4 4 4 4 1 0 1 5 5 5 5 1 0 5 5 5 5 1 0 7 1 2 1 2 1 2 0 0 1 2 1 2 1 2 7 0 0 3 6 1 2 1 2 1 2 1 2 1 2 1 2 1 2 4 5 1 1 1 1 4 4 4 1 0 7 1 0 1 5 5 5 1 0 1 1
0 6 3 3 2 1 2 1
0 41 3 3 3 3 3 2 1 2 1 2 1 1 3 3 2 1 1 3 3 3 3 3 6 3 3 2 1 1 3 6 3 6 3 6 1 2 3 6 1 2 1
0 33 6 1 2 1 2 1 2 1 2 1 2 3 6 1 2 1 2 1 2 1 2 1 2 4 4 1 0 7 2 1 2 1 1
0 29 3 3 3 0 3 3 0 0 3 6 3 6 1 2 1 2 1 2 1 2 3 6 1 1 4 4 4 4 1
0 26 6 1 2 1 2 1 2 1 2 1 2 3 6 1 2 1 2 1 2 1 2 1 2 4 4 1
0 23 3 3 3 3 3 1 5 5 3 3 3 3 3 3 1 5 5 3 1 5 5 3 1
0 59 1 1 7 1 1 7 3 6 1 7 4 1 0 7 1 1 1 0 7 2 1 2 1 1 3 1 2 1 2 1 2 1 2 1 2 1 2 1 2 3 6 1 1 1 7 5 5 5 5 1 0 4 4 4 4 1 0 4 4
0 25 5 5 5 1 0 5 5 5 1 0 4 4 1 0 5 5 5 5 5 1 0 7 1 2 1
0 62 1 1 7 1 1 7 3 6 1 7 4 1 0 7 1 1 1 0 7 2 1 2 1 1 3 1 2 1 2 1 2 1 2 1 2 1 2 1 2 3 6 1 1 1 7 5 5 5 5 1 0 4 4 4 4 1 0 4 4 4 1 0
0 10 2 1 2 1 2 1 2 1 2 1
0 9 2 1 2 1 2 1 2 1 2
0 40 3 3 3 3 3 3 3 3 3 6 1 2 1 2 1 2 1 2 1 2 5 5 5 5 1 0 7 1 7 1 2 1 2 1 2 1 2 1 2 1
0 2 6 1
0 21 1 0 1 0 1 1 7 7 5 5 5 1 0 7 3 6 1 4 1 0 5
0 14 3 3 3 4 4 4 4 4 1 0 5 5 1 0
0 32 6 1 2 1 2 1 2 1 2 1 2 3 6 1 2 1 2 1 2 1 2 1 2 4 4 1 0 7 2 1 2 1
0 18 4 4 4 4 4 1 0 1 5 5 5 5 1 0 5 5 5 5
0 18 4 5 3 3 0 7 1 1 5 5 5 5 5 1 0 1 1 0
0 15 3 3 0 0 3 3 3 3 3 2 1 2 1 2 1
0 40 4 4 4 4 4 1 0 1 0 1 5 5 5 5 1 0 7 3 6 1 2 1 2 3 6 6 1 2 1 2 1 2 1 2 1 2 0 1 2 1
0 26 4 4 4 4 4 1 0 1 5 5 5 5 1 0 5 5 5 5 1 0 7 1 2 1 2 1
0 99 1 1 7 1 1 7 3 6 1 7 4 1 0 7 1 1 1 0 7 2 1 2 1 1 3 1 2 1 2 1 2 1 2 1 2 1 2 1 2 3 6 1 1 1 7 5 5 5 5 1 0 4 4 4 4 1 0 4 4 4 1 0 4 1 0 7 0 3 6 1 2 1 2 1 2 6 1 2 1 2 1 2 1 2 1 2 1 2 1 1 5 5 5 5 1 0 1 4 4
0 9 3 3 3 2 1 2 1 2 1
0 28 0 5 0 3 6 6 5 1 2 1 2 1 2 1 2 4 4 4 1 0 1 7 1 4 1 0 5 5
0 27 0 0 5 1 1 1 7 5 5 0 5 2 1 2 1 1 3 3 1 5 5 3 1 5 5 3 1
0 18 3 3 0 0 3 3 3 3 3 2 1 2 1 2 1 2 1 2
0 40 3 6 1 1 7 0 5 5 5 5 5 1 0 1 1 4 4 4 4 1 0 1 7 1 0 4 4 1 0 7 7 6 1 5 1 0 1 7 1 1
0 65 5 5 1 0 7 0 5 5 3 6 4 4 4 1 0 4 4 1 0 7 1 2 3 6 1 2 1 2 1 2 1 2 7 0 5 5 1 0 1 5 5 5 5 1 0 7 4 4 1 0 4 4 1 0 7 1 5 5 1 0 1 4 4 4 4
0 24 4 4 4 4 4 1 0 1 5 5 5 5 1 0 5 5 5 5 1 0 7 1 2 1
0 53 1 2 1 2 3 6 1 2 1 2 1 2 1 2 5 1 2 1 2 5 3 6 3 6 1 2 1 2 1 2 3 6 1 2 1 2 1 2 2 1 2 1 2 1 1 5 3 3 3 2 1 2 1
0 6 3 3 3 2 1 2
0 26 1 1 7 1 1 7 3 6 1 7 4 1 0 7 1 1 1 0 7 2 1 2 1 1 3 1
0 79 1 1 7 1 1 7 3 6 1 7 4 1 0 7 1 1 1 0 7 2 1 2 1 1 3 1 2 1 2 1 2 1 2 1 2 1 2 1 2 3 6 1 1 1 7 5 5 5 5 1 0 4 4 4 4 1 0 4 4 4 1 0 4 1 0 7 0 3 6 1 2 1 2 1 2 6 1 2 1
0 53 5 5 1 0 7 0 5 5 3 6 4 4 4 1 0 4 4 1 0 7 1 2 3 6 1 2 1 2 1 2 1 2 7 0 5 5 1 0 1 5 5 5 5 1 0 7 4 4 1 0 4 4 1
0 2 2 1
0 68 1 2 1 2 3 6 1 2 1 2 1 2 1 2 5 1 2 1 2 5 3 6 3 6 1 2 1 2 1 2 3 6 1 2 1 2 1 2 2 1 2 1 2 1 1 5 3 3 3 2 1 2 1 2 1 1 5 3 3 3 1 5 5 2 1 2 1 1
0 4 0 0 5 1
0 14 5 5 5 1 0 5 5 5 1 0 4 4 1 0
0 5 5 5 5 1 0
0 18 3 6 1 1 7 0 5 5 5 5 5 1 0 1 1 4 4 4
0 13 5 5 5 1 0 5 5 5 1 0 4 4 1
0 45 5 5 1 0 7 0 5 5 3 6 4 4 4 1 0 4 4 1 0 7 1 2 3 6 1 2 1 2 1 2 1 2 7 0 5 5 1 0 1 5 5 5 5 1 0
0 39 3 6 1 1 7 0 5 5 5 5 5 1 0 1 1 4 4 4 4 1 0 1 7 1 0 4 4 1 0 7 7 6 1 5 1 0 1 7 1
0 4 1 1 7 1
0 30 1 1 7 1 1 7 3 6 1 7 4 1 0 7 1 1 1 0 7 2 1 2 1 1 3 1 2 1 2 1
0 65 4 4 4 4 4 1 0 1 5 5 5 5 1 0 5 5 5 5 1 0 7 1 2 1 2 1 2 0 0 1 2 1 2 1 2 7 0 0 3 6 1 2 1 2 1 2 1 2 1 2 1 2 1 2 4 5 1 1 1 1 4 4 4 1 0
0 15 3 3 3 3 3 2 1 2 1 2 1 1 3 3 2
0 89 5 5 1 0 7 0 5 5 3 6 4 4 4 1 0 4 4 1 0 7 1 2 3 6 1 2 1 2 1 2 1 2 7 0 5 5 1 0 1 5 5 5 5 1 0 7 4 4 1 0 4 4 1 0 7 1 5 5 1 0 1 4 4 4 4 1 0 7 1 2 1 2 3 6 0 3 6 3 6 1 2 1 5 5 5 5 1 0 5
0 11 4 4 4 4 4 1 0 1 5 5 5
0 25 2 1 2 1 2 1 2 1 2 1 1 3 1 7 4 4 4 4 1 0 4 4 4 4 4
0 57 1 1 7 1 1 7 3 6 1 7 4 1 0 7 1 1 1 0 7 2 1 2 1 1 3 1 2 1 2 1 2 1 2 1 2 1 2 1 2 3 6 1 1 1 7 5 5 5 5 1 0 4 4 4 4 1 0
0 13 5 5 1 0 7 0 5 5 3 6 4 4 4
0 53 3 3 3 3 3 2 1 2 1 2 1 1 3 3 2 1 1 3 3 3 3 3 6 3 3 2 1 1 3 6 3 6 3 6 1 2 3 6 1 2 1 2 1 2 1 2 1 2 1 2 1 2 1
0 12 1 1 7 1 1 7 3 6 1 7 4 1
0 27 3 3 3 3 3 2 1 2 1 2 1 1 3 3 2 1 1 3 3 3 3 3 6 3 3 2 1
0 47 3 3 3 3 3 3 3 3 3 6 1 2 1 2 1 2 1 2 1 2 5 5 5 5 1 0 7 1 7 1 2 1 2 1 2 1 2 1 2 1 2 1 2 0 1 2 1
0 15 4 4 4 4 4 1 0 1 5 5 5 5 1 0 5
0 19 2 1 2 1 2 1 2 1 2 1 1 3 1 7 4 4 4 4 1
0 7 4 4 4 4 4 1 0
0 21 3 3 3 1 5 6 1 7 6 3 3 3 3 3 1 2 1 2 1 2 1
0 9 3 3 3 3 2 1 2 1 2
0 16 3 6 1 1 7 0 5 5 5 5 5 1 0 1 1 4
0 44 5 5 1 0 7 0 5 5 3 6 4 4 4 1 0 4 4 1 0 7 1 2 3 6 1 2 1 2 1 2 1 2 7 0 5 5 1 0 1 5 5 5 5 1
0 70 1 1 7 1 1 7 3 6 1 7 4 1 0 7 1 1 1 0 7 2 1 2 1 1 3 1 2 1 2 1 2 1 2 1 2 1 2 1 2 3 6 1 1 1 7 5 5 5 5 1 0 4 4 4 4 1 0 4 4 4 1 0 4 1 0 7 0 3 6 1
0 25 0 5 0 3 6 6 5 1 2 1 2 1 2 1 2 4 4 4 1 0 1 7 1 4 1
0 19 1 0 1 0 1 1 7 7 5 5 5 1 0 7 3 6 1 4 1
0 10 3 3 3 3 3 2 1 2 1 2
0 15 3 3 3 4 4 4 4 4 1 0 5 5 1 0 4
0 16 1 2 1 2 3 6 1 2 1 2 1 2 1 2 5 1
0 27 6 1 2 1 2 1 2 1 2 1 2 3 6 1 2 1 2 1 2 1 2 1 2 4 4 1 0
0 52 3 3 0 0 0 0 0 0 0 0 7 1 4 4 4 4 1 0 1 7 4 4 1 0 1 4 4 1 0 7 0 1 0 5 5 5 5 1 0 1 0 1 7 6 0 1 2 1 2 1 2 1
0 7 3 3 3 3 3 2 1
0 32 3 3 0 0 0 0 0 0 0 0 7 1 4 4 4 4 1 0 1 7 4 4 1 0 1 4 4 1 0 7 0 1
0 35 2 1 2 1 2 1 2 1 2 1 1 3 1 7 4 4 4 4 1 0 4 4 4 4 4 1 0 7 6 3 3 3 3 2 1
0 19 1 1 4 4 4 4 4 1 0 1 4 4 4 4 1 0 7 3 1
0 27 1 0 1 0 1 1 7 7 5 5 5 1 0 7 3 6 1 4 1 0 5 5 1 0 7 2 1
0 55 4 4 4 4 4 1 0 1 5 5 5 5 1 0 5 5 5 5 1 0 7 1 2 1 2 1 2 0 0 1 2 1 2 1 2 7 0 0 3 6 1 2 1 2 1 2 1 2 1 2 1 2 1 2 4
0 51 1 1 7 1 1 7 3 6 1 7 4 1 0 7 1 1 1 0 7 2 1 2 1 1 3 1 2 1 2 1 2 1 2 1 2 1 2 1 2 3 6 1 1 1 7 5 5 5 5 1 0
0 5 3 3 3 3 1
0 34 3 3 3 0 3 3 0 0 3 6 3 6 1 2 1 2 1 2 1 2 3 6 1 1 4 4 4 4 1 0 7 3 6 1
0 34 3 3 3 3 3 3 3 3 3 6 1 2 1 2 1 2 1 2 1 2 5 5 5 5 1 0 7 1 7 1 2 1 2 1
0 46 3 3 3 0 3 3 0 0 3 6 3 6 1 2 1 2 1 2 1 2 3 6 1 1 4 4 4 4 1 0 7 3 6 1 1 0 1 1 0 5 5 5 5 5 1 0
0 12 3 3 0 0 3 3 3 3 3 2 1 2
0 12 1 2 1 2 1 2 1 2 3 3 3 2
0 29 3 6 1 1 7 0 5 5 5 5 5 1 0 1 1 4 4 4 4 1 0 1 7 1 0 4 4 1 0
0 44 3 6 1 1 7 0 5 5 5 5 5 1 0 1 1 4 4 4 4 1 0 1 7 1 0 4 4 1 0 7 7 6 1 5 1 0 1 7 1 1 5 5 5 5
0 12 3 3 3 3 3 2 1 2 1 2 1 1
0 63 1 1 7 1 1 7 3 6 1 7 4 1 0 7 1 1 1 0 7 2 1 2 1 1 3 1 2 1 2 1 2 1 2 1 2 1 2 1 2 3 6 1 1 1 7 5 5 5 5 1 0 4 4 4 4 1 0 4 4 4 1 0 4
0 23 3 3 2 1 2 1 2 1 2 1 2 1 1 3 3 3 3 3 1 2 1 2 1
0 52 3 3 0 0 3 3 3 3 3 2 1 2 1 2 1 2 1 2 1 1 3 1 5 5 5 5 5 1 0 5 5 5 5 5 1 0 7 1 7 1 0 1 1 5 1 0 7 1 2 1 2 1
0 11 1 1 4 4 4 4 4 1 0 1 4
0 87 5 5 1 0 7 0 5 5 3 6 4 4 4 1 0 4 4 1 0 7 1 2 3 6 1 2 1 2 1 2 1 2 7 0 5 5 1 0 1 5 5 5 5 1 0 7 4 4 1 0 4 4 1 0 7 1 5 5 1 0 1 4 4 4 4 1 0 7 1 2 1 2 3 6 0 3 6 3 6 1 2 1 5 5 5 5 1
0 47 3 6 1 1 7 0 5 5 5 5 5 1 0 1 1 4 4 4 4 1 0 1 7 1 0 4 4 1 0 7 7 6 1 5 1 0 1 7 1 1 5 5 5 5 1 0 1
0 103 1 1 7 1 1 7 3 6 1 7 4 1 0 7 1 1 1 0 7 2 1 2 1 1 3 1 2 1 2 1 2 1 2 1 2 1 2 1 2 3 6 1 1 1 7 5 5 5 5 1 0 4 4 4 4 1 0 4 4 4 1 0 4 1 0 7 0 3 6 1 2 1 2 1 2 6 1 2 1 2 1 2 1 2 1 2 1 2 1 1 5 5 5 5 1 0 1 4 4 4 4 1 0
0 98 1 1 7 1 1 7 3 6 1 7 4 1 0 7 1 1 1 0 7 2 1 2 1 1 3 1 2 1 2 1 2 1 2 1 2 1 2 1 2 3 6 1 1 1 7 5 5 5 5 1 0 4 4 4 4 1 0 4 4 4 1 0 4 1 0 7 0 3 6 1 2 1 2 1 2 6 1 2 1 2 1 2 1 2 1 2 1 2 1 1 5 5 5 5 1 0 1 4
0 20 1 2 1 2 1 2 1 2 3 3 3 2 1 2 1 2 1 2 1 2
0 37 3 6 1 1 7 0 5 5 5 5 5 1 0 1 1 4 4 4 4 1 0 1 7 1 0 4 4 1 0 7 7 6 1 5 1 0 1
0 41 3 6 1 1 7 0 5 5 5 5 5 1 0 1 1 4 4 4 4 1 0 1 7 1 0 4 4 1 0 7 7 6 1 5 1 0 1 7 1 1 5
0 9 1 2 1 2 3 6 1 2 1
0 15 4 5 3 6 5 3 6 5 1 2 1 2 1 2 1
0 16 6 1 2 1 2 1 2 1 2 1 2 3 6 1 2 1
0 25 3 3 2 1 2 1 2 1 2 1 2 1 1 3 3 3 3 3 1 2 1 2 1 2 1
0 17 2 1 2 1 2 1 2 1 2 1 1 3 1 7 4 4 4
0 11 1 1 7 1 1 7 3 6 1 7 4
0 71 5 5 1 0 7 0 5 5 3 6 4 4 4 1 0 4 4 1 0 7 1 2 3 6 1 2 1 2 1 2 1 2 7 0 5 5 1 0 1 5 5 5 5 1 0 7 4 4 1 0 4 4 1 0 7 1 5 5 1 0 1 4 4 4 4 1 0 7 1 2 1
0 29 6 1 2 1 2 1 2 1 2 1 2 3 6 1 2 1 2 1 2 1 2 1 2 4 4 1 0 7 2
0 15 1 1 7 1 1 7 3 6 1 7 4 1 0 7 1
0 36 3 6 1 1 7 0 5 5 5 5 5 1 0 1 1 4 4 4 4 1 0 1 7 1 0 4 4 1 0 7 7 6 1 5 1 0
0 5 1 2 1 2 1
0 12 4 4 4 4 4 1 0 1 0 1 5 5
0 28 3 3 3 3 3 3 3 3 3 6 1 2 1 2 1 2 1 2 1 2 5 5 5 5 1 0 7 1
0 8 3 3 3 2 1 2 1 2
0 27 3 3 0 0 0 0 0 0 0 0 7 1 4 4 4 4 1 0 1 7 4 4 1 0 1 4 4
0 38 1 2 1 2 1 2 1 2 3 6 6 3 6 1 2 1 2 1 2 0 3 6 1 5 3 3 0 1 2 1 2 1 2 1 2 1 2 1
0 19 3 3 0 0 0 0 0 0 0 0 7 1 4 4 4 4 1 0 1
0 16 0 0 5 1 1 1 7 5 5 0 5 2 1 2 1 1
0 97 5 5 1 0 7 0 5 5 3 6 4 4 4 1 0 4 4 1 0 7 1 2 3 6 1 2 1 2 1 2 1 2 7 0 5 5 1 0 1 5 5 5 5 1 0 7 4 4 1 0 4 4 1 0 7 1 5 5 1 0 1 4 4 4 4 1 0 7 1 2 1 2 3 6 0 3 6 3 6 1 2 1 5 5 5 5 1 0 5 5 5 5 5 1 0 1 1
0 27 5 5 1 0 7 0 5 5 3 6 4 4 4 1 0 4 4 1 0 7 1 2 3 6 1 2 1
0 45 3 3 3 3 3 3 3 3 3 6 1 2 1 2 1 2 1 2 1 2 5 5 5 5 1 0 7 1 7 1 2 1 2 1 2 1 2 1 2 1 2 1 2 0 1
0 50 3 3 3 0 3 3 0 0 3 6 3 6 1 2 1 2 1 2 1 2 3 6 1 1 4 4 4 4 1 0 7 3 6 1 1 0 1 1 0 5 5 5 5 5 1 0 7 2 1 2
0 51 5 5 1 0 7 0 5 5 3 6 4 4 4 1 0 4 4 1 0 7 1 2 3 6 1 2 1 2 1 2 1 2 7 0 5 5 1 0 1 5 5 5 5 1 0 7 4 4 1 0 4
0 7 4 5 3 3 0 7 1
0 92 1 1 7 1 1 7 3 6 1 7 4 1 0 7 1 1 1 0 7 2 1 2 1 1 3 1 2 1 2 1 2 1 2 1 2 1 2 1 2 3 6 1 1 1 7 5 5 5 5 1 0 4 4 4 4 1 0 4 4 4 1 0 4 1 0 7 0 3 6 1 2 1 2 1 2 6 1 2 1 2 1 2 1 2 1 2 1 2 1 1 5 5
0 14 4 4 4 4 4 1 0 1 0 1 5 5 5 5
0 19 3 3 0 0 3 3 3 3 3 2 1 2 1 2 1 2 1 2 1
0 50 3 3 0 0 0 0 0 0 0 0 7 1 4 4 4 4 1 0 1 7 4 4 1 0 1 4 4 1 0 7 0 1 0 5 5 5 5 1 0 1 0 1 7 6 0 1 2 1 2 1
0 45 4 4 4 4 4 1 0 1 5 5 5 5 1 0 5 5 5 5 1 0 7 1 2 1 2 1 2 0 0 1 2 1 2 1 2 7 0 0 3 6 1 2 1 2 1
0 33 5 5 5 1 0 5 5 5 1 0 4 4 1 0 5 5 5 5 5 1 0 7 1 2 1 2 1 2 1 2 1 2 1
0 83 1 1 7 1 1 7 3 6 1 7 4 1 0 7 1 1 1 0 7 2 1 2 1 1 3 1 2 1 2 1 2 1 2 1 2 1 2 1 2 3 6 1 1 1 7 5 5 5 5 1 0 4 4 4 4 1 0 4 4 4 1 0 4 1 0 7 0 3 6 1 2 1 2 1 2 6 1 2 1 2 1 2 1
0 21 3 6 1 1 7 0 5 5 5 5 5 1 0 1 1 4 4 4 4 1 0
0 52 3 6 1 1 7 0 5 5 5 5 5 1 0 1 1 4 4 4 4 1 0 1 7 1 0 4 4 1 0 7 7 6 1 5 1 0 1 7 1 1 5 5 5 5 1 0 1 7 7 1 2 1
0 13 1 2 1 2 1 2 1 2 3 3 3 2 1
0 89 1 1 7 1 1 7 3 6 1 7 4 1 0 7 1 1 1 0 7 2 1 2 1 1 3 1 2 1 2 1 2 1 2 1 2 1 2 1 2 3 6 1 1 1 7 5 5 5 5 1 0 4 4 4 4 1 0 4 4 4 1 0 4 1 0 7 0 3 6 1 2 1 2 1 2 6 1 2 1 2 1 2 1 2 1 2 1 2 1
0 30 3 3 0 0 3 3 3 3 3 2 1 2 1 2 1 2 1 2 1 1 3 1 5 5 5 5 5 1 0 5
0 3 1 0 1
0 66 1 2 1 2 3 6 1 2 1 2 1 2 1 2 5 1 2 1 2 5 3 6 3 6 1 2 1 2 1 2 3 6 1 2 1 2 1 2 2 1 2 1 2 1 1 5 3 3 3 2 1 2 1 2 1 1 5 3 3 3 1 5 5 2 1 2
0 67 5 5 1 0 7 0 5 5 3 6 4 4 4 1 0 4 4 1 0 7 1 2 3 6 1 2 1 2 1 2 1 2 7 0 5 5 1 0 1 5 5 5 5 1 0 7 4 4 1 0 4 4 1 0 7 1 5 5 1 0 1 4 4 4 4 1 0
0 25 5 5 1 0 7 0 5 5 3 6 4 4 4 1 0 4 4 1 0 7 1 2 3 6 1
0 22 3 3 3 4 4 4 4 4 1 0 5 5 1 0 4 4 4 4 1 0 5 5
0 24 1 1 7 1 1 7 3 6 1 7 4 1 0 7 1 1 1 0 7 2 1 2 1 1
0 19 3 3 3 4 4 4 4 4 1 0 5 5 1 0 4 4 4 4 1
0 62 5 5 1 0 7 0 5 5 3 6 4 4 4 1 0 4 4 1 0 7 1 2 3 6 1 2 1 2 1 2 1 2 7 0 5 5 1 0 1 5 5 5 5 1 0 7 4 4 1 0 4 4 1 0 7 1 5 5 1 0 1 4
0 13 3 3 0 0 0 0 0 0 0 0 7 1 4
0 7 3 3 3 1 5 6 1
0 42 3 3 0 0 0 0 0 0 0 0 7 1 4 4 4 4 1 0 1 7 4 4 1 0 1 4 4 1 0 7 0 1 0 5 5 5 5 1 0 1 0 1
0 10 3 3 3 4 4 4 4 4 1 0
0 3 1 2 1
0 41 3 3 3 0 3 3 0 0 3 6 3 6 1 2 1 2 1 2 1 2 3 6 1 1 4 4 4 4 1 0 7 3 6 1 1 0 1 1 0 5 5
0 6 3 3 3 3 3 2
0 17 3 3 0 0 3 3 3 3 3 2 1 2 1 2 1 2 1
0 67 3 3 3 3 3 2 1 2 1 2 1 1 3 3 2 1 1 3 3 3 3 3 6 3 3 2 1 1 3 6 3 6 3 6 1 2 3 6 1 2 1 2 1 2 1 2 1 2 1 2 1 2 1 2 5 3 6 2 1 2 1 2 1 2 1 2 1
0 17 3 3 3 3 3 2 1 2 1 2 1 1 3 3 2 1 1
0 43 5 5 1 0 7 0 5 5 3 6 4 4 4 1 0 4 4 1 0 7 1 2 3 6 1 2 1 2 1 2 1 2 7 0 5 5 1 0 1 5 5 5 5
0 10 1 1 4 4 4 4 4 1 0 1
0 14 3 3 0 0 3 3 3 3 3 2 1 2 1 2
0 18 1 2 1 2 3 6 1 2 1 2 1 2 1 2 5 1 2 1
0 53 1 1 7 1 1 7 3 6 1 7 4 1 0 7 1 1 1 0 7 2 1 2 1 1 3 1 2 1 2 1 2 1 2 1 2 1 2 1 2 3 6 1 1 1 7 5 5 5 5 1 0 4 4
0 60 5 5 1 0 7 0 5 5 3 6 4 4 4 1 0 4 4 1 0 7 1 2 3 6 1 2 1 2 1 2 1 2 7 0 5 5 1 0 1 5 5 5 5 1 0 7 4 4 1 0 4 4 1 0 7 1 5 5 1 0
0 5 4 4 4 4 4
0 20 5 5 5 1 0 5 5 5 1 0 4 4 1 0 5 5 5 5 5 1
0 33 3 6 1 1 7 0 5 5 5 5 5 1 0 1 1 4 4 4 4 1 0 1 7 1 0 4 4 1 0 7 7 6 1
0 12 3 3 0 0 0 0 0 0 0 0 7 1
0 22 1 1 7 1 1 7 3 6 1 7 4 1 0 7 1 1 1 0 7 2 1 2
0 31 5 5 1 0 7 0 5 5 3 6 4 4 4 1 0 4 4 1 0 7 1 2 3 6 1 2 1 2 1 2 1
0 87 1 1 7 1 1 7 3 6 1 7 4 1 0 7 1 1 1 0 7 2 1 2 1 1 3 1 2 1 2 1 2 1 2 1 2 1 2 1 2 3 6 1 1 1 7 5 5 5 5 1 0 4 4 4 4 1 0 4 4 4 1 0 4 1 0 7 0 3 6 1 2 1 2 1 2 6 1 2 1 2 1 2 1 2 1 2 1
0 29 1 0 1 0 1 1 7 7 5 5 5 1 0 7 3 6 1 4 1 0 5 5 1 0 7 2 1 2 1
0 6 0 0 5 1 1 1
0 53 4 4 4 4 4 1 0 1 5 5 5 5 1 0 5 5 5 5 1 0 7 1 2 1 2 1 2 0 0 1 2 1 2 1 2 7 0 0 3 6 1 2 1 2 1 2 1 2 1 2 1 2 1
0 31 4 4 4 4 4 1 0 1 0 1 5 5 5 5 1 0 7 3 6 1 2 1 2 3 6 6 1 2 1 2 1
0 16 4 4 4 4 4 1 0 1 0 1 5 5 5 5 1 0
0 17 1 2 1 2 1 2 1 2 3 3 3 2 1 2 1 2 1
0 11 3 3 3 4 4 4 4 4 1 0 5
0 41 4 4 4 4 4 1 0 1 5 5 5 5 1 0 5 5 5 5 1 0 7 1 2 1 2 1 2 0 0 1 2 1 2 1 2 7 0 0 3 6 1
0 68 3 3 3 3 3 2 1 2 1 2 1 1 3 3 2 1 1 3 3 3 3 3 6 3 3 2 1 1 3 6 3 6 3 6 1 2 3 6 1 2 1 2 1 2 1 2 1 2 1 2 1 2 1 2 5 3 6 2 1 2 1 2 1 2 1 2 1 1
0 61 4 4 4 4 4 1 0 1 5 5 5 5 1 0 5 5 5 5 1 0 7 1 2 1 2 1 2 0 0 1 2 1 2 1 2 7 0 0 3 6 1 2 1 2 1 2 1 2 1 2 1 2 1 2 4 5 1 1 1 1 4
0 56 1 1 7 1 1 7 3 6 1 7 4 1 0 7 1 1 1 0 7 2 1 2 1 1 3 1 2 1 2 1 2 1 2 1 2 1 2 1 2 3 6 1 1 1 7 5 5 5 5 1 0 4 4 4 4 1
0 28 3 6 1 1 7 0 5 5 5 5 5 1 0 1 1 4 4 4 4 1 0 1 7 1 0 4 4 1
0 4 3 3 3 1
0 5 3 3 3 2 1
0 26 1 0 1 0 1 1 7 7 5 5 5 1 0 7 3 6 1 4 1 0 5 5 1 0 7 2
0 50 1 2 1 2 3 6 1 2 1 2 1 2 1 2 5 1 2 1 2 5 3 6 3 6 1 2 1 2 1 2 3 6 1 2 1 2 1 2 2 1 2 1 2 1 1 5 3 3 3 2
0 39 5 5 1 0 7 0 5 5 3 6 4 4 4 1 0 4 4 1 0 7 1 2 3 6 1 2 1 2 1 2 1 2 7 0 5 5 1 0 1
0 11 3 3 7 7 0 3 1 5 5 3 1
0 10 3 3 2 1 2 1 2 1 2 1
0 23 3 3 3 4 4 4 4 4 1 0 5 5 1 0 4 4 4 4 1 0 5 5 5
0 18 1 2 1 2 1 2 1 2 3 6 6 3 6 1 2 1 2 1
0 31 5 5 5 1 0 5 5 5 1 0 4 4 1 0 5 5 5 5 5 1 0 7 1 2 1 2 1 2 1 2 1
0 28 3 3 3 0 3 3 0 0 3 6 3 6 1 2 1 2 1 2 1 2 3 6 1 1 4 4 4 4
0 74 4 4 4 4 4 1 0 1 5 5 5 5 1 0 5 5 5 5 1 0 7 1 2 1 2 1 2 0 0 1 2 1 2 1 2 7 0 0 3 6 1 2 1 2 1 2 1 2 1 2 1 2 1 2 4 5 1 1 1 1 4 4 4 1 0 7 1 0 1 5 5 5 1 0
0 22 3 6 1 1 7 0 5 5 5 5 5 1 0 1 1 4 4 4 4 1 0 1
0 17 3 3 0 0 0 0 0 0 0 0 7 1 4 4 4 4 1
0 64 4 4 4 4 4 1 0 1 5 5 5 5 1 0 5 5 5 5 1 0 7 1 2 1 2 1 2 0 0 1 2 1 2 1 2 7 0 0 3 6 1 2 1 2 1 2 1 2 1 2 1 2 1 2 4 5 1 1 1 1 4 4 4 1
0 17 3 6 1 1 7 0 5 5 5 5 5 1 0 1 1 4 4
0 100 1 1 7 1 1 7 3 6 1 7 4 1 0 7 1 1 1 0 7 2 1 2 1 1 3 1 2 1 2 1 2 1 2 1 2 1 2 1 2 3 6 1 1 1 7 5 5 5 5 1 0 4 4 4 4 1 0 4 4 4 1 0 4 1 0 7 0 3 6 1 2 1 2 1 2 6 1 2 1 2 1 2 1 2 1 2 1 2 1 1 5 5 5 5 1 0 1 4 4 4
0 21 0 5 0 3 6 6 5 1 2 1 2 1 2 1 2 4 4 4 1 0 1
0 11 2 1 2 1 2 1 1 3 2 1 2
0 88 5 5 1 0 7 0 5 5 3 6 4 4 4 1 0 4 4 1 0 7 1 2 3 6 1 2 1 2 1 2 1 2 7 0 5 5 1 0 1 5 5 5 5 1 0 7 4 4 1 0 4 4 1 0 7 1 5 5 1 0 1 4 4 4 4 1 0 7 1 2 1 2 3 6 0 3 6 3 6 1 2 1 5 5 5 5 1 0
0 13 3 6 1 1 7 0 5 5 5 5 5 1 0
0 5 3 3 3 4 4
0 19 3 6 1 1 7 0 5 5 5 5 5 1 0 1 1 4 4 4 4
0 8 3 3 3 4 4 4 4 4
0 65 3 6 1 1 7 0 5 5 5 5 5 1 0 1 1 4 4 4 4 1 0 1 7 1 0 4 4 1 0 7 7 6 1 5 1 0 1 7 1 1 5 5 5 5 1 0 1 7 7 1 2 1 2 1 2 1 2 1 2 1 2 2 1 2 1
0 62 3 6 1 1 7 0 5 5 5 5 5 1 0 1 1 4 4 4 4 1 0 1 7 1 0 4 4 1 0 7 7 6 1 5 1 0 1 7 1 1 5 5 5 5 1 0 1 7 7 1 2 1 2 1 2 1 2 1 2 1 2 2
0 40 1 2 1 2 1 2 1 2 3 6 6 3 6 1 2 1 2 1 2 0 3 6 1 5 3 3 0 1 2 1 2 1 2 1 2 1 2 1 2 1
0 42 1 1 7 1 1 7 3 6 1 7 4 1 0 7 1 1 1 0 7 2 1 2 1 1 3 1 2 1 2 1 2 1 2 1 2 1 2 1 2 3 6 1
0 22 1 2 1 2 1 2 1 2 3 3 3 2 1 2 1 2 1 2 1 2 1 1
0 24 3 6 1 1 7 0 5 5 5 5 5 1 0 1 1 4 4 4 4 1 0 1 7 1
0 27 5 5 5 1 0 5 5 5 1 0 4 4 1 0 5 5 5 5 5 1 0 7 1 2 1 2 1
0 22 3 3 0 0 3 3 3 3 3 2 1 2 1 2 1 2 1 2 1 1 3 1
0 19 2 1 2 1 2 1 1 3 2 1 2 1 1 3 3 3 3 3 1
0 69 5 5 1 0 7 0 5 5 3 6 4 4 4 1 0 4 4 1 0 7 1 2 3 6 1 2 1 2 1 2 1 2 7 0 5 5 1 0 1 5 5 5 5 1 0 7 4 4 1 0 4 4 1 0 7 1 5 5 1 0 1 4 4 4 4 1 0 7 1
0 34 3 3 3 3 3 1 5 5 3 3 3 3 3 3 1 5 5 3 1 5 5 3 1 5 5 3 1 5 5 3 1 5 5 1
0 15 2 1 2 1 2 1 2 1 2 1 1 3 1 7 4
0 18 3 3 0 0 0 0 0 0 0 0 7 1 4 4 4 4 1 0
0 14 1 2 1 2 1 2 1 2 3 6 6 3 6 1
0 14 3 6 1 1 7 0 5 5 5 5 5 1 0 1
0 51 4 4 4 4 4 1 0 1 5 5 5 5 1 0 5 5 5 5 1 0 7 1 2 1 2 1 2 0 0 1 2 1 2 1 2 7 0 0 3 6 1 2 1 2 1 2 1 2 1 2 1
0 3 2 1 2
0 6 3 3 3 4 4 4
0 56 5 5 1 0 7 0 5 5 3 6 4 4 4 1 0 4 4 1 0 7 1 2 3 6 1 2 1 2 1 2 1 2 7 0 5 5 1 0 1 5 5 5 5 1 0 7 4 4 1 0 4 4 1 0 7 1
0 8 6 1 2 1 2 1 2 1
0 3 5 5 1
0 23 1 2 1 2 1 2 1 2 3 6 6 3 6 1 2 1 2 1 2 0 3 6 1
0 23 1 0 1 0 1 1 7 7 5 5 5 1 0 7 3 6 1 4 1 0 5 5 1
0 42 5 5 1 0 7 0 5 5 3 6 4 4 4 1 0 4 4 1 0 7 1 2 3 6 1 2 1 2 1 2 1 2 7 0 5 5 1 0 1 5 5 5
0 17 4 5 3 6 5 3 6 5 1 2 1 2 1 2 1 2 1
0 20 6 1 2 1 2 1 2 1 2 1 2 3 6 1 2 1 2 1 2 1
0 7 3 3 7 7 0 3 1
0 17 1 1 7 1 1 7 3 6 1 7 4 1 0 7 1 1 1
0 9 1 1 7 1 1 7 3 6 1
0 64 3 6 1 1 7 0 5 5 5 5 5 1 0 1 1 4 4 4 4 1 0 1 7 1 0 4 4 1 0 7 7 6 1 5 1 0 1 7 1 1 5 5 5 5 1 0 1 7 7 1 2 1 2 1 2 1 2 1 2 1 2 2 1 2
0 42 1 2 1 2 3 6 1 2 1 2 1 2 1 2 5 1 2 1 2 5 3 6 3 6 1 2 1 2 1 2 3 6 1 2 1 2 1 2 2 1 2 1
0 24 1 0 1 0 1 1 7 7 5 5 5 1 0 7 3 6 1 4 1 0 5 5 1 0
0 46 3 3 0 0 0 0 0 0 0 0 7 1 4 4 4 4 1 0 1 7 4 4 1 0 1 4 4 1 0 7 0 1 0 5 5 5 5 1 0 1 0 1 7 6 0 1
0 36 3 3 0 0 0 0 0 0 0 0 7 1 4 4 4 4 1 0 1 7 4 4 1 0 1 4 4 1 0 7 0 1 0 5 5 5
0 17 4 5 3 3 0 7 1 1 5 5 5 5 5 1 0 1 1
0 41 1 2 1 2 3 6 1 2 1 2 1 2 1 2 5 1 2 1 2 5 3 6 3 6 1 2 1 2 1 2 3 6 1 2 1 2 1 2 2 1 2
0 44 3 3 0 0 3 3 3 3 3 2 1 2 1 2 1 2 1 2 1 1 3 1 5 5 5 5 5 1 0 5 5 5 5 5 1 0 7 1 7 1 0 1 1 5
0 5 1 1 4 4 4
0 11 3 3 0 0 3 3 3 3 3 2 1
0 18 1 1 7 1 1 7 3 6 1 7 4 1 0 7 1 1 1 0
0 16 0 5 0 3 6 6 5 1 2 1 2 1 2 1 2 4
0 4 5 5 1 0
0 19 5 5 1 0 7 0 5 5 3 6 4 4 4 1 0 4 4 1 0
0 24 2 1 2 1 2 1 2 1 2 1 1 3 1 7 4 4 4 4 1 0 4 4 4 4
0 65 1 1 7 1 1 7 3 6 1 7 4 1 0 7 1 1 1 0 7 2 1 2 1 1 3 1 2 1 2 1 2 1 2 1 2 1 2 1 2 3 6 1 1 1 7 5 5 5 5 1 0 4 4 4 4 1 0 4 4 4 1 0 4 1 0
0 30 3 3 3 0 3 3 0 0 3 6 3 6 1 2 1 2 1 2 1 2 3 6 1 1 4 4 4 4 1 0
0 19 3 3 3 1 5 6 1 7 6 3 3 3 3 3 1 2 1 2 1
0 42 4 4 4 4 4 1 0 1 0 1 5 5 5 5 1 0 7 3 6 1 2 1 2 3 6 6 1 2 1 2 1 2 1 2 1 2 0 1 2 1 2 1
0 43 4 4 4 4 4 1 0 1 5 5 5 5 1 0 5 5 5 5 1 0 7 1 2 1 2 1 2 0 0 1 2 1 2 1 2 7 0 0 3 6 1 2 1
0 65 3 3 0 0 0 0 0 0 0 0 7 1 4 4 4 4 1 0 1 7 4 4 1 0 1 4 4 1 0 7 0 1 0 5 5 5 5 1 0 1 0 1 7 6 0 1 2 1 2 1 2 1 2 0 3 6 3 6 1 2 1 2 1 2 1
0 34 5 5 5 1 0 5 5 5 1 0 4 4 1 0 5 5 5 5 5 1 0 7 1 2 1 2 1 2 1 2 1 2 1 1
0 16 4 4 4 4 4 1 0 1 5 5 5 5 1 0 5 5
0 29 0 5 0 3 6 6 5 1 2 1 2 1 2 1 2 4 4 4 1 0 1 7 1 4 1 0 5 5 1
0 56 3 3 0 0 3 3 3 3 3 2 1 2 1 2 1 2 1 2 1 1 3 1 5 5 5 5 5 1 0 5 5 5 5 5 1 0 7 1 7 1 0 1 1 5 1 0 7 1 2 1 2 1 2 1 2 1
0 36 2 1 2 1 2 1 2 1 2 1 1 3 1 7 4 4 4 4 1 0 4 4 4 4 4 1 0 7 6 3 3 3 3 2 1 2
0 63 4 4 4 4 4 1 0 1 0 1 5 5 5 5 1 0 7 3 6 1 2 1 2 3 6 6 1 2 1 2 1 2 1 2 1 2 0 1 2 1 2 1 2 1 2 1 2 0 1 2 1 2 3 6 3 6 3 6 1 5 3 3 1
0 13 3 3 2 1 2 1 2 1 2 1 2 1 1
0 75 4 4 4 4 4 1 0 1 5 5 5 5 1 0 5 5 5 5 1 0 7 1 2 1 2 1 2 0 0 1 2 1 2 1 2 7 0 0 3 6 1 2 1 2 1 2 1 2 1 2 1 2 1 2 4 5 1 1 1 1 4 4 4 1 0 7 1 0 1 5 5 5 1 0 1
0 63 5 5 1 0 7 0 5 5 3 6 4 4 4 1 0 4 4 1 0 7 1 2 3 6 1 2 1 2 1 2 1 2 7 0 5 5 1 0 1 5 5 5 5 1 0 7 4 4 1 0 4 4 1 0 7 1 5 5 1 0 1 4 4
0 111 5 5 1 0 7 0 5 5 3 6 4 4 4 1 0 4 4 1 0 7 1 2 3 6 1 2 1 2 1 2 1 2 7 0 5 5 1 0 1 5 5 5 5 1 0 7 4 4 1 0 4 4 1 0 7 1 5 5 1 0 1 4 4 4 4 1 0 7 1 2 1 2 3 6 0 3 6 3 6 1 2 1 5 5 5 5 1 0 5 5 5 5 5 1 0 1 1 7 1 1 0 4 1 0 7 3 1 5 5 3 1
0 50 5 5 1 0 7 0 5 5 3 6 4 4 4 1 0 4 4 1 0 7 1 2 3 6 1 2 1 2 1 2 1 2 7 0 5 5 1 0 1 5 5 5 5 1 0 7 4 4 1 0
0 18 3 3 3 3 2 1 2 1 2 1 1 5 3 3 3 3 3 4
0 31 3 3 3 3 3 1 5 5 3 3 3 3 3 3 1 5 5 3 1 5 5 3 1 5 5 3 1 5 5 3 1
0 13 1 1 4 4 4 4 4 1 0 1 4 4 4
0 9 3 3 2 1 2 1 2 1 2
0 23 3 3 3 0 3 3 0 0 3 6 3 6 1 2 1 2 1 2 1 2 3 6 1
0 4 3 3 3 2
0 33 4 4 4 4 4 1 0 1 0 1 5 5 5 5 1 0 7 3 6 1 2 1 2 3 6 6 1 2 1 2 1 2 1
0 21 4 5 3 3 0 7 1 1 5 5 5 5 5 1 0 1 1 0 7 3 1
0 10 2 1 2 1 2 1 1 3 2 1
0 67 1 2 1 2 3 6 1 2 1 2 1 2 1 2 5 1 2 1 2 5 3 6 3 6 1 2 1 2 1 2 3 6 1 2 1 2 1 2 2 1 2 1 2 1 1 5 3 3 3 2 1 2 1 2 1 1 5 3 3 3 1 5 5 2 1 2 1
0 7 2 1 2 1 2 1 1
0 15 3 3 3 3 3 3 3 3 3 6 1 2 1 2 1
0 54 3 6 1 1 7 0 5 5 5 5 5 1 0 1 1 4 4 4 4 1 0 1 7 1 0 4 4 1 0 7 7 6 1 5 1 0 1 7 1 1 5 5 5 5 1 0 1 7 7 1 2 1 2 1
0 18 1 0 1 0 1 1 7 7 5 5 5 1 0 7 3 6 1 4
0 44 1 1 7 1 1 7 3 6 1 7 4 1 0 7 1 1 1 0 7 2 1 2 1 1 3 1 2 1 2 1 2 1 2 1 2 1 2 1 2 3 6 1 1 1
0 20 3 3 3 4 4 4 4 4 1 0 5 5 1 0 4 4 4 4 1 0
0 5 3 3 2 1 2
0 70 4 4 4 4 4 1 0 1 5 5 5 5 1 0 5 5 5 5 1 0 7 1 2 1 2 1 2 0 0 1 2 1 2 1 2 7 0 0 3 6 1 2 1 2 1 2 1 2 1 2 1 2 1 2 4 5 1 1 1 1 4 4 4 1 0 7 1 0 1 5
0 8 4 4 4 4 4 1 0 1
0 35 1 2 1 2 3 6 1 2 1 2 1 2 1 2 5 1 2 1 2 5 3 6 3 6 1 2 1 2 1 2 3 6 1 2 1
0 96 5 5 1 0 7 0 5 5 3 6 4 4 4 1 0 4 4 1 0 7 1 2 3 6 1 2 1 2 1 2 1 2 7 0 5 5 1 0 1 5 5 5 5 1 0 7 4 4 1 0 4 4 1 0 7 1 5 5 1 0 1 4 4 4 4 1 0 7 1 2 1 2 3 6 0 3 6 3 6 1 2 1 5 5 5 5 1 0 5 5 5 5 5 1 0 1
0 25 3 3 3 3 3 3 3 3 3 6 1 2 1 2 1 2 1 2 1 2 5 5 5 5 1
0 49 5 5 1 0 7 0 5 5 3 6 4 4 4 1 0 4 4 1 0 7 1 2 3 6 1 2 1 2 1 2 1 2 7 0 5 5 1 0 1 5 5 5 5 1 0 7 4 4 1
0 5 3 3 3 3 2
0 15 4 5 3 3 0 7 1 1 5 5 5 5 5 1 0
0 21 5 5 1 0 7 0 5 5 3 6 4 4 4 1 0 4 4 1 0 7 1
0 11 3 3 3 3 3 3 3 3 3 6 1
0 20 3 3 3 3 3 2 1 2 1 2 1 2 1 1 3 3 3 3 3 4
0 31 6 1 2 1 2 1 2 1 2 1 2 3 6 1 2 1 2 1 2 1 2 1 2 4 4 1 0 7 2 1 2
0 39 3 3 0 0 0 0 0 0 0 0 7 1 4 4 4 4 1 0 1 7 4 4 1 0 1 4 4 1 0 7 0 1 0 5 5 5 5 1 0
0 97 1 1 7 1 1 7 3 6 1 7 4 1 0 7 1 1 1 0 7 2 1 2 1 1 3 1 2 1 2 1 2 1 2 1 2 1 2 1 2 3 6 1 1 1 7 5 5 5 5 1 0 4 4 4 4 1 0 4 4 4 1 0 4 1 0 7 0 3 6 1 2 1 2 1 2 6 1 2 1 2 1 2 1 2 1 2 1 2 1 1 5 5 5 5 1 0 1
0 36 3 3 3 3 3 3 3 3 3 6 1 2 1 2 1 2 1 2 1 2 5 5 5 5 1 0 7 1 7 1 2 1 2 1 2 1
0 13 3 3 3 3 3 3 3 3 3 6 1 2 1
0 40 5 5 1 0 7 0 5 5 3 6 4 4 4 1 0 4 4 1 0 7 1 2 3 6 1 2 1 2 1 2 1 2 7 0 5 5 1 0 1 5
0 22 3 3 3 3 3 0 0 0 3 3 6 3 0 0 0 0 0 0 3 3 3 4
0 23 5 5 5 1 0 5 5 5 1 0 4 4 1 0 5 5 5 5 5 1 0 7 1
0 9 1 1 4 4 4 4 4 1 0
0 16 2 1 2 1 2 1 2 1 2 1 1 3 1 7 4 4
0 10 4 4 4 4 4 1 0 1 0 1
0 30 0 5 0 3 6 6 5 1 2 1 2 1 2 1 2 4 4 4 1 0 1 7 1 4 1 0 5 5 1 0
0 25 3 6 1 1 7 0 5 5 5 5 5 1 0 1 1 4 4 4 4 1 0 1 7 1 0
0 50 3 6 1 1 7 0 5 5 5 5 5 1 0 1 1 4 4 4 4 1 0 1 7 1 0 4 4 1 0 7 7 6 1 5 1 0 1 7 1 1 5 5 5 5 1 0 1 7 7 1
0 6 3 3 3 3 2 1
0 34 3 3 0 0 3 3 3 3 3 2 1 2 1 2 1 2 1 2 1 1 3 1 5 5 5 5 5 1 0 5 5 5 5 5
0 15 1 1 4 4 4 4 4 1 0 1 4 4 4 4 1
0 20 1 0 1 0 1 1 7 7 5 5 5 1 0 7 3 6 1 4 1 0
0 32 3 3 3 3 3 3 3 3 3 6 1 2 1 2 1 2 1 2 1 2 5 5 5 5 1 0 7 1 7 1 2 1
0 14 5 5 1 0 7 0 5 5 3 6 4 4 4 1
0 115 5 5 1 0 7 0 5 5 3 6 4 4 4 1 0 4 4 1 0 7 1 2 3 6 1 2 1 2 1 2 1 2 7 0 5 5 1 0 1 5 5 5 5 1 0 7 4 4 1 0 4 4 1 0 7 1 5 5 1 0 1 4 4 4 4 1 0 7 1 2 1 2 3 6 0 3 6 3 6 1 2 1 5 5 5 5 1 0 5 5 5 5 5 1 0 1 1 7 1 1 0 4 1 0 7 3 1 5 5 3 1 5 5 3 1
0 28 1 1 7 1 1 7 3 6 1 7 4 1 0 7 1 1 1 0 7 2 1 2 1 1 3 1 2 1
0 37 1 2 1 2 3 6 1 2 1 2 1 2 1 2 5 1 2 1 2 5 3 6 3 6 1 2 1 2 1 2 3 6 1 2 1 2 1
0 16 1 2 1 2 1 2 1 2 3 6 6 3 6 1 2 1
0 60 1 1 7 1 1 7 3 6 1 7 4 1 0 7 1 1 1 0 7 2 1 2 1 1 3 1 2 1 2 1 2 1 2 1 2 1 2 1 2 3 6 1 1 1 7 5 5 5 5 1 0 4 4 4 4 1 0 4 4 4
0 58 1 1 7 1 1 7 3 6 1 7 4 1 0 7 1 1 1 0 7 2 1 2 1 1 3 1 2 1 2 1 2 1 2 1 2 1 2 1 2 3 6 1 1 1 7 5 5 5 5 1 0 4 4 4 4 1 0 4
0 21 2 1 2 1 2 1 1 3 2 1 2 1 1 3 3 3 3 3 1 2 1
0 85 1 1 7 1 1 7 3 6 1 7 4 1 0 7 1 1 1 0 7 2 1 2 1 1 3 1 2 1 2 1 2 1 2 1 2 1 2 1 2 3 6 1 1 1 7 5 5 5 5 1 0 4 4 4 4 1 0 4 4 4 1 0 4 1 0 7 0 3 6 1 2 1 2 1 2 6 1 2 1 2 1 2 1 2 1
0 39 2 1 2 1 2 1 2 1 2 1 1 3 1 7 4 4 4 4 1 0 4 4 4 4 4 1 0 7 6 3 3 3 3 2 1 2 1 2 1
0 63 3 3 3 3 3 2 1 2 1 2 1 1 3 3 2 1 1 3 3 3 3 3 6 3 3 2 1 1 3 6 3 6 3 6 1 2 3 6 1 2 1 2 1 2 1 2 1 2 1 2 1 2 1 2 5 3 6 2 1 2 1 2 1
0 9 4 5 3 6 5 3 6 5 1
0 61 5 5 1 0 7 0 5 5 3 6 4 4 4 1 0 4 4 1 0 7 1 2 3 6 1 2 1 2 1 2 1 2 7 0 5 5 1 0 1 5 5 5 5 1 0 7 4 4 1 0 4 4 1 0 7 1 5 5 1 0 1
0 1 4
0 22 6 1 2 1 2 1 2 1 2 1 2 3 6 1 2 1 2 1 2 1 2 1
0 14 1 2 1 2 1 2 1 2 3 3 3 2 1 2
0 7 5 5 5 1 0 5 5
0 4 1 1 4 4
0 26 3 6 1 1 7 0 5 5 5 5 5 1 0 1 1 4 4 4 4 1 0 1 7 1 0 4
