1017 8
1 0 
1 12 4 7 7 7 3 5 2 5 4 0 4 7
1 9 2 7 7 7 4 7 4 2 7
1 62 5 0 0 0 1 1 5 1 0 0 7 7 7 7 7 3 5 2 5 0 0 0 0 0 0 0 0 0 0 0 0 0 5 0 0 4 7 4 7 6 7 1 2 0 0 5 5 7 6 7 7 7 7 3 5 2 4 7 4 4 4 7
1 11 4 0 0 4 4 7 4 0 7 6 0
1 55 4 7 7 4 7 7 6 7 7 7 3 5 2 5 0 0 0 0 0 7 6 7 6 5 7 7 7 3 5 2 0 0 0 0 0 5 0 0 0 0 5 7 6 7 6 0 0 0 0 5 7 6 7 6 0
1 18 4 7 4 2 7 4 4 7 4 4 4 7 4 4 7 4 0 0
1 47 0 0 0 0 0 5 7 7 7 7 7 3 5 2 3 5 2 7 7 7 7 3 5 2 7 7 7 7 3 5 2 6 7 1 0 0 7 3 5 2 0 5 7 7 3 5 2
1 23 7 3 5 2 5 5 0 0 0 0 2 7 0 7 2 7 4 7 4 4 7 4 7
1 6 4 7 4 7 4 4
1 17 4 4 4 7 4 4 7 7 3 6 4 4 3 6 4 4 7
1 7 4 4 4 4 7 4 7
1 18 4 4 0 7 6 0 4 7 3 6 4 4 4 0 7 4 4 7
1 13 0 0 0 0 7 6 0 0 0 7 6 4 4
1 11 2 7 4 7 7 7 7 3 5 2 4
1 14 4 7 6 7 3 6 4 4 4 0 7 4 7 4
1 61 7 7 7 7 7 3 5 2 7 6 7 7 7 6 6 5 3 2 2 4 2 0 7 6 5 7 6 0 5 0 0 0 0 5 5 1 5 5 0 0 7 6 0 0 0 0 0 0 0 5 7 6 0 0 0 5 4 7 4 4 4
1 2 7 7
1 13 7 6 5 4 2 2 2 0 4 7 0 7 4
1 8 4 7 6 4 3 6 0 7
1 28 1 5 5 5 0 0 0 5 7 6 7 6 0 0 0 0 0 5 4 4 4 4 0 5 5 0 4 4
1 15 4 7 3 6 4 4 0 7 6 7 6 5 3 3 0
1 17 0 0 0 0 0 0 0 3 5 2 7 7 7 7 3 5 2
1 22 5 5 2 4 0 5 2 4 2 4 0 0 0 0 0 0 7 6 7 6 0 0
1 41 7 3 6 4 7 7 7 4 7 4 4 7 4 7 4 7 4 7 5 1 5 1 0 0 5 4 2 2 0 7 3 5 2 6 5 3 3 0 1 3 0
1 11 4 0 0 7 6 7 6 7 6 5 0
1 22 4 7 4 7 4 4 4 7 4 0 4 4 1 1 0 0 1 5 5 5 3 0
1 49 4 4 4 0 0 7 6 5 7 7 7 3 5 2 7 3 5 2 5 1 1 0 0 0 0 0 0 0 0 7 6 0 0 0 7 6 0 0 7 6 5 0 0 7 7 7 3 5 2
1 63 7 7 7 7 3 5 2 0 0 0 0 0 0 0 0 0 0 0 0 0 0 0 0 0 0 0 5 7 6 5 0 0 0 0 0 0 0 7 7 7 7 7 3 5 2 7 3 5 2 0 0 0 0 7 6 4 7 7 7 4 4 7 4
1 22 4 3 6 7 6 4 7 4 7 4 7 4 4 4 4 7 0 7 4 7 7 4
1 37 4 0 0 5 7 6 0 0 0 0 7 7 7 7 3 5 2 5 0 0 0 0 0 0 0 0 7 6 5 7 6 4 3 0 3 5 2
1 51 5 0 0 4 7 4 4 7 7 7 3 5 2 1 5 5 0 0 4 0 0 5 3 0 0 7 6 6 7 7 6 5 3 0 0 7 7 7 3 5 2 5 0 0 0 0 5 0 0 0 0
1 7 0 0 0 0 0 0 0
1 11 4 7 4 7 4 4 4 7 7 4 7
1 18 5 1 1 0 0 7 7 3 5 2 7 7 7 7 7 3 5 2
1 43 4 4 4 7 4 7 4 7 4 7 4 4 4 7 7 7 3 5 2 7 7 7 7 3 5 2 0 0 0 0 0 5 1 5 0 0 4 7 7 4 4 7 4
1 3 4 0 0
1 17 3 5 2 5 5 7 6 5 0 0 0 0 0 0 5 7 6
1 10 4 7 4 0 0 7 6 7 6 0
1 17 7 7 3 5 2 7 7 7 7 3 5 2 5 1 0 0 4
1 17 4 3 6 7 6 4 7 3 6 0 4 4 7 4 7 4 7
1 10 4 4 7 7 6 0 4 7 0 7
1 67 5 5 7 3 5 2 5 0 0 6 7 7 6 5 3 0 0 4 2 2 2 4 4 0 4 0 0 0 0 5 5 0 0 0 0 0 7 7 7 7 3 5 2 0 0 0 0 0 0 0 0 0 7 6 0 0 0 0 7 7 7 7 3 5 2 0 5
1 26 0 0 0 0 0 3 5 2 5 7 6 5 0 0 0 0 0 0 0 0 5 0 0 0 0 4
1 79 4 7 6 7 6 0 0 0 6 6 6 6 6 1 0 0 7 3 5 2 0 0 0 7 6 0 0 5 0 0 0 0 0 0 0 0 0 0 0 5 0 5 5 0 0 5 0 0 0 7 6 7 6 5 0 0 0 0 0 0 0 7 6 7 6 7 6 5 7 7 7 7 7 3 5 2 4 0 0
1 15 4 7 4 7 7 7 3 5 2 7 7 7 3 5 2
1 5 7 7 3 5 2
1 74 0 0 0 7 6 0 0 0 0 7 7 7 3 5 2 7 6 0 0 0 0 0 0 0 0 0 4 4 1 4 4 4 0 7 3 5 2 5 0 0 5 3 0 0 0 0 0 0 3 0 0 5 5 0 0 0 5 0 0 0 0 0 7 7 7 7 7 3 5 2 4 2 2 0
1 12 4 7 6 4 3 6 0 7 6 4 4 7
1 42 7 7 7 3 5 2 5 3 0 7 3 5 2 4 4 7 4 4 7 3 5 2 0 0 0 0 0 0 0 0 0 7 3 5 2 0 0 0 0 0 7 6
1 69 0 7 7 6 0 0 0 0 7 6 7 7 7 7 3 5 2 7 6 6 7 7 1 3 0 5 7 6 5 3 0 0 7 7 7 3 5 2 0 7 4 4 7 0 0 0 0 0 0 0 0 0 0 0 0 0 0 5 0 7 6 7 6 3 5 2 3 5 2
1 19 7 7 3 5 2 5 5 5 2 7 4 4 0 7 3 6 0 7 4
1 18 7 7 7 3 5 2 4 0 0 0 0 0 0 5 3 3 0 0
1 22 4 4 5 7 6 5 7 6 0 0 0 0 0 5 5 3 0 7 7 3 5 2
1 19 0 7 6 5 3 0 0 0 0 0 0 6 5 3 0 0 4 4 7
1 13 4 7 4 4 7 5 3 0 0 7 3 5 2
1 34 4 7 6 7 3 6 7 3 6 4 4 3 6 0 0 4 4 7 3 5 2 0 0 7 6 7 6 7 6 0 0 0 0 0
1 17 4 7 4 0 7 5 7 6 4 0 0 4 4 2 2 4 0
1 30 0 7 2 7 4 7 7 6 0 4 0 0 7 6 4 7 4 7 4 4 7 7 7 3 5 2 4 4 4 7
1 5 4 4 4 7 4
1 5 6 5 3 3 0
1 16 0 0 5 7 7 3 5 2 0 4 4 4 0 7 6 4
1 11 0 0 5 0 0 7 7 7 3 5 2
1 8 4 4 0 0 7 7 0 0
1 24 4 5 5 5 1 0 0 7 6 0 0 0 0 7 6 0 0 7 6 7 6 0 7 6
1 27 0 0 0 0 0 0 0 0 0 0 0 5 4 4 7 4 0 7 3 6 4 4 4 4 4 7 4
1 6 4 4 4 4 4 7
1 25 7 7 7 7 3 5 2 7 7 7 7 7 3 5 2 0 0 0 0 0 0 0 5 7 6
1 17 4 7 4 7 4 4 7 4 7 7 7 3 5 2 4 7 4
1 37 5 7 6 5 5 0 0 0 0 0 7 3 5 2 5 5 0 0 6 5 3 3 0 5 1 5 1 0 0 4 4 4 4 7 4 4 7
1 81 3 5 2 5 3 0 7 6 0 0 0 0 0 4 4 4 0 4 7 4 7 0 7 3 5 2 7 7 7 3 5 2 5 4 0 5 0 0 0 7 6 7 6 7 6 7 6 7 6 0 0 0 0 0 7 6 0 0 0 7 6 0 7 6 7 6 0 0 0 7 6 4 0 0 4 4 7 7 4 7 7
1 34 4 4 4 4 7 4 7 4 4 7 6 4 4 7 0 0 0 0 5 0 0 7 7 3 5 2 0 0 0 0 4 4 4 4
1 29 5 5 1 5 3 0 7 7 7 7 7 3 5 2 0 7 4 4 0 7 7 7 4 4 7 4 5 3 0
1 11 7 7 3 5 2 4 4 4 4 0 4
1 22 2 7 4 4 4 4 7 4 7 0 7 6 4 3 6 7 6 0 4 7 3 6
1 15 7 7 7 3 5 2 3 5 2 3 5 2 0 0 0
1 22 4 7 4 7 4 4 7 7 7 3 5 2 1 5 5 1 3 0 5 5 3 0
1 65 7 7 7 3 5 2 0 0 0 5 5 4 0 0 5 0 0 0 0 5 5 7 6 4 3 5 2 0 0 0 0 0 0 0 0 0 5 6 7 6 7 6 5 3 0 0 0 0 0 0 3 5 2 7 7 7 3 5 2 5 7 6 0 0 0
1 30 4 2 7 4 4 7 4 7 7 4 4 4 7 6 0 0 0 0 0 0 0 0 0 0 0 0 0 0 0 0
1 43 0 0 0 0 0 0 0 0 0 0 0 0 0 0 0 0 0 0 5 7 3 5 2 5 7 6 7 7 7 6 5 3 0 0 4 0 0 7 7 7 3 5 2
1 32 0 7 4 7 4 7 6 0 7 6 4 3 6 4 4 4 3 0 7 7 3 5 2 5 0 0 7 6 3 0 5 5
1 48 7 7 7 3 5 2 7 3 5 2 0 0 0 0 0 0 0 0 0 0 0 0 0 7 6 5 0 0 0 0 5 5 0 0 0 0 0 7 6 0 0 0 0 4 4 4 4 7
1 3 4 7 4
1 30 0 0 7 6 0 0 0 0 0 0 0 5 5 3 2 2 4 2 0 1 0 0 7 6 5 7 6 0 0 0
1 31 4 4 4 0 7 4 7 4 7 6 7 7 7 3 5 2 7 7 7 7 3 5 2 7 6 5 3 0 3 5 2
1 7 4 2 7 4 7 7 4
1 39 4 7 0 7 3 6 7 6 4 0 7 4 4 7 0 4 0 7 3 6 4 3 6 4 4 4 7 4 4 4 7 7 6 4 3 6 4 7 6
1 5 4 7 2 7 4
1 23 3 5 2 7 6 5 7 6 7 6 0 0 0 4 4 7 4 0 7 4 4 7 4
1 21 4 4 4 7 4 7 7 7 7 7 7 3 5 2 7 7 7 7 3 5 2
1 25 7 7 3 5 2 7 3 5 2 5 3 0 5 4 0 0 0 0 4 0 0 4 7 4 7
1 26 4 4 5 0 0 0 0 0 5 5 7 6 0 7 6 0 0 0 5 0 0 0 0 0 7 6
1 55 4 7 6 0 4 7 5 5 1 5 0 0 7 7 3 5 2 4 7 4 4 4 4 7 7 7 7 3 5 2 5 5 0 0 0 0 0 0 0 0 0 0 7 7 3 5 2 6 6 7 6 5 3 0 0
1 19 0 0 0 7 6 7 6 0 0 0 7 6 0 3 5 2 4 4 7
1 43 3 5 2 0 0 0 0 0 0 0 0 0 7 7 7 7 7 3 5 2 7 7 3 5 2 5 5 0 0 0 0 0 0 0 7 7 3 5 2 4 4 7 4
1 33 5 5 0 0 0 5 5 0 0 5 2 0 4 5 7 6 7 6 4 0 4 2 7 0 7 7 6 0 0 5 1 4 0
1 18 5 3 0 0 0 0 0 0 5 5 7 6 0 0 0 0 7 6
1 62 2 7 7 6 0 7 6 4 4 7 4 7 2 7 4 7 4 7 6 7 6 7 6 7 3 6 4 7 7 3 5 2 4 2 2 2 4 4 0 7 3 5 2 5 7 6 0 7 6 4 4 3 6 4 4 4 7 6 0 7 6 4
1 52 4 4 4 0 7 4 7 6 0 4 4 4 3 6 4 0 0 0 0 0 0 0 5 7 6 7 6 7 6 0 0 0 0 5 0 0 5 5 0 0 0 0 0 0 0 7 6 7 6 5 0 0
1 11 4 7 4 4 4 2 0 5 5 5 5
1 54 7 7 7 7 3 5 2 5 4 0 7 7 3 5 2 5 2 0 5 7 6 0 0 0 0 4 4 4 7 3 6 4 3 6 4 4 7 7 6 5 3 0 0 7 7 3 5 2 0 7 6 0 0 5
1 3 4 4 4
0 45 7 3 6 4 0 0 7 4 0 7 3 5 2 5 7 6 0 5 3 2 0 7 7 3 5 2 0 0 0 0 0 0 0 0 0 7 7 6 6 5 3 2 0 6 7
0 15 4 0 7 0 0 0 0 0 0 0 7 6 7 7 3
0 27 0 0 0 0 7 6 0 0 0 0 7 6 5 0 0 7 7 7 7 3 5 2 1 0 0 5 3
0 11 4 4 2 4 4 4 0 6 1 4 2
0 30 5 4 0 7 7 6 6 6 1 0 0 7 6 5 5 5 7 6 7 3 5 2 5 5 0 0 5 3 0 7
0 41 7 6 5 0 0 0 4 2 0 5 7 6 5 4 2 2 0 7 6 0 0 0 0 0 0 0 0 0 0 0 3 5 2 3 5 2 7 7 7 3 5
0 7 7 7 7 7 7 3 5
0 19 4 4 7 4 4 7 4 4 3 5 2 5 0 0 0 0 7 6 7
0 23 3 5 2 7 7 7 7 7 3 5 2 3 5 2 7 6 7 5 3 2 2 0 7
0 55 4 0 0 7 6 5 3 2 2 0 7 1 2 0 7 6 5 0 0 0 0 0 5 7 3 5 2 4 3 0 0 0 0 0 5 0 0 7 6 5 5 1 5 0 0 0 0 0 0 4 2 2 2 2 2
0 20 3 5 2 0 0 0 4 2 2 2 0 7 6 7 6 5 4 2 4 4
0 27 7 7 3 5 2 4 3 0 7 7 3 5 2 7 6 0 0 0 7 6 7 6 5 7 7 7 3
0 35 4 7 4 0 0 7 6 7 6 0 4 7 5 0 0 0 0 0 5 0 0 0 0 0 7 6 0 0 5 5 7 7 7 7 7
0 10 4 7 5 5 0 0 5 1 5 5
0 12 4 0 0 7 6 5 3 2 2 0 7 1
0 15 7 7 3 5 2 7 6 5 5 7 6 7 7 7 3
0 16 7 7 7 7 3 5 2 7 6 0 0 0 0 5 7 3
0 40 7 6 5 3 5 2 7 6 7 6 0 5 1 1 1 5 4 2 4 4 2 0 7 7 7 7 3 5 2 4 4 4 4 4 7 7 3 5 2 7
0 17 5 0 6 1 0 4 0 0 0 0 0 5 0 0 0 0 1
0 22 7 7 7 7 3 5 2 5 4 0 7 7 6 1 3 0 5 0 0 6 5 3
0 23 3 5 2 5 5 4 2 7 4 7 6 5 0 0 0 0 0 0 0 0 0 5 7
0 13 4 4 7 4 4 4 7 7 7 7 7 3 5
0 53 4 0 0 7 6 5 3 2 2 0 7 1 2 0 7 6 5 0 0 0 0 0 5 7 3 5 2 4 3 0 0 0 0 0 5 0 0 7 6 5 5 1 5 0 0 0 0 0 0 4 2 2 2
0 37 3 5 2 5 5 4 2 7 4 7 6 5 0 0 0 0 0 0 0 0 0 5 7 6 0 0 0 0 0 0 0 7 7 7 7 7 3
0 15 7 7 3 5 2 7 7 7 7 7 3 5 2 5 1
0 26 4 4 7 6 6 6 1 4 0 6 6 6 6 1 2 2 2 0 5 7 6 5 7 6 4 3
0 22 7 7 7 7 3 5 2 7 6 0 0 0 0 5 7 3 5 2 6 6 6 5
0 12 4 4 7 6 6 6 1 4 0 6 6 6
0 24 0 0 0 0 3 5 2 5 2 4 2 4 2 0 0 0 0 3 5 2 7 7 3 5
0 8 4 4 4 7 6 7 6 7
0 22 4 4 4 0 4 4 7 3 6 4 7 7 4 7 2 7 4 0 7 7 7 3
0 19 7 6 5 3 5 2 7 6 7 6 0 5 1 1 1 5 4 2 4
0 16 7 7 3 5 2 7 6 5 5 7 6 7 7 7 3 5
0 48 4 7 3 6 7 3 6 4 4 4 4 0 7 0 7 7 6 0 0 0 0 0 7 6 0 0 0 0 7 7 7 7 7 3 5 2 7 6 5 7 6 0 0 0 7 6 5 3
0 42 4 4 7 4 4 7 4 4 3 5 2 5 0 0 0 0 7 6 7 6 5 0 0 0 0 0 0 0 0 0 0 0 0 5 3 0 6 7 6 7 6 5
0 18 7 6 5 3 5 2 7 6 7 6 0 5 1 1 1 5 4 2
0 11 4 4 7 4 7 2 7 4 7 4 2
0 8 6 6 6 6 5 3 4 4
0 24 7 7 7 3 5 2 4 4 4 7 4 4 4 0 7 4 7 3 6 4 3 6 4 3
0 13 7 6 4 3 6 4 2 7 0 7 6 7 3
0 1 3
0 56 7 6 0 0 5 0 7 6 7 3 5 2 7 7 6 7 7 5 3 0 0 7 7 7 7 6 5 3 4 4 0 0 0 0 5 0 0 0 4 4 7 6 7 6 5 7 6 5 0 0 5 7 7 7 7 7
0 41 4 4 7 4 4 7 4 4 3 5 2 5 0 0 0 0 7 6 7 6 5 0 0 0 0 0 0 0 0 0 0 0 0 5 3 0 6 7 6 7 6
0 40 1 5 0 0 0 0 0 0 5 7 6 0 0 0 0 0 0 7 6 5 0 0 0 0 0 5 0 0 0 7 7 7 7 3 5 2 5 5 6 6
0 47 0 0 0 0 7 6 0 0 0 0 7 6 5 0 0 7 7 7 7 3 5 2 1 0 0 5 3 3 0 0 7 4 0 7 0 7 6 7 6 7 1 2 2 0 7 6 7
0 2 5 7
0 54 4 0 0 7 6 5 3 2 2 0 7 1 2 0 7 6 5 0 0 0 0 0 5 7 3 5 2 4 3 0 0 0 0 0 5 0 0 7 6 5 5 1 5 0 0 0 0 0 0 4 2 2 2 2
0 6 5 3 0 5 1 3
0 28 4 7 7 7 7 7 3 5 2 7 7 7 3 5 2 4 0 7 4 7 4 4 7 7 3 5 2 7
0 6 4 7 6 0 4 3
0 21 3 5 2 7 7 7 7 7 3 5 2 3 5 2 7 6 7 5 3 2 2
0 34 4 4 0 0 7 7 7 3 5 2 5 0 0 4 4 4 7 3 6 0 0 7 6 0 7 6 7 6 3 5 2 5 4 2
0 12 4 7 7 7 7 7 3 5 2 7 7 7
0 25 4 0 0 7 6 5 3 2 2 0 7 1 2 0 7 6 5 0 0 0 0 0 5 7 3
0 13 4 4 7 6 6 6 1 4 0 6 6 6 6
0 6 4 7 4 4 4 1
0 8 7 6 5 0 0 0 4 2
0 38 0 0 0 0 7 6 0 0 0 0 7 6 5 0 0 7 7 7 7 3 5 2 1 0 0 5 3 3 0 0 7 4 0 7 0 7 6 7
0 18 0 0 0 0 0 0 0 0 0 0 0 0 7 3 5 2 5 3
0 6 5 7 6 5 5 7
0 14 0 7 3 6 0 4 3 6 7 6 0 4 7 3
0 34 4 7 7 7 7 7 3 5 2 7 7 7 3 5 2 4 0 7 4 7 4 4 7 7 3 5 2 7 7 7 3 5 2 6
0 40 4 4 7 4 4 7 4 4 3 5 2 5 0 0 0 0 7 6 7 6 5 0 0 0 0 0 0 0 0 0 0 0 0 5 3 0 6 7 6 7
0 30 4 7 7 7 7 7 3 5 2 7 7 7 3 5 2 4 0 7 4 7 4 4 7 7 3 5 2 7 7 7
0 46 7 3 6 4 0 0 7 4 0 7 3 5 2 5 7 6 0 5 3 2 0 7 7 3 5 2 0 0 0 0 0 0 0 0 0 7 7 6 6 5 3 2 0 6 7 5
0 8 4 2 7 0 0 7 3 5
0 4 7 6 4 3
0 15 7 7 7 7 7 3 5 2 4 0 0 7 7 3 5
0 66 0 7 0 0 5 0 0 0 0 0 0 0 0 0 0 0 0 0 0 0 0 0 0 0 0 0 5 0 0 0 0 7 6 7 6 7 6 5 0 0 0 0 0 0 0 0 0 0 7 7 7 3 5 2 4 4 4 7 3 6 7 3 6 7 6 7
0 52 7 6 5 0 0 0 0 0 0 0 0 0 0 0 5 5 0 7 6 0 0 0 0 0 0 7 6 1 0 0 4 3 0 7 7 7 7 7 3 5 2 7 7 7 7 7 3 5 2 7 7 7
0 15 4 7 4 0 7 7 7 3 5 2 7 7 7 7 7
0 12 4 4 4 7 6 7 6 7 6 7 7 7
0 18 0 0 0 0 0 5 7 6 5 0 5 0 0 0 0 7 6 1
0 7 7 6 7 7 7 7 7
0 9 7 7 3 5 2 4 3 0 7
0 49 4 4 4 3 6 7 6 4 7 6 7 6 7 3 6 4 4 7 7 5 0 0 0 7 6 0 0 0 0 0 5 5 5 5 0 0 0 7 6 0 0 7 7 7 7 3 5 2 7
0 22 7 6 4 3 6 4 7 4 4 4 4 4 4 4 3 6 0 7 6 4 7 3
0 10 4 7 7 7 7 7 3 5 2 7
0 12 7 3 6 4 0 0 7 4 0 7 3 5
0 12 0 0 0 0 3 5 2 5 2 4 2 4
0 19 7 7 3 5 2 4 0 0 5 3 0 5 1 5 0 0 7 7 3
0 2 3 5
0 3 1 5 4
0 11 4 4 4 4 3 0 4 0 0 5 7
0 6 4 7 4 0 7 3
0 21 4 7 5 5 0 0 5 1 5 5 0 0 4 4 0 7 7 7 7 7 3
0 20 4 4 7 6 6 6 1 4 0 6 6 6 6 1 2 2 2 0 5 7
0 45 4 4 4 0 4 4 7 3 6 4 7 7 4 7 2 7 4 0 7 7 7 3 5 2 3 5 2 7 7 3 5 2 5 0 0 0 0 0 0 5 7 7 7 7 7
0 13 4 0 0 7 6 5 3 2 2 0 7 1 2
0 40 4 7 4 0 7 3 6 0 7 6 7 6 0 4 7 6 4 0 7 4 7 7 0 7 6 7 6 4 3 6 7 6 7 3 6 4 3 6 4 3
0 17 7 6 0 0 5 0 7 6 7 3 5 2 7 7 6 7 7
0 9 0 0 0 0 7 7 7 7 3
0 23 4 4 7 6 6 6 1 4 0 6 6 6 6 1 2 2 2 0 5 7 6 5 7
0 23 4 2 7 0 0 7 3 5 2 5 3 0 7 3 5 2 7 6 0 0 0 5 7
0 19 4 4 4 4 7 6 0 4 4 7 4 4 4 3 6 7 3 6 7
0 19 4 7 7 6 0 7 3 6 4 3 6 7 6 4 5 0 0 6 6
0 16 7 6 5 0 0 0 4 2 0 5 7 6 5 4 2 2
0 65 7 6 5 0 0 0 0 0 0 0 0 0 0 0 5 5 0 7 6 0 0 0 0 0 0 7 6 1 0 0 4 3 0 7 7 7 7 7 3 5 2 7 7 7 7 7 3 5 2 7 7 7 3 5 2 4 0 7 6 4 3 6 4 4 3
0 7 4 2 4 2 0 5 3
0 7 5 4 4 0 7 3 5
0 68 0 7 0 0 5 0 0 0 0 0 0 0 0 0 0 0 0 0 0 0 0 0 0 0 0 0 5 0 0 0 0 7 6 7 6 7 6 5 0 0 0 0 0 0 0 0 0 0 7 7 7 3 5 2 4 4 4 7 3 6 7 3 6 7 6 7 6 7
0 5 7 7 7 3 5
0 57 4 4 7 0 0 0 0 5 7 6 5 0 0 0 0 0 0 0 7 7 7 7 7 3 5 2 7 7 3 5 2 5 5 5 0 0 5 1 1 5 3 0 7 6 0 0 0 0 0 0 0 0 0 0 7 6 7
0 5 1 5 4 2 2
0 46 4 4 4 0 4 4 7 3 6 4 7 7 4 7 2 7 4 0 7 7 7 3 5 2 3 5 2 7 7 3 5 2 5 0 0 0 0 0 0 5 7 7 7 7 7 3
0 15 5 7 6 0 0 0 0 0 5 5 7 3 5 2 7
0 44 7 6 5 0 0 0 0 0 0 0 0 0 0 0 5 5 0 7 6 0 0 0 0 0 0 7 6 1 0 0 4 3 0 7 7 7 7 7 3 5 2 7 7 7
0 24 7 7 7 3 5 2 4 0 0 0 0 0 0 0 7 6 0 5 7 6 7 6 5 7
0 42 7 7 7 3 5 2 4 0 0 0 0 0 0 0 7 6 0 5 7 6 7 6 5 7 3 5 2 0 0 0 0 0 7 6 5 7 6 5 5 7 7 3
0 80 0 7 0 0 5 0 0 0 0 0 0 0 0 0 0 0 0 0 0 0 0 0 0 0 0 0 5 0 0 0 0 7 6 7 6 7 6 5 0 0 0 0 0 0 0 0 0 0 7 7 7 3 5 2 4 4 4 7 3 6 7 3 6 7 6 7 6 7 3 6 0 7 6 7 6 4 4 7 7 3
0 7 4 7 2 7 7 6 7
0 5 4 4 4 4 3
0 28 7 6 5 0 0 0 0 0 0 0 0 0 0 0 5 5 0 7 6 0 0 0 0 0 0 7 6 1
0 3 4 4 2
0 11 5 3 0 5 1 3 0 5 5 5 7
0 6 3 5 2 7 7 7
0 3 4 6 7
0 29 4 7 4 4 0 0 0 0 0 5 7 6 0 0 0 0 7 6 6 6 7 1 0 0 7 7 7 3 5
0 2 7 3
0 21 5 0 0 7 7 7 7 3 5 2 0 0 0 0 0 7 6 0 7 7 3
0 8 5 4 0 7 7 6 6 6
0 16 7 7 7 3 5 2 0 0 0 0 7 7 7 7 3 5
0 10 4 7 4 7 4 7 7 6 7 3
0 21 7 7 3 5 2 7 7 7 7 7 3 5 2 5 1 5 0 0 7 6 7
0 9 5 4 0 7 7 6 6 6 1
0 21 0 0 0 0 0 5 7 6 5 0 5 0 0 0 0 7 6 1 4 4 2
0 13 5 7 6 0 0 0 0 0 5 5 7 3 5
0 15 4 7 4 4 4 7 7 6 5 5 7 6 7 3 5
0 15 4 2 7 0 0 7 3 5 2 5 3 0 7 3 5
0 6 7 3 5 2 4 2
0 48 7 6 5 0 0 0 0 0 0 0 0 0 0 0 5 5 0 7 6 0 0 0 0 0 0 7 6 1 0 0 4 3 0 7 7 7 7 7 3 5 2 7 7 7 7 7 3 5
0 9 4 2 4 2 0 5 3 2 2
0 21 0 0 0 0 3 5 2 5 2 4 2 4 2 0 0 0 0 3 5 2 7
0 28 7 6 5 3 5 2 7 6 7 6 0 5 1 1 1 5 4 2 4 4 2 0 7 7 7 7 3 5
0 9 0 7 3 6 0 4 3 6 7
0 20 7 6 7 6 0 0 0 0 0 0 0 0 5 4 7 4 4 4 7 3
0 53 7 6 5 0 0 0 0 0 0 0 0 0 0 0 5 5 0 7 6 0 0 0 0 0 0 7 6 1 0 0 4 3 0 7 7 7 7 7 3 5 2 7 7 7 7 7 3 5 2 7 7 7 3
0 31 7 6 7 6 5 7 6 0 0 0 7 7 7 3 5 2 4 7 0 4 4 4 3 6 4 3 6 0 0 5 7
0 41 4 4 7 0 0 0 0 5 7 6 5 0 0 0 0 0 0 0 7 7 7 7 7 3 5 2 7 7 3 5 2 5 5 5 0 0 5 1 1 5 3
0 20 5 0 0 4 7 0 4 4 3 6 4 7 3 6 4 7 3 5 2 7
0 22 7 7 3 5 2 4 0 0 5 3 0 5 1 5 0 0 7 7 3 5 2 1
0 53 0 7 0 0 5 0 0 0 0 0 0 0 0 0 0 0 0 0 0 0 0 0 0 0 0 0 5 0 0 0 0 7 6 7 6 7 6 5 0 0 0 0 0 0 0 0 0 0 7 7 7 3 5
0 21 7 3 5 2 4 2 0 7 3 5 2 7 7 7 3 5 2 4 3 0 7
0 86 0 7 0 0 5 0 0 0 0 0 0 0 0 0 0 0 0 0 0 0 0 0 0 0 0 0 5 0 0 0 0 7 6 7 6 7 6 5 0 0 0 0 0 0 0 0 0 0 7 7 7 3 5 2 4 4 4 7 3 6 7 3 6 7 6 7 6 7 3 6 0 7 6 7 6 4 4 7 7 3 5 2 6 7 6 7
0 31 4 7 4 0 0 7 6 7 6 0 4 7 5 0 0 0 0 0 5 0 0 0 0 0 7 6 0 0 5 5 7
0 25 3 5 2 7 7 7 7 7 3 5 2 3 5 2 7 6 7 5 3 2 2 0 7 7 7
0 36 4 4 7 4 4 4 7 6 7 6 0 0 0 0 0 0 0 0 0 5 7 6 0 0 0 0 7 6 0 0 0 0 0 5 5 3
0 17 4 4 7 6 6 6 1 4 0 6 6 6 6 1 2 2 2
0 47 7 3 6 4 0 0 7 4 0 7 3 5 2 5 7 6 0 5 3 2 0 7 7 3 5 2 0 0 0 0 0 0 0 0 0 7 7 6 6 5 3 2 0 6 7 5 3
0 11 4 2 4 2 0 5 3 2 2 4 2
0 9 4 7 4 0 7 3 6 7 3
0 19 4 0 7 0 0 0 0 0 0 0 7 6 7 7 3 5 2 4 3
0 5 4 3 5 2 6
0 31 5 7 3 5 2 0 0 0 7 6 0 4 7 7 7 7 3 5 2 7 7 7 7 1 0 0 7 7 7 7 3
0 18 5 0 6 1 0 4 0 0 0 0 0 5 0 0 0 0 1 1
0 46 7 6 0 0 5 0 7 6 7 3 5 2 7 7 6 7 7 5 3 0 0 7 7 7 7 6 5 3 4 4 0 0 0 0 5 0 0 0 4 4 7 6 7 6 5 7
0 20 4 7 7 6 0 7 3 6 4 3 6 7 6 4 5 0 0 6 6 1
0 12 7 7 3 5 2 7 6 5 5 7 6 7
0 21 5 0 6 1 0 4 0 0 0 0 0 5 0 0 0 0 1 1 5 5 5
0 11 5 7 6 0 0 0 0 0 5 5 7
0 27 4 7 2 7 0 0 0 0 0 0 0 0 0 7 7 3 5 2 5 5 7 6 7 6 7 3 5
0 24 7 7 7 7 3 5 2 7 6 0 0 0 0 5 7 3 5 2 6 6 6 5 3 4
0 37 4 7 4 0 0 7 6 7 6 0 4 7 5 0 0 0 0 0 5 0 0 0 0 0 7 6 0 0 5 5 7 7 7 7 7 3 5
0 15 2 7 4 3 6 0 7 6 4 4 0 7 7 5 3
0 49 4 4 4 0 4 4 7 3 6 4 7 7 4 7 2 7 4 0 7 7 7 3 5 2 3 5 2 7 7 3 5 2 5 0 0 0 0 0 0 5 7 7 7 7 7 3 5 2 7
0 17 3 5 2 7 7 7 7 7 3 5 2 3 5 2 7 6 7
0 18 5 7 6 0 0 0 0 0 5 4 7 7 6 7 7 7 3 5
0 21 0 0 0 0 7 6 0 0 0 0 7 6 5 0 0 7 7 7 7 3 5
0 14 7 7 3 5 2 7 6 5 5 7 6 7 7 7
0 34 0 0 0 0 0 0 0 0 0 0 0 0 7 3 5 2 5 3 0 0 5 0 5 0 0 5 0 0 0 7 6 7 7 7
0 34 7 7 7 3 5 2 4 4 7 0 7 4 7 5 0 0 0 0 5 7 7 7 7 7 3 5 2 4 5 3 0 7 7 7
0 8 4 6 7 6 7 7 5 3
0 4 7 7 3 5
0 2 1 5
0 21 7 7 7 3 5 2 4 4 4 7 4 4 4 0 7 4 7 3 6 4 3
0 38 4 4 7 4 4 7 4 4 3 5 2 5 0 0 0 0 7 6 7 6 5 0 0 0 0 0 0 0 0 0 0 0 0 5 3 0 6 7
0 8 4 2 4 2 0 5 3 2
0 21 4 7 2 7 0 0 0 0 0 0 0 0 0 7 7 3 5 2 5 5 7
0 22 7 7 7 3 5 2 4 4 7 0 7 4 7 5 0 0 0 0 5 7 7 7
0 21 5 4 0 7 7 6 6 6 1 0 0 7 6 5 5 5 7 6 7 3 5
0 13 1 5 4 2 2 4 0 7 6 7 6 1 3
0 8 7 7 7 3 5 2 3 5
0 32 4 7 7 7 7 7 3 5 2 7 7 7 3 5 2 4 0 7 4 7 4 4 7 7 3 5 2 7 7 7 3 5
0 11 7 7 3 5 2 7 7 7 7 7 3
0 25 7 7 7 7 3 5 2 7 6 0 0 0 0 5 7 3 5 2 6 6 6 5 3 4 4
0 13 7 6 5 3 5 2 7 6 7 6 0 5 1
0 11 4 7 4 0 7 3 6 0 7 6 7
0 20 5 4 0 7 7 6 6 6 1 0 0 7 6 5 5 5 7 6 7 3
0 37 4 4 7 4 4 4 7 6 7 6 0 0 0 0 0 0 0 0 0 5 7 6 0 0 0 0 7 6 0 0 0 0 0 5 5 3 5
0 26 4 7 7 7 7 7 3 5 2 7 7 7 3 5 2 4 0 7 4 7 4 4 7 7 3 5
0 45 5 0 6 1 0 4 0 0 0 0 0 5 0 0 0 0 1 1 5 5 5 0 0 5 5 0 0 0 0 0 5 7 7 3 5 2 5 3 4 2 2 0 7 7 2
0 51 4 4 4 0 4 4 7 3 6 4 7 7 4 7 2 7 4 0 7 7 7 3 5 2 3 5 2 7 7 3 5 2 5 0 0 0 0 0 0 5 7 7 7 7 7 3 5 2 7 3 5
0 21 7 7 7 3 5 2 4 0 0 0 0 0 0 0 7 6 0 5 7 6 7
0 35 5 7 3 5 2 0 0 0 7 6 0 4 7 7 7 7 3 5 2 7 7 7 7 1 0 0 7 7 7 7 3 5 2 6 7
0 25 4 7 4 4 4 7 7 6 5 5 7 6 7 3 5 2 7 7 7 3 5 2 7 6 7
0 10 4 4 7 4 4 7 4 4 3 5
0 24 7 7 7 7 7 3 5 2 0 0 0 0 5 0 0 0 0 0 7 7 7 7 3 5
0 19 4 4 2 4 4 4 0 6 1 4 2 2 0 7 7 7 7 7 3
0 1 1
0 9 7 6 0 0 5 0 7 6 7
0 19 4 7 4 4 4 7 7 6 5 5 7 6 7 3 5 2 7 7 7
0 18 4 7 7 6 0 7 3 6 4 3 6 7 6 4 5 0 0 6
0 3 7 7 7
0 1 7
0 15 5 5 7 7 3 5 2 4 0 0 4 7 7 7 2
0 28 7 7 3 5 2 4 3 0 7 7 3 5 2 7 6 0 0 0 7 6 7 6 5 7 7 7 3 5
0 5 4 6 7 6 7
0 20 4 6 7 6 7 7 5 3 3 0 7 7 7 3 5 2 4 4 4 2
0 13 4 4 7 4 4 7 4 7 4 4 7 6 7
0 7 4 6 7 6 7 7 5
0 17 7 6 4 3 6 4 2 7 0 7 6 7 3 6 7 6 7
0 9 7 6 1 5 5 3 0 3 5
0 10 4 7 7 6 0 7 3 6 4 3
0 17 4 3 6 0 7 6 7 7 7 7 3 5 2 7 6 3 5
0 28 4 7 4 0 7 7 7 3 5 2 7 7 7 7 7 3 5 2 0 0 0 0 7 6 1 2 0 1
0 40 7 7 7 7 3 5 2 7 6 0 0 0 0 5 7 3 5 2 6 6 6 5 3 4 4 4 2 4 0 7 7 4 7 7 7 3 5 2 5 3
0 7 4 4 7 4 7 4 3
0 4 7 6 1 5
0 25 1 5 4 2 2 4 0 7 6 7 6 1 3 0 5 5 5 0 0 0 0 0 7 6 7
0 3 5 7 3
0 27 5 5 0 0 0 7 6 5 0 0 0 0 0 0 0 0 5 5 0 0 0 0 7 7 7 3 5
0 3 7 3 5
0 13 4 4 7 4 7 4 3 5 2 5 1 1 1
0 108 0 7 0 0 5 0 0 0 0 0 0 0 0 0 0 0 0 0 0 0 0 0 0 0 0 0 5 0 0 0 0 7 6 7 6 7 6 5 0 0 0 0 0 0 0 0 0 0 7 7 7 3 5 2 4 4 4 7 3 6 7 3 6 7 6 7 6 7 3 6 0 7 6 7 6 4 4 7 7 3 5 2 6 7 6 7 6 1 2 4 4 0 7 7 6 5 3 2 4 2 0 7 7 7 7 7 3 5
0 14 0 0 0 0 0 0 0 0 0 0 0 0 7 3
0 39 1 5 0 0 0 0 0 0 5 7 6 0 0 0 0 0 0 7 6 5 0 0 0 0 0 5 0 0 0 7 7 7 7 3 5 2 5 5 6
0 25 7 7 7 3 5 2 4 0 0 0 0 0 0 0 7 6 0 5 7 6 7 6 5 7 3
0 37 4 4 0 0 7 7 7 3 5 2 5 0 0 4 4 4 7 3 6 0 0 7 6 0 7 6 7 6 3 5 2 5 4 2 4 2 2
0 23 7 7 3 5 2 7 7 7 7 7 3 5 2 5 1 5 0 0 7 6 7 6 7
0 20 0 0 0 0 7 6 0 0 0 0 7 6 5 0 0 7 7 7 7 3
0 34 7 6 5 0 0 0 0 0 0 0 0 0 0 0 5 5 0 7 6 0 0 0 0 0 0 7 6 1 0 0 4 3 0 7
0 18 7 6 5 0 0 0 4 2 0 5 7 6 5 4 2 2 0 7
0 25 7 7 7 7 3 5 2 5 4 0 7 7 6 1 3 0 5 0 0 6 5 3 3 0 7
0 74 0 7 0 0 5 0 0 0 0 0 0 0 0 0 0 0 0 0 0 0 0 0 0 0 0 0 5 0 0 0 0 7 6 7 6 7 6 5 0 0 0 0 0 0 0 0 0 0 7 7 7 3 5 2 4 4 4 7 3 6 7 3 6 7 6 7 6 7 3 6 0 7 6 7
0 34 4 7 3 6 7 3 6 4 4 4 4 0 7 0 7 7 6 0 0 0 0 0 7 6 0 0 0 0 7 7 7 7 7 3
0 14 7 7 3 5 2 4 3 0 7 7 3 5 2 7
0 23 7 7 7 7 3 5 2 7 6 0 0 0 0 5 7 3 5 2 6 6 6 5 3
0 50 4 4 7 4 4 7 4 4 3 5 2 5 0 0 0 0 7 6 7 6 5 0 0 0 0 0 0 0 0 0 0 0 0 5 3 0 6 7 6 7 6 5 3 0 0 7 7 7 3 5
0 83 0 7 0 0 5 0 0 0 0 0 0 0 0 0 0 0 0 0 0 0 0 0 0 0 0 0 5 0 0 0 0 7 6 7 6 7 6 5 0 0 0 0 0 0 0 0 0 0 7 7 7 3 5 2 4 4 4 7 3 6 7 3 6 7 6 7 6 7 3 6 0 7 6 7 6 4 4 7 7 3 5 2 6
0 3 0 7 3
0 26 4 7 2 7 0 0 0 0 0 0 0 0 0 7 7 3 5 2 5 5 7 6 7 6 7 3
0 26 7 7 3 5 2 4 0 0 5 3 0 5 1 5 0 0 7 7 3 5 2 1 1 3 0 7
0 7 5 7 7 7 7 3 5
0 65 4 0 0 7 6 5 3 2 2 0 7 1 2 0 7 6 5 0 0 0 0 0 5 7 3 5 2 4 3 0 0 0 0 0 5 0 0 7 6 5 5 1 5 0 0 0 0 0 0 4 2 2 2 2 2 0 5 5 0 7 7 7 7 3 5
0 26 7 7 7 7 3 5 2 7 6 0 0 0 0 5 7 3 5 2 6 6 6 5 3 4 4 4
0 17 4 2 7 0 0 7 3 5 2 5 3 0 7 3 5 2 7
0 36 7 7 7 3 5 2 0 0 0 0 7 7 7 7 3 5 2 0 0 0 5 0 0 0 7 6 0 0 0 0 0 7 6 7 7 3
0 6 0 0 0 0 3 5
0 7 4 7 7 6 0 7 3
0 23 4 7 6 0 4 3 6 4 2 7 4 4 4 7 4 7 4 0 0 0 7 6 7
0 20 7 7 7 7 3 5 2 7 6 0 0 0 0 5 7 3 5 2 6 6
0 29 7 3 5 2 4 2 0 7 3 5 2 7 7 7 3 5 2 4 3 0 7 7 7 7 7 3 5 2 1
0 20 3 5 2 7 7 7 7 7 3 5 2 3 5 2 7 6 7 5 3 2
0 23 5 0 0 4 7 0 4 4 3 6 4 7 3 6 4 7 3 5 2 7 6 5 7
0 32 4 4 7 4 4 7 4 7 4 4 7 6 7 6 4 4 4 7 6 4 7 3 6 4 4 4 4 4 7 4 7 3
0 20 4 7 4 4 4 7 7 6 5 5 7 6 7 3 5 2 7 7 7 3
0 37 7 6 5 0 0 0 4 2 0 5 7 6 5 4 2 2 0 7 6 0 0 0 0 0 0 0 0 0 0 0 3 5 2 3 5 2 7
0 8 7 7 3 5 2 7 7 7
0 13 5 7 6 0 0 0 0 7 7 7 7 3 5
0 11 5 7 6 0 0 0 0 0 7 6 7
0 10 7 7 3 5 2 4 0 0 5 3
0 26 7 7 7 3 5 2 4 0 0 0 0 0 0 0 7 6 0 5 7 6 7 6 5 7 3 5
0 3 6 6 6
0 42 7 3 6 4 0 0 7 4 0 7 3 5 2 5 7 6 0 5 3 2 0 7 7 3 5 2 0 0 0 0 0 0 0 0 0 7 7 6 6 5 3 2
0 30 4 4 7 0 0 0 0 5 7 6 5 0 0 0 0 0 0 0 7 7 7 7 7 3 5 2 7 7 3 5
0 32 5 4 0 7 7 6 6 6 1 0 0 7 6 5 5 5 7 6 7 3 5 2 5 5 0 0 5 3 0 7 7 7
0 7 0 0 0 0 0 5 7
0 14 4 4 4 7 6 7 6 7 6 7 7 7 7 6
0 13 5 0 0 4 7 0 4 4 3 6 4 7 3
0 43 4 4 7 4 4 7 4 4 3 5 2 5 0 0 0 0 7 6 7 6 5 0 0 0 0 0 0 0 0 0 0 0 0 5 3 0 6 7 6 7 6 5 3
0 13 4 4 4 3 6 7 6 4 7 6 7 6 7
0 57 4 7 4 0 7 3 6 0 7 6 7 6 0 4 7 6 4 0 7 4 7 7 0 7 6 7 6 4 3 6 7 6 7 3 6 4 3 6 4 3 6 2 7 4 7 7 6 5 0 0 0 0 4 3 0 5 1
0 34 5 7 3 5 2 0 0 0 7 6 0 4 7 7 7 7 3 5 2 7 7 7 7 1 0 0 7 7 7 7 3 5 2 6
0 58 4 7 4 0 7 3 6 0 7 6 7 6 0 4 7 6 4 0 7 4 7 7 0 7 6 7 6 4 3 6 7 6 7 3 6 4 3 6 4 3 6 2 7 4 7 7 6 5 0 0 0 0 4 3 0 5 1 1
0 15 5 3 0 5 5 0 0 7 6 4 7 4 4 3 5
0 13 3 5 2 7 7 7 7 7 3 5 2 3 5
0 38 4 7 7 7 7 7 3 5 2 7 7 7 3 5 2 4 0 7 4 7 4 4 7 7 3 5 2 7 7 7 3 5 2 6 7 7 6 1
0 5 7 3 5 2 1
0 28 0 0 0 0 7 6 0 0 0 0 7 6 5 0 0 7 7 7 7 3 5 2 1 0 0 5 3 3
0 11 4 4 4 3 6 7 6 4 7 6 7
0 42 3 5 2 5 5 4 2 7 4 7 6 5 0 0 0 0 0 0 0 0 0 5 7 6 0 0 0 0 0 0 0 7 7 7 7 7 3 5 2 7 7 7
0 36 4 4 2 4 4 4 0 6 1 4 2 2 0 7 7 7 7 7 3 5 2 5 0 0 0 0 7 6 0 0 0 0 0 5 3 2
0 10 7 7 3 5 2 7 6 5 5 7
0 53 7 6 5 3 5 2 7 6 7 6 0 5 1 1 1 5 4 2 4 4 2 0 7 7 7 7 3 5 2 4 4 4 4 4 7 7 3 5 2 7 7 7 7 7 3 5 2 7 7 7 7 3 5
0 37 4 4 7 4 4 7 4 4 3 5 2 5 0 0 0 0 7 6 7 6 5 0 0 0 0 0 0 0 0 0 0 0 0 5 3 0 6
0 18 4 4 2 4 4 4 0 6 1 4 2 2 0 7 7 7 7 7
0 6 1 5 4 2 2 4
0 19 7 6 7 7 7 7 7 3 5 2 0 0 0 0 0 7 6 1 5
0 4 4 6 7 6
0 49 4 4 7 4 4 7 4 4 3 5 2 5 0 0 0 0 7 6 7 6 5 0 0 0 0 0 0 0 0 0 0 0 0 5 3 0 6 7 6 7 6 5 3 0 0 7 7 7 3
0 11 7 6 0 0 5 0 7 6 7 3 5
0 19 3 5 2 0 0 0 4 2 2 2 0 7 6 7 6 5 4 2 4
0 8 4 2 4 4 4 4 0 3
0 39 4 4 7 0 0 0 0 5 7 6 5 0 0 0 0 0 0 0 7 7 7 7 7 3 5 2 7 7 3 5 2 5 5 5 0 0 5 1 1
0 23 7 6 7 6 5 7 6 0 0 0 7 7 7 3 5 2 4 7 0 4 4 4 3
0 43 5 0 6 1 0 4 0 0 0 0 0 5 0 0 0 0 1 1 5 5 5 0 0 5 5 0 0 0 0 0 5 7 7 3 5 2 5 3 4 2 2 0 7
0 28 3 5 2 7 7 7 7 7 3 5 2 3 5 2 7 6 7 5 3 2 2 0 7 7 7 7 7 3
0 19 4 7 4 4 0 0 0 0 0 5 7 6 0 0 0 0 7 6 6
0 38 5 0 6 1 0 4 0 0 0 0 0 5 0 0 0 0 1 1 5 5 5 0 0 5 5 0 0 0 0 0 5 7 7 3 5 2 5 3
0 4 7 6 5 3
0 17 5 0 0 4 7 0 4 4 3 6 4 7 3 6 4 7 3
0 17 5 7 6 0 0 0 0 0 5 5 7 3 5 2 7 6 1
0 11 7 7 3 5 2 4 3 0 7 7 3
0 30 7 6 0 0 5 0 7 6 7 3 5 2 7 7 6 7 7 5 3 0 0 7 7 7 7 6 5 3 4 4
0 23 7 7 7 7 3 5 2 5 4 0 7 7 6 1 3 0 5 0 0 6 5 3 3
0 9 5 0 0 4 7 0 4 4 3
0 29 2 7 4 3 6 0 7 6 4 4 0 7 7 5 3 0 0 0 0 5 5 7 6 7 7 7 7 7 3
0 9 5 7 7 7 7 3 5 2 7
0 31 7 6 5 0 0 0 4 2 0 5 7 6 5 4 2 2 0 7 6 0 0 0 0 0 0 0 0 0 0 0 3
0 20 0 0 0 0 0 5 7 6 5 0 5 0 0 0 0 7 6 1 4 4
0 22 2 7 4 3 6 0 7 6 4 4 0 7 7 5 3 0 0 0 0 5 5 7
0 5 6 6 6 6 5
0 93 0 7 0 0 5 0 0 0 0 0 0 0 0 0 0 0 0 0 0 0 0 0 0 0 0 0 5 0 0 0 0 7 6 7 6 7 6 5 0 0 0 0 0 0 0 0 0 0 7 7 7 3 5 2 4 4 4 7 3 6 7 3 6 7 6 7 6 7 3 6 0 7 6 7 6 4 4 7 7 3 5 2 6 7 6 7 6 1 2 4 4 0 7
0 26 5 5 0 0 0 7 6 5 0 0 0 0 0 0 0 0 5 5 0 0 0 0 7 7 7 3
0 4 5 7 3 5
0 44 7 7 7 3 5 2 4 4 7 0 7 4 7 5 0 0 0 0 5 7 7 7 7 7 3 5 2 4 5 3 0 7 7 7 7 7 3 5 2 7 7 7 3 5
0 19 7 3 6 4 0 0 7 4 0 7 3 5 2 5 7 6 0 5 3
0 14 4 7 2 7 7 6 7 7 5 3 0 0 1 1
0 15 7 7 7 3 5 2 0 0 0 0 7 7 7 7 3
0 13 2 7 0 0 5 3 0 0 5 7 6 5 7
0 15 7 6 5 0 0 0 4 2 0 5 7 6 5 4 2
0 25 4 7 2 7 0 0 0 0 0 0 0 0 0 7 7 3 5 2 5 5 7 6 7 6 7
0 27 7 7 7 3 5 2 4 4 4 7 4 4 4 0 7 4 7 3 6 4 3 6 4 3 6 7 3
0 40 5 0 6 1 0 4 0 0 0 0 0 5 0 0 0 0 1 1 5 5 5 0 0 5 5 0 0 0 0 0 5 7 7 3 5 2 5 3 4 2
0 6 7 6 7 6 5 7
0 14 5 7 6 0 0 0 0 0 7 6 7 5 3 3
0 33 4 7 4 0 7 3 6 0 7 6 7 6 0 4 7 6 4 0 7 4 7 7 0 7 6 7 6 4 3 6 7 6 7
0 10 7 6 0 0 5 0 7 6 7 3
0 25 4 2 7 0 0 7 3 5 2 5 3 0 7 3 5 2 7 6 0 0 0 5 7 7 3
0 16 4 3 6 0 7 6 7 7 7 7 3 5 2 7 6 3
0 40 0 0 0 0 7 6 0 0 0 0 7 6 5 0 0 7 7 7 7 3 5 2 1 0 0 5 3 3 0 0 7 4 0 7 0 7 6 7 6 7
0 2 5 3
0 8 5 0 7 4 4 7 6 7
0 20 7 7 7 7 3 5 2 5 4 0 7 7 6 1 3 0 5 0 0 6
0 28 7 6 7 6 0 0 0 0 0 0 0 0 5 4 7 4 4 4 7 3 6 4 3 6 7 3 6 7
0 43 3 5 2 5 5 4 2 7 4 7 6 5 0 0 0 0 0 0 0 0 0 5 7 6 0 0 0 0 0 0 0 7 7 7 7 7 3 5 2 7 7 7 3
0 100 0 7 0 0 5 0 0 0 0 0 0 0 0 0 0 0 0 0 0 0 0 0 0 0 0 0 5 0 0 0 0 7 6 7 6 7 6 5 0 0 0 0 0 0 0 0 0 0 7 7 7 3 5 2 4 4 4 7 3 6 7 3 6 7 6 7 6 7 3 6 0 7 6 7 6 4 4 7 7 3 5 2 6 7 6 7 6 1 2 4 4 0 7 7 6 5 3 2 4 2
0 6 4 4 4 7 7 3
0 20 4 7 0 0 7 6 0 7 6 4 7 6 0 0 0 0 0 7 1 3
0 8 7 3 5 2 4 2 0 7
0 8 4 7 7 7 7 7 3 5
0 42 4 7 4 0 7 3 6 0 7 6 7 6 0 4 7 6 4 0 7 4 7 7 0 7 6 7 6 4 3 6 7 6 7 3 6 4 3 6 4 3 6 2
0 12 4 7 4 0 7 3 6 7 3 6 4 3
0 35 4 3 0 4 4 7 4 7 0 0 0 0 0 0 0 0 0 0 0 0 7 6 5 0 0 0 0 7 6 7 3 5 2 5 7
0 25 7 3 5 2 4 2 0 7 3 5 2 7 7 7 3 5 2 4 3 0 7 7 7 7 7
0 18 4 2 4 4 4 4 0 3 5 2 7 6 5 4 4 7 4 3
0 39 5 0 6 1 0 4 0 0 0 0 0 5 0 0 0 0 1 1 5 5 5 0 0 5 5 0 0 0 0 0 5 7 7 3 5 2 5 3 4
0 42 7 7 7 3 5 2 4 4 7 0 7 4 7 5 0 0 0 0 5 7 7 7 7 7 3 5 2 4 5 3 0 7 7 7 7 7 3 5 2 7 7 7
0 16 7 6 5 3 5 2 7 6 7 6 0 5 1 1 1 5
0 20 5 0 0 0 0 0 0 0 5 0 0 0 0 5 5 7 7 7 3 5
0 30 4 4 7 6 6 6 1 4 0 6 6 6 6 1 2 2 2 0 5 7 6 5 7 6 4 3 0 0 7 3
0 17 7 7 7 7 3 5 2 7 6 0 0 0 0 5 7 3 5
0 14 7 7 3 5 2 4 0 0 5 3 0 5 1 5
0 19 5 0 0 0 0 0 0 0 5 0 0 0 0 5 5 7 7 7 3
0 7 4 4 4 4 7 3 5
0 11 4 2 4 4 4 4 0 3 5 2 7
0 3 4 3 5
0 10 4 7 2 7 7 6 7 7 5 3
0 4 7 7 7 3
0 35 4 4 7 4 4 7 4 4 3 5 2 5 0 0 0 0 7 6 7 6 5 0 0 0 0 0 0 0 0 0 0 0 0 5 3
0 20 4 7 4 4 0 0 0 0 0 5 7 6 0 0 0 0 7 6 6 6
0 44 3 5 2 5 5 4 2 7 4 7 6 5 0 0 0 0 0 0 0 0 0 5 7 6 0 0 0 0 0 0 0 7 7 7 7 7 3 5 2 7 7 7 3 5
0 38 4 4 2 4 4 4 0 6 1 4 2 2 0 7 7 7 7 7 3 5 2 5 0 0 0 0 7 6 0 0 0 0 0 5 3 2 0 2
0 37 7 6 5 3 5 2 7 6 7 6 0 5 1 1 1 5 4 2 4 4 2 0 7 7 7 7 3 5 2 4 4 4 4 4 7 7 3
0 14 4 4 4 4 3 0 4 0 0 5 7 6 5 3
0 43 7 6 0 0 5 0 7 6 7 3 5 2 7 7 6 7 7 5 3 0 0 7 7 7 7 6 5 3 4 4 0 0 0 0 5 0 0 0 4 4 7 6 7
0 18 4 4 0 0 7 7 7 3 5 2 5 0 0 4 4 4 7 3
0 1 2
0 62 0 7 0 0 5 0 0 0 0 0 0 0 0 0 0 0 0 0 0 0 0 0 0 0 0 0 5 0 0 0 0 7 6 7 6 7 6 5 0 0 0 0 0 0 0 0 0 0 7 7 7 3 5 2 4 4 4 7 3 6 7 3
0 12 5 7 6 0 0 0 0 7 7 7 7 3
0 28 4 0 7 6 4 5 5 0 0 0 0 0 3 5 2 0 0 0 0 0 0 0 0 0 0 7 6 7
0 38 7 6 5 0 0 0 0 0 0 0 0 0 0 0 5 5 0 7 6 0 0 0 0 0 0 7 6 1 0 0 4 3 0 7 7 7 7 7
0 32 7 6 5 0 0 0 4 2 0 5 7 6 5 4 2 2 0 7 6 0 0 0 0 0 0 0 0 0 0 0 3 5
0 10 3 5 2 7 7 7 7 7 3 5
0 30 7 7 7 3 5 2 4 4 7 0 7 4 7 5 0 0 0 0 5 7 7 7 7 7 3 5 2 4 5 3
0 8 3 5 2 7 7 7 7 7
0 23 4 7 4 4 4 7 7 6 5 5 7 6 7 3 5 2 7 7 7 3 5 2 7
0 36 4 7 4 0 0 7 6 7 6 0 4 7 5 0 0 0 0 0 5 0 0 0 0 0 7 6 0 0 5 5 7 7 7 7 7 3
0 3 4 7 2
0 21 4 7 4 4 4 7 7 6 5 5 7 6 7 3 5 2 7 7 7 3 5
0 14 4 4 4 3 6 7 6 4 7 6 7 6 7 3
0 6 4 2 4 4 4 4
0 26 7 7 7 3 5 2 4 4 7 0 7 4 7 5 0 0 0 0 5 7 7 7 7 7 3 5
0 28 5 4 0 7 7 6 6 6 1 0 0 7 6 5 5 5 7 6 7 3 5 2 5 5 0 0 5 3
0 32 7 7 7 3 5 2 4 4 7 0 7 4 7 5 0 0 0 0 5 7 7 7 7 7 3 5 2 4 5 3 0 7
0 66 4 7 4 0 7 3 6 0 7 6 7 6 0 4 7 6 4 0 7 4 7 7 0 7 6 7 6 4 3 6 7 6 7 3 6 4 3 6 4 3 6 2 7 4 7 7 6 5 0 0 0 0 4 3 0 5 1 1 5 0 0 7 7 7 3 5
0 59 4 4 7 0 0 0 0 5 7 6 5 0 0 0 0 0 0 0 7 7 7 7 7 3 5 2 7 7 3 5 2 5 5 5 0 0 5 1 1 5 3 0 7 6 0 0 0 0 0 0 0 0 0 0 7 6 7 7 3
0 16 4 0 7 0 0 0 0 0 0 0 7 6 7 7 3 5
0 5 4 7 2 7 7
0 12 7 6 4 3 6 4 2 7 0 7 6 7
0 95 0 7 0 0 5 0 0 0 0 0 0 0 0 0 0 0 0 0 0 0 0 0 0 0 0 0 5 0 0 0 0 7 6 7 6 7 6 5 0 0 0 0 0 0 0 0 0 0 7 7 7 3 5 2 4 4 4 7 3 6 7 3 6 7 6 7 6 7 3 6 0 7 6 7 6 4 4 7 7 3 5 2 6 7 6 7 6 1 2 4 4 0 7 7 6
0 14 4 7 7 7 7 7 3 5 2 7 7 7 3 5
0 11 7 3 6 4 0 0 7 4 0 7 3
0 41 4 4 4 0 4 4 7 3 6 4 7 7 4 7 2 7 4 0 7 7 7 3 5 2 3 5 2 7 7 3 5 2 5 0 0 0 0 0 0 5 7
0 23 7 7 7 3 5 2 4 4 4 7 4 0 0 0 0 0 0 0 7 7 7 7 3
0 13 7 6 0 0 5 0 7 6 7 3 5 2 7
0 7 6 6 6 6 5 3 4
0 36 7 7 7 3 5 2 4 4 7 0 7 4 7 5 0 0 0 0 5 7 7 7 7 7 3 5 2 4 5 3 0 7 7 7 7 7
0 38 4 7 4 4 0 7 4 4 7 7 7 4 7 4 4 7 6 5 0 0 5 0 0 0 0 0 0 0 0 0 0 0 5 5 7 6 5 7
0 51 4 0 0 7 6 5 3 2 2 0 7 1 2 0 7 6 5 0 0 0 0 0 5 7 3 5 2 4 3 0 0 0 0 0 5 0 0 7 6 5 5 1 5 0 0 0 0 0 0 4 2
0 64 4 0 0 7 6 5 3 2 2 0 7 1 2 0 7 6 5 0 0 0 0 0 5 7 3 5 2 4 3 0 0 0 0 0 5 0 0 7 6 5 5 1 5 0 0 0 0 0 0 4 2 2 2 2 2 0 5 5 0 7 7 7 7 3
0 24 5 7 3 5 2 0 0 0 7 6 0 4 7 7 7 7 3 5 2 7 7 7 7 1
0 43 0 0 0 0 7 6 0 0 0 0 7 6 5 0 0 7 7 7 7 3 5 2 1 0 0 5 3 3 0 0 7 4 0 7 0 7 6 7 6 7 1 2 2
0 7 4 3 6 0 7 6 7
0 34 5 0 6 1 0 4 0 0 0 0 0 5 0 0 0 0 1 1 5 5 5 0 0 5 5 0 0 0 0 0 5 7 7 3
0 13 4 7 4 4 4 7 7 6 5 5 7 6 7
0 6 4 4 7 4 7 2
0 8 4 0 0 7 6 5 3 2
0 38 4 7 2 7 0 0 0 0 0 0 0 0 0 7 7 3 5 2 5 5 7 6 7 6 7 3 5 2 4 0 4 3 6 7 6 7 6 2
0 85 0 7 0 0 5 0 0 0 0 0 0 0 0 0 0 0 0 0 0 0 0 0 0 0 0 0 5 0 0 0 0 7 6 7 6 7 6 5 0 0 0 0 0 0 0 0 0 0 7 7 7 3 5 2 4 4 4 7 3 6 7 3 6 7 6 7 6 7 3 6 0 7 6 7 6 4 4 7 7 3 5 2 6 7 6
0 51 7 3 6 4 0 0 7 4 0 7 3 5 2 5 7 6 0 5 3 2 0 7 7 3 5 2 0 0 0 0 0 0 0 0 0 7 7 6 6 5 3 2 0 6 7 5 3 3 0 3 5
0 30 2 7 4 3 6 0 7 6 4 4 0 7 7 5 3 0 0 0 0 5 5 7 6 7 7 7 7 7 3 5
0 38 0 5 5 5 0 0 7 7 7 7 7 3 5 2 7 6 0 0 0 0 0 0 0 0 0 0 0 5 0 0 0 0 0 5 0 7 3 5
0 12 4 4 0 7 6 6 6 6 5 3 2 2
0 19 7 6 0 0 5 0 7 6 7 3 5 2 7 7 6 7 7 5 3
0 23 7 6 7 6 0 0 0 0 0 0 0 0 5 4 7 4 4 4 7 3 6 4 3
0 29 3 5 2 7 7 7 7 7 3 5 2 3 5 2 7 6 7 5 3 2 2 0 7 7 7 7 7 3 5
0 18 5 7 3 5 2 0 0 0 7 6 0 4 7 7 7 7 3 5
0 30 7 3 5 2 4 2 0 7 3 5 2 7 7 7 3 5 2 4 3 0 7 7 7 7 7 3 5 2 1 1
0 25 4 7 7 7 7 7 3 5 2 7 7 7 3 5 2 4 0 7 4 7 4 4 7 7 3
0 22 4 7 4 4 0 0 0 0 0 5 7 6 0 0 0 0 7 6 6 6 7 1
0 15 4 4 4 7 6 7 6 7 6 7 7 7 7 6 1
0 22 5 7 3 5 2 0 0 0 7 6 0 4 7 7 7 7 3 5 2 7 7 7
0 4 5 0 6 1
0 6 4 3 5 2 6 5
0 26 4 4 4 4 3 0 4 0 0 5 7 6 5 3 0 4 4 7 7 7 7 6 7 7 7 5
0 34 0 7 0 0 5 0 0 0 0 0 0 0 0 0 0 0 0 0 0 0 0 0 0 0 0 0 5 0 0 0 0 7 6 7
0 42 4 0 0 7 6 5 3 2 2 0 7 1 2 0 7 6 5 0 0 0 0 0 5 7 3 5 2 4 3 0 0 0 0 0 5 0 0 7 6 5 5 1
0 12 4 2 4 2 0 5 3 2 2 4 2 4
0 5 5 5 7 7 3
0 15 7 3 5 2 4 2 0 7 3 5 2 7 7 7 3
0 20 4 7 2 7 7 6 7 7 5 3 0 0 1 1 0 0 5 0 4 3
0 2 4 2
0 17 4 4 4 7 6 7 6 7 6 7 7 7 7 6 1 0 7
0 9 6 6 6 6 5 3 4 4 4
0 41 7 7 7 7 3 5 2 5 4 0 7 7 6 1 3 0 5 0 0 6 5 3 3 0 7 6 0 0 0 0 0 0 0 0 0 0 7 7 7 7 3
0 19 3 5 2 7 7 7 7 7 3 5 2 3 5 2 7 6 7 5 3
0 21 4 6 7 6 7 7 5 3 3 0 7 7 7 3 5 2 4 4 4 2 2
0 26 2 7 4 3 6 0 7 6 4 4 0 7 7 5 3 0 0 0 0 5 5 7 6 7 7 7
0 16 4 4 4 4 7 6 0 4 4 7 4 4 4 3 6 7
0 27 7 6 5 3 5 2 7 6 7 6 0 5 1 1 1 5 4 2 4 4 2 0 7 7 7 7 3
0 14 3 5 2 0 0 0 4 2 2 2 0 7 6 7
0 7 5 7 6 7 7 3 5
0 17 4 7 4 4 4 7 7 6 5 5 7 6 7 3 5 2 7
0 44 7 3 6 4 0 0 7 4 0 7 3 5 2 5 7 6 0 5 3 2 0 7 7 3 5 2 0 0 0 0 0 0 0 0 0 7 7 6 6 5 3 2 0 6
0 104 0 7 0 0 5 0 0 0 0 0 0 0 0 0 0 0 0 0 0 0 0 0 0 0 0 0 5 0 0 0 0 7 6 7 6 7 6 5 0 0 0 0 0 0 0 0 0 0 7 7 7 3 5 2 4 4 4 7 3 6 7 3 6 7 6 7 6 7 3 6 0 7 6 7 6 4 4 7 7 3 5 2 6 7 6 7 6 1 2 4 4 0 7 7 6 5 3 2 4 2 0 7 7 7
0 32 5 7 3 5 2 0 0 0 7 6 0 4 7 7 7 7 3 5 2 7 7 7 7 1 0 0 7 7 7 7 3 5
0 34 4 4 7 4 4 7 4 7 4 4 7 6 7 6 4 4 4 7 6 4 7 3 6 4 4 4 4 4 7 4 7 3 6 7
0 58 7 6 0 0 5 0 7 6 7 3 5 2 7 7 6 7 7 5 3 0 0 7 7 7 7 6 5 3 4 4 0 0 0 0 5 0 0 0 4 4 7 6 7 6 5 7 6 5 0 0 5 7 7 7 7 7 3 5
0 35 5 0 6 1 0 4 0 0 0 0 0 5 0 0 0 0 1 1 5 5 5 0 0 5 5 0 0 0 0 0 5 7 7 3 5
0 91 0 7 0 0 5 0 0 0 0 0 0 0 0 0 0 0 0 0 0 0 0 0 0 0 0 0 5 0 0 0 0 7 6 7 6 7 6 5 0 0 0 0 0 0 0 0 0 0 7 7 7 3 5 2 4 4 4 7 3 6 7 3 6 7 6 7 6 7 3 6 0 7 6 7 6 4 4 7 7 3 5 2 6 7 6 7 6 1 2 4 4
0 52 4 0 0 7 6 5 3 2 2 0 7 1 2 0 7 6 5 0 0 0 0 0 5 7 3 5 2 4 3 0 0 0 0 0 5 0 0 7 6 5 5 1 5 0 0 0 0 0 0 4 2 2
0 36 5 7 3 5 2 0 0 0 7 6 0 4 7 7 7 7 3 5 2 7 7 7 7 1 0 0 7 7 7 7 3 5 2 6 7 7
0 20 7 7 7 3 5 2 4 4 7 0 7 4 7 5 0 0 0 0 5 7
0 37 7 7 7 3 5 2 0 0 0 0 7 7 7 7 3 5 2 0 0 0 5 0 0 0 7 6 0 0 0 0 0 7 6 7 7 3 5
0 40 4 4 7 0 0 0 0 5 7 6 5 0 0 0 0 0 0 0 7 7 7 7 7 3 5 2 7 7 3 5 2 5 5 5 0 0 5 1 1 5
0 8 4 7 5 5 0 0 5 1
0 88 0 7 0 0 5 0 0 0 0 0 0 0 0 0 0 0 0 0 0 0 0 0 0 0 0 0 5 0 0 0 0 7 6 7 6 7 6 5 0 0 0 0 0 0 0 0 0 0 7 7 7 3 5 2 4 4 4 7 3 6 7 3 6 7 6 7 6 7 3 6 0 7 6 7 6 4 4 7 7 3 5 2 6 7 6 7 6 1
0 6 2 7 0 0 5 3
0 41 0 0 0 0 7 6 0 0 0 0 7 6 5 0 0 7 7 7 7 3 5 2 1 0 0 5 3 3 0 0 7 4 0 7 0 7 6 7 6 7 1
0 7 4 7 4 7 7 3 5
0 20 5 0 6 1 0 4 0 0 0 0 0 5 0 0 0 0 1 1 5 5
0 29 7 7 7 7 7 3 5 2 0 0 0 0 5 0 0 0 0 0 7 7 7 7 3 5 2 0 0 5 7
0 12 3 5 2 0 0 0 4 2 2 2 0 7
0 17 7 6 5 3 5 2 7 6 7 6 0 5 1 1 1 5 4
0 5 7 6 7 7 7
0 59 0 7 0 0 5 0 0 0 0 0 0 0 0 0 0 0 0 0 0 0 0 0 0 0 0 0 5 0 0 0 0 7 6 7 6 7 6 5 0 0 0 0 0 0 0 0 0 0 7 7 7 3 5 2 4 4 4 7 3
0 4 4 2 4 2
0 96 0 7 0 0 5 0 0 0 0 0 0 0 0 0 0 0 0 0 0 0 0 0 0 0 0 0 5 0 0 0 0 7 6 7 6 7 6 5 0 0 0 0 0 0 0 0 0 0 7 7 7 3 5 2 4 4 4 7 3 6 7 3 6 7 6 7 6 7 3 6 0 7 6 7 6 4 4 7 7 3 5 2 6 7 6 7 6 1 2 4 4 0 7 7 6 5
0 7 5 4 0 7 7 6 6
0 10 4 2 4 2 0 5 3 2 2 4
0 16 5 7 6 0 0 0 0 0 5 4 7 7 6 7 7 7
0 41 1 5 0 0 0 0 0 0 5 7 6 0 0 0 0 0 0 7 6 5 0 0 0 0 0 5 0 0 0 7 7 7 7 3 5 2 5 5 6 6 6
0 24 4 0 0 7 6 5 3 2 2 0 7 1 2 0 7 6 5 0 0 0 0 0 5 7
0 36 7 7 7 3 5 2 4 0 0 0 0 0 0 0 7 6 0 5 7 6 7 6 5 7 3 5 2 0 0 0 0 0 7 6 5 7
0 11 7 7 4 4 4 0 7 4 0 7 3
0 15 7 6 0 0 5 0 7 6 7 3 5 2 7 7 6
0 50 7 6 5 0 0 0 0 0 0 0 0 0 0 0 5 5 0 7 6 0 0 0 0 0 0 7 6 1 0 0 4 3 0 7 7 7 7 7 3 5 2 7 7 7 7 7 3 5 2 7
0 25 7 7 7 3 5 2 4 4 7 0 7 4 7 5 0 0 0 0 5 7 7 7 7 7 3
0 25 4 7 4 0 7 7 7 3 5 2 7 7 7 7 7 3 5 2 0 0 0 0 7 6 1
0 13 7 7 3 5 2 4 0 0 5 3 0 5 1
0 6 7 7 3 5 2 7
0 3 4 2 4
0 19 4 4 7 4 0 0 0 0 0 0 0 0 0 0 7 6 7 7 3
0 25 4 4 4 4 3 0 4 0 0 5 7 6 5 3 0 4 4 7 7 7 7 6 7 7 7
0 32 0 0 0 0 0 0 0 0 0 0 0 0 7 3 5 2 5 3 0 0 5 0 5 0 0 5 0 0 0 7 6 7
0 28 0 0 0 0 0 5 7 6 5 0 5 0 0 0 0 7 6 1 4 4 2 0 0 0 0 0 0 3
0 10 3 5 2 0 0 0 4 2 2 2
0 35 4 7 3 6 7 3 6 4 4 4 4 0 7 0 7 7 6 0 0 0 0 0 7 6 0 0 0 0 7 7 7 7 7 3 5
0 7 4 7 7 7 7 7 3
0 26 7 6 7 6 5 7 6 0 0 0 7 7 7 3 5 2 4 7 0 4 4 4 3 6 4 3
0 26 7 3 5 2 4 2 0 7 3 5 2 7 7 7 3 5 2 4 3 0 7 7 7 7 7 3
0 17 7 7 7 7 7 3 5 2 4 0 0 7 7 3 5 2 7
0 21 7 7 7 7 3 5 2 7 6 0 0 0 0 5 7 3 5 2 6 6 6
0 57 7 6 0 0 5 0 7 6 7 3 5 2 7 7 6 7 7 5 3 0 0 7 7 7 7 6 5 3 4 4 0 0 0 0 5 0 0 0 4 4 7 6 7 6 5 7 6 5 0 0 5 7 7 7 7 7 3
0 17 4 4 4 4 7 6 0 4 4 7 4 4 4 3 6 7 3
0 23 4 7 2 7 0 0 0 0 0 0 0 0 0 7 7 3 5 2 5 5 7 6 7
0 99 0 7 0 0 5 0 0 0 0 0 0 0 0 0 0 0 0 0 0 0 0 0 0 0 0 0 5 0 0 0 0 7 6 7 6 7 6 5 0 0 0 0 0 0 0 0 0 0 7 7 7 3 5 2 4 4 4 7 3 6 7 3 6 7 6 7 6 7 3 6 0 7 6 7 6 4 4 7 7 3 5 2 6 7 6 7 6 1 2 4 4 0 7 7 6 5 3 2 4
0 14 4 0 7 6 4 5 5 0 0 0 0 0 3 5
0 8 3 5 2 0 0 0 4 2
0 14 4 6 7 6 7 7 5 3 3 0 7 7 7 3
0 18 5 0 0 0 0 0 0 0 5 0 0 0 0 5 5 7 7 7
0 9 3 5 2 7 7 7 7 7 3
0 29 7 6 0 0 5 0 7 6 7 3 5 2 7 7 6 7 7 5 3 0 0 7 7 7 7 6 5 3 4
0 15 4 0 0 7 6 5 3 2 2 0 7 1 2 0 7
0 13 5 7 6 0 0 0 0 0 7 6 7 5 3
0 24 4 4 7 0 0 0 0 5 7 6 5 0 0 0 0 0 0 0 7 7 7 7 7 3
0 18 7 7 7 3 5 2 4 4 4 7 4 4 4 0 7 4 7 3
0 9 5 0 7 4 4 7 6 7 3
0 12 3 5 2 7 7 7 7 7 3 5 2 3
0 43 7 7 7 3 5 2 4 4 7 0 7 4 7 5 0 0 0 0 5 7 7 7 7 7 3 5 2 4 5 3 0 7 7 7 7 7 3 5 2 7 7 7 3
0 26 4 7 4 0 7 7 7 3 5 2 7 7 7 7 7 3 5 2 0 0 0 0 7 6 1 2
0 8 1 5 4 2 2 4 0 7
0 4 4 4 2 4
0 2 4 6
0 87 0 7 0 0 5 0 0 0 0 0 0 0 0 0 0 0 0 0 0 0 0 0 0 0 0 0 5 0 0 0 0 7 6 7 6 7 6 5 0 0 0 0 0 0 0 0 0 0 7 7 7 3 5 2 4 4 4 7 3 6 7 3 6 7 6 7 6 7 3 6 0 7 6 7 6 4 4 7 7 3 5 2 6 7 6 7 6
0 8 4 4 0 7 6 6 6 6
0 10 0 0 0 0 3 5 2 5 2 4
0 15 4 4 7 6 6 6 1 4 0 6 6 6 6 1 2
0 15 7 6 4 3 6 4 7 4 4 4 4 4 4 4 3
0 8 7 6 1 5 5 3 0 3
0 54 7 6 0 0 5 0 7 6 7 3 5 2 7 7 6 7 7 5 3 0 0 7 7 7 7 6 5 3 4 4 0 0 0 0 5 0 0 0 4 4 7 6 7 6 5 7 6 5 0 0 5 7 7 7
0 16 4 7 2 7 0 0 0 0 0 0 0 0 0 7 7 3
0 12 1 5 4 2 2 4 0 7 6 7 6 1
0 35 4 4 0 0 7 7 7 3 5 2 5 0 0 4 4 4 7 3 6 0 0 7 6 0 7 6 7 6 3 5 2 5 4 2 4
0 18 7 6 0 0 5 0 7 6 7 3 5 2 7 7 6 7 7 5
0 10 1 5 4 2 2 4 0 7 6 7
0 19 5 4 0 7 7 6 6 6 1 0 0 7 6 5 5 5 7 6 7
0 43 4 7 7 7 7 7 3 5 2 7 7 7 3 5 2 4 0 7 4 7 4 4 7 7 3 5 2 7 7 7 3 5 2 6 7 7 6 1 0 0 1 1 3
0 15 7 3 6 4 0 0 7 4 0 7 3 5 2 5 7
0 54 4 7 4 0 7 3 6 0 7 6 7 6 0 4 7 6 4 0 7 4 7 7 0 7 6 7 6 4 3 6 7 6 7 3 6 4 3 6 4 3 6 2 7 4 7 7 6 5 0 0 0 0 4 3
0 34 1 5 0 0 0 0 0 0 5 7 6 0 0 0 0 0 0 7 6 5 0 0 0 0 0 5 0 0 0 7 7 7 7 3
0 20 7 6 5 3 5 2 7 6 7 6 0 5 1 1 1 5 4 2 4 4
0 18 7 6 7 7 7 7 7 3 5 2 0 0 0 0 0 7 6 1
0 29 4 0 0 7 6 5 3 2 2 0 7 1 2 0 7 6 5 0 0 0 0 0 5 7 3 5 2 4 3
0 40 7 7 7 3 5 2 4 4 7 0 7 4 7 5 0 0 0 0 5 7 7 7 7 7 3 5 2 4 5 3 0 7 7 7 7 7 3 5 2 7
0 6 4 4 7 6 6 6
0 48 7 6 5 3 5 2 7 6 7 6 0 5 1 1 1 5 4 2 4 4 2 0 7 7 7 7 3 5 2 4 4 4 4 4 7 7 3 5 2 7 7 7 7 7 3 5 2 7
0 4 4 4 4 3
0 9 4 4 7 0 0 0 0 5 7
0 70 4 7 4 0 7 3 6 0 7 6 7 6 0 4 7 6 4 0 7 4 7 7 0 7 6 7 6 4 3 6 7 6 7 3 6 4 3 6 4 3 6 2 7 4 7 7 6 5 0 0 0 0 4 3 0 5 1 1 5 0 0 7 7 7 3 5 2 7 6 1
0 25 7 6 5 3 5 2 7 6 7 6 0 5 1 1 1 5 4 2 4 4 2 0 7 7 7
0 24 7 7 7 3 5 2 4 4 4 7 4 0 0 0 0 0 0 0 7 7 7 7 3 5
0 16 7 7 3 5 2 7 7 7 7 7 3 5 2 5 1 5
0 27 4 4 7 0 0 0 0 5 7 6 5 0 0 0 0 0 0 0 7 7 7 7 7 3 5 2 7
0 52 0 7 0 0 5 0 0 0 0 0 0 0 0 0 0 0 0 0 0 0 0 0 0 0 0 0 5 0 0 0 0 7 6 7 6 7 6 5 0 0 0 0 0 0 0 0 0 0 7 7 7 3
0 39 7 3 6 4 0 0 7 4 0 7 3 5 2 5 7 6 0 5 3 2 0 7 7 3 5 2 0 0 0 0 0 0 0 0 0 7 7 6 6
0 27 3 5 2 7 7 7 7 7 3 5 2 3 5 2 7 6 7 5 3 2 2 0 7 7 7 7 7
0 17 4 4 7 4 0 0 0 0 0 0 0 0 0 0 7 6 7
0 7 7 7 7 3 5 2 3
0 20 7 7 3 5 2 4 0 0 5 3 0 5 1 5 0 0 7 7 3 5
0 35 4 4 2 4 4 4 0 6 1 4 2 2 0 7 7 7 7 7 3 5 2 5 0 0 0 0 7 6 0 0 0 0 0 5 3
0 45 0 0 0 0 7 6 0 0 0 0 7 6 5 0 0 7 7 7 7 3 5 2 1 0 0 5 3 3 0 0 7 4 0 7 0 7 6 7 6 7 1 2 2 0 7
0 5 4 4 2 4 4
0 3 7 7 3
0 23 0 0 0 0 3 5 2 5 2 4 2 4 2 0 0 0 0 3 5 2 7 7 3
0 3 5 0 6
0 6 4 7 3 6 7 3
0 6 5 7 6 7 7 3
0 42 7 6 5 3 5 2 7 6 7 6 0 5 1 1 1 5 4 2 4 4 2 0 7 7 7 7 3 5 2 4 4 4 4 4 7 7 3 5 2 7 7 7
0 23 7 6 5 3 5 2 7 6 7 6 0 5 1 1 1 5 4 2 4 4 2 0 7
0 8 4 4 2 4 4 4 0 6
0 25 4 4 7 0 0 0 0 5 7 6 5 0 0 0 0 0 0 0 7 7 7 7 7 3 5
0 23 4 4 4 0 4 4 7 3 6 4 7 7 4 7 2 7 4 0 7 7 7 3 5
0 9 7 3 5 2 4 2 0 7 3
0 9 4 4 0 0 7 7 7 3 5
0 12 7 7 3 5 2 7 7 7 7 7 3 5
0 24 7 7 3 5 2 4 3 0 7 7 3 5 2 7 6 0 0 0 7 6 7 6 5 7
0 5 4 7 4 4 3
0 40 4 7 3 6 7 3 6 4 4 4 4 0 7 0 7 7 6 0 0 0 0 0 7 6 0 0 0 0 7 7 7 7 7 3 5 2 7 6 5 7
0 34 7 7 7 3 5 2 0 0 0 0 7 7 7 7 3 5 2 0 0 0 5 0 0 0 7 6 0 0 0 0 0 7 6 7
0 4 3 5 2 7
0 14 4 7 4 0 7 3 6 7 3 6 4 3 6 7
0 84 0 7 0 0 5 0 0 0 0 0 0 0 0 0 0 0 0 0 0 0 0 0 0 0 0 0 5 0 0 0 0 7 6 7 6 7 6 5 0 0 0 0 0 0 0 0 0 0 7 7 7 3 5 2 4 4 4 7 3 6 7 3 6 7 6 7 6 7 3 6 0 7 6 7 6 4 4 7 7 3 5 2 6 7
0 36 7 7 7 7 3 5 2 7 6 0 0 0 0 5 7 3 5 2 6 6 6 5 3 4 4 4 2 4 0 7 7 4 7 7 7 3
0 7 2 7 4 0 4 7 3
0 107 0 7 0 0 5 0 0 0 0 0 0 0 0 0 0 0 0 0 0 0 0 0 0 0 0 0 5 0 0 0 0 7 6 7 6 7 6 5 0 0 0 0 0 0 0 0 0 0 7 7 7 3 5 2 4 4 4 7 3 6 7 3 6 7 6 7 6 7 3 6 0 7 6 7 6 4 4 7 7 3 5 2 6 7 6 7 6 1 2 4 4 0 7 7 6 5 3 2 4 2 0 7 7 7 7 7 3
0 7 7 6 4 3 6 4 2
0 23 7 3 5 2 4 2 0 7 3 5 2 7 7 7 3 5 2 4 3 0 7 7 7
0 12 7 3 5 2 0 0 0 7 7 7 3 5
0 9 4 0 0 7 6 5 3 2 2
0 37 5 7 3 5 2 0 0 0 7 6 0 4 7 7 7 7 3 5 2 7 7 7 7 1 0 0 7 7 7 7 3 5 2 6 7 7 7
0 16 4 7 4 0 7 7 7 3 5 2 7 7 7 7 7 3
0 30 4 3 0 4 4 7 4 7 0 0 0 0 0 0 0 0 0 0 0 0 7 6 5 0 0 0 0 7 6 7
0 7 4 3 5 2 6 5 3
0 15 4 4 4 0 4 4 7 3 6 4 7 7 4 7 2
0 6 5 5 7 7 3 5
0 102 0 7 0 0 5 0 0 0 0 0 0 0 0 0 0 0 0 0 0 0 0 0 0 0 0 0 5 0 0 0 0 7 6 7 6 7 6 5 0 0 0 0 0 0 0 0 0 0 7 7 7 3 5 2 4 4 4 7 3 6 7 3 6 7 6 7 6 7 3 6 0 7 6 7 6 4 4 7 7 3 5 2 6 7 6 7 6 1 2 4 4 0 7 7 6 5 3 2 4 2 0 7
0 11 4 4 7 6 6 6 1 4 0 6 6
0 15 0 0 0 0 0 0 0 0 0 0 0 0 7 3 5
0 6 7 7 7 7 7 3
0 14 7 7 7 7 3 5 2 5 4 0 7 7 6 1
0 10 2 7 0 0 5 3 0 0 5 7
0 29 7 6 4 3 6 4 2 7 0 7 6 7 3 6 7 6 7 6 4 7 4 7 4 7 5 3 0 4 3
0 31 4 7 7 7 7 7 3 5 2 7 7 7 3 5 2 4 0 7 4 7 4 4 7 7 3 5 2 7 7 7 3
0 20 4 4 7 4 0 0 0 0 0 0 0 0 0 0 7 6 7 7 3 5
0 26 7 6 4 3 6 4 2 7 0 7 6 7 3 6 7 6 7 6 4 7 4 7 4 7 5 3
0 14 7 6 7 6 5 7 6 0 0 0 7 7 7 3
0 6 7 3 5 2 1 3
0 29 4 4 0 0 7 7 7 3 5 2 5 0 0 4 4 4 7 3 6 0 0 7 6 0 7 6 7 6 3
0 65 4 3 0 4 4 7 4 7 0 0 0 0 0 0 0 0 0 0 0 0 7 6 5 0 0 0 0 7 6 7 3 5 2 5 7 6 5 0 0 0 0 0 0 0 0 0 0 0 0 0 0 0 0 0 0 0 0 0 0 0 0 0 7 3 5
0 19 7 3 5 2 4 2 0 7 3 5 2 7 7 7 3 5 2 4 3
0 36 4 4 7 4 4 7 4 7 4 4 7 6 7 6 4 4 4 7 6 4 7 3 6 4 4 4 4 4 7 4 7 3 6 7 6 7
0 10 4 4 2 4 4 4 0 6 1 4
0 31 4 7 4 0 7 3 6 0 7 6 7 6 0 4 7 6 4 0 7 4 7 7 0 7 6 7 6 4 3 6 7
0 44 7 6 5 3 5 2 7 6 7 6 0 5 1 1 1 5 4 2 4 4 2 0 7 7 7 7 3 5 2 4 4 4 4 4 7 7 3 5 2 7 7 7 7 7
0 43 4 4 4 0 4 4 7 3 6 4 7 7 4 7 2 7 4 0 7 7 7 3 5 2 3 5 2 7 7 3 5 2 5 0 0 0 0 0 0 5 7 7 7
0 11 4 3 6 0 7 6 7 7 7 7 3
0 3 4 7 3
0 9 4 7 4 7 4 7 7 6 7
0 10 7 7 7 3 5 2 3 5 2 7
0 3 7 6 7
0 12 5 7 7 7 7 3 5 2 7 6 5 7
0 15 4 6 7 6 7 7 5 3 3 0 7 7 7 3 5
0 21 3 5 2 0 0 0 4 2 2 2 0 7 6 7 6 5 4 2 4 4 4
0 50 4 4 7 4 4 7 4 7 4 4 7 6 7 6 4 4 4 7 6 4 7 3 6 4 4 4 4 4 7 4 7 3 6 7 6 7 6 0 0 0 0 0 5 0 0 7 6 7 6 7
0 23 7 7 7 7 7 3 5 2 0 0 0 0 5 0 0 0 0 0 7 7 7 7 3
0 19 2 7 4 0 4 7 3 6 7 6 5 0 0 7 7 7 7 3 5
0 45 7 6 5 3 5 2 7 6 7 6 0 5 1 1 1 5 4 2 4 4 2 0 7 7 7 7 3 5 2 4 4 4 4 4 7 7 3 5 2 7 7 7 7 7 3
0 11 7 3 5 2 0 0 0 7 7 7 3
0 26 4 4 4 0 4 4 7 3 6 4 7 7 4 7 2 7 4 0 7 7 7 3 5 2 3 5
0 40 7 7 7 3 5 2 4 0 0 0 0 0 0 0 7 6 0 5 7 6 7 6 5 7 3 5 2 0 0 0 0 0 7 6 5 7 6 5 5 7
0 11 7 6 5 0 0 0 4 2 0 5 7
0 6 4 4 4 4 7 3
0 31 4 3 0 4 4 7 4 7 0 0 0 0 0 0 0 0 0 0 0 0 7 6 5 0 0 0 0 7 6 7 3
0 6 4 4 0 7 6 6
0 11 4 4 0 7 6 6 6 6 5 3 2
0 6 5 7 7 7 7 3
0 10 7 3 5 2 4 2 0 7 3 5
0 29 4 7 4 0 7 7 7 3 5 2 7 7 7 7 7 3 5 2 0 0 0 0 7 6 1 2 0 1 3
0 38 3 5 2 5 5 4 2 7 4 7 6 5 0 0 0 0 0 0 0 0 0 5 7 6 0 0 0 0 0 0 0 7 7 7 7 7 3 5
0 8 4 7 4 0 0 7 6 7
0 5 7 7 7 7 3
0 9 4 4 7 4 4 7 4 4 3
0 47 4 4 4 3 6 7 6 4 7 6 7 6 7 3 6 4 4 7 7 5 0 0 0 7 6 0 0 0 0 0 5 5 5 5 0 0 0 7 6 0 0 7 7 7 7 3 5
0 7 4 0 0 7 6 5 3
0 37 4 7 7 7 7 7 3 5 2 7 7 7 3 5 2 4 0 7 4 7 4 4 7 7 3 5 2 7 7 7 3 5 2 6 7 7 6
0 13 4 0 7 6 4 5 5 0 0 0 0 0 3
0 27 7 7 7 7 3 5 2 7 6 0 0 0 0 5 7 3 5 2 6 6 6 5 3 4 4 4 2
0 28 7 6 0 0 5 0 7 6 7 3 5 2 7 7 6 7 7 5 3 0 0 7 7 7 7 6 5 3
0 35 5 4 0 7 7 6 6 6 1 0 0 7 6 5 5 5 7 6 7 3 5 2 5 5 0 0 5 3 0 7 7 7 7 7 3
0 37 4 7 3 6 7 3 6 4 4 4 4 0 7 0 7 7 6 0 0 0 0 0 7 6 0 0 0 0 7 7 7 7 7 3 5 2 7
0 64 0 7 0 0 5 0 0 0 0 0 0 0 0 0 0 0 0 0 0 0 0 0 0 0 0 0 5 0 0 0 0 7 6 7 6 7 6 5 0 0 0 0 0 0 0 0 0 0 7 7 7 3 5 2 4 4 4 7 3 6 7 3 6 7
0 11 4 7 4 4 0 0 0 0 0 5 7
0 69 0 7 0 0 5 0 0 0 0 0 0 0 0 0 0 0 0 0 0 0 0 0 0 0 0 0 5 0 0 0 0 7 6 7 6 7 6 5 0 0 0 0 0 0 0 0 0 0 7 7 7 3 5 2 4 4 4 7 3 6 7 3 6 7 6 7 6 7 3
0 13 0 0 0 0 3 5 2 5 2 4 2 4 2
0 15 7 6 4 3 6 4 2 7 0 7 6 7 3 6 7
0 32 4 7 2 7 0 0 0 0 0 0 0 0 0 7 7 3 5 2 5 5 7 6 7 6 7 3 5 2 4 0 4 3
0 7 3 5 2 5 5 4 2
0 26 4 2 7 0 0 7 3 5 2 5 3 0 7 3 5 2 7 6 0 0 0 5 7 7 3 5
0 3 5 5 7
0 32 7 6 5 0 0 0 0 0 0 0 0 0 0 0 5 5 0 7 6 0 0 0 0 0 0 7 6 1 0 0 4 3
0 19 4 7 0 0 7 6 0 7 6 4 7 6 0 0 0 0 0 7 1
0 19 7 7 7 7 3 5 2 7 6 0 0 0 0 5 7 3 5 2 6
0 15 7 7 7 7 3 5 2 5 4 0 7 7 6 1 3
0 14 4 4 2 4 4 4 0 6 1 4 2 2 0 7
0 9 4 6 7 6 7 7 5 3 3
0 13 4 7 2 7 7 6 7 7 5 3 0 0 1
0 20 4 4 2 4 4 4 0 6 1 4 2 2 0 7 7 7 7 7 3 5
0 41 5 0 6 1 0 4 0 0 0 0 0 5 0 0 0 0 1 1 5 5 5 0 0 5 5 0 0 0 0 0 5 7 7 3 5 2 5 3 4 2 2
0 38 5 7 3 5 2 0 0 0 7 6 0 4 7 7 7 7 3 5 2 7 7 7 7 1 0 0 7 7 7 7 3 5 2 6 7 7 7 5
0 37 7 7 7 7 3 5 2 7 6 0 0 0 0 5 7 3 5 2 6 6 6 5 3 4 4 4 2 4 0 7 7 4 7 7 7 3 5
0 8 7 6 7 7 7 7 7 3
0 37 0 5 5 5 0 0 7 7 7 7 7 3 5 2 7 6 0 0 0 0 0 0 0 0 0 0 0 5 0 0 0 0 0 5 0 7 3
0 5 4 2 4 4 4
0 34 4 7 4 0 7 3 6 0 7 6 7 6 0 4 7 6 4 0 7 4 7 7 0 7 6 7 6 4 3 6 7 6 7 3
0 2 4 3
0 36 0 7 0 0 5 0 0 0 0 0 0 0 0 0 0 0 0 0 0 0 0 0 0 0 0 0 5 0 0 0 0 7 6 7 6 7
0 9 7 6 7 7 7 7 7 3 5
0 38 7 7 7 3 5 2 4 4 7 0 7 4 7 5 0 0 0 0 5 7 7 7 7 7 3 5 2 4 5 3 0 7 7 7 7 7 3 5
0 5 7 6 5 3 5
0 13 4 7 4 0 7 7 7 3 5 2 7 7 7
0 7 0 7 6 7 6 7 5
0 17 4 7 2 7 0 0 0 0 0 0 0 0 0 7 7 3 5
0 12 4 4 7 4 7 2 7 4 7 4 2 4
0 16 7 6 0 0 5 0 7 6 7 3 5 2 7 7 6 7
0 8 4 4 0 0 7 7 7 3
0 8 0 7 6 7 6 7 5 3
0 32 4 3 0 4 4 7 4 7 0 0 0 0 0 0 0 0 0 0 0 0 7 6 5 0 0 0 0 7 6 7 3 5
0 47 7 6 5 0 0 0 0 0 0 0 0 0 0 0 5 5 0 7 6 0 0 0 0 0 0 7 6 1 0 0 4 3 0 7 7 7 7 7 3 5 2 7 7 7 7 7 3
0 21 4 4 7 4 4 4 7 6 7 6 0 0 0 0 0 0 0 0 0 5 7
0 12 4 7 7 6 0 7 3 6 4 3 6 7
0 61 7 6 5 0 0 0 0 0 0 0 0 0 0 0 5 5 0 7 6 0 0 0 0 0 0 7 6 1 0 0 4 3 0 7 7 7 7 7 3 5 2 7 7 7 7 7 3 5 2 7 7 7 3 5 2 4 0 7 6 4 3
0 39 7 6 5 0 0 0 4 2 0 5 7 6 5 4 2 2 0 7 6 0 0 0 0 0 0 0 0 0 0 0 3 5 2 3 5 2 7 7 7
0 11 4 4 7 4 7 4 3 5 2 5 1
0 17 5 7 6 0 0 0 0 0 5 4 7 7 6 7 7 7 3
0 9 3 5 2 0 0 0 4 2 2
0 14 4 4 4 4 7 6 0 4 4 7 4 4 4 3
0 46 7 6 5 0 0 0 0 0 0 0 0 0 0 0 5 5 0 7 6 0 0 0 0 0 0 7 6 1 0 0 4 3 0 7 7 7 7 7 3 5 2 7 7 7 7 7
0 4 0 7 6 7
0 40 7 3 6 4 0 0 7 4 0 7 3 5 2 5 7 6 0 5 3 2 0 7 7 3 5 2 0 0 0 0 0 0 0 0 0 7 7 6 6 5
0 11 4 7 4 0 7 7 7 3 5 2 7
0 25 4 4 4 0 4 4 7 3 6 4 7 7 4 7 2 7 4 0 7 7 7 3 5 2 3
0 9 7 6 5 3 5 2 7 6 7
0 15 7 6 7 6 5 7 6 0 0 0 7 7 7 3 5
0 42 0 0 0 0 7 6 0 0 0 0 7 6 5 0 0 7 7 7 7 3 5 2 1 0 0 5 3 3 0 0 7 4 0 7 0 7 6 7 6 7 1 2
0 98 0 7 0 0 5 0 0 0 0 0 0 0 0 0 0 0 0 0 0 0 0 0 0 0 0 0 5 0 0 0 0 7 6 7 6 7 6 5 0 0 0 0 0 0 0 0 0 0 7 7 7 3 5 2 4 4 4 7 3 6 7 3 6 7 6 7 6 7 3 6 0 7 6 7 6 4 4 7 7 3 5 2 6 7 6 7 6 1 2 4 4 0 7 7 6 5 3 2
0 22 7 3 6 4 0 0 7 4 0 7 3 5 2 5 7 6 0 5 3 2 0 7
0 29 0 0 0 0 0 5 7 6 5 0 5 0 0 0 0 7 6 1 4 4 2 0 0 0 0 0 0 3 5
0 25 7 6 0 0 0 0 0 0 0 0 0 7 6 0 0 0 7 6 0 0 0 0 0 5 7
0 4 4 2 4 4
0 13 4 0 7 0 0 0 0 0 0 0 7 6 7
0 29 7 6 7 6 0 0 0 0 0 0 0 0 5 4 7 4 4 4 7 3 6 4 3 6 7 3 6 7 3
0 50 4 4 4 0 4 4 7 3 6 4 7 7 4 7 2 7 4 0 7 7 7 3 5 2 3 5 2 7 7 3 5 2 5 0 0 0 0 0 0 5 7 7 7 7 7 3 5 2 7 3
0 24 7 3 6 4 0 0 7 4 0 7 3 5 2 5 7 6 0 5 3 2 0 7 7 3
0 5 0 0 0 0 3
0 39 4 4 7 4 4 7 4 4 3 5 2 5 0 0 0 0 7 6 7 6 5 0 0 0 0 0 0 0 0 0 0 0 0 5 3 0 6 7 6
0 41 4 7 7 7 7 7 3 5 2 7 7 7 3 5 2 4 0 7 4 7 4 4 7 7 3 5 2 7 7 7 3 5 2 6 7 7 6 1 0 0 1
0 19 0 0 0 0 0 5 7 6 5 0 5 0 0 0 0 7 6 1 4
0 15 7 6 5 3 5 2 7 6 7 6 0 5 1 1 1
0 5 4 7 3 6 7
0 17 5 4 0 7 7 6 6 6 1 0 0 7 6 5 5 5 7
0 40 7 6 5 0 0 0 4 2 0 5 7 6 5 4 2 2 0 7 6 0 0 0 0 0 0 0 0 0 0 0 3 5 2 3 5 2 7 7 7 3
0 6 4 4 4 3 6 7
0 32 4 4 7 6 6 6 1 4 0 6 6 6 6 1 2 2 2 0 5 7 6 5 7 6 4 3 0 0 7 3 6 7
0 37 4 7 4 0 7 3 6 0 7 6 7 6 0 4 7 6 4 0 7 4 7 7 0 7 6 7 6 4 3 6 7 6 7 3 6 4 3
0 43 7 7 7 3 5 2 4 0 0 0 0 0 0 0 7 6 0 5 7 6 7 6 5 7 3 5 2 0 0 0 0 0 7 6 5 7 6 5 5 7 7 3 5
0 68 4 7 4 0 7 3 6 0 7 6 7 6 0 4 7 6 4 0 7 4 7 7 0 7 6 7 6 4 3 6 7 6 7 3 6 4 3 6 4 3 6 2 7 4 7 7 6 5 0 0 0 0 4 3 0 5 1 1 5 0 0 7 7 7 3 5 2 7
0 26 4 0 0 7 6 5 3 2 2 0 7 1 2 0 7 6 5 0 0 0 0 0 5 7 3 5
0 81 0 7 0 0 5 0 0 0 0 0 0 0 0 0 0 0 0 0 0 0 0 0 0 0 0 0 5 0 0 0 0 7 6 7 6 7 6 5 0 0 0 0 0 0 0 0 0 0 7 7 7 3 5 2 4 4 4 7 3 6 7 3 6 7 6 7 6 7 3 6 0 7 6 7 6 4 4 7 7 3 5
0 28 2 7 4 3 6 0 7 6 4 4 0 7 7 5 3 0 0 0 0 5 5 7 6 7 7 7 7 7
0 10 1 5 0 0 0 0 0 0 5 7
0 34 4 7 2 7 0 0 0 0 0 0 0 0 0 7 7 3 5 2 5 5 7 6 7 6 7 3 5 2 4 0 4 3 6 7
0 19 7 7 7 3 5 2 4 0 0 0 0 0 0 0 7 6 0 5 7
0 90 0 7 0 0 5 0 0 0 0 0 0 0 0 0 0 0 0 0 0 0 0 0 0 0 0 0 5 0 0 0 0 7 6 7 6 7 6 5 0 0 0 0 0 0 0 0 0 0 7 7 7 3 5 2 4 4 4 7 3 6 7 3 6 7 6 7 6 7 3 6 0 7 6 7 6 4 4 7 7 3 5 2 6 7 6 7 6 1 2 4
0 42 1 5 0 0 0 0 0 0 5 7 6 0 0 0 0 0 0 7 6 5 0 0 0 0 0 5 0 0 0 7 7 7 7 3 5 2 5 5 6 6 6 1
0 8 4 7 4 0 7 3 6 7
0 8 4 4 4 0 4 4 7 3
0 14 4 7 4 4 4 7 7 6 5 5 7 6 7 3
0 9 4 7 4 0 7 7 7 3 5
0 41 7 3 6 4 0 0 7 4 0 7 3 5 2 5 7 6 0 5 3 2 0 7 7 3 5 2 0 0 0 0 0 0 0 0 0 7 7 6 6 5 3
0 6 7 7 7 7 3 5
0 14 5 3 0 5 5 0 0 7 6 4 7 4 4 3
0 36 4 7 2 7 0 0 0 0 0 0 0 0 0 7 7 3 5 2 5 5 7 6 7 6 7 3 5 2 4 0 4 3 6 7 6 7
0 10 0 0 0 0 7 7 7 7 3 5
0 11 4 7 4 4 4 7 7 6 5 5 7
0 40 3 5 2 5 5 4 2 7 4 7 6 5 0 0 0 0 0 0 0 0 0 5 7 6 0 0 0 0 0 0 0 7 7 7 7 7 3 5 2 7
0 27 7 7 3 5 2 4 0 0 5 3 0 5 1 5 0 0 7 7 3 5 2 1 1 3 0 7 1
0 60 4 4 7 0 0 0 0 5 7 6 5 0 0 0 0 0 0 0 7 7 7 7 7 3 5 2 7 7 3 5 2 5 5 5 0 0 5 1 1 5 3 0 7 6 0 0 0 0 0 0 0 0 0 0 7 6 7 7 3 5
0 6 4 7 4 7 7 3
0 7 4 4 7 6 6 6 1
0 11 4 0 0 7 6 5 3 2 2 0 7
0 42 4 7 7 7 7 7 3 5 2 7 7 7 3 5 2 4 0 7 4 7 4 4 7 7 3 5 2 7 7 7 3 5 2 6 7 7 6 1 0 0 1 1
0 6 7 6 1 5 5 3
0 36 4 7 7 7 7 7 3 5 2 7 7 7 3 5 2 4 0 7 4 7 4 4 7 7 3 5 2 7 7 7 3 5 2 6 7 7
0 9 4 7 3 6 0 4 7 6 2
0 12 5 7 6 0 0 0 0 0 5 5 7 3
0 35 7 6 5 0 0 0 4 2 0 5 7 6 5 4 2 2 0 7 6 0 0 0 0 0 0 0 0 0 0 0 3 5 2 3 5
0 9 7 3 5 2 1 3 0 5 1
0 10 4 4 4 7 6 7 6 7 6 7
0 37 7 7 7 3 5 2 4 4 7 0 7 4 7 5 0 0 0 0 5 7 7 7 7 7 3 5 2 4 5 3 0 7 7 7 7 7 3
0 23 0 0 0 0 7 6 0 0 0 0 7 6 5 0 0 7 7 7 7 3 5 2 1
0 11 4 2 7 0 0 7 3 5 2 5 3
0 6 0 7 6 7 6 7
0 9 2 7 4 0 4 7 3 6 7
0 30 4 4 0 0 7 7 7 3 5 2 5 0 0 4 4 4 7 3 6 0 0 7 6 0 7 6 7 6 3 5
0 38 4 4 7 0 0 0 0 5 7 6 5 0 0 0 0 0 0 0 7 7 7 7 7 3 5 2 7 7 3 5 2 5 5 5 0 0 5 1
0 16 5 0 0 0 0 0 0 0 5 0 0 0 0 5 5 7
0 21 7 6 5 3 5 2 7 6 7 6 0 5 1 1 1 5 4 2 4 4 2
0 26 7 6 7 6 0 0 0 0 0 0 0 0 5 4 7 4 4 4 7 3 6 4 3 6 7 3
0 35 4 7 7 7 7 7 3 5 2 7 7 7 3 5 2 4 0 7 4 7 4 4 7 7 3 5 2 7 7 7 3 5 2 6 7
0 27 4 4 4 4 3 0 4 0 0 5 7 6 5 3 0 4 4 7 7 7 7 6 7 7 7 5 3
0 54 7 6 5 0 0 0 0 0 0 0 0 0 0 0 5 5 0 7 6 0 0 0 0 0 0 7 6 1 0 0 4 3 0 7 7 7 7 7 3 5 2 7 7 7 7 7 3 5 2 7 7 7 3 5
0 13 0 5 5 5 0 0 7 7 7 7 7 3 5
0 16 7 3 5 2 4 2 0 7 3 5 2 7 7 7 3 5
0 7 7 7 3 5 2 4 3
0 14 4 4 7 6 6 6 1 4 0 6 6 6 6 1
0 12 4 4 2 4 4 4 0 6 1 4 2 2
0 10 4 4 7 6 6 6 1 4 0 6
0 8 4 7 4 0 7 7 7 3
0 39 5 7 3 5 2 0 0 0 7 6 0 4 7 7 7 7 3 5 2 7 7 7 7 1 0 0 7 7 7 7 3 5 2 6 7 7 7 5 3
0 13 4 2 7 0 0 7 3 5 2 5 3 0 7
0 7 0 7 3 6 0 4 3
0 30 7 7 7 7 3 5 2 7 6 0 0 0 0 5 7 3 5 2 6 6 6 5 3 4 4 4 2 4 0 7
0 47 4 4 4 0 4 4 7 3 6 4 7 7 4 7 2 7 4 0 7 7 7 3 5 2 3 5 2 7 7 3 5 2 5 0 0 0 0 0 0 5 7 7 7 7 7 3 5
0 24 7 7 7 3 5 2 4 4 7 0 7 4 7 5 0 0 0 0 5 7 7 7 7 7
0 30 4 4 4 0 4 4 7 3 6 4 7 7 4 7 2 7 4 0 7 7 7 3 5 2 3 5 2 7 7 3
0 9 4 2 4 4 4 4 0 3 5
0 43 4 4 7 0 0 0 0 5 7 6 5 0 0 0 0 0 0 0 7 7 7 7 7 3 5 2 7 7 3 5 2 5 5 5 0 0 5 1 1 5 3 0 7
0 46 4 4 4 3 6 7 6 4 7 6 7 6 7 3 6 4 4 7 7 5 0 0 0 7 6 0 0 0 0 0 5 5 5 5 0 0 0 7 6 0 0 7 7 7 7 3
0 9 4 4 0 7 6 6 6 6 5
0 25 7 3 6 4 0 0 7 4 0 7 3 5 2 5 7 6 0 5 3 2 0 7 7 3 5
0 97 0 7 0 0 5 0 0 0 0 0 0 0 0 0 0 0 0 0 0 0 0 0 0 0 0 0 5 0 0 0 0 7 6 7 6 7 6 5 0 0 0 0 0 0 0 0 0 0 7 7 7 3 5 2 4 4 4 7 3 6 7 3 6 7 6 7 6 7 3 6 0 7 6 7 6 4 4 7 7 3 5 2 6 7 6 7 6 1 2 4 4 0 7 7 6 5 3
0 26 7 7 3 5 2 4 3 0 7 7 3 5 2 7 6 0 0 0 7 6 7 6 5 7 7 7
0 3 7 6 1
0 34 7 6 5 0 0 0 4 2 0 5 7 6 5 4 2 2 0 7 6 0 0 0 0 0 0 0 0 0 0 0 3 5 2 3
0 28 7 7 7 7 3 5 2 7 6 0 0 0 0 5 7 3 5 2 6 6 6 5 3 4 4 4 2 4
0 37 0 0 0 0 0 0 0 0 0 0 0 0 7 3 5 2 5 3 0 0 5 0 5 0 0 5 0 0 0 7 6 7 7 7 7 7 3
0 4 5 7 6 7
0 27 7 3 5 2 4 2 0 7 3 5 2 7 7 7 3 5 2 4 3 0 7 7 7 7 7 3 5
0 9 4 3 6 0 7 6 7 7 7
0 12 0 5 5 5 0 0 7 7 7 7 7 3
0 4 2 7 4 3
0 18 3 5 2 7 7 7 7 7 3 5 2 3 5 2 7 6 7 5
0 8 7 7 7 7 3 5 2 7
0 5 4 4 7 6 6
0 13 4 7 7 7 7 7 3 5 2 7 7 7 3
0 19 0 0 0 0 3 5 2 5 2 4 2 4 2 0 0 0 0 3 5
0 6 4 4 4 7 6 7
0 36 4 4 0 0 7 7 7 3 5 2 5 0 0 4 4 4 7 3 6 0 0 7 6 0 7 6 7 6 3 5 2 5 4 2 4 2
0 6 4 6 7 6 7 7
0 15 0 5 5 5 0 0 7 7 7 7 7 3 5 2 7
0 4 6 6 6 6
0 22 5 0 0 7 7 7 7 3 5 2 0 0 0 0 0 7 6 0 7 7 3 5
0 14 4 4 0 7 6 6 6 6 5 3 2 2 4 2
0 35 1 5 0 0 0 0 0 0 5 7 6 0 0 0 0 0 0 7 6 5 0 0 0 0 0 5 0 0 0 7 7 7 7 3 5
0 14 7 7 4 4 4 0 7 4 0 7 3 6 7 3
0 11 4 6 7 6 7 7 5 3 3 0 7
0 10 4 4 0 7 6 6 6 6 5 3
0 1 6
0 2 6 6
0 19 7 7 7 3 5 2 3 5 2 7 6 5 5 4 4 4 7 6 7
0 8 4 4 7 6 6 6 1 4
0 38 7 6 5 3 5 2 7 6 7 6 0 5 1 1 1 5 4 2 4 4 2 0 7 7 7 7 3 5 2 4 4 4 4 4 7 7 3 5
0 13 4 6 7 6 7 7 5 3 3 0 7 7 7
0 6 5 4 4 0 7 3
0 9 5 0 0 7 7 7 7 3 5
0 8 2 7 0 0 5 7 6 7
0 61 0 7 0 0 5 0 0 0 0 0 0 0 0 0 0 0 0 0 0 0 0 0 0 0 0 0 5 0 0 0 0 7 6 7 6 7 6 5 0 0 0 0 0 0 0 0 0 0 7 7 7 3 5 2 4 4 4 7 3 6 7
0 22 4 4 7 4 4 7 4 7 4 4 7 6 7 6 4 4 4 7 6 4 7 3
0 14 7 3 5 2 4 2 0 7 3 5 2 7 7 7
0 43 4 0 0 7 6 5 3 2 2 0 7 1 2 0 7 6 5 0 0 0 0 0 5 7 3 5 2 4 3 0 0 0 0 0 5 0 0 7 6 5 5 1 5
0 19 5 0 6 1 0 4 0 0 0 0 0 5 0 0 0 0 1 1 5
0 18 3 5 2 0 0 0 4 2 2 2 0 7 6 7 6 5 4 2
0 5 7 6 1 5 5
0 21 7 7 3 5 2 4 3 0 7 7 3 5 2 7 6 0 0 0 7 6 7
0 7 4 4 0 7 6 6 6
0 13 4 4 0 7 6 6 6 6 5 3 2 2 4
0 42 7 6 5 0 0 0 0 0 0 0 0 0 0 0 5 5 0 7 6 0 0 0 0 0 0 7 6 1 0 0 4 3 0 7 7 7 7 7 3 5 2 7
0 46 7 6 5 3 5 2 7 6 7 6 0 5 1 1 1 5 4 2 4 4 2 0 7 7 7 7 3 5 2 4 4 4 4 4 7 7 3 5 2 7 7 7 7 7 3 5
0 20 7 3 6 4 0 0 7 4 0 7 3 5 2 5 7 6 0 5 3 2
0 8 5 0 0 7 7 7 7 3
0 14 7 7 7 7 7 3 5 2 4 0 0 7 7 3
0 9 4 7 5 5 0 0 5 1 5
0 17 5 7 3 5 2 0 0 0 7 6 0 4 7 7 7 7 3
0 12 4 3 6 0 7 6 7 7 7 7 3 5
0 42 7 7 7 7 3 5 2 5 4 0 7 7 6 1 3 0 5 0 0 6 5 3 3 0 7 6 0 0 0 0 0 0 0 0 0 0 7 7 7 7 3 5
0 17 4 7 4 0 7 7 7 3 5 2 7 7 7 7 7 3 5
0 36 5 4 0 7 7 6 6 6 1 0 0 7 6 5 5 5 7 6 7 3 5 2 5 5 0 0 5 3 0 7 7 7 7 7 3 5
0 12 4 4 7 4 4 4 7 7 7 7 7 3
0 10 7 7 3 5 2 7 7 7 7 7
0 9 4 7 6 0 4 3 6 4 2
0 25 7 6 7 6 0 0 0 0 0 0 0 0 5 4 7 4 4 4 7 3 6 4 3 6 7
0 38 0 0 0 0 0 0 0 0 0 0 0 0 7 3 5 2 5 3 0 0 5 0 5 0 0 5 0 0 0 7 6 7 7 7 7 7 3 5
0 15 3 5 2 7 7 7 7 7 3 5 2 3 5 2 7
0 16 4 4 7 6 6 6 1 4 0 6 6 6 6 1 2 2
0 48 4 4 7 4 4 7 4 7 4 4 7 6 7 6 4 4 4 7 6 4 7 3 6 4 4 4 4 4 7 4 7 3 6 7 6 7 6 0 0 0 0 0 5 0 0 7 6 7
0 12 5 7 6 0 0 0 0 0 7 6 7 5
0 20 5 7 3 5 2 0 0 0 7 6 0 4 7 7 7 7 3 5 2 7
0 18 2 7 4 0 4 7 3 6 7 6 5 0 0 7 7 7 7 3
0 26 7 7 7 3 5 2 4 4 4 7 4 4 4 0 7 4 7 3 6 4 3 6 4 3 6 7
0 18 0 0 0 0 3 5 2 5 2 4 2 4 2 0 0 0 0 3
0 29 4 4 7 0 0 0 0 5 7 6 5 0 0 0 0 0 0 0 7 7 7 7 7 3 5 2 7 7 3
0 6 2 7 0 0 5 7
0 52 7 6 0 0 5 0 7 6 7 3 5 2 7 7 6 7 7 5 3 0 0 7 7 7 7 6 5 3 4 4 0 0 0 0 5 0 0 0 4 4 7 6 7 6 5 7 6 5 0 0 5 7
0 5 5 3 0 5 1
0 51 4 4 4 3 6 7 6 4 7 6 7 6 7 3 6 4 4 7 7 5 0 0 0 7 6 0 0 0 0 0 5 5 5 5 0 0 0 7 6 0 0 7 7 7 7 3 5 2 7 6 7
0 14 7 6 5 3 5 2 7 6 7 6 0 5 1 1
0 31 4 4 4 0 4 4 7 3 6 4 7 7 4 7 2 7 4 0 7 7 7 3 5 2 3 5 2 7 7 3 5
0 26 4 7 4 0 7 3 6 0 7 6 7 6 0 4 7 6 4 0 7 4 7 7 0 7 6 7
0 27 4 4 0 0 7 7 7 3 5 2 5 0 0 4 4 4 7 3 6 0 0 7 6 0 7 6 7
0 12 7 7 3 5 2 4 3 0 7 7 3 5
0 28 4 4 4 0 4 4 7 3 6 4 7 7 4 7 2 7 4 0 7 7 7 3 5 2 3 5 2 7
0 21 4 7 4 4 0 0 0 0 0 5 7 6 0 0 0 0 7 6 6 6 7
0 21 7 7 7 7 3 5 2 5 4 0 7 7 6 1 3 0 5 0 0 6 5
0 59 4 7 4 0 7 3 6 0 7 6 7 6 0 4 7 6 4 0 7 4 7 7 0 7 6 7 6 4 3 6 7 6 7 3 6 4 3 6 4 3 6 2 7 4 7 7 6 5 0 0 0 0 4 3 0 5 1 1 5
0 106 0 7 0 0 5 0 0 0 0 0 0 0 0 0 0 0 0 0 0 0 0 0 0 0 0 0 5 0 0 0 0 7 6 7 6 7 6 5 0 0 0 0 0 0 0 0 0 0 7 7 7 3 5 2 4 4 4 7 3 6 7 3 6 7 6 7 6 7 3 6 0 7 6 7 6 4 4 7 7 3 5 2 6 7 6 7 6 1 2 4 4 0 7 7 6 5 3 2 4 2 0 7 7 7 7 7
0 48 7 3 6 4 0 0 7 4 0 7 3 5 2 5 7 6 0 5 3 2 0 7 7 3 5 2 0 0 0 0 0 0 0 0 0 7 7 6 6 5 3 2 0 6 7 5 3 3
0 65 4 7 4 0 7 3 6 0 7 6 7 6 0 4 7 6 4 0 7 4 7 7 0 7 6 7 6 4 3 6 7 6 7 3 6 4 3 6 4 3 6 2 7 4 7 7 6 5 0 0 0 0 4 3 0 5 1 1 5 0 0 7 7 7 3
0 7 4 2 7 0 0 7 3
0 6 4 4 2 4 4 4
0 14 4 3 6 0 7 6 7 7 7 7 3 5 2 7
0 50 7 6 5 3 5 2 7 6 7 6 0 5 1 1 1 5 4 2 4 4 2 0 7 7 7 7 3 5 2 4 4 4 4 4 7 7 3 5 2 7 7 7 7 7 3 5 2 7 7 7
0 89 0 7 0 0 5 0 0 0 0 0 0 0 0 0 0 0 0 0 0 0 0 0 0 0 0 0 5 0 0 0 0 7 6 7 6 7 6 5 0 0 0 0 0 0 0 0 0 0 7 7 7 3 5 2 4 4 4 7 3 6 7 3 6 7 6 7 6 7 3 6 0 7 6 7 6 4 4 7 7 3 5 2 6 7 6 7 6 1 2
0 5 7 7 7 7 7
0 52 7 6 5 3 5 2 7 6 7 6 0 5 1 1 1 5 4 2 4 4 2 0 7 7 7 7 3 5 2 4 4 4 4 4 7 7 3 5 2 7 7 7 7 7 3 5 2 7 7 7 7 3
0 22 4 7 5 5 0 0 5 1 5 5 0 0 4 4 0 7 7 7 7 7 3 5
0 4 1 5 4 2
0 33 4 7 4 0 0 7 6 7 6 0 4 7 5 0 0 0 0 0 5 0 0 0 0 0 7 6 0 0 5 5 7 7 7
0 28 4 7 4 4 0 0 0 0 0 5 7 6 0 0 0 0 7 6 6 6 7 1 0 0 7 7 7 3
0 12 4 4 7 4 7 4 3 5 2 5 1 1
0 14 5 7 6 0 0 0 0 0 5 4 7 7 6 7
0 11 0 0 0 0 3 5 2 5 2 4 2
0 24 7 7 3 5 2 4 0 0 5 3 0 5 1 5 0 0 7 7 3 5 2 1 1 3
0 24 2 7 4 3 6 0 7 6 4 4 0 7 7 5 3 0 0 0 0 5 5 7 6 7
0 9 4 4 2 4 4 4 0 6 1
0 11 4 7 4 7 4 7 7 6 7 3 5
0 14 4 2 7 0 0 7 3 5 2 5 3 0 7 3
0 34 5 4 0 7 7 6 6 6 1 0 0 7 6 5 5 5 7 6 7 3 5 2 5 5 0 0 5 3 0 7 7 7 7 7
0 11 4 7 4 4 3 0 0 0 0 5 3
0 35 4 7 4 4 0 7 4 4 7 7 7 4 7 4 4 7 6 5 0 0 5 0 0 0 0 0 0 0 0 0 0 0 5 5 7
0 20 7 6 7 7 7 7 7 3 5 2 0 0 0 0 0 7 6 1 5 1
0 7 7 6 5 3 5 2 7
0 23 4 4 4 4 3 0 4 0 0 5 7 6 5 3 0 4 4 7 7 7 7 6 7
0 32 5 0 6 1 0 4 0 0 0 0 0 5 0 0 0 0 1 1 5 5 5 0 0 5 5 0 0 0 0 0 5 7
0 8 4 4 7 4 7 4 3 5
0 16 4 4 2 4 4 4 0 6 1 4 2 2 0 7 7 7
0 18 5 0 0 4 7 0 4 4 3 6 4 7 3 6 4 7 3 5
0 9 4 4 7 4 4 4 7 6 7
0 36 7 6 5 0 0 0 0 0 0 0 0 0 0 0 5 5 0 7 6 0 0 0 0 0 0 7 6 1 0 0 4 3 0 7 7 7
0 14 5 7 7 7 7 3 5 2 7 6 5 7 6 7
0 9 0 0 0 0 3 5 2 5 2
0 23 7 7 3 5 2 4 0 0 5 3 0 5 1 5 0 0 7 7 3 5 2 1 1
0 39 7 6 5 0 0 0 0 0 0 0 0 0 0 0 5 5 0 7 6 0 0 0 0 0 0 7 6 1 0 0 4 3 0 7 7 7 7 7 3
0 29 4 7 4 0 7 3 6 0 7 6 7 6 0 4 7 6 4 0 7 4 7 7 0 7 6 7 6 4 3
0 13 7 7 4 4 4 0 7 4 0 7 3 6 7
0 15 7 7 7 7 3 5 2 7 6 0 0 0 0 5 7
0 64 4 3 0 4 4 7 4 7 0 0 0 0 0 0 0 0 0 0 0 0 7 6 5 0 0 0 0 7 6 7 3 5 2 5 7 6 5 0 0 0 0 0 0 0 0 0 0 0 0 0 0 0 0 0 0 0 0 0 0 0 0 0 7 3
0 4 5 7 7 7
0 50 7 3 6 4 0 0 7 4 0 7 3 5 2 5 7 6 0 5 3 2 0 7 7 3 5 2 0 0 0 0 0 0 0 0 0 7 7 6 6 5 3 2 0 6 7 5 3 3 0 3
0 6 6 6 6 6 5 3
0 36 0 0 0 0 0 0 0 0 0 0 0 0 7 3 5 2 5 3 0 0 5 0 5 0 0 5 0 0 0 7 6 7 7 7 7 7
0 40 7 6 5 0 0 0 0 0 0 0 0 0 0 0 5 5 0 7 6 0 0 0 0 0 0 7 6 1 0 0 4 3 0 7 7 7 7 7 3 5
0 24 3 5 2 0 0 0 4 2 2 2 0 7 6 7 6 5 4 2 4 4 4 0 4 3
0 12 7 3 5 2 4 2 0 7 3 5 2 7
