1371 8
1 66 4 4 4 4 4 4 4 4 4 4 3 4 1 1 0 0 0 0 1 5 3 1 1 1 1 1 0 0 0 1 5 3 1 1 1 1 1 0 0 0 1 5 3 1 1 1 5 1 5 6 7 2 6 1 7 2 6 1 7 7 7 5 4 7 6 5
1 70 4 4 4 4 4 4 6 7 4 6 7 4 1 1 1 1 0 0 0 0 0 1 5 3 1 1 1 1 0 0 1 5 1 1 1 5 3 1 1 1 1 1 1 0 0 1 5 1 1 0 0 0 0 0 1 5 3 5 6 7 7 7 7 5 5 7 6 7 2 6
1 57 4 4 4 4 4 4 3 4 4 0 0 0 0 0 1 1 1 1 0 0 0 0 1 5 3 1 1 1 0 0 0 0 1 5 1 1 1 1 1 1 0 0 1 5 3 1 1 1 1 1 0 0 1 5 1 5 6
1 51 4 4 4 4 4 1 1 1 0 0 0 0 1 5 1 1 1 1 1 0 0 0 0 1 5 1 1 1 0 1 5 3 1 1 1 1 1 1 1 5 1 5 6 7 1 1 1 5 1 7 7
1 62 4 4 4 4 0 0 4 6 7 0 0 0 0 0 1 1 1 1 1 1 0 1 5 1 1 0 0 1 5 3 1 1 1 0 0 0 0 0 1 5 1 1 1 1 1 1 5 3 5 6 7 7 2 6 4 0 0 0 5 7 6 4
1 11 4 5 6 7 2 6 1 7 2 6 1
1 40 4 6 7 4 0 0 1 1 0 0 1 5 1 1 1 1 1 1 1 0 0 1 5 1 1 1 1 1 1 1 0 1 5 1 5 6 7 2 6 1
1 70 4 4 4 4 0 0 0 0 0 0 0 4 1 1 1 1 0 0 0 0 0 1 5 1 1 1 1 1 1 0 0 0 0 1 5 3 1 1 1 1 0 0 1 5 3 1 1 1 1 0 0 0 0 0 1 5 3 5 6 7 7 2 6 1 7 7 2 6 1 7
1 60 4 3 4 6 7 0 0 4 6 7 0 0 1 1 1 0 1 5 1 1 1 1 1 1 0 0 0 1 5 1 1 0 0 0 1 5 3 1 1 1 1 1 5 1 1 1 1 1 1 1 0 0 0 1 5 1 5 6 7 7
1 46 4 4 0 0 0 4 4 1 0 0 0 1 5 3 1 1 1 0 0 1 5 1 1 1 1 1 0 0 1 5 1 1 1 1 1 1 0 0 0 0 0 1 5 3 5 6
1 37 4 4 3 4 4 4 4 4 0 0 0 0 4 6 7 0 5 6 7 7 7 7 2 6 7 6 7 2 6 4 0 0 0 4 7 6 4
1 43 0 0 0 4 0 0 0 4 6 7 1 0 0 1 5 1 1 1 1 1 0 0 1 5 1 1 1 1 1 1 5 1 1 0 0 0 0 0 1 5 3 5 6
1 20 4 4 4 3 4 6 7 4 6 7 4 6 7 4 4 6 7 5 6 7
1 9 4 4 4 4 4 5 6 7 7
1 63 4 4 0 0 4 6 7 4 4 6 7 1 1 1 1 1 1 0 0 0 1 5 1 1 1 1 1 1 0 0 0 0 0 1 5 3 1 1 1 1 0 1 5 1 1 1 0 0 0 0 0 1 5 3 5 6 7 7 2 6 1 7 7
1 4 4 4 5 6
1 32 4 4 4 1 1 1 1 1 0 0 1 5 1 1 1 1 1 1 1 1 5 3 1 1 0 0 0 1 5 3 5 6
1 45 4 3 0 1 0 0 0 0 1 5 3 1 1 1 1 0 0 0 0 1 5 3 1 1 0 1 5 1 1 1 1 5 3 5 6 7 2 6 0 0 0 0 4 0 0
1 54 4 3 3 4 6 7 4 6 7 1 1 0 0 1 5 1 1 1 1 1 1 1 0 0 0 0 0 1 5 3 5 6 7 7 2 6 1 7 1 1 1 3 5 1 7 2 6 0 0 0 0 0 0 4
1 65 4 3 4 4 4 4 4 4 4 1 1 0 0 0 0 0 1 5 3 1 1 1 1 0 0 0 0 0 1 5 3 1 1 1 1 1 1 0 0 0 0 0 1 5 3 5 6 7 7 3 1 5 5 5 7 6 5 4 7 7 2 6 7 6 4
1 67 4 4 3 4 4 6 7 4 4 6 7 4 1 1 0 0 1 5 3 1 1 1 1 0 0 0 0 0 1 5 1 1 1 1 1 0 0 0 1 5 1 1 1 1 1 1 0 0 0 0 1 5 3 1 1 0 0 1 5 3 5 6 7 7 2 6 1
1 61 4 4 4 4 6 7 0 0 0 4 1 1 1 1 1 1 0 0 0 1 5 3 1 1 0 0 0 0 1 5 1 1 1 1 1 1 1 0 0 1 5 1 1 1 0 0 0 0 1 5 3 1 0 0 0 0 1 5 3 5 6
1 28 0 0 0 0 0 0 0 0 5 6 7 7 7 7 1 3 1 3 5 1 7 1 1 3 1 1 5 1
1 38 4 4 4 0 0 4 6 7 1 1 1 5 1 5 6 7 3 3 3 5 0 0 0 0 0 0 4 0 0 0 0 7 7 7 2 6 5 7
1 56 0 0 0 0 0 1 1 1 0 0 0 0 0 1 5 3 1 1 0 1 5 1 1 1 1 1 1 1 0 0 1 5 1 1 1 1 1 1 0 0 1 5 1 5 6 7 2 6 7 6 7 1 3 5 7 7
1 43 3 4 4 6 7 4 4 6 7 4 6 7 1 1 1 1 1 5 3 5 6 7 2 6 1 7 1 5 4 4 7 2 6 5 0 0 0 0 0 0 4 4 7
1 47 3 4 4 4 4 4 0 0 0 1 1 1 1 1 0 0 1 5 1 1 0 0 0 0 0 1 5 3 5 6 7 1 1 3 3 5 4 4 7 6 7 7 7 2 6 1 7
1 64 4 4 6 7 0 0 0 0 4 4 6 7 0 0 0 1 0 0 1 5 3 1 0 1 5 3 1 0 0 0 0 1 5 1 1 1 1 5 3 1 1 1 0 1 5 1 5 6 7 2 6 1 7 3 5 5 7 6 4 7 6 5 7 7
1 73 3 4 3 3 0 0 4 4 0 0 0 0 0 1 0 0 0 0 1 5 1 1 1 1 0 0 0 0 1 5 3 1 1 1 1 0 0 0 1 5 3 1 1 1 5 3 1 1 1 1 0 0 0 0 1 5 1 5 6 7 2 6 1 7 1 3 3 1 1 5 5 5 4
1 39 4 3 4 4 4 4 0 0 0 0 1 1 1 0 0 0 0 0 1 5 3 1 1 1 1 1 1 0 1 5 3 5 6 7 1 1 1 5 1
1 33 0 0 4 1 1 1 0 0 0 0 0 1 5 3 1 1 1 1 5 1 1 1 1 1 1 0 1 5 3 5 6 7 7
1 30 4 4 1 1 5 3 5 6 7 2 6 7 6 7 1 1 3 1 1 5 4 5 0 0 0 0 0 0 5 5
1 41 4 3 0 0 0 4 1 0 1 5 1 1 1 1 5 1 1 1 1 1 1 0 0 0 1 5 3 5 6 7 2 6 1 7 1 3 3 1 5 1 7
1 63 3 3 4 3 0 4 6 7 0 4 0 0 0 0 1 1 1 1 0 0 0 0 1 5 1 1 1 0 0 0 0 0 1 5 1 1 1 1 1 0 1 5 1 1 1 1 1 1 0 0 1 5 3 5 6 7 7 7 7 2 6 1 7
1 19 3 0 0 0 5 6 7 7 1 1 1 3 5 1 7 2 6 1 7
1 16 3 3 4 5 6 7 7 7 1 5 7 1 1 5 1 7
1 67 3 3 4 0 0 0 4 6 7 4 4 1 1 1 1 1 0 0 0 0 0 1 5 1 1 0 1 5 1 1 1 1 0 0 0 0 1 5 3 5 6 7 2 6 0 0 0 5 5 0 0 0 0 0 0 7 2 6 0 0 0 0 7 7 2 6 1
1 84 4 4 4 4 4 4 4 4 4 0 0 0 0 0 0 0 1 1 1 1 1 0 0 0 0 1 5 3 1 0 0 0 0 1 5 3 1 1 1 1 0 1 5 1 1 1 1 1 0 0 1 5 1 5 6 7 7 2 6 1 7 1 3 1 1 1 5 7 6 0 0 0 0 0 5 7 5 7 6 7 6 4 4 5
1 55 0 0 0 0 0 0 0 1 1 0 0 1 5 1 1 1 1 1 1 1 1 5 3 1 1 1 1 0 0 0 1 5 3 1 0 0 0 0 1 5 1 1 1 1 1 1 1 5 1 5 6 7 7 7 7
1 50 3 3 3 4 4 0 0 0 0 0 0 0 0 0 0 1 0 1 5 1 1 1 1 0 0 1 5 1 1 1 1 1 0 0 0 1 5 1 1 0 0 0 0 0 1 5 3 5 6 7
1 44 4 4 4 4 4 4 4 6 7 4 1 1 1 1 1 0 0 1 5 3 1 1 1 1 0 0 1 5 3 5 6 7 2 6 7 7 2 6 1 7 2 6 1 7
1 56 3 1 0 0 0 0 0 1 5 1 1 1 1 1 0 0 0 1 5 1 1 1 1 1 1 1 1 5 3 1 1 1 1 1 0 0 0 0 0 1 5 3 5 6 7 2 6 4 7 6 7 6 0 7 7 7
1 16 4 4 4 4 4 4 6 7 4 4 0 0 5 6 7 7
1 67 4 4 6 7 4 6 7 1 1 1 1 1 0 1 5 1 1 0 0 0 1 5 3 1 1 1 1 0 0 0 0 1 5 1 1 1 1 1 0 0 0 0 1 5 3 5 6 7 2 6 1 7 5 7 6 7 6 7 6 4 7 2 6 4 4 5 4
1 62 4 4 4 4 3 4 4 4 4 4 6 7 1 1 1 1 0 0 0 0 1 5 1 1 1 1 1 1 5 3 1 1 0 0 1 5 3 1 1 1 1 1 1 0 0 0 1 5 1 5 6 7 7 3 1 5 7 1 1 3 5 1
1 25 4 3 5 6 7 7 1 1 1 3 5 5 7 6 0 0 0 0 0 4 7 1 1 5 1
0 26 4 4 4 0 4 6 7 1 1 1 1 1 1 0 0 1 5 1 1 1 1 0 0 1 5 1
0 22 4 0 0 0 0 0 1 1 1 1 1 1 1 5 1 1 1 1 1 0 1 5
0 55 4 4 4 0 4 0 0 4 1 1 0 0 0 0 0 1 5 3 1 1 0 0 0 1 5 1 1 1 0 0 1 5 1 1 1 1 1 1 0 0 0 1 5 3 1 1 1 1 0 0 0 0 1 5 3
0 65 4 0 0 0 0 0 0 0 0 0 0 0 0 0 0 0 0 0 0 1 0 1 5 3 1 1 1 1 0 0 0 0 0 1 5 3 1 1 1 1 1 1 0 0 0 0 0 1 5 1 1 1 1 1 1 1 0 0 0 0 0 1 5 3 1
0 26 4 3 4 0 0 0 1 1 1 1 1 1 0 0 0 0 1 5 3 1 1 1 1 0 0 0
0 41 4 4 4 4 4 6 7 1 1 1 1 0 0 1 5 3 1 1 1 1 0 0 0 0 1 5 3 1 1 1 0 0 1 5 3 1 1 1 1 1 0
0 15 3 4 4 4 4 4 0 0 0 0 0 0 0 1 0
0 30 4 0 0 0 0 0 1 1 1 1 1 1 1 5 1 1 1 1 1 0 1 5 3 5 6 7 5 1 7 2
0 13 3 4 4 4 3 4 4 4 4 4 0 0 0
0 1 3
0 7 4 5 6 7 7 3 1
0 16 4 1 1 1 1 0 1 5 1 1 1 1 1 1 5 3
0 39 4 4 4 4 4 4 4 1 1 5 3 1 0 0 0 0 1 5 1 1 1 1 1 1 0 0 0 0 1 5 1 1 1 0 0 0 0 0 1
0 26 1 0 1 5 1 1 1 1 1 0 0 0 0 1 5 1 1 1 1 1 1 1 5 3 1 1
0 58 4 4 4 4 4 6 7 1 1 1 1 0 0 1 5 3 1 1 1 1 0 0 0 0 1 5 3 1 1 1 0 0 1 5 3 1 1 1 1 1 0 0 0 0 0 1 5 1 1 1 1 1 1 0 0 0 0 0
0 55 4 0 0 0 0 0 0 0 0 0 0 0 0 0 0 0 0 0 0 1 0 1 5 3 1 1 1 1 0 0 0 0 0 1 5 3 1 1 1 1 1 1 0 0 0 0 0 1 5 1 1 1 1 1 1
0 24 4 4 4 4 4 0 0 0 0 4 4 1 0 0 0 1 5 3 1 1 1 1 0 0
0 36 4 4 4 4 4 0 0 0 0 4 4 1 0 0 0 1 5 3 1 1 1 1 0 0 0 0 0 1 5 3 5 6 7 1 3 3
0 11 3 4 6 7 1 0 0 0 0 0 1
0 63 4 0 0 0 0 0 0 0 0 0 0 0 0 0 0 0 0 0 0 1 0 1 5 3 1 1 1 1 0 0 0 0 0 1 5 3 1 1 1 1 1 1 0 0 0 0 0 1 5 1 1 1 1 1 1 1 0 0 0 0 0 1 5
0 14 4 6 7 4 6 7 0 0 0 0 1 1 1 0
0 26 4 4 6 7 0 1 1 1 0 0 1 5 1 1 1 1 1 1 0 1 5 3 1 1 1 1
0 66 4 0 0 0 0 0 0 0 0 0 0 0 0 0 0 0 0 0 0 1 0 1 5 3 1 1 1 1 0 0 0 0 0 1 5 3 1 1 1 1 1 1 0 0 0 0 0 1 5 1 1 1 1 1 1 1 0 0 0 0 0 1 5 3 1 1
0 48 4 0 0 0 0 0 0 0 0 0 0 0 0 0 0 0 0 0 0 1 0 1 5 3 1 1 1 1 0 0 0 0 0 1 5 3 1 1 1 1 1 1 0 0 0 0 0 1
0 16 4 4 4 0 4 6 7 1 1 1 1 1 1 0 0 1
0 11 4 4 1 1 1 1 1 0 0 0 0
0 31 4 4 4 4 4 4 4 1 1 5 3 1 0 0 0 0 1 5 1 1 1 1 1 1 0 0 0 0 1 5 1
0 21 4 4 4 4 6 7 4 6 7 1 1 1 1 1 0 0 1 5 1 1 1
0 10 4 4 4 4 4 0 0 0 0 0
0 63 4 4 4 4 4 0 0 0 4 6 7 4 1 0 0 1 5 1 1 1 1 1 1 0 0 0 0 1 5 3 1 1 1 1 1 0 0 0 0 1 5 3 1 1 0 0 0 0 1 5 3 5 6 7 5 0 0 0 4 4 7 7 2
0 6 4 5 6 7 7 3
0 7 3 4 6 7 0 0 0
0 17 4 4 6 7 0 1 1 1 0 0 1 5 1 1 1 1 1
0 8 4 3 3 4 4 4 1 1
0 24 4 4 4 0 4 1 1 0 1 5 1 1 1 1 1 1 1 5 1 1 1 1 1 1
0 38 4 4 6 7 0 1 1 1 0 0 1 5 1 1 1 1 1 1 0 1 5 3 1 1 1 1 1 0 0 1 5 1 1 1 1 0 0 0
0 19 4 4 4 4 4 0 0 0 0 4 0 0 0 0 0 0 0 0 5
0 21 4 3 4 3 0 4 6 7 4 6 7 0 0 4 1 1 0 0 0 1 5
0 12 4 4 4 0 4 1 1 0 1 5 1 1
0 7 4 3 4 4 3 4 6
0 7 3 1 1 1 1 5 1
0 20 4 3 4 0 0 0 1 1 1 1 1 1 0 0 0 0 1 5 3 1
0 30 4 4 4 4 4 0 0 0 0 0 0 1 1 1 0 1 5 1 1 1 0 0 1 5 1 1 1 0 1 5
0 37 4 3 4 3 0 4 6 7 4 6 7 0 0 4 1 1 0 0 0 1 5 3 1 1 1 1 0 0 0 0 1 5 3 1 1 0 0
0 9 4 3 4 4 3 4 6 7 4
0 43 1 0 1 5 1 1 1 1 1 0 0 0 0 1 5 1 1 1 1 1 1 1 5 3 1 1 1 1 1 0 0 0 0 1 5 1 5 6 7 7 1 1 3
0 61 4 4 4 4 4 6 7 1 1 1 1 0 0 1 5 3 1 1 1 1 0 0 0 0 1 5 3 1 1 1 0 0 1 5 3 1 1 1 1 1 0 0 0 0 0 1 5 1 1 1 1 1 1 0 0 0 0 0 1 5 3
0 33 4 4 4 4 6 7 4 6 7 1 1 1 1 1 0 0 1 5 1 1 1 1 1 1 1 0 0 0 0 0 1 5 1
0 31 4 4 4 4 0 0 0 4 6 7 4 1 0 0 0 1 5 1 1 1 1 1 0 0 1 5 3 1 1 1 1
0 3 3 3 4
0 13 4 4 4 0 4 0 0 4 1 1 0 0 0
0 32 4 4 4 3 4 4 1 1 1 1 1 0 0 0 1 5 1 1 1 1 1 5 1 1 1 0 0 0 0 0 1 5
0 14 4 3 4 3 0 4 6 7 4 6 7 0 0 4
0 20 3 4 4 4 4 4 0 0 0 0 0 0 0 1 0 0 0 0 0 1
0 32 4 1 1 1 1 0 1 5 1 1 1 1 1 1 5 3 1 1 1 0 1 5 3 5 6 7 7 7 5 1 7 2
0 22 3 4 4 4 0 0 4 6 7 4 6 7 4 4 6 7 1 1 1 0 0 0
0 10 4 4 3 4 1 1 1 1 0 1
0 8 4 0 0 0 0 0 0 0
0 8 4 3 4 4 3 4 6 7
0 19 4 4 4 3 4 4 1 1 1 1 1 0 0 0 1 5 1 1 1
0 33 1 0 1 5 1 1 1 1 1 0 0 0 0 1 5 1 1 1 1 1 1 1 5 3 1 1 1 1 1 0 0 0 0
0 8 4 4 4 3 4 6 7 4
0 11 4 4 0 0 0 0 1 1 0 0 0
0 6 4 4 4 0 0 0
0 24 3 4 6 7 1 0 0 0 0 0 1 5 3 1 1 1 1 0 0 0 0 0 1 5
0 18 4 3 4 0 0 0 1 1 1 1 1 1 0 0 0 0 1 5
0 12 4 3 4 0 0 0 1 1 1 1 1 1
0 7 4 4 4 4 4 4 0
0 30 4 4 4 4 0 0 0 4 6 7 4 1 0 0 0 1 5 1 1 1 1 1 0 0 1 5 3 1 1 1
0 14 4 4 4 0 4 6 7 1 1 1 1 1 1 0
0 20 4 4 4 3 4 6 7 4 0 0 0 0 0 1 1 0 0 0 0 1
0 51 4 4 4 4 0 0 0 4 6 7 4 1 0 0 0 1 5 1 1 1 1 1 0 0 1 5 3 1 1 1 1 1 1 0 0 0 0 1 5 3 1 1 1 1 1 1 0 0 0 0 1
0 12 4 4 4 4 4 4 4 1 1 5 3 1
0 21 4 4 4 4 4 6 7 1 1 1 1 0 0 1 5 3 1 1 1 1 0
0 42 3 4 6 7 1 0 0 0 0 0 1 5 3 1 1 1 1 0 0 0 0 0 1 5 3 1 1 1 1 1 1 5 3 1 1 0 0 0 1 5 1 5
0 9 4 4 4 3 4 4 1 1 1
0 40 4 4 4 4 4 6 7 1 1 1 1 0 0 1 5 3 1 1 1 1 0 0 0 0 1 5 3 1 1 1 0 0 1 5 3 1 1 1 1 1
0 10 4 4 4 4 4 0 0 0 0 4
0 49 4 4 4 4 4 0 0 0 4 6 7 4 1 0 0 1 5 1 1 1 1 1 1 0 0 0 0 1 5 3 1 1 1 1 1 0 0 0 0 1 5 3 1 1 0 0 0 0 1
0 39 4 4 4 3 4 4 1 1 1 1 1 0 0 0 1 5 1 1 1 1 1 5 1 1 1 0 0 0 0 0 1 5 3 1 1 0 0 1 5
0 34 4 4 4 0 4 0 0 4 1 1 0 0 0 0 0 1 5 3 1 1 0 0 0 1 5 1 1 1 0 0 1 5 1 1
0 16 4 4 4 0 0 0 4 6 7 5 6 7 7 7 7 2
0 36 4 4 4 4 0 0 0 4 6 7 4 1 0 0 0 1 5 1 1 1 1 1 0 0 1 5 3 1 1 1 1 1 1 0 0 0
0 36 4 4 4 4 4 6 7 1 1 1 1 0 0 1 5 3 1 1 1 1 0 0 0 0 1 5 3 1 1 1 0 0 1 5 3 1
0 27 4 4 4 0 4 6 7 1 1 1 1 1 1 0 0 1 5 1 1 1 1 0 0 1 5 1 1
0 54 4 4 4 3 4 6 7 4 0 0 0 0 0 1 1 0 0 0 0 1 5 3 1 1 1 1 1 1 0 1 5 3 1 0 0 1 5 1 1 0 0 0 0 1 5 3 5 6 7 7 7 3 1 1
0 34 4 0 0 0 0 0 0 0 0 0 0 0 0 0 0 0 0 0 0 1 0 1 5 3 1 1 1 1 0 0 0 0 0 1
0 30 4 4 4 4 6 7 4 6 7 1 1 1 1 1 0 0 1 5 1 1 1 1 1 1 1 0 0 0 0 0
0 19 4 4 4 0 4 1 1 0 1 5 1 1 1 1 1 1 1 5 1
0 10 4 4 0 4 1 1 1 1 1 0
0 13 4 4 4 4 6 7 4 6 7 1 1 1 1
0 22 4 4 0 0 0 0 1 1 0 0 0 0 0 1 5 3 1 1 1 0 1 5
0 14 4 4 3 4 1 1 1 1 0 1 5 1 1 1
0 22 4 4 4 3 4 4 3 0 0 0 0 0 0 0 1 1 1 1 1 1 5 3
0 15 4 4 4 4 4 4 0 0 5 6 7 1 1 3 1
0 15 4 3 4 4 3 4 6 7 4 0 0 0 0 0 1
0 39 4 4 4 3 4 6 7 4 0 0 0 0 0 1 1 0 0 0 0 1 5 3 1 1 1 1 1 1 0 1 5 3 1 0 0 1 5 1 1
0 17 4 4 4 4 4 0 0 0 0 0 0 1 1 1 0 1 5
0 8 4 4 0 0 0 0 1 1
0 7 4 0 0 0 0 0 1
0 22 4 3 4 0 0 0 1 1 1 1 1 1 0 0 0 0 1 5 3 1 1 1
0 14 3 3 4 4 4 4 4 1 1 0 0 0 0 1
0 23 4 4 4 4 4 6 7 1 1 1 1 0 0 1 5 3 1 1 1 1 0 0 0
0 7 4 4 4 0 0 0 4
0 29 4 4 6 7 0 1 1 1 0 0 1 5 1 1 1 1 1 1 0 1 5 3 1 1 1 1 1 0 0
0 62 4 3 4 3 0 4 6 7 4 6 7 0 0 4 1 1 0 0 0 1 5 3 1 1 1 1 0 0 0 0 1 5 3 1 1 0 0 1 5 3 1 1 0 0 0 0 0 1 5 3 1 1 0 0 0 1 5 3 5 6 7 1
0 15 4 4 4 4 4 0 0 0 0 0 0 1 1 1 0
0 16 0 0 0 0 0 1 1 1 1 1 0 0 0 0 0 1
0 24 4 4 4 4 4 6 7 1 1 1 1 0 0 1 5 3 1 1 1 1 0 0 0 0
0 15 3 4 4 4 0 0 4 6 7 4 6 7 4 4 6
0 8 4 4 4 0 4 0 0 4
0 44 4 4 4 0 4 0 0 4 1 1 0 0 0 0 0 1 5 3 1 1 0 0 0 1 5 1 1 1 0 0 1 5 1 1 1 1 1 1 0 0 0 1 5 3
0 24 4 4 4 4 0 0 0 4 6 7 4 1 0 0 0 1 5 1 1 1 1 1 0 0
0 38 4 4 4 3 4 6 7 4 0 0 0 0 0 1 1 0 0 0 0 1 5 3 1 1 1 1 1 1 0 1 5 3 1 0 0 1 5 1
0 35 4 4 4 3 4 6 7 4 0 0 0 0 0 1 1 0 0 0 0 1 5 3 1 1 1 1 1 1 0 1 5 3 1 0 0
0 8 4 4 4 4 4 0 0 0
0 11 4 4 4 4 4 4 4 1 1 5 3
0 63 4 3 4 0 0 0 1 1 1 1 1 1 0 0 0 0 1 5 3 1 1 1 1 0 0 0 1 5 1 1 1 1 1 1 0 0 0 1 5 1 1 0 0 0 1 5 3 1 1 1 1 0 0 0 0 0 1 5 1 5 6 7 3
0 12 3 4 4 4 3 4 4 4 4 4 0 0
0 8 4 4 6 7 0 1 1 1
0 2 4 0
0 53 4 4 4 0 4 0 0 4 1 1 0 0 0 0 0 1 5 3 1 1 0 0 0 1 5 1 1 1 0 0 1 5 1 1 1 1 1 1 0 0 0 1 5 3 1 1 1 1 0 0 0 0 1
0 54 4 0 0 0 0 0 0 0 0 0 0 0 0 0 0 0 0 0 0 1 0 1 5 3 1 1 1 1 0 0 0 0 0 1 5 3 1 1 1 1 1 1 0 0 0 0 0 1 5 1 1 1 1 1
0 8 4 3 4 3 0 4 6 7
0 31 4 4 4 3 4 4 1 1 1 1 1 0 0 0 1 5 1 1 1 1 1 5 1 1 1 0 0 0 0 0 1
0 20 4 4 4 4 4 6 7 1 1 1 1 0 0 1 5 3 1 1 1 1
0 10 4 3 4 3 0 4 6 7 4 6
0 15 4 4 4 3 4 6 7 4 0 0 0 0 0 1 1
0 19 4 4 0 0 0 0 1 1 0 0 0 0 0 1 5 3 1 1 1
0 27 4 3 4 0 0 0 1 1 1 1 1 1 0 0 0 0 1 5 3 1 1 1 1 0 0 0 1
0 26 4 4 4 0 4 0 0 4 1 1 0 0 0 0 0 1 5 3 1 1 0 0 0 1 5 1
0 16 3 4 6 7 1 0 0 0 0 0 1 5 3 1 1 1
0 13 4 4 4 0 4 1 1 0 1 5 1 1 1
0 41 1 0 1 5 1 1 1 1 1 0 0 0 0 1 5 1 1 1 1 1 1 1 5 3 1 1 1 1 1 0 0 0 0 1 5 1 5 6 7 7 1
0 29 4 4 4 0 4 0 0 4 1 1 0 0 0 0 0 1 5 3 1 1 0 0 0 1 5 1 1 1 0
0 6 3 4 6 7 0 0
0 9 3 4 4 4 0 0 4 6 7
0 37 4 4 4 4 4 0 0 0 0 4 4 1 0 0 0 1 5 3 1 1 1 1 0 0 0 0 0 1 5 3 5 6 7 1 3 3 1
0 32 4 4 4 4 4 4 4 1 1 5 3 1 0 0 0 0 1 5 1 1 1 1 1 1 0 0 0 0 1 5 1 1
0 10 3 4 4 4 0 0 4 6 7 4
0 26 4 4 4 4 4 0 0 0 0 4 4 1 0 0 0 1 5 3 1 1 1 1 0 0 0 0
0 14 0 0 0 0 0 1 1 1 1 1 0 0 0 0
0 15 0 0 0 0 0 1 1 1 1 1 0 0 0 0 0
0 41 4 4 4 4 4 4 4 1 1 5 3 1 0 0 0 0 1 5 1 1 1 1 1 1 0 0 0 0 1 5 1 1 1 0 0 0 0 0 1 5 1
0 18 4 4 4 4 4 0 0 0 0 4 4 1 0 0 0 1 5 3
0 5 3 4 4 4 3
0 19 4 3 4 3 0 4 6 7 4 6 7 0 0 4 1 1 0 0 0
0 35 4 4 4 4 4 0 0 0 4 6 7 4 1 0 0 1 5 1 1 1 1 1 1 0 0 0 0 1 5 3 1 1 1 1 1
0 14 4 4 4 4 4 0 0 0 0 4 4 1 0 0
0 4 4 3 4 4
0 28 4 4 4 4 4 6 7 1 1 1 1 0 0 1 5 3 1 1 1 1 0 0 0 0 1 5 3 1
0 58 4 3 4 0 0 0 1 1 1 1 1 1 0 0 0 0 1 5 3 1 1 1 1 0 0 0 1 5 1 1 1 1 1 1 0 0 0 1 5 1 1 0 0 0 1 5 3 1 1 1 1 0 0 0 0 0 1 5
0 33 4 3 4 4 3 4 6 7 4 0 0 0 0 0 1 1 1 0 0 0 1 5 1 1 1 0 0 0 1 5 3 1 1
0 44 4 4 4 3 4 4 1 1 1 1 1 0 0 0 1 5 1 1 1 1 1 5 1 1 1 0 0 0 0 0 1 5 3 1 1 0 0 1 5 3 1 1 0 1
0 33 4 4 0 0 0 0 1 1 0 0 0 0 0 1 5 3 1 1 1 0 1 5 3 1 1 1 1 5 1 1 1 1 0
0 57 3 4 6 7 1 0 0 0 0 0 1 5 3 1 1 1 1 0 0 0 0 0 1 5 3 1 1 1 1 1 1 5 3 1 1 0 0 0 1 5 1 5 6 7 1 5 7 6 7 6 7 6 7 3 1 1 3
0 6 4 1 1 1 1 1
0 31 4 4 4 0 4 1 1 0 1 5 1 1 1 1 1 1 1 5 1 1 1 1 1 1 1 0 0 0 0 0 1
0 18 0 0 0 0 0 1 1 1 1 1 0 0 0 0 0 1 5 3
0 12 4 0 0 0 0 0 1 1 1 1 1 1
0 10 4 3 3 4 4 4 1 1 1 1
0 15 1 0 1 5 1 1 1 1 1 0 0 0 0 1 5
0 32 4 4 4 0 4 1 1 0 1 5 1 1 1 1 1 1 1 5 1 1 1 1 1 1 1 0 0 0 0 0 1 5
0 16 4 4 4 4 6 7 4 6 7 1 1 1 1 1 0 0
0 13 4 4 4 0 4 6 7 1 1 1 1 1 1
0 23 4 4 4 0 4 0 0 4 1 1 0 0 0 0 0 1 5 3 1 1 0 0 0
0 23 4 4 4 4 4 0 0 0 0 4 4 1 0 0 0 1 5 3 1 1 1 1 0
0 20 4 4 4 0 4 0 0 4 1 1 0 0 0 0 0 1 5 3 1 1
0 10 4 4 4 0 4 0 0 4 1 1
0 41 4 4 4 3 4 4 1 1 1 1 1 0 0 0 1 5 1 1 1 1 1 5 1 1 1 0 0 0 0 0 1 5 3 1 1 0 0 1 5 3 1
0 33 4 4 4 4 4 0 0 0 4 6 7 4 1 0 0 1 5 1 1 1 1 1 1 0 0 0 0 1 5 3 1 1 1
0 26 3 3 4 4 4 4 4 1 1 0 0 0 0 1 5 3 1 1 1 1 1 0 0 0 1 5
0 25 4 3 4 0 0 0 1 1 1 1 1 1 0 0 0 0 1 5 3 1 1 1 1 0 0
0 45 4 4 4 0 4 0 0 4 1 1 0 0 0 0 0 1 5 3 1 1 0 0 0 1 5 1 1 1 0 0 1 5 1 1 1 1 1 1 0 0 0 1 5 3 1
0 18 4 4 0 4 1 1 1 1 1 0 0 0 0 0 1 5 3 5
0 34 4 4 4 4 4 0 0 0 0 4 4 1 0 0 0 1 5 3 1 1 1 1 0 0 0 0 0 1 5 3 5 6 7 1
0 64 4 0 0 0 0 0 0 0 0 0 0 0 0 0 0 0 0 0 0 1 0 1 5 3 1 1 1 1 0 0 0 0 0 1 5 3 1 1 1 1 1 1 0 0 0 0 0 1 5 1 1 1 1 1 1 1 0 0 0 0 0 1 5 3
0 31 3 4 4 4 4 4 0 0 0 0 0 0 0 1 0 0 0 0 0 1 5 1 1 1 1 5 3 5 6 7 1
0 13 3 3 4 4 4 4 4 1 1 0 0 0 0
0 9 4 4 4 0 0 0 4 6 7
0 55 4 4 4 4 4 6 7 1 1 1 1 0 0 1 5 3 1 1 1 1 0 0 0 0 1 5 3 1 1 1 0 0 1 5 3 1 1 1 1 1 0 0 0 0 0 1 5 1 1 1 1 1 1 0 0
0 11 4 0 0 0 0 0 0 0 0 0 0
0 43 4 4 4 0 4 0 0 4 1 1 0 0 0 0 0 1 5 3 1 1 0 0 0 1 5 1 1 1 0 0 1 5 1 1 1 1 1 1 0 0 0 1 5
0 3 0 0 0
0 23 4 4 4 3 4 4 1 1 1 1 1 0 0 0 1 5 1 1 1 1 1 5 1
0 30 3 4 6 7 1 0 0 0 0 0 1 5 3 1 1 1 1 0 0 0 0 0 1 5 3 1 1 1 1 1
0 13 4 3 4 4 3 4 6 7 4 0 0 0 0
0 3 4 0 0
0 17 4 4 4 3 4 4 1 1 1 1 1 0 0 0 1 5 1
0 19 4 4 4 4 0 0 0 4 6 7 4 1 0 0 0 1 5 1 1
0 32 4 0 0 0 0 0 0 0 0 0 0 0 0 0 0 0 0 0 0 1 0 1 5 3 1 1 1 1 0 0 0 0
0 5 3 1 1 1 1
0 18 3 4 4 4 4 4 0 0 0 0 0 0 0 1 0 0 0 0
0 35 3 4 4 4 3 4 4 4 4 4 0 0 0 0 0 0 0 0 0 1 0 0 0 0 1 5 3 5 6 7 5 1 7 7 3
0 8 3 1 1 1 1 5 1 5
0 7 4 4 4 4 4 0 0
0 13 4 1 1 1 1 0 1 5 1 1 1 1 1
0 10 3 4 4 4 3 4 4 4 4 4
0 31 4 0 0 0 0 0 0 0 0 0 0 0 0 0 0 0 0 0 0 1 0 1 5 3 1 1 1 1 0 0 0
0 55 4 3 4 0 0 0 1 1 1 1 1 1 0 0 0 0 1 5 3 1 1 1 1 0 0 0 1 5 1 1 1 1 1 1 0 0 0 1 5 1 1 0 0 0 1 5 3 1 1 1 1 0 0 0 0
0 59 4 3 4 3 0 4 6 7 4 6 7 0 0 4 1 1 0 0 0 1 5 3 1 1 1 1 0 0 0 0 1 5 3 1 1 0 0 1 5 3 1 1 0 0 0 0 0 1 5 3 1 1 0 0 0 1 5 3 5
0 48 4 3 4 3 0 4 6 7 4 6 7 0 0 4 1 1 0 0 0 1 5 3 1 1 1 1 0 0 0 0 1 5 3 1 1 0 0 1 5 3 1 1 0 0 0 0 0 1
0 3 3 1 1
0 18 4 4 4 3 4 4 1 1 1 1 1 0 0 0 1 5 1 1
0 24 3 3 4 4 4 4 4 1 1 0 0 0 0 1 5 3 1 1 1 1 1 0 0 0
0 42 4 4 4 4 4 6 7 1 1 1 1 0 0 1 5 3 1 1 1 1 0 0 0 0 1 5 3 1 1 1 0 0 1 5 3 1 1 1 1 1 0 0
0 5 3 4 4 4 0
0 38 4 3 4 0 0 0 1 1 1 1 1 1 0 0 0 0 1 5 3 1 1 1 1 0 0 0 1 5 1 1 1 1 1 1 0 0 0 1
0 39 4 0 0 0 0 0 0 0 0 0 0 0 0 0 0 0 0 0 0 1 0 1 5 3 1 1 1 1 0 0 0 0 0 1 5 3 1 1 1
0 45 3 3 4 4 4 4 4 1 1 0 0 0 0 1 5 3 1 1 1 1 1 0 0 0 1 5 3 1 1 0 0 0 0 1 5 3 5 6 7 7 2 6 1 7 1
0 6 4 4 6 7 0 1
0 10 4 4 4 3 4 6 7 4 0 0
0 22 4 4 4 0 4 0 0 4 1 1 0 0 0 0 0 1 5 3 1 1 0 0
0 21 4 3 4 4 3 4 6 7 4 0 0 0 0 0 1 1 1 0 0 0 1
0 19 4 4 6 7 0 1 1 1 0 0 1 5 1 1 1 1 1 1 0
0 37 4 4 4 4 4 0 0 0 4 6 7 4 1 0 0 1 5 1 1 1 1 1 1 0 0 0 0 1 5 3 1 1 1 1 1 0 0
0 9 4 6 7 4 6 7 0 0 0
0 29 4 4 4 0 4 1 1 0 1 5 1 1 1 1 1 1 1 5 1 1 1 1 1 1 1 0 0 0 0
0 48 4 4 4 0 4 0 0 4 1 1 0 0 0 0 0 1 5 3 1 1 0 0 0 1 5 1 1 1 0 0 1 5 1 1 1 1 1 1 0 0 0 1 5 3 1 1 1 1
0 3 3 4 4
0 27 4 4 4 0 4 1 1 0 1 5 1 1 1 1 1 1 1 5 1 1 1 1 1 1 1 0 0
0 6 3 4 6 7 1 0
0 32 4 4 4 4 4 0 0 0 4 6 7 4 1 0 0 1 5 1 1 1 1 1 1 0 0 0 0 1 5 3 1 1
0 32 3 4 6 7 1 0 0 0 0 0 1 5 3 1 1 1 1 0 0 0 0 0 1 5 3 1 1 1 1 1 1 5
0 20 4 4 4 4 4 4 4 1 1 5 3 1 0 0 0 0 1 5 1 1
0 9 4 4 3 4 1 1 1 1 0
0 23 4 4 4 4 4 0 0 0 4 6 7 4 1 0 0 1 5 1 1 1 1 1 1
0 8 4 3 4 0 0 0 1 1
0 11 4 4 4 4 4 0 0 0 0 4 4
0 12 0 0 1 1 0 0 0 0 0 1 5 3
0 17 3 4 4 4 4 4 0 0 0 0 0 0 0 1 0 0 0
0 16 4 6 7 4 6 7 0 0 0 0 1 1 1 0 1 5
0 16 4 4 6 7 0 1 1 1 0 0 1 5 1 1 1 1
0 17 3 3 4 4 4 4 4 1 1 0 0 0 0 1 5 3 1
0 49 4 0 0 0 0 0 0 0 0 0 0 0 0 0 0 0 0 0 0 1 0 1 5 3 1 1 1 1 0 0 0 0 0 1 5 3 1 1 1 1 1 1 0 0 0 0 0 1 5
0 10 4 3 4 0 0 0 1 1 1 1
0 30 4 4 4 4 4 0 0 0 4 6 7 4 1 0 0 1 5 1 1 1 1 1 1 0 0 0 0 1 5 3
0 33 4 0 0 0 0 0 0 0 0 0 0 0 0 0 0 0 0 0 0 1 0 1 5 3 1 1 1 1 0 0 0 0 0
0 4 4 4 3 4
0 15 4 4 4 0 4 6 7 1 1 1 1 1 1 0 0
0 8 4 4 4 4 4 4 4 5
0 21 3 3 4 4 4 4 4 1 1 0 0 0 0 1 5 3 1 1 1 1 1
0 41 4 3 4 3 0 4 6 7 4 6 7 0 0 4 1 1 0 0 0 1 5 3 1 1 1 1 0 0 0 0 1 5 3 1 1 0 0 1 5 3 1
0 11 3 3 4 4 4 4 4 1 1 0 0
0 39 3 4 6 7 1 0 0 0 0 0 1 5 3 1 1 1 1 0 0 0 0 0 1 5 3 1 1 1 1 1 1 5 3 1 1 0 0 0 1
0 15 4 0 0 0 0 0 0 0 0 0 0 0 0 0 0
0 43 4 4 4 3 4 4 3 0 0 0 0 0 0 0 1 1 1 1 1 1 5 3 1 1 1 1 1 0 1 5 1 5 6 7 3 5 1 7 7 1 1 1 1
0 45 4 4 4 3 4 6 7 4 0 0 0 0 0 1 1 0 0 0 0 1 5 3 1 1 1 1 1 1 0 1 5 3 1 0 0 1 5 1 1 0 0 0 0 1 5
0 17 4 0 0 0 0 0 0 0 0 0 0 0 0 0 0 0 0
0 27 3 4 6 7 1 0 0 0 0 0 1 5 3 1 1 1 1 0 0 0 0 0 1 5 3 1 1
0 6 4 4 4 4 6 7
0 38 3 4 6 7 1 0 0 0 0 0 1 5 3 1 1 1 1 0 0 0 0 0 1 5 3 1 1 1 1 1 1 5 3 1 1 0 0 0
0 65 4 3 4 3 0 4 6 7 4 6 7 0 0 4 1 1 0 0 0 1 5 3 1 1 1 1 0 0 0 0 1 5 3 1 1 0 0 1 5 3 1 1 0 0 0 0 0 1 5 3 1 1 0 0 0 1 5 3 5 6 7 1 1 1 1
0 33 4 3 4 3 0 4 6 7 4 6 7 0 0 4 1 1 0 0 0 1 5 3 1 1 1 1 0 0 0 0 1 5 3
0 19 4 4 4 4 4 0 0 0 0 0 0 1 1 1 0 1 5 1 1
0 27 4 4 4 4 6 7 4 6 7 1 1 1 1 1 0 0 1 5 1 1 1 1 1 1 1 0 0
0 9 3 4 6 7 1 0 0 0 0
0 9 4 4 4 0 4 0 0 4 1
0 15 4 4 4 4 4 6 7 1 1 1 1 0 0 1 5
0 41 4 4 4 4 0 0 0 4 6 7 4 1 0 0 0 1 5 1 1 1 1 1 0 0 1 5 3 1 1 1 1 1 1 0 0 0 0 1 5 3 1
0 11 4 4 4 4 4 0 0 0 0 4 0
0 9 3 3 4 4 4 4 4 1 1
0 7 4 4 4 3 4 4 3
0 24 4 1 1 1 1 0 1 5 1 1 1 1 1 1 5 3 1 1 1 0 1 5 3 5
0 17 4 4 4 3 4 6 7 4 0 0 0 0 0 1 1 0 0
0 22 4 4 4 4 4 0 0 0 0 0 0 1 1 1 0 1 5 1 1 1 0 0
0 36 4 4 4 0 4 6 7 1 1 1 1 1 1 0 0 1 5 1 1 1 1 0 0 1 5 1 1 1 1 1 1 1 1 5 3 5
0 20 4 4 4 4 0 0 0 4 6 7 4 1 0 0 0 1 5 1 1 1
0 23 4 1 1 1 1 0 1 5 1 1 1 1 1 1 5 3 1 1 1 0 1 5 3
0 16 4 4 4 0 4 1 1 0 1 5 1 1 1 1 1 1
0 21 4 4 4 4 0 0 0 4 6 7 4 1 0 0 0 1 5 1 1 1 1
0 33 3 4 6 7 1 0 0 0 0 0 1 5 3 1 1 1 1 0 0 0 0 0 1 5 3 1 1 1 1 1 1 5 3
0 14 4 4 4 4 4 0 0 0 0 4 0 0 0 0
0 46 4 4 4 0 4 0 0 4 1 1 0 0 0 0 0 1 5 3 1 1 0 0 0 1 5 1 1 1 0 0 1 5 1 1 1 1 1 1 0 0 0 1 5 3 1 1
0 9 4 4 4 4 4 4 0 0 5
0 48 4 4 4 4 0 0 0 4 6 7 4 1 0 0 0 1 5 1 1 1 1 1 0 0 1 5 3 1 1 1 1 1 1 0 0 0 0 1 5 3 1 1 1 1 1 1 0 0
0 17 4 4 4 4 4 0 0 0 0 4 4 1 0 0 0 1 5
0 9 1 0 1 5 1 1 1 1 1
0 11 1 1 1 5 3 1 0 1 5 1 5
0 32 4 4 0 0 0 0 1 1 0 0 0 0 0 1 5 3 1 1 1 0 1 5 3 1 1 1 1 5 1 1 1 1
0 32 4 3 4 4 3 4 6 7 4 0 0 0 0 0 1 1 1 0 0 0 1 5 1 1 1 0 0 0 1 5 3 1
0 19 3 4 4 4 3 4 4 4 4 4 0 0 0 0 0 0 0 0 0
0 5 4 4 4 4 6
0 2 4 5
0 7 4 4 4 4 4 4 4
0 7 4 1 1 1 1 1 1
0 21 4 4 4 0 4 1 1 0 1 5 1 1 1 1 1 1 1 5 1 1 1
0 34 4 4 4 4 4 0 0 0 4 6 7 4 1 0 0 1 5 1 1 1 1 1 1 0 0 0 0 1 5 3 1 1 1 1
0 4 4 3 4 0
0 26 4 4 4 4 4 0 0 0 0 0 0 1 1 1 0 1 5 1 1 1 0 0 1 5 1 1
0 13 4 4 4 4 4 0 0 0 0 0 0 1 1
0 21 4 4 4 0 4 0 0 4 1 1 0 0 0 0 0 1 5 3 1 1 0
0 23 4 4 4 4 4 4 4 1 1 5 3 1 0 0 0 0 1 5 1 1 1 1 1
0 53 4 3 4 0 0 0 1 1 1 1 1 1 0 0 0 0 1 5 3 1 1 1 1 0 0 0 1 5 1 1 1 1 1 1 0 0 0 1 5 1 1 0 0 0 1 5 3 1 1 1 1 0 0
0 51 4 3 4 0 0 0 1 1 1 1 1 1 0 0 0 0 1 5 3 1 1 1 1 0 0 0 1 5 1 1 1 1 1 1 0 0 0 1 5 1 1 0 0 0 1 5 3 1 1 1 1
0 17 4 3 4 4 3 4 6 7 4 0 0 0 0 0 1 1 1
0 11 4 4 4 0 4 6 7 1 1 1 1
0 58 3 4 6 7 1 0 0 0 0 0 1 5 3 1 1 1 1 0 0 0 0 0 1 5 3 1 1 1 1 1 1 5 3 1 1 0 0 0 1 5 1 5 6 7 1 5 7 6 7 6 7 6 7 3 1 1 3 1
0 11 4 3 4 0 0 0 1 1 1 1 1
0 13 4 4 3 4 1 1 1 1 0 1 5 1 1
0 4 0 0 1 1
0 22 4 4 4 4 4 3 3 4 6 7 1 1 1 1 0 1 5 1 5 6 7 2
0 45 1 0 1 5 1 1 1 1 1 0 0 0 0 1 5 1 1 1 1 1 1 1 5 3 1 1 1 1 1 0 0 0 0 1 5 1 5 6 7 7 1 1 3 3 1
0 70 3 4 6 7 1 0 0 0 0 0 1 5 3 1 1 1 1 0 0 0 0 0 1 5 3 1 1 1 1 1 1 5 3 1 1 0 0 0 1 5 1 5 6 7 1 5 7 6 7 6 7 6 7 3 1 1 3 1 5 7 6 5 7 6 7 6 5 7 7 2
0 16 4 4 4 4 4 0 0 0 4 6 7 4 1 0 0 1
0 31 4 3 4 4 3 4 6 7 4 0 0 0 0 0 1 1 1 0 0 0 1 5 1 1 1 0 0 0 1 5 3
0 56 4 3 4 3 0 4 6 7 4 6 7 0 0 4 1 1 0 0 0 1 5 3 1 1 1 1 0 0 0 0 1 5 3 1 1 0 0 1 5 3 1 1 0 0 0 0 0 1 5 3 1 1 0 0 0 1
0 23 4 4 4 3 4 4 3 0 0 0 0 0 0 0 1 1 1 1 1 1 5 3 1
0 47 4 4 4 3 4 6 7 4 0 0 0 0 0 1 1 0 0 0 0 1 5 3 1 1 1 1 1 1 0 1 5 3 1 0 0 1 5 1 1 0 0 0 0 1 5 3 5
0 31 4 4 4 4 4 6 7 1 1 1 1 0 0 1 5 3 1 1 1 1 0 0 0 0 1 5 3 1 1 1 0
0 7 3 4 4 4 0 0 4
0 27 4 4 4 3 4 6 7 4 0 0 0 0 0 1 1 0 0 0 0 1 5 3 1 1 1 1 1
0 3 4 4 0
0 18 4 4 4 3 4 4 3 0 0 0 0 0 0 0 1 1 1 1
0 46 4 0 0 0 0 0 0 0 0 0 0 0 0 0 0 0 0 0 0 1 0 1 5 3 1 1 1 1 0 0 0 0 0 1 5 3 1 1 1 1 1 1 0 0 0 0
0 56 4 4 4 0 4 0 0 4 1 1 0 0 0 0 0 1 5 3 1 1 0 0 0 1 5 1 1 1 0 0 1 5 1 1 1 1 1 1 0 0 0 1 5 3 1 1 1 1 0 0 0 0 1 5 3 5
0 12 4 4 1 1 1 1 1 0 0 0 0 0
0 38 4 4 4 4 4 0 0 0 4 6 7 4 1 0 0 1 5 1 1 1 1 1 1 0 0 0 0 1 5 3 1 1 1 1 1 0 0 0
0 11 4 4 3 4 1 1 1 1 0 1 5
0 11 4 3 4 3 0 4 6 7 4 6 7
0 50 4 4 4 4 0 0 0 4 6 7 4 1 0 0 0 1 5 1 1 1 1 1 0 0 1 5 3 1 1 1 1 1 1 0 0 0 0 1 5 3 1 1 1 1 1 1 0 0 0 0
0 43 4 0 0 0 0 0 0 0 0 0 0 0 0 0 0 0 0 0 0 1 0 1 5 3 1 1 1 1 0 0 0 0 0 1 5 3 1 1 1 1 1 1 0
0 15 4 6 7 4 6 7 0 0 0 0 1 1 1 0 1
0 5 4 4 0 4 1
0 6 4 4 4 0 4 6
0 26 4 4 4 4 0 0 0 4 6 7 4 1 0 0 0 1 5 1 1 1 1 1 0 0 1 5
0 18 3 4 6 7 1 0 0 0 0 0 1 5 3 1 1 1 1 0
0 43 4 4 6 7 0 1 1 1 0 0 1 5 1 1 1 1 1 1 0 1 5 3 1 1 1 1 1 0 0 1 5 1 1 1 1 0 0 0 0 0 1 5 1
0 41 3 3 4 4 4 4 4 1 1 0 0 0 0 1 5 3 1 1 1 1 1 0 0 0 1 5 3 1 1 0 0 0 0 1 5 3 5 6 7 7 2
0 37 4 4 4 4 0 0 0 4 6 7 4 1 0 0 0 1 5 1 1 1 1 1 0 0 1 5 3 1 1 1 1 1 1 0 0 0 0
0 28 4 3 4 0 0 0 1 1 1 1 1 1 0 0 0 0 1 5 3 1 1 1 1 0 0 0 1 5
0 7 0 0 1 1 0 0 0
0 36 4 4 4 4 6 7 4 6 7 1 1 1 1 1 0 0 1 5 1 1 1 1 1 1 1 0 0 0 0 0 1 5 1 1 1 0
0 20 4 4 0 0 0 0 1 1 0 0 0 0 0 1 5 3 1 1 1 0
0 36 4 1 1 1 1 0 1 5 1 1 1 1 1 1 5 3 1 1 1 0 1 5 3 5 6 7 7 7 5 1 7 2 6 1 7 3
0 18 3 3 4 4 4 4 4 1 1 0 0 0 0 1 5 3 1 1
0 8 4 1 1 1 1 0 1 5
0 15 4 4 4 4 0 0 0 4 6 7 4 1 0 0 0
0 41 3 4 6 7 1 0 0 0 0 0 1 5 3 1 1 1 1 0 0 0 0 0 1 5 3 1 1 1 1 1 1 5 3 1 1 0 0 0 1 5 1
0 18 3 4 4 4 0 0 4 6 7 4 6 7 4 4 6 7 1 1
0 9 4 4 1 1 1 1 1 0 0
0 30 4 3 4 4 3 4 6 7 4 0 0 0 0 0 1 1 1 0 0 0 1 5 1 1 1 0 0 0 1 5
0 39 4 4 6 7 0 1 1 1 0 0 1 5 1 1 1 1 1 1 0 1 5 3 1 1 1 1 1 0 0 1 5 1 1 1 1 0 0 0 0
0 18 4 4 4 3 4 6 7 4 0 0 0 0 0 1 1 0 0 0
0 44 4 3 4 0 0 0 1 1 1 1 1 1 0 0 0 0 1 5 3 1 1 1 1 0 0 0 1 5 1 1 1 1 1 1 0 0 0 1 5 1 1 0 0 0
0 4 4 4 4 0
0 47 4 4 4 4 4 6 7 1 1 1 1 0 0 1 5 3 1 1 1 1 0 0 0 0 1 5 3 1 1 1 0 0 1 5 3 1 1 1 1 1 0 0 0 0 0 1 5
0 16 4 4 4 4 4 3 3 4 6 7 1 1 1 1 0 1
0 10 4 4 4 0 4 1 1 0 1 5
0 14 4 1 1 1 1 1 1 0 0 0 0 1 5 3
0 50 4 4 4 4 4 0 0 0 4 6 7 4 1 0 0 1 5 1 1 1 1 1 1 0 0 0 0 1 5 3 1 1 1 1 1 0 0 0 0 1 5 3 1 1 0 0 0 0 1 5
0 6 4 4 0 4 1 1
0 8 4 4 4 4 4 4 0 0
0 19 4 4 4 3 4 6 7 4 0 0 0 0 0 1 1 0 0 0 0
0 6 3 4 4 4 4 4
0 14 1 0 1 5 1 1 1 1 1 0 0 0 0 1
0 30 4 4 4 4 4 6 7 1 1 1 1 0 0 1 5 3 1 1 1 1 0 0 0 0 1 5 3 1 1 1
0 46 4 3 4 0 0 0 1 1 1 1 1 1 0 0 0 0 1 5 3 1 1 1 1 0 0 0 1 5 1 1 1 1 1 1 0 0 0 1 5 1 1 0 0 0 1 5
0 23 3 4 4 4 0 0 4 6 7 4 6 7 4 4 6 7 1 1 1 0 0 0 0
0 8 4 4 4 3 4 4 1 1
0 25 4 4 4 3 4 4 3 0 0 0 0 0 0 0 1 1 1 1 1 1 5 3 1 1 1
0 40 4 4 4 3 4 4 1 1 1 1 1 0 0 0 1 5 1 1 1 1 1 5 1 1 1 0 0 0 0 0 1 5 3 1 1 0 0 1 5 3
0 20 4 4 4 3 4 4 3 0 0 0 0 0 0 0 1 1 1 1 1 1
0 49 4 4 4 4 4 6 7 1 1 1 1 0 0 1 5 3 1 1 1 1 0 0 0 0 1 5 3 1 1 1 0 0 1 5 3 1 1 1 1 1 0 0 0 0 0 1 5 1 1
0 22 4 4 4 4 4 0 0 0 0 4 4 1 0 0 0 1 5 3 1 1 1 1
0 11 4 4 4 4 4 0 0 0 0 0 0
0 27 4 4 4 4 4 0 0 0 4 6 7 4 1 0 0 1 5 1 1 1 1 1 1 0 0 0 0
0 23 4 4 4 0 4 6 7 1 1 1 1 1 1 0 0 1 5 1 1 1 1 0 0
0 21 4 4 4 3 4 4 1 1 1 1 1 0 0 0 1 5 1 1 1 1 1
0 29 4 4 4 4 4 4 4 1 1 5 3 1 0 0 0 0 1 5 1 1 1 1 1 1 0 0 0 0 1
0 25 4 4 4 0 4 6 7 1 1 1 1 1 1 0 0 1 5 1 1 1 1 0 0 1 5
0 14 3 4 4 4 4 4 0 0 0 0 0 0 0 1
0 17 3 4 4 4 0 0 4 6 7 4 6 7 4 4 6 7 1
0 69 4 3 4 4 3 4 6 7 4 0 0 0 0 0 1 1 1 0 0 0 1 5 1 1 1 0 0 0 1 5 3 1 1 0 0 1 5 1 1 1 1 1 0 0 1 5 3 5 6 7 1 1 1 1 5 7 7 5 0 0 0 0 5 7 6 7 6 7 2
0 4 4 3 3 4
0 12 4 4 6 7 0 1 1 1 0 0 1 5
0 11 4 3 3 4 4 4 1 1 1 1 0
0 21 0 0 0 4 0 4 4 5 6 7 7 2 6 1 7 3 5 1 7 1 3
0 27 4 4 4 4 4 4 4 1 1 5 3 1 0 0 0 0 1 5 1 1 1 1 1 1 0 0 0
0 10 4 6 7 4 6 7 0 0 0 0
0 67 4 0 0 0 0 0 0 0 0 0 0 0 0 0 0 0 0 0 0 1 0 1 5 3 1 1 1 1 0 0 0 0 0 1 5 3 1 1 1 1 1 1 0 0 0 0 0 1 5 1 1 1 1 1 1 1 0 0 0 0 0 1 5 3 1 1 5
0 15 4 1 1 1 1 0 1 5 1 1 1 1 1 1 5
0 32 1 0 1 5 1 1 1 1 1 0 0 0 0 1 5 1 1 1 1 1 1 1 5 3 1 1 1 1 1 0 0 0
0 3 4 1 1
0 31 3 3 4 4 4 4 4 1 1 0 0 0 0 1 5 3 1 1 1 1 1 0 0 0 1 5 3 1 1 0 0
0 41 4 4 4 4 4 0 0 0 4 6 7 4 1 0 0 1 5 1 1 1 1 1 1 0 0 0 0 1 5 3 1 1 1 1 1 0 0 0 0 1 5
0 54 4 4 4 0 4 0 0 4 1 1 0 0 0 0 0 1 5 3 1 1 0 0 0 1 5 1 1 1 0 0 1 5 1 1 1 1 1 1 0 0 0 1 5 3 1 1 1 1 0 0 0 0 1 5
0 8 4 4 4 4 4 6 7 1
0 2 4 4
0 7 1 0 1 5 1 1 1
0 26 3 4 4 4 3 4 4 4 4 4 0 0 0 0 0 0 0 0 0 1 0 0 0 0 1 5
0 7 4 1 1 1 1 0 1
0 4 3 3 4 4
0 15 4 4 6 7 0 1 1 1 0 0 1 5 1 1 1
0 20 3 4 6 7 1 0 0 0 0 0 1 5 3 1 1 1 1 0 0 0
0 11 4 0 0 0 0 0 1 1 1 1 1
0 37 4 4 4 3 4 4 1 1 1 1 1 0 0 0 1 5 1 1 1 1 1 5 1 1 1 0 0 0 0 0 1 5 3 1 1 0 0
0 35 4 4 4 4 0 0 0 4 6 7 4 1 0 0 0 1 5 1 1 1 1 1 0 0 1 5 3 1 1 1 1 1 1 0 0
0 13 4 0 0 0 0 0 1 1 1 1 1 1 1
0 42 4 0 0 0 0 0 0 0 0 0 0 0 0 0 0 0 0 0 0 1 0 1 5 3 1 1 1 1 0 0 0 0 0 1 5 3 1 1 1 1 1 1
0 17 4 1 1 1 1 0 1 5 1 1 1 1 1 1 5 3 1
0 54 4 3 4 0 0 0 1 1 1 1 1 1 0 0 0 0 1 5 3 1 1 1 1 0 0 0 1 5 1 1 1 1 1 1 0 0 0 1 5 1 1 0 0 0 1 5 3 1 1 1 1 0 0 0
0 7 4 3 3 4 4 4 1
0 7 4 4 0 4 1 1 1
0 38 4 3 4 3 0 4 6 7 4 6 7 0 0 4 1 1 0 0 0 1 5 3 1 1 1 1 0 0 0 0 1 5 3 1 1 0 0 1
0 19 4 4 4 4 4 3 3 4 6 7 1 1 1 1 0 1 5 1 5
0 29 4 6 7 4 6 7 0 0 0 0 1 1 1 0 1 5 3 1 1 1 0 0 0 0 0 1 5 1 5
0 24 4 4 0 0 0 0 1 1 0 0 0 0 0 1 5 3 1 1 1 0 1 5 3 1
0 33 4 4 4 4 0 0 0 4 6 7 4 1 0 0 0 1 5 1 1 1 1 1 0 0 1 5 3 1 1 1 1 1 1
0 46 4 4 4 3 4 6 7 4 0 0 0 0 0 1 1 0 0 0 0 1 5 3 1 1 1 1 1 1 0 1 5 3 1 0 0 1 5 1 1 0 0 0 0 1 5 3
0 12 4 1 1 1 1 1 1 0 0 0 0 1
0 42 4 4 4 4 4 4 4 1 1 5 3 1 0 0 0 0 1 5 1 1 1 1 1 1 0 0 0 0 1 5 1 1 1 0 0 0 0 0 1 5 1 5
0 25 4 4 4 4 4 4 4 1 1 5 3 1 0 0 0 0 1 5 1 1 1 1 1 1 0
0 14 4 4 4 4 6 7 4 6 7 1 1 1 1 1
0 51 4 4 4 4 4 6 7 1 1 1 1 0 0 1 5 3 1 1 1 1 0 0 0 0 1 5 3 1 1 1 0 0 1 5 3 1 1 1 1 1 0 0 0 0 0 1 5 1 1 1 1
0 29 4 4 4 3 4 4 3 0 0 0 0 0 0 0 1 1 1 1 1 1 5 3 1 1 1 1 1 0 1
0 40 4 4 4 3 4 6 7 4 0 0 0 0 0 1 1 0 0 0 0 1 5 3 1 1 1 1 1 1 0 1 5 3 1 0 0 1 5 1 1 0
0 13 0 0 0 0 0 1 1 1 1 1 0 0 0
0 12 4 4 4 4 4 0 0 0 4 6 7 4
0 14 4 3 4 0 0 0 1 1 1 1 1 1 0 0
0 22 4 6 7 4 6 7 0 0 0 0 1 1 1 0 1 5 3 1 1 1 0 0
0 37 1 0 1 5 1 1 1 1 1 0 0 0 0 1 5 1 1 1 1 1 1 1 5 3 1 1 1 1 1 0 0 0 0 1 5 1 5
0 18 4 4 4 4 4 0 0 0 0 4 0 0 0 0 0 0 0 0
0 31 4 4 4 3 4 4 3 0 0 0 0 0 0 0 1 1 1 1 1 1 5 3 1 1 1 1 1 0 1 5 1
0 26 4 6 7 4 6 7 0 0 0 0 1 1 1 0 1 5 3 1 1 1 0 0 0 0 0 1
0 34 4 4 4 3 4 6 7 4 0 0 0 0 0 1 1 0 0 0 0 1 5 3 1 1 1 1 1 1 0 1 5 3 1 0
0 53 4 3 4 4 3 4 6 7 4 0 0 0 0 0 1 1 1 0 0 0 1 5 1 1 1 0 0 0 1 5 3 1 1 0 0 1 5 1 1 1 1 1 0 0 1 5 3 5 6 7 1 1 1
0 27 3 4 4 4 3 4 4 4 4 4 0 0 0 0 0 0 0 0 0 1 0 0 0 0 1 5 3
0 12 3 4 4 4 4 4 0 0 0 0 0 0
0 16 1 0 1 5 1 1 1 1 1 0 0 0 0 1 5 1
0 16 4 4 1 1 1 1 1 0 0 0 0 0 1 5 3 5
0 4 3 1 1 1
0 23 4 3 4 0 0 0 1 1 1 1 1 1 0 0 0 0 1 5 3 1 1 1 1
0 9 4 4 4 4 4 4 4 1 1
0 5 4 4 4 0 0
0 42 4 4 4 0 4 0 0 4 1 1 0 0 0 0 0 1 5 3 1 1 0 0 0 1 5 1 1 1 0 0 1 5 1 1 1 1 1 1 0 0 0 1
0 60 4 4 4 3 4 6 7 4 0 0 0 0 0 1 1 0 0 0 0 1 5 3 1 1 1 1 1 1 0 1 5 3 1 0 0 1 5 1 1 0 0 0 0 1 5 3 5 6 7 7 7 3 1 1 1 1 5 1 7 2
0 25 4 4 4 0 4 1 1 0 1 5 1 1 1 1 1 1 1 5 1 1 1 1 1 1 1
0 45 4 3 4 0 0 0 1 1 1 1 1 1 0 0 0 0 1 5 3 1 1 1 1 0 0 0 1 5 1 1 1 1 1 1 0 0 0 1 5 1 1 0 0 0 1
0 21 4 6 7 4 6 7 0 0 0 0 1 1 1 0 1 5 3 1 1 1 0
0 11 4 4 4 4 4 0 0 0 4 6 7
0 55 4 3 4 3 0 4 6 7 4 6 7 0 0 4 1 1 0 0 0 1 5 3 1 1 1 1 0 0 0 0 1 5 3 1 1 0 0 1 5 3 1 1 0 0 0 0 0 1 5 3 1 1 0 0 0
0 12 4 0 0 0 0 0 0 0 0 0 0 0
0 22 4 0 0 0 0 0 0 0 0 0 0 0 0 0 0 0 0 0 0 1 0 1
0 19 4 3 3 4 4 4 1 1 1 1 0 0 0 0 0 1 5 3 5
0 35 3 4 6 7 1 0 0 0 0 0 1 5 3 1 1 1 1 0 0 0 0 0 1 5 3 1 1 1 1 1 1 5 3 1 1
0 5 0 0 0 4 0
0 34 3 3 4 4 4 4 4 1 1 0 0 0 0 1 5 3 1 1 1 1 1 0 0 0 1 5 3 1 1 0 0 0 0 1
0 21 3 4 4 4 0 0 4 6 7 4 6 7 4 4 6 7 1 1 1 0 0
0 10 3 3 4 4 4 4 4 1 1 0
0 12 4 4 4 4 4 4 0 0 5 6 7 1
0 10 3 4 4 4 4 4 4 4 4 4
0 19 4 4 4 0 4 6 7 1 1 1 1 1 1 0 0 1 5 1 1
0 7 4 0 0 0 0 0 0
0 38 4 4 4 4 4 6 7 1 1 1 1 0 0 1 5 3 1 1 1 1 0 0 0 0 1 5 3 1 1 1 0 0 1 5 3 1 1 1
0 12 4 4 4 4 0 0 0 4 6 7 4 1
0 11 4 4 4 3 4 4 3 0 0 0 0
0 18 4 4 4 4 4 3 3 4 6 7 1 1 1 1 0 1 5 1
0 23 4 4 4 4 6 7 4 6 7 1 1 1 1 1 0 0 1 5 1 1 1 1 1
0 13 4 3 3 4 4 4 1 1 1 1 0 0 0
0 5 4 6 7 4 6
0 82 4 3 4 0 0 0 1 1 1 1 1 1 0 0 0 0 1 5 3 1 1 1 1 0 0 0 1 5 1 1 1 1 1 1 0 0 0 1 5 1 1 0 0 0 1 5 3 1 1 1 1 0 0 0 0 0 1 5 1 5 6 7 3 5 0 0 0 4 0 0 0 0 0 0 0 0 0 0 0 0 7 2
0 9 4 1 1 1 1 1 1 0 0
0 36 1 0 1 5 1 1 1 1 1 0 0 0 0 1 5 1 1 1 1 1 1 1 5 3 1 1 1 1 1 0 0 0 0 1 5 1
0 47 4 0 0 0 0 0 0 0 0 0 0 0 0 0 0 0 0 0 0 1 0 1 5 3 1 1 1 1 0 0 0 0 0 1 5 3 1 1 1 1 1 1 0 0 0 0 0
0 37 4 3 4 4 3 4 6 7 4 0 0 0 0 0 1 1 1 0 0 0 1 5 1 1 1 0 0 0 1 5 3 1 1 0 0 1 5
0 34 4 4 4 0 4 1 1 0 1 5 1 1 1 1 1 1 1 5 1 1 1 1 1 1 1 0 0 0 0 0 1 5 3 5
0 11 1 0 1 5 1 1 1 1 1 0 0
0 20 3 4 4 4 3 4 4 4 4 4 0 0 0 0 0 0 0 0 0 1
0 35 4 0 0 0 0 0 0 0 0 0 0 0 0 0 0 0 0 0 0 1 0 1 5 3 1 1 1 1 0 0 0 0 0 1 5
0 22 4 4 4 3 4 4 1 1 1 1 1 0 0 0 1 5 1 1 1 1 1 5
0 8 4 4 1 1 1 1 1 0
0 10 4 4 4 4 0 0 0 4 6 7
0 22 3 3 4 4 4 4 4 1 1 0 0 0 0 1 5 3 1 1 1 1 1 0
0 30 4 3 4 0 0 0 1 1 1 1 1 1 0 0 0 0 1 5 3 1 1 1 1 0 0 0 1 5 1 1
0 54 4 3 4 4 3 4 6 7 4 0 0 0 0 0 1 1 1 0 0 0 1 5 1 1 1 0 0 0 1 5 3 1 1 0 0 1 5 1 1 1 1 1 0 0 1 5 3 5 6 7 1 1 1 1
0 6 4 0 0 0 0 0
0 3 4 4 6
0 14 3 4 6 7 1 0 0 0 0 0 1 5 3 1
0 69 4 3 4 3 0 4 6 7 4 6 7 0 0 4 1 1 0 0 0 1 5 3 1 1 1 1 0 0 0 0 1 5 3 1 1 0 0 1 5 3 1 1 0 0 0 0 0 1 5 3 1 1 0 0 0 1 5 3 5 6 7 1 1 1 1 5 1 7 2
0 10 4 4 4 4 4 0 0 0 4 6
0 54 3 4 6 7 1 0 0 0 0 0 1 5 3 1 1 1 1 0 0 0 0 0 1 5 3 1 1 1 1 1 1 5 3 1 1 0 0 0 1 5 1 5 6 7 1 5 7 6 7 6 7 6 7 3
0 13 3 4 4 4 0 0 4 6 7 4 6 7 4
0 6 4 4 3 4 1 1
0 29 4 3 4 4 3 4 6 7 4 0 0 0 0 0 1 1 1 0 0 0 1 5 1 1 1 0 0 0 1
0 17 4 0 0 0 0 0 1 1 1 1 1 1 1 5 1 1 1
0 16 0 0 0 4 0 4 4 5 6 7 7 2 6 1 7 3
0 28 4 3 4 3 0 4 6 7 4 6 7 0 0 4 1 1 0 0 0 1 5 3 1 1 1 1 0 0
0 30 4 4 4 0 4 6 7 1 1 1 1 1 1 0 0 1 5 1 1 1 1 0 0 1 5 1 1 1 1 1
0 15 4 4 0 0 0 0 1 1 0 0 0 0 0 1 5
0 41 4 4 4 3 4 4 3 0 0 0 0 0 0 0 1 1 1 1 1 1 5 3 1 1 1 1 1 0 1 5 1 5 6 7 3 5 1 7 7 1 1
0 21 4 4 6 7 0 1 1 1 0 0 1 5 1 1 1 1 1 1 0 1 5
0 26 4 4 4 4 4 4 4 1 1 5 3 1 0 0 0 0 1 5 1 1 1 1 1 1 0 0
0 51 4 0 0 0 0 0 0 0 0 0 0 0 0 0 0 0 0 0 0 1 0 1 5 3 1 1 1 1 0 0 0 0 0 1 5 3 1 1 1 1 1 1 0 0 0 0 0 1 5 1 1
0 12 3 3 4 4 4 4 4 1 1 0 0 0
0 9 4 0 0 0 0 0 0 0 0
0 9 3 4 4 4 4 4 0 0 0
0 6 1 0 1 5 1 1
0 57 4 3 4 3 0 4 6 7 4 6 7 0 0 4 1 1 0 0 0 1 5 3 1 1 1 1 0 0 0 0 1 5 3 1 1 0 0 1 5 3 1 1 0 0 0 0 0 1 5 3 1 1 0 0 0 1 5
0 55 3 4 6 7 1 0 0 0 0 0 1 5 3 1 1 1 1 0 0 0 0 0 1 5 3 1 1 1 1 1 1 5 3 1 1 0 0 0 1 5 1 5 6 7 1 5 7 6 7 6 7 6 7 3 1
0 17 4 4 4 4 6 7 4 6 7 1 1 1 1 1 0 0 1
0 20 4 4 4 3 4 4 1 1 1 1 1 0 0 0 1 5 1 1 1 1
0 41 4 4 6 7 0 1 1 1 0 0 1 5 1 1 1 1 1 1 0 1 5 3 1 1 1 1 1 0 0 1 5 1 1 1 1 0 0 0 0 0 1
0 7 4 4 4 3 4 6 7
0 7 4 4 3 4 1 1 1
0 45 4 4 4 3 4 4 1 1 1 1 1 0 0 0 1 5 1 1 1 1 1 5 1 1 1 0 0 0 0 0 1 5 3 1 1 0 0 1 5 3 1 1 0 1 5
0 20 4 3 4 3 0 4 6 7 4 6 7 0 0 4 1 1 0 0 0 1
0 23 4 4 4 0 4 1 1 0 1 5 1 1 1 1 1 1 1 5 1 1 1 1 1
0 35 3 3 4 4 4 4 4 1 1 0 0 0 0 1 5 3 1 1 1 1 1 0 0 0 1 5 3 1 1 0 0 0 0 1 5
0 24 4 3 4 0 0 0 1 1 1 1 1 1 0 0 0 0 1 5 3 1 1 1 1 0
0 37 4 4 4 4 4 0 0 0 0 0 0 1 1 1 0 1 5 1 1 1 0 0 1 5 1 1 1 0 1 5 3 5 6 7 7 7 1
0 56 4 4 4 3 4 6 7 4 0 0 0 0 0 1 1 0 0 0 0 1 5 3 1 1 1 1 1 1 0 1 5 3 1 0 0 1 5 1 1 0 0 0 0 1 5 3 5 6 7 7 7 3 1 1 1 1
0 36 4 4 4 3 4 4 1 1 1 1 1 0 0 0 1 5 1 1 1 1 1 5 1 1 1 0 0 0 0 0 1 5 3 1 1 0
0 14 4 4 4 3 4 6 7 4 0 0 0 0 0 1
0 20 1 0 1 5 1 1 1 1 1 0 0 0 0 1 5 1 1 1 1 1
0 52 4 3 4 0 0 0 1 1 1 1 1 1 0 0 0 0 1 5 3 1 1 1 1 0 0 0 1 5 1 1 1 1 1 1 0 0 0 1 5 1 1 0 0 0 1 5 3 1 1 1 1 0
0 20 4 1 1 1 1 0 1 5 1 1 1 1 1 1 5 3 1 1 1 0
0 33 4 4 4 0 4 0 0 4 1 1 0 0 0 0 0 1 5 3 1 1 0 0 0 1 5 1 1 1 0 0 1 5 1
0 3 4 4 3
0 24 3 4 4 4 0 0 4 6 7 4 6 7 4 4 6 7 1 1 1 0 0 0 0 1
0 11 4 3 4 4 3 4 6 7 4 0 0
0 35 4 4 4 4 6 7 4 6 7 1 1 1 1 1 0 0 1 5 1 1 1 1 1 1 1 0 0 0 0 0 1 5 1 1 1
0 19 3 3 4 4 4 4 4 1 1 0 0 0 0 1 5 3 1 1 1
0 28 3 4 4 4 3 4 4 4 4 4 0 0 0 0 0 0 0 0 0 1 0 0 0 0 1 5 3 5
0 8 4 4 4 4 6 7 4 6
0 45 4 0 0 0 0 0 0 0 0 0 0 0 0 0 0 0 0 0 0 1 0 1 5 3 1 1 1 1 0 0 0 0 0 1 5 3 1 1 1 1 1 1 0 0 0
0 13 4 4 0 0 0 0 1 1 0 0 0 0 0
0 18 4 4 4 4 0 0 0 4 6 7 4 1 0 0 0 1 5 1
0 56 4 4 4 4 4 6 7 1 1 1 1 0 0 1 5 3 1 1 1 1 0 0 0 0 1 5 3 1 1 1 0 0 1 5 3 1 1 1 1 1 0 0 0 0 0 1 5 1 1 1 1 1 1 0 0 0
0 33 4 4 4 4 4 4 4 1 1 5 3 1 0 0 0 0 1 5 1 1 1 1 1 1 0 0 0 0 1 5 1 1 1
0 7 4 6 7 4 6 7 0
0 33 4 4 4 3 4 4 1 1 1 1 1 0 0 0 1 5 1 1 1 1 1 5 1 1 1 0 0 0 0 0 1 5 3
0 49 4 4 4 0 4 0 0 4 1 1 0 0 0 0 0 1 5 3 1 1 0 0 0 1 5 1 1 1 0 0 1 5 1 1 1 1 1 1 0 0 0 1 5 3 1 1 1 1 0
0 15 4 4 4 3 4 4 1 1 1 1 1 0 0 0 1
0 32 4 4 4 4 4 0 0 0 0 0 0 1 1 1 0 1 5 1 1 1 0 0 1 5 1 1 1 0 1 5 3 5
0 16 4 3 4 3 0 4 6 7 4 6 7 0 0 4 1 1
0 8 4 4 4 4 0 0 0 4
0 7 3 4 4 4 3 4 4
0 30 4 4 4 3 4 4 3 0 0 0 0 0 0 0 1 1 1 1 1 1 5 3 1 1 1 1 1 0 1 5
0 30 4 4 4 0 4 0 0 4 1 1 0 0 0 0 0 1 5 3 1 1 0 0 0 1 5 1 1 1 0 0
0 30 4 4 4 3 4 4 1 1 1 1 1 0 0 0 1 5 1 1 1 1 1 5 1 1 1 0 0 0 0 0
0 25 4 4 4 4 4 0 0 0 0 4 4 1 0 0 0 1 5 3 1 1 1 1 0 0 0
0 25 4 0 0 0 0 0 0 0 0 0 0 0 0 0 0 0 0 0 0 1 0 1 5 3 1
0 30 4 4 4 0 4 1 1 0 1 5 1 1 1 1 1 1 1 5 1 1 1 1 1 1 1 0 0 0 0 0
0 18 4 4 4 0 4 6 7 1 1 1 1 1 1 0 0 1 5 1
0 17 4 4 4 4 4 0 0 0 0 4 0 0 0 0 0 0 0
0 35 4 4 4 4 4 4 4 1 1 5 3 1 0 0 0 0 1 5 1 1 1 1 1 1 0 0 0 0 1 5 1 1 1 0 0
0 17 4 3 4 0 0 0 1 1 1 1 1 1 0 0 0 0 1
0 9 4 4 4 0 4 6 7 1 1
0 24 1 0 1 5 1 1 1 1 1 0 0 0 0 1 5 1 1 1 1 1 1 1 5 3
0 22 4 4 4 4 4 0 0 0 4 6 7 4 1 0 0 1 5 1 1 1 1 1
0 20 4 6 7 4 6 7 0 0 0 0 1 1 1 0 1 5 3 1 1 1
0 13 4 3 4 0 0 0 1 1 1 1 1 1 0
0 29 4 4 4 3 4 6 7 4 0 0 0 0 0 1 1 0 0 0 0 1 5 3 1 1 1 1 1 1 0
0 17 4 3 4 3 0 4 6 7 4 6 7 0 0 4 1 1 0
0 35 1 0 1 5 1 1 1 1 1 0 0 0 0 1 5 1 1 1 1 1 1 1 5 3 1 1 1 1 1 0 0 0 0 1 5
0 53 4 4 4 3 4 6 7 4 0 0 0 0 0 1 1 0 0 0 0 1 5 3 1 1 1 1 1 1 0 1 5 3 1 0 0 1 5 1 1 0 0 0 0 1 5 3 5 6 7 7 7 3 1
0 29 4 4 4 4 6 7 4 6 7 1 1 1 1 1 0 0 1 5 1 1 1 1 1 1 1 0 0 0 0
0 32 4 4 4 4 0 0 0 4 6 7 4 1 0 0 0 1 5 1 1 1 1 1 0 0 1 5 3 1 1 1 1 1
0 6 4 4 4 4 4 6
0 8 4 0 0 0 0 0 1 1
0 43 4 3 4 3 0 4 6 7 4 6 7 0 0 4 1 1 0 0 0 1 5 3 1 1 1 1 0 0 0 0 1 5 3 1 1 0 0 1 5 3 1 1 0
0 62 4 4 4 4 4 6 7 1 1 1 1 0 0 1 5 3 1 1 1 1 0 0 0 0 1 5 3 1 1 1 0 0 1 5 3 1 1 1 1 1 0 0 0 0 0 1 5 1 1 1 1 1 1 0 0 0 0 0 1 5 3 5
0 33 4 4 4 4 4 6 7 1 1 1 1 0 0 1 5 3 1 1 1 1 0 0 0 0 1 5 3 1 1 1 0 0 1
0 6 4 4 4 4 0 0
0 16 4 4 4 4 4 4 4 1 1 5 3 1 0 0 0 0
0 24 4 0 0 0 0 0 0 0 0 0 0 0 0 0 0 0 0 0 0 1 0 1 5 3
0 9 4 1 1 1 1 0 1 5 1
0 10 0 0 0 0 0 1 1 1 1 1
0 39 4 4 4 4 4 0 0 0 4 6 7 4 1 0 0 1 5 1 1 1 1 1 1 0 0 0 0 1 5 3 1 1 1 1 1 0 0 0 0
0 11 4 4 4 4 4 3 3 4 6 7 1
0 6 4 4 4 4 4 4
0 31 4 4 4 0 4 6 7 1 1 1 1 1 1 0 0 1 5 1 1 1 1 0 0 1 5 1 1 1 1 1 1
0 8 4 4 4 3 4 4 3 0
0 17 4 4 0 4 1 1 1 1 1 0 0 0 0 0 1 5 3
0 15 4 3 4 0 0 0 1 1 1 1 1 1 0 0 0
0 21 4 3 4 0 0 0 1 1 1 1 1 1 0 0 0 0 1 5 3 1 1
0 52 4 4 4 0 4 0 0 4 1 1 0 0 0 0 0 1 5 3 1 1 0 0 0 1 5 1 1 1 0 0 1 5 1 1 1 1 1 1 0 0 0 1 5 3 1 1 1 1 0 0 0 0
0 28 4 3 4 4 3 4 6 7 4 0 0 0 0 0 1 1 1 0 0 0 1 5 1 1 1 0 0 0
0 3 1 0 1
0 58 4 3 4 3 0 4 6 7 4 6 7 0 0 4 1 1 0 0 0 1 5 3 1 1 1 1 0 0 0 0 1 5 3 1 1 0 0 1 5 3 1 1 0 0 0 0 0 1 5 3 1 1 0 0 0 1 5 3
0 43 4 4 4 4 0 0 0 4 6 7 4 1 0 0 0 1 5 1 1 1 1 1 0 0 1 5 3 1 1 1 1 1 1 0 0 0 0 1 5 3 1 1 1
0 13 4 3 4 3 0 4 6 7 4 6 7 0 0
0 15 4 4 3 4 1 1 1 1 0 1 5 1 1 1 5
0 17 4 4 4 3 4 4 3 0 0 0 0 0 0 0 1 1 1
0 11 4 4 4 4 6 7 4 6 7 1 1
0 10 4 4 4 4 4 4 4 1 1 5
0 30 4 4 0 0 0 0 1 1 0 0 0 0 0 1 5 3 1 1 1 0 1 5 3 1 1 1 1 5 1 1
0 16 4 4 4 4 4 0 0 0 0 0 0 1 1 1 0 1
0 46 4 4 4 4 6 7 4 6 7 1 1 1 1 1 0 0 1 5 1 1 1 1 1 1 1 0 0 0 0 0 1 5 1 1 1 0 0 0 0 1 5 3 1 1 5 1
0 28 4 4 4 4 4 0 0 0 0 4 4 1 0 0 0 1 5 3 1 1 1 1 0 0 0 0 0 1
0 24 4 4 4 4 4 0 0 0 4 6 7 4 1 0 0 1 5 1 1 1 1 1 1 0
0 56 3 4 6 7 1 0 0 0 0 0 1 5 3 1 1 1 1 0 0 0 0 0 1 5 3 1 1 1 1 1 1 5 3 1 1 0 0 0 1 5 1 5 6 7 1 5 7 6 7 6 7 6 7 3 1 1
0 23 4 0 0 0 0 0 0 0 0 0 0 0 0 0 0 0 0 0 0 1 0 1 5
0 37 4 3 4 0 0 0 1 1 1 1 1 1 0 0 0 0 1 5 3 1 1 1 1 0 0 0 1 5 1 1 1 1 1 1 0 0 0
0 6 4 1 1 1 1 0
0 34 4 4 4 3 4 4 1 1 1 1 1 0 0 0 1 5 1 1 1 1 1 5 1 1 1 0 0 0 0 0 1 5 3 1
0 26 4 4 0 0 0 0 1 1 0 0 0 0 0 1 5 3 1 1 1 0 1 5 3 1 1 1
0 12 4 4 4 3 4 6 7 4 0 0 0 0
0 28 3 3 4 4 4 4 4 1 1 0 0 0 0 1 5 3 1 1 1 1 1 0 0 0 1 5 3 1
0 19 4 1 1 1 1 0 1 5 1 1 1 1 1 1 5 3 1 1 1
0 25 4 4 4 4 6 7 4 6 7 1 1 1 1 1 0 0 1 5 1 1 1 1 1 1 1
0 15 4 4 1 1 1 1 1 0 0 0 0 0 1 5 3
0 45 3 4 6 7 1 0 0 0 0 0 1 5 3 1 1 1 1 0 0 0 0 0 1 5 3 1 1 1 1 1 1 5 3 1 1 0 0 0 1 5 1 5 6 7 1
0 34 4 4 0 0 0 0 1 1 0 0 0 0 0 1 5 3 1 1 1 0 1 5 3 1 1 1 1 5 1 1 1 1 0 0
0 23 4 4 4 3 4 6 7 4 0 0 0 0 0 1 1 0 0 0 0 1 5 3 1
0 33 4 4 4 0 4 1 1 0 1 5 1 1 1 1 1 1 1 5 1 1 1 1 1 1 1 0 0 0 0 0 1 5 3
0 37 4 4 4 0 4 0 0 4 1 1 0 0 0 0 0 1 5 3 1 1 0 0 0 1 5 1 1 1 0 0 1 5 1 1 1 1 1
0 15 3 3 4 4 4 4 4 1 1 0 0 0 0 1 5
0 52 4 4 4 3 4 6 7 4 0 0 0 0 0 1 1 0 0 0 0 1 5 3 1 1 1 1 1 1 0 1 5 3 1 0 0 1 5 1 1 0 0 0 0 1 5 3 5 6 7 7 7 3
0 29 4 4 4 4 4 0 0 0 0 4 4 1 0 0 0 1 5 3 1 1 1 1 0 0 0 0 0 1 5
0 21 3 4 6 7 1 0 0 0 0 0 1 5 3 1 1 1 1 0 0 0 0
0 2 3 4
0 31 4 4 4 4 4 0 0 0 4 6 7 4 1 0 0 1 5 1 1 1 1 1 1 0 0 0 0 1 5 3 1
0 25 4 4 4 0 4 0 0 4 1 1 0 0 0 0 0 1 5 3 1 1 0 0 0 1 5
0 39 4 4 4 4 4 0 0 0 0 0 0 1 1 1 0 1 5 1 1 1 0 0 1 5 1 1 1 0 1 5 3 5 6 7 7 7 1 1 1
0 46 3 3 4 4 4 4 4 1 1 0 0 0 0 1 5 3 1 1 1 1 1 0 0 0 1 5 3 1 1 0 0 0 0 1 5 3 5 6 7 7 2 6 1 7 1 1
0 5 4 3 4 4 3
0 19 4 4 4 4 6 7 4 6 7 1 1 1 1 1 0 0 1 5 1
0 8 4 4 4 4 4 4 4 1
0 54 4 4 4 4 0 0 0 4 6 7 4 1 0 0 0 1 5 1 1 1 1 1 0 0 1 5 3 1 1 1 1 1 1 0 0 0 0 1 5 3 1 1 1 1 1 1 0 0 0 0 1 5 3 5
0 31 4 4 4 4 4 0 0 0 0 4 4 1 0 0 0 1 5 3 1 1 1 1 0 0 0 0 0 1 5 3 5
0 20 4 4 4 4 4 0 0 0 0 4 4 1 0 0 0 1 5 3 1 1
0 25 3 3 4 4 4 4 4 1 1 0 0 0 0 1 5 3 1 1 1 1 1 0 0 0 1
0 17 0 0 0 0 0 1 1 1 1 1 0 0 0 0 0 1 5
0 7 4 3 4 0 0 0 1
0 81 3 4 6 7 1 0 0 0 0 0 1 5 3 1 1 1 1 0 0 0 0 0 1 5 3 1 1 1 1 1 1 5 3 1 1 0 0 0 1 5 1 5 6 7 1 5 7 6 7 6 7 6 7 3 1 1 3 1 5 7 6 5 7 6 7 6 5 7 7 2 6 4 4 7 6 0 0 0 0 7 2
0 24 4 4 4 4 4 0 0 0 0 0 0 1 1 1 0 1 5 1 1 1 0 0 1 5
0 26 4 3 4 4 3 4 6 7 4 0 0 0 0 0 1 1 1 0 0 0 1 5 1 1 1 0
0 35 4 3 4 3 0 4 6 7 4 6 7 0 0 4 1 1 0 0 0 1 5 3 1 1 1 1 0 0 0 0 1 5 3 1 1
0 19 3 4 4 4 4 4 0 0 0 0 0 0 0 1 0 0 0 0 0
0 21 4 4 4 4 4 0 0 0 0 0 0 1 1 1 0 1 5 1 1 1 0
0 38 4 4 4 4 0 0 0 4 6 7 4 1 0 0 0 1 5 1 1 1 1 1 0 0 1 5 3 1 1 1 1 1 1 0 0 0 0 1
0 24 4 3 4 4 3 4 6 7 4 0 0 0 0 0 1 1 1 0 0 0 1 5 1 1
0 60 4 3 4 0 0 0 1 1 1 1 1 1 0 0 0 0 1 5 3 1 1 1 1 0 0 0 1 5 1 1 1 1 1 1 0 0 0 1 5 1 1 0 0 0 1 5 3 1 1 1 1 0 0 0 0 0 1 5 1 5
0 11 3 4 4 4 4 4 0 0 0 0 0
0 6 3 1 1 1 1 5
0 29 4 4 4 3 4 4 1 1 1 1 1 0 0 0 1 5 1 1 1 1 1 5 1 1 1 0 0 0 0
0 27 4 4 6 7 0 1 1 1 0 0 1 5 1 1 1 1 1 1 0 1 5 3 1 1 1 1 1
0 23 3 4 4 4 4 4 0 0 0 0 0 0 0 1 0 0 0 0 0 1 5 1 1
0 29 4 4 4 4 0 0 0 4 6 7 4 1 0 0 0 1 5 1 1 1 1 1 0 0 1 5 3 1 1
0 22 4 4 4 4 4 4 4 1 1 5 3 1 0 0 0 0 1 5 1 1 1 1
0 22 3 4 6 7 1 0 0 0 0 0 1 5 3 1 1 1 1 0 0 0 0 0
0 24 4 4 4 4 4 4 4 1 1 5 3 1 0 0 0 0 1 5 1 1 1 1 1 1
0 6 4 4 4 4 4 3
0 53 4 0 0 0 0 0 0 0 0 0 0 0 0 0 0 0 0 0 0 1 0 1 5 3 1 1 1 1 0 0 0 0 0 1 5 3 1 1 1 1 1 1 0 0 0 0 0 1 5 1 1 1 1
0 22 4 4 4 4 4 6 7 1 1 1 1 0 0 1 5 3 1 1 1 1 0 0
0 18 4 3 4 4 3 4 6 7 4 0 0 0 0 0 1 1 1 0
0 13 4 1 1 1 1 1 1 0 0 0 0 1 5
0 14 4 3 4 4 3 4 6 7 4 0 0 0 0 0
0 26 4 4 4 4 4 6 7 1 1 1 1 0 0 1 5 3 1 1 1 1 0 0 0 0 1 5
0 7 4 4 4 4 6 7 4
0 19 4 4 4 3 4 4 3 0 0 0 0 0 0 0 1 1 1 1 1
0 26 3 4 6 7 1 0 0 0 0 0 1 5 3 1 1 1 1 0 0 0 0 0 1 5 3 1
0 14 4 4 4 4 4 6 7 1 1 1 1 0 0 1
0 39 4 4 4 4 0 0 0 4 6 7 4 1 0 0 0 1 5 1 1 1 1 1 0 0 1 5 3 1 1 1 1 1 1 0 0 0 0 1 5
0 5 4 4 6 7 0
0 4 3 4 4 4
0 43 4 4 4 3 4 6 7 4 0 0 0 0 0 1 1 0 0 0 0 1 5 3 1 1 1 1 1 1 0 1 5 3 1 0 0 1 5 1 1 0 0 0 0
0 36 3 3 4 4 4 4 4 1 1 0 0 0 0 1 5 3 1 1 1 1 1 0 0 0 1 5 3 1 1 0 0 0 0 1 5 3
0 9 0 0 0 0 0 1 1 1 1
0 43 4 4 4 4 4 0 0 0 4 6 7 4 1 0 0 1 5 1 1 1 1 1 1 0 0 0 0 1 5 3 1 1 1 1 1 0 0 0 0 1 5 3 1
0 11 4 4 4 0 4 0 0 4 1 1 0
0 40 4 4 4 0 4 0 0 4 1 1 0 0 0 0 0 1 5 3 1 1 0 0 0 1 5 1 1 1 0 0 1 5 1 1 1 1 1 1 0 0
0 4 0 0 0 4
0 34 4 3 4 0 0 0 1 1 1 1 1 1 0 0 0 0 1 5 3 1 1 1 1 0 0 0 1 5 1 1 1 1 1 1
0 15 4 4 4 0 4 0 0 4 1 1 0 0 0 0 0
0 9 4 4 4 3 4 6 7 4 0
0 7 3 4 6 7 1 0 0
0 7 4 4 0 0 0 0 1
0 10 4 1 1 1 1 0 1 5 1 1
0 17 4 4 4 4 0 0 0 4 6 7 4 1 0 0 0 1 5
0 6 4 4 0 0 0 0
0 45 4 4 4 4 0 0 0 4 6 7 4 1 0 0 0 1 5 1 1 1 1 1 0 0 1 5 3 1 1 1 1 1 1 0 0 0 0 1 5 3 1 1 1 1 1
0 15 4 4 0 4 1 1 1 1 1 0 0 0 0 0 1
0 40 4 0 0 0 0 0 0 0 0 0 0 0 0 0 0 0 0 0 0 1 0 1 5 3 1 1 1 1 0 0 0 0 0 1 5 3 1 1 1 1
0 60 4 4 4 0 4 0 0 4 1 1 0 0 0 0 0 1 5 3 1 1 0 0 0 1 5 1 1 1 0 0 1 5 1 1 1 1 1 1 0 0 0 1 5 3 1 1 1 1 0 0 0 0 1 5 3 5 6 7 7 2
0 15 4 4 4 0 4 1 1 0 1 5 1 1 1 1 1
0 19 4 6 7 4 6 7 0 0 0 0 1 1 1 0 1 5 3 1 1
0 31 4 4 4 4 4 0 0 0 0 0 0 1 1 1 0 1 5 1 1 1 0 0 1 5 1 1 1 0 1 5 3
0 23 4 4 4 4 4 0 0 0 0 0 0 1 1 1 0 1 5 1 1 1 0 0 1
0 12 4 6 7 4 6 7 0 0 0 0 1 1
0 12 4 5 6 7 7 3 1 1 5 1 7 2
0 64 4 3 4 3 0 4 6 7 4 6 7 0 0 4 1 1 0 0 0 1 5 3 1 1 1 1 0 0 0 0 1 5 3 1 1 0 0 1 5 3 1 1 0 0 0 0 0 1 5 3 1 1 0 0 0 1 5 3 5 6 7 1 1 1
0 30 4 0 0 0 0 0 0 0 0 0 0 0 0 0 0 0 0 0 0 1 0 1 5 3 1 1 1 1 0 0
0 4 4 4 0 4
0 57 4 3 4 0 0 0 1 1 1 1 1 1 0 0 0 0 1 5 3 1 1 1 1 0 0 0 1 5 1 1 1 1 1 1 0 0 0 1 5 1 1 0 0 0 1 5 3 1 1 1 1 0 0 0 0 0 1
0 10 1 1 1 5 3 1 0 1 5 1
0 17 3 4 6 7 1 0 0 0 0 0 1 5 3 1 1 1 1
0 25 4 4 4 4 0 0 0 4 6 7 4 1 0 0 0 1 5 1 1 1 1 1 0 0 1
0 28 4 4 4 0 4 0 0 4 1 1 0 0 0 0 0 1 5 3 1 1 0 0 0 1 5 1 1 1
0 38 4 0 0 0 0 0 0 0 0 0 0 0 0 0 0 0 0 0 0 1 0 1 5 3 1 1 1 1 0 0 0 0 0 1 5 3 1 1
0 7 3 3 4 4 4 4 4
0 3 4 3 3
0 27 3 3 4 4 4 4 4 1 1 0 0 0 0 1 5 3 1 1 1 1 1 0 0 0 1 5 3
0 11 4 4 6 7 0 1 1 1 0 0 1
0 36 4 3 4 0 0 0 1 1 1 1 1 1 0 0 0 0 1 5 3 1 1 1 1 0 0 0 1 5 1 1 1 1 1 1 0 0
0 29 3 3 4 4 4 4 4 1 1 0 0 0 0 1 5 3 1 1 1 1 1 0 0 0 1 5 3 1 1
0 14 4 4 4 4 4 4 4 1 1 5 3 1 0 0
0 2 1 0
0 34 4 0 0 0 0 0 1 1 1 1 1 1 1 5 1 1 1 1 1 0 1 5 3 5 6 7 5 1 7 2 6 1 7 2
0 44 4 3 4 4 3 4 6 7 4 0 0 0 0 0 1 1 1 0 0 0 1 5 1 1 1 0 0 0 1 5 3 1 1 0 0 1 5 1 1 1 1 1 0 0
0 42 1 0 1 5 1 1 1 1 1 0 0 0 0 1 5 1 1 1 1 1 1 1 5 3 1 1 1 1 1 0 0 0 0 1 5 1 5 6 7 7 1 1
0 29 4 0 0 0 0 0 0 0 0 0 0 0 0 0 0 0 0 0 0 1 0 1 5 3 1 1 1 1 0
0 59 4 4 4 4 4 6 7 1 1 1 1 0 0 1 5 3 1 1 1 1 0 0 0 0 1 5 3 1 1 1 0 0 1 5 3 1 1 1 1 1 0 0 0 0 0 1 5 1 1 1 1 1 1 0 0 0 0 0 1
0 14 4 4 4 4 4 0 0 0 0 0 0 1 1 1
0 11 4 1 1 1 1 1 1 0 0 0 0
0 4 3 4 6 7
0 12 4 4 4 0 4 6 7 1 1 1 1 1
0 33 4 4 6 7 0 1 1 1 0 0 1 5 1 1 1 1 1 1 0 1 5 3 1 1 1 1 1 0 0 1 5 1 1
0 8 3 3 4 4 4 4 4 1
0 2 1 1
0 7 3 4 4 4 4 4 4
0 21 4 4 4 0 4 6 7 1 1 1 1 1 1 0 0 1 5 1 1 1 1
0 6 0 0 0 4 0 4
0 22 4 4 4 3 4 6 7 4 0 0 0 0 0 1 1 0 0 0 0 1 5 3
0 3 4 3 4
0 8 0 0 1 1 0 0 0 0
0 10 4 0 0 0 0 0 0 0 0 0
0 6 1 1 1 5 3 1
0 30 4 4 4 4 4 4 4 1 1 5 3 1 0 0 0 0 1 5 1 1 1 1 1 1 0 0 0 0 1 5
0 47 4 4 4 3 4 4 1 1 1 1 1 0 0 0 1 5 1 1 1 1 1 5 1 1 1 0 0 0 0 0 1 5 3 1 1 0 0 1 5 3 1 1 0 1 5 1 5
0 24 4 4 4 0 4 0 0 4 1 1 0 0 0 0 0 1 5 3 1 1 0 0 0 1
0 59 4 3 4 0 0 0 1 1 1 1 1 1 0 0 0 0 1 5 3 1 1 1 1 0 0 0 1 5 1 1 1 1 1 1 0 0 0 1 5 1 1 0 0 0 1 5 3 1 1 1 1 0 0 0 0 0 1 5 1
0 54 4 3 4 3 0 4 6 7 4 6 7 0 0 4 1 1 0 0 0 1 5 3 1 1 1 1 0 0 0 0 1 5 3 1 1 0 0 1 5 3 1 1 0 0 0 0 0 1 5 3 1 1 0 0
0 34 4 3 4 3 0 4 6 7 4 6 7 0 0 4 1 1 0 0 0 1 5 3 1 1 1 1 0 0 0 0 1 5 3 1
0 21 4 4 4 4 4 0 0 0 0 4 4 1 0 0 0 1 5 3 1 1 1
0 14 4 4 4 3 4 4 1 1 1 1 1 0 0 0
0 33 3 3 4 4 4 4 4 1 1 0 0 0 0 1 5 3 1 1 1 1 1 0 0 0 1 5 3 1 1 0 0 0 0
0 8 3 4 6 7 1 0 0 0
0 25 3 4 4 4 4 4 0 0 0 0 0 0 0 1 0 0 0 0 0 1 5 1 1 1 1
0 12 4 4 0 0 0 0 1 1 0 0 0 0
0 22 4 3 4 4 3 4 6 7 4 0 0 0 0 0 1 1 1 0 0 0 1 5
0 6 4 6 7 4 6 7
0 6 4 4 4 3 4 4
0 7 4 4 4 4 4 3 3
0 5 3 3 4 4 4
0 34 3 4 6 7 1 0 0 0 0 0 1 5 3 1 1 1 1 0 0 0 0 0 1 5 3 1 1 1 1 1 1 5 3 1
0 34 1 0 1 5 1 1 1 1 1 0 0 0 0 1 5 1 1 1 1 1 1 1 5 3 1 1 1 1 1 0 0 0 0 1
0 42 4 4 4 3 4 4 3 0 0 0 0 0 0 0 1 1 1 1 1 1 5 3 1 1 1 1 1 0 1 5 1 5 6 7 3 5 1 7 7 1 1 1
0 44 4 4 6 7 0 1 1 1 0 0 1 5 1 1 1 1 1 1 0 1 5 3 1 1 1 1 1 0 0 1 5 1 1 1 1 0 0 0 0 0 1 5 1 5
0 14 4 4 0 0 0 0 1 1 0 0 0 0 0 1
0 39 4 3 4 0 0 0 1 1 1 1 1 1 0 0 0 0 1 5 3 1 1 1 1 0 0 0 1 5 1 1 1 1 1 1 0 0 0 1 5
0 71 4 4 4 0 4 0 0 4 1 1 0 0 0 0 0 1 5 3 1 1 0 0 0 1 5 1 1 1 0 0 1 5 1 1 1 1 1 1 0 0 0 1 5 3 1 1 1 1 0 0 0 0 1 5 3 5 6 7 7 2 6 7 6 5 4 7 6 7 7 7 2
0 16 4 0 0 0 0 0 1 1 1 1 1 1 1 5 1 1
0 31 3 4 6 7 1 0 0 0 0 0 1 5 3 1 1 1 1 0 0 0 0 0 1 5 3 1 1 1 1 1 1
0 17 4 4 4 0 4 1 1 0 1 5 1 1 1 1 1 1 1
0 13 4 4 4 3 4 4 3 0 0 0 0 0 0
0 25 3 4 6 7 1 0 0 0 0 0 1 5 3 1 1 1 1 0 0 0 0 0 1 5 3
0 6 3 4 4 4 3 4
0 16 4 4 4 3 4 6 7 4 0 0 0 0 0 1 1 0
0 39 4 4 4 4 4 6 7 1 1 1 1 0 0 1 5 3 1 1 1 1 0 0 0 0 1 5 3 1 1 1 0 0 1 5 3 1 1 1 1
0 10 3 4 6 7 1 0 0 0 0 0
0 20 3 3 4 4 4 4 4 1 1 0 0 0 0 1 5 3 1 1 1 1
0 41 4 3 4 0 0 0 1 1 1 1 1 1 0 0 0 0 1 5 3 1 1 1 1 0 0 0 1 5 1 1 1 1 1 1 0 0 0 1 5 1 1
0 12 4 4 4 4 6 7 4 6 7 1 1 1
0 10 3 4 4 4 4 4 0 0 0 0
0 9 4 4 4 4 4 6 7 1 1
0 14 4 4 0 4 1 1 1 1 1 0 0 0 0 0
0 27 4 4 4 3 4 4 3 0 0 0 0 0 0 0 1 1 1 1 1 1 5 3 1 1 1 1 1
0 44 4 4 4 3 4 6 7 4 0 0 0 0 0 1 1 0 0 0 0 1 5 3 1 1 1 1 1 1 0 1 5 3 1 0 0 1 5 1 1 0 0 0 0 1
0 31 4 4 6 7 0 1 1 1 0 0 1 5 1 1 1 1 1 1 0 1 5 3 1 1 1 1 1 0 0 1 5
0 14 4 3 3 4 4 4 1 1 1 1 0 0 0 0
0 17 3 4 4 4 3 4 4 4 4 4 0 0 0 0 0 0 0
0 3 4 4 1
0 69 4 0 0 0 0 0 0 0 0 0 0 0 0 0 0 0 0 0 0 1 0 1 5 3 1 1 1 1 0 0 0 0 0 1 5 3 1 1 1 1 1 1 0 0 0 0 0 1 5 1 1 1 1 1 1 1 0 0 0 0 0 1 5 3 1 1 5 1 5
0 36 4 4 6 7 0 1 1 1 0 0 1 5 1 1 1 1 1 1 0 1 5 3 1 1 1 1 1 0 0 1 5 1 1 1 1 0
0 27 4 3 4 3 0 4 6 7 4 6 7 0 0 4 1 1 0 0 0 1 5 3 1 1 1 1 0
0 10 4 4 4 0 0 0 4 6 7 5
0 24 4 3 4 3 0 4 6 7 4 6 7 0 0 4 1 1 0 0 0 1 5 3 1 1
0 29 4 4 0 0 0 0 1 1 0 0 0 0 0 1 5 3 1 1 1 0 1 5 3 1 1 1 1 5 1
0 28 4 4 4 0 4 6 7 1 1 1 1 1 1 0 0 1 5 1 1 1 1 0 0 1 5 1 1 1
0 29 1 0 1 5 1 1 1 1 1 0 0 0 0 1 5 1 1 1 1 1 1 1 5 3 1 1 1 1 1
0 42 4 3 4 4 3 4 6 7 4 0 0 0 0 0 1 1 1 0 0 0 1 5 1 1 1 0 0 0 1 5 3 1 1 0 0 1 5 1 1 1 1 1
0 13 0 0 1 1 0 0 0 0 0 1 5 3 5
0 49 4 3 4 0 0 0 1 1 1 1 1 1 0 0 0 0 1 5 3 1 1 1 1 0 0 0 1 5 1 1 1 1 1 1 0 0 0 1 5 1 1 0 0 0 1 5 3 1 1
0 2 4 1
0 38 4 4 4 3 4 4 1 1 1 1 1 0 0 0 1 5 1 1 1 1 1 5 1 1 1 0 0 0 0 0 1 5 3 1 1 0 0 1
0 38 4 4 4 0 4 1 1 0 1 5 1 1 1 1 1 1 1 5 1 1 1 1 1 1 1 0 0 0 0 0 1 5 3 5 6 7 7 2
0 40 4 4 4 4 6 7 4 6 7 1 1 1 1 1 0 0 1 5 1 1 1 1 1 1 1 0 0 0 0 0 1 5 1 1 1 0 0 0 0 1
0 31 4 3 4 3 0 4 6 7 4 6 7 0 0 4 1 1 0 0 0 1 5 3 1 1 1 1 0 0 0 0 1
0 9 3 4 4 4 4 4 4 4 4
0 15 4 4 4 4 4 0 0 0 4 6 7 4 1 0 0
0 60 4 0 0 0 0 0 0 0 0 0 0 0 0 0 0 0 0 0 0 1 0 1 5 3 1 1 1 1 0 0 0 0 0 1 5 3 1 1 1 1 1 1 0 0 0 0 0 1 5 1 1 1 1 1 1 1 0 0 0 0
0 27 3 4 4 4 0 0 4 6 7 4 6 7 4 4 6 7 1 1 1 0 0 0 0 1 5 3 5
0 18 4 0 0 0 0 0 0 0 0 0 0 0 0 0 0 0 0 0
0 38 4 4 4 4 4 0 0 0 0 4 4 1 0 0 0 1 5 3 1 1 1 1 0 0 0 0 0 1 5 3 5 6 7 1 3 3 1 3
0 28 3 4 6 7 1 0 0 0 0 0 1 5 3 1 1 1 1 0 0 0 0 0 1 5 3 1 1 1
0 5 4 4 0 0 0
0 9 4 3 4 0 0 0 1 1 1
0 39 4 3 4 4 3 4 6 7 4 0 0 0 0 0 1 1 1 0 0 0 1 5 1 1 1 0 0 0 1 5 3 1 1 0 0 1 5 1 1
0 26 4 4 4 0 4 1 1 0 1 5 1 1 1 1 1 1 1 5 1 1 1 1 1 1 1 0
0 41 4 4 4 0 4 0 0 4 1 1 0 0 0 0 0 1 5 3 1 1 0 0 0 1 5 1 1 1 0 0 1 5 1 1 1 1 1 1 0 0 0
0 27 4 4 4 0 4 0 0 4 1 1 0 0 0 0 0 1 5 3 1 1 0 0 0 1 5 1 1
0 25 3 4 4 4 0 0 4 6 7 4 6 7 4 4 6 7 1 1 1 0 0 0 0 1 5
0 33 4 4 4 3 4 6 7 4 0 0 0 0 0 1 1 0 0 0 0 1 5 3 1 1 1 1 1 1 0 1 5 3 1
0 32 4 4 4 3 4 6 7 4 0 0 0 0 0 1 1 0 0 0 0 1 5 3 1 1 1 1 1 1 0 1 5 3
0 18 4 4 4 4 4 0 0 0 4 6 7 4 1 0 0 1 5 1
0 17 4 4 4 4 4 3 3 4 6 7 1 1 1 1 0 1 5
0 10 4 4 4 3 4 4 3 0 0 0
0 34 4 4 4 0 4 6 7 1 1 1 1 1 1 0 0 1 5 1 1 1 1 0 0 1 5 1 1 1 1 1 1 1 1 5
0 42 4 3 4 3 0 4 6 7 4 6 7 0 0 4 1 1 0 0 0 1 5 3 1 1 1 1 0 0 0 0 1 5 3 1 1 0 0 1 5 3 1 1
0 12 1 0 1 5 1 1 1 1 1 0 0 0
0 4 1 1 1 5
0 6 4 4 4 0 4 0
0 11 4 1 1 1 1 0 1 5 1 1 1
0 20 3 4 4 4 0 0 4 6 7 4 6 7 4 4 6 7 1 1 1 0
0 43 4 3 4 4 3 4 6 7 4 0 0 0 0 0 1 1 1 0 0 0 1 5 1 1 1 0 0 0 1 5 3 1 1 0 0 1 5 1 1 1 1 1 0
0 30 1 0 1 5 1 1 1 1 1 0 0 0 0 1 5 1 1 1 1 1 1 1 5 3 1 1 1 1 1 0
0 44 4 4 4 4 0 0 0 4 6 7 4 1 0 0 0 1 5 1 1 1 1 1 0 0 1 5 3 1 1 1 1 1 1 0 0 0 0 1 5 3 1 1 1 1
0 44 4 4 4 4 4 6 7 1 1 1 1 0 0 1 5 3 1 1 1 1 0 0 0 0 1 5 3 1 1 1 0 0 1 5 3 1 1 1 1 1 0 0 0 0
0 12 4 4 4 4 4 0 0 0 0 0 0 1
0 16 4 4 3 4 1 1 1 1 0 1 5 1 1 1 5 1
0 22 4 4 4 0 4 6 7 1 1 1 1 1 1 0 0 1 5 1 1 1 1 0
0 23 4 3 4 3 0 4 6 7 4 6 7 0 0 4 1 1 0 0 0 1 5 3 1
0 36 4 4 4 3 4 6 7 4 0 0 0 0 0 1 1 0 0 0 0 1 5 3 1 1 1 1 1 1 0 1 5 3 1 0 0 1
0 19 4 0 0 0 0 0 1 1 1 1 1 1 1 5 1 1 1 1 1
0 13 4 4 4 4 4 6 7 1 1 1 1 0 0
0 28 4 4 4 4 4 0 0 0 4 6 7 4 1 0 0 1 5 1 1 1 1 1 1 0 0 0 0 1
0 28 4 4 4 0 4 1 1 0 1 5 1 1 1 1 1 1 1 5 1 1 1 1 1 1 1 0 0 0
0 54 4 4 4 4 4 6 7 1 1 1 1 0 0 1 5 3 1 1 1 1 0 0 0 0 1 5 3 1 1 1 0 0 1 5 3 1 1 1 1 1 0 0 0 0 0 1 5 1 1 1 1 1 1 0
0 26 4 4 4 3 4 4 3 0 0 0 0 0 0 0 1 1 1 1 1 1 5 3 1 1 1 1
0 63 4 3 4 3 0 4 6 7 4 6 7 0 0 4 1 1 0 0 0 1 5 3 1 1 1 1 0 0 0 0 1 5 3 1 1 0 0 1 5 3 1 1 0 0 0 0 0 1 5 3 1 1 0 0 0 1 5 3 5 6 7 1 1
0 15 3 4 6 7 1 0 0 0 0 0 1 5 3 1 1
0 32 4 4 4 4 4 6 7 1 1 1 1 0 0 1 5 3 1 1 1 1 0 0 0 0 1 5 3 1 1 1 0 0
0 9 4 4 4 4 6 7 4 6 7
0 47 4 4 4 4 4 0 0 0 4 6 7 4 1 0 0 1 5 1 1 1 1 1 1 0 0 0 0 1 5 3 1 1 1 1 1 0 0 0 0 1 5 3 1 1 0 0 0
0 45 4 4 4 4 4 6 7 1 1 1 1 0 0 1 5 3 1 1 1 1 0 0 0 0 1 5 3 1 1 1 0 0 1 5 3 1 1 1 1 1 0 0 0 0 0
0 21 4 4 4 3 4 4 3 0 0 0 0 0 0 0 1 1 1 1 1 1 5
0 26 4 4 4 3 4 4 1 1 1 1 1 0 0 0 1 5 1 1 1 1 1 5 1 1 1 0
0 14 4 1 1 1 1 0 1 5 1 1 1 1 1 1
0 40 4 3 4 4 3 4 6 7 4 0 0 0 0 0 1 1 1 0 0 0 1 5 1 1 1 0 0 0 1 5 3 1 1 0 0 1 5 1 1 1
0 8 4 4 4 0 0 0 4 6
0 19 4 4 4 4 4 0 0 0 4 6 7 4 1 0 0 1 5 1 1
0 21 4 0 0 0 0 0 1 1 1 1 1 1 1 5 1 1 1 1 1 0 1
0 21 4 4 4 4 4 0 0 0 4 6 7 4 1 0 0 1 5 1 1 1 1
0 9 4 4 4 3 4 4 3 0 0
0 15 4 0 0 0 0 0 1 1 1 1 1 1 1 5 1
0 11 4 4 0 4 1 1 1 1 1 0 0
0 20 4 0 0 0 0 0 1 1 1 1 1 1 1 5 1 1 1 1 1 0
0 18 4 0 0 0 0 0 1 1 1 1 1 1 1 5 1 1 1 1
0 8 3 4 4 4 4 4 0 0
0 41 4 4 4 4 6 7 4 6 7 1 1 1 1 1 0 0 1 5 1 1 1 1 1 1 1 0 0 0 0 0 1 5 1 1 1 0 0 0 0 1 5
0 8 4 4 4 0 4 1 1 0
0 37 4 4 4 4 4 4 4 1 1 5 3 1 0 0 0 0 1 5 1 1 1 1 1 1 0 0 0 0 1 5 1 1 1 0 0 0 0
0 12 4 4 4 4 4 0 0 0 0 4 4 1
0 16 3 4 6 7 0 0 0 0 0 5 6 7 7 1 1 1
0 32 4 4 4 4 6 7 4 6 7 1 1 1 1 1 0 0 1 5 1 1 1 1 1 1 1 0 0 0 0 0 1 5
0 47 4 4 4 4 0 0 0 4 6 7 4 1 0 0 0 1 5 1 1 1 1 1 0 0 1 5 3 1 1 1 1 1 1 0 0 0 0 1 5 3 1 1 1 1 1 1 0
0 11 4 6 7 4 6 7 0 0 0 0 1
0 13 3 4 6 7 1 0 0 0 0 0 1 5 3
0 5 4 4 4 0 4
0 9 4 4 0 0 0 0 1 1 0
0 16 4 4 4 4 4 6 7 1 1 1 1 0 0 1 5 3
0 51 4 4 0 0 0 0 1 1 0 0 0 0 0 1 5 3 1 1 1 0 1 5 3 1 1 1 1 5 1 1 1 1 0 0 1 5 1 5 6 7 2 6 5 0 0 0 0 0 0 7 2
0 40 4 3 4 0 0 0 1 1 1 1 1 1 0 0 0 0 1 5 3 1 1 1 1 0 0 0 1 5 1 1 1 1 1 1 0 0 0 1 5 1
0 51 4 3 4 4 3 4 6 7 4 0 0 0 0 0 1 1 1 0 0 0 1 5 1 1 1 0 0 0 1 5 3 1 1 0 0 1 5 1 1 1 1 1 0 0 1 5 3 5 6 7 1
0 11 3 4 4 4 3 4 4 4 4 4 0
0 26 4 4 4 4 6 7 4 6 7 1 1 1 1 1 0 0 1 5 1 1 1 1 1 1 1 0
0 5 1 0 1 5 1
0 20 4 4 4 0 4 1 1 0 1 5 1 1 1 1 1 1 1 5 1 1
0 52 4 4 4 4 4 0 0 0 4 6 7 4 1 0 0 1 5 1 1 1 1 1 1 0 0 0 0 1 5 3 1 1 1 1 1 0 0 0 0 1 5 3 1 1 0 0 0 0 1 5 3 5
0 40 4 4 6 7 0 1 1 1 0 0 1 5 1 1 1 1 1 1 0 1 5 3 1 1 1 1 1 0 0 1 5 1 1 1 1 0 0 0 0 0
0 25 4 4 6 7 0 1 1 1 0 0 1 5 1 1 1 1 1 1 0 1 5 3 1 1 1
0 43 4 4 4 4 6 7 4 6 7 1 1 1 1 1 0 0 1 5 1 1 1 1 1 1 1 0 0 0 0 0 1 5 1 1 1 0 0 0 0 1 5 3 1
0 50 4 3 4 0 0 0 1 1 1 1 1 1 0 0 0 0 1 5 3 1 1 1 1 0 0 0 1 5 1 1 1 1 1 1 0 0 0 1 5 1 1 0 0 0 1 5 3 1 1 1
0 27 4 0 0 0 0 0 0 0 0 0 0 0 0 0 0 0 0 0 0 1 0 1 5 3 1 1 1
0 22 3 4 4 4 4 4 0 0 0 0 0 0 0 1 0 0 0 0 0 1 5 1
0 25 4 4 4 4 4 0 0 0 0 0 0 1 1 1 0 1 5 1 1 1 0 0 1 5 1
0 14 3 4 4 4 0 0 4 6 7 4 6 7 4 4
0 15 4 3 3 4 4 4 1 1 1 1 0 0 0 0 0
0 27 4 6 7 4 6 7 0 0 0 0 1 1 1 0 1 5 3 1 1 1 0 0 0 0 0 1 5
0 51 4 3 4 3 0 4 6 7 4 6 7 0 0 4 1 1 0 0 0 1 5 3 1 1 1 1 0 0 0 0 1 5 3 1 1 0 0 1 5 3 1 1 0 0 0 0 0 1 5 3 1
0 30 4 4 4 3 4 6 7 4 0 0 0 0 0 1 1 0 0 0 0 1 5 3 1 1 1 1 1 1 0 1
0 7 3 4 4 4 4 4 0
0 18 4 4 6 7 0 1 1 1 0 0 1 5 1 1 1 1 1 1
0 38 4 3 4 4 3 4 6 7 4 0 0 0 0 0 1 1 1 0 0 0 1 5 1 1 1 0 0 0 1 5 3 1 1 0 0 1 5 1
0 34 4 4 6 7 0 1 1 1 0 0 1 5 1 1 1 1 1 1 0 1 5 3 1 1 1 1 1 0 0 1 5 1 1 1
0 13 4 4 1 1 1 1 1 0 0 0 0 0 1
0 24 3 4 4 4 4 4 0 0 0 0 0 0 0 1 0 0 0 0 0 1 5 1 1 1
0 22 4 4 6 7 0 1 1 1 0 0 1 5 1 1 1 1 1 1 0 1 5 3
0 13 4 4 4 3 4 4 1 1 1 1 1 0 0
0 25 4 6 7 4 6 7 0 0 0 0 1 1 1 0 1 5 3 1 1 1 0 0 0 0 0
0 9 1 1 1 5 3 1 0 1 5
0 48 4 3 4 4 3 4 6 7 4 0 0 0 0 0 1 1 1 0 0 0 1 5 1 1 1 0 0 0 1 5 3 1 1 0 0 1 5 1 1 1 1 1 0 0 1 5 3 5
0 16 4 3 3 4 4 4 1 1 1 1 0 0 0 0 0 1
0 19 4 4 4 4 4 0 0 0 0 4 4 1 0 0 0 1 5 3 1
0 57 4 4 4 4 4 6 7 1 1 1 1 0 0 1 5 3 1 1 1 1 0 0 0 0 1 5 3 1 1 1 0 0 1 5 3 1 1 1 1 1 0 0 0 0 0 1 5 1 1 1 1 1 1 0 0 0 0
0 10 4 4 6 7 0 1 1 1 0 0
0 29 4 3 4 0 0 0 1 1 1 1 1 1 0 0 0 0 1 5 3 1 1 1 1 0 0 0 1 5 1
0 36 4 4 4 4 4 4 4 1 1 5 3 1 0 0 0 0 1 5 1 1 1 1 1 1 0 0 0 0 1 5 1 1 1 0 0 0
0 36 4 4 4 0 4 0 0 4 1 1 0 0 0 0 0 1 5 3 1 1 0 0 0 1 5 1 1 1 0 0 1 5 1 1 1 1
0 15 4 4 4 3 4 4 3 0 0 0 0 0 0 0 1
0 16 4 4 0 4 1 1 1 1 1 0 0 0 0 0 1 5
0 2 4 3
0 10 3 4 6 7 0 0 0 0 0 5
0 43 4 4 4 3 4 4 1 1 1 1 1 0 0 0 1 5 1 1 1 1 1 5 1 1 1 0 0 0 0 0 1 5 3 1 1 0 0 1 5 3 1 1 0
0 42 4 4 4 3 4 4 1 1 1 1 1 0 0 0 1 5 1 1 1 1 1 5 1 1 1 0 0 0 0 0 1 5 3 1 1 0 0 1 5 3 1 1
0 29 3 4 6 7 1 0 0 0 0 0 1 5 3 1 1 1 1 0 0 0 0 0 1 5 3 1 1 1 1
0 37 4 4 6 7 0 1 1 1 0 0 1 5 1 1 1 1 1 1 0 1 5 3 1 1 1 1 1 0 0 1 5 1 1 1 1 0 0
0 27 4 4 0 0 0 0 1 1 0 0 0 0 0 1 5 3 1 1 1 0 1 5 3 1 1 1 1
0 9 4 4 4 4 0 0 0 4 6
0 13 4 4 4 4 4 0 0 0 0 4 4 1 0
0 28 4 4 0 0 0 0 1 1 0 0 0 0 0 1 5 3 1 1 1 0 1 5 3 1 1 1 1 5
0 32 4 4 4 0 4 0 0 4 1 1 0 0 0 0 0 1 5 3 1 1 0 0 0 1 5 1 1 1 0 0 1 5
0 15 4 4 4 4 4 0 0 0 0 4 0 0 0 0 0
0 34 4 3 4 4 3 4 6 7 4 0 0 0 0 0 1 1 1 0 0 0 1 5 1 1 1 0 0 0 1 5 3 1 1 0
0 19 4 3 4 0 0 0 1 1 1 1 1 1 0 0 0 0 1 5 3
0 4 4 1 1 1
0 13 4 0 0 0 0 0 0 0 0 0 0 0 0
0 6 4 3 4 3 0 4
0 11 4 4 4 3 4 4 1 1 1 1 1
0 9 3 4 4 4 3 4 4 4 4
0 22 4 3 4 3 0 4 6 7 4 6 7 0 0 4 1 1 0 0 0 1 5 3
0 5 4 4 4 4 4
0 14 4 4 4 4 0 0 0 4 6 7 4 1 0 0
0 23 3 4 6 7 1 0 0 0 0 0 1 5 3 1 1 1 1 0 0 0 0 0 1
0 52 4 0 0 0 0 0 0 0 0 0 0 0 0 0 0 0 0 0 0 1 0 1 5 3 1 1 1 1 0 0 0 0 0 1 5 3 1 1 1 1 1 1 0 0 0 0 0 1 5 1 1 1
0 22 1 0 1 5 1 1 1 1 1 0 0 0 0 1 5 1 1 1 1 1 1 1
0 16 4 4 4 0 4 0 0 4 1 1 0 0 0 0 0 1
0 23 4 4 4 4 0 0 0 4 6 7 4 1 0 0 0 1 5 1 1 1 1 1 0
0 12 4 4 4 3 4 4 1 1 1 1 1 0
0 8 0 0 0 4 0 4 4 5
0 52 4 4 4 4 4 6 7 1 1 1 1 0 0 1 5 3 1 1 1 1 0 0 0 0 1 5 3 1 1 1 0 0 1 5 3 1 1 1 1 1 0 0 0 0 0 1 5 1 1 1 1 1
0 25 4 4 4 4 4 0 0 0 4 6 7 4 1 0 0 1 5 1 1 1 1 1 1 0 0
0 18 4 1 1 1 1 0 1 5 1 1 1 1 1 1 5 3 1 1
0 34 4 4 4 4 4 6 7 1 1 1 1 0 0 1 5 3 1 1 1 1 0 0 0 0 1 5 3 1 1 1 0 0 1 5
0 48 4 4 4 4 4 0 0 0 4 6 7 4 1 0 0 1 5 1 1 1 1 1 1 0 0 0 0 1 5 3 1 1 1 1 1 0 0 0 0 1 5 3 1 1 0 0 0 0
0 40 4 3 4 3 0 4 6 7 4 6 7 0 0 4 1 1 0 0 0 1 5 3 1 1 1 1 0 0 0 0 1 5 3 1 1 0 0 1 5 3
0 10 4 4 1 1 1 1 1 0 0 0
0 13 4 4 6 7 0 1 1 1 0 0 1 5 1
0 4 4 3 4 3
0 14 4 0 0 0 0 0 0 0 0 0 0 0 0 0
0 32 4 4 4 3 4 4 3 0 0 0 0 0 0 0 1 1 1 1 1 1 5 3 1 1 1 1 1 0 1 5 1 5
0 7 4 4 4 3 4 4 1
0 51 4 4 4 0 4 0 0 4 1 1 0 0 0 0 0 1 5 3 1 1 0 0 0 1 5 1 1 1 0 0 1 5 1 1 1 1 1 1 0 0 0 1 5 3 1 1 1 1 0 0 0
0 6 4 3 4 0 0 0
0 6 4 4 4 0 4 1
0 15 4 4 4 4 4 3 3 4 6 7 1 1 1 1 0
0 28 4 0 0 0 0 0 0 0 0 0 0 0 0 0 0 0 0 0 0 1 0 1 5 3 1 1 1 1
0 4 1 0 1 5
0 59 4 0 0 0 0 0 0 0 0 0 0 0 0 0 0 0 0 0 0 1 0 1 5 3 1 1 1 1 0 0 0 0 0 1 5 3 1 1 1 1 1 1 0 0 0 0 0 1 5 1 1 1 1 1 1 1 0 0 0
0 11 4 4 4 4 0 0 0 4 6 7 4
0 25 4 4 4 3 4 6 7 4 0 0 0 0 0 1 1 0 0 0 0 1 5 3 1 1 1
0 26 4 4 4 3 4 6 7 4 0 0 0 0 0 1 1 0 0 0 0 1 5 3 1 1 1 1
0 13 4 4 4 4 4 0 0 0 0 4 0 0 0
0 14 4 4 1 1 1 1 1 0 0 0 0 0 1 5
0 23 4 0 0 0 0 0 1 1 1 1 1 1 1 5 1 1 1 1 1 0 1 5 3
0 46 4 3 4 3 0 4 6 7 4 6 7 0 0 4 1 1 0 0 0 1 5 3 1 1 1 1 0 0 0 0 1 5 3 1 1 0 0 1 5 3 1 1 0 0 0 0
0 47 4 3 4 0 0 0 1 1 1 1 1 1 0 0 0 0 1 5 3 1 1 1 1 0 0 0 1 5 1 1 1 1 1 1 0 0 0 1 5 1 1 0 0 0 1 5 3
0 31 4 4 0 0 0 0 1 1 0 0 0 0 0 1 5 3 1 1 1 0 1 5 3 1 1 1 1 5 1 1 1
0 18 4 3 4 3 0 4 6 7 4 6 7 0 0 4 1 1 0 0
0 5 4 4 4 4 0
0 23 3 3 4 4 4 4 4 1 1 0 0 0 0 1 5 3 1 1 1 1 1 0 0
0 27 4 4 4 4 4 6 7 1 1 1 1 0 0 1 5 3 1 1 1 1 0 0 0 0 1 5 3
0 20 4 1 1 1 1 1 1 0 0 0 0 1 5 3 5 6 7 7 1 1
0 28 4 4 4 4 4 0 0 0 0 0 0 1 1 1 0 1 5 1 1 1 0 0 1 5 1 1 1 0
0 31 4 4 4 3 4 6 7 4 0 0 0 0 0 1 1 0 0 0 0 1 5 3 1 1 1 1 1 1 0 1 5
0 15 3 4 6 7 0 0 0 0 0 5 6 7 7 1 1
0 5 4 4 1 1 1
0 5 4 4 4 3 4
0 38 4 4 4 4 4 0 0 0 0 0 0 1 1 1 0 1 5 1 1 1 0 0 1 5 1 1 1 0 1 5 3 5 6 7 7 7 1 1
0 60 4 4 4 4 4 6 7 1 1 1 1 0 0 1 5 3 1 1 1 1 0 0 0 0 1 5 3 1 1 1 0 0 1 5 3 1 1 1 1 1 0 0 0 0 0 1 5 1 1 1 1 1 1 0 0 0 0 0 1 5
0 29 4 4 4 0 4 6 7 1 1 1 1 1 1 0 0 1 5 1 1 1 1 0 0 1 5 1 1 1 1
0 13 3 4 4 4 4 4 0 0 0 0 0 0 0
0 13 4 4 0 4 1 1 1 1 1 0 0 0 0
0 5 4 3 4 0 0
0 10 4 4 4 0 4 6 7 1 1 1
0 8 3 4 6 7 0 0 0 0
0 31 4 4 4 0 4 0 0 4 1 1 0 0 0 0 0 1 5 3 1 1 0 0 0 1 5 1 1 1 0 0 1
0 17 4 4 0 0 0 0 1 1 0 0 0 0 0 1 5 3 1
0 44 1 0 1 5 1 1 1 1 1 0 0 0 0 1 5 1 1 1 1 1 1 1 5 3 1 1 1 1 1 0 0 0 0 1 5 1 5 6 7 7 1 1 3 3
0 40 4 4 4 4 4 0 0 0 4 6 7 4 1 0 0 1 5 1 1 1 1 1 1 0 0 0 0 1 5 3 1 1 1 1 1 0 0 0 0 1
0 5 3 4 6 7 0
0 28 4 6 7 4 6 7 0 0 0 0 1 1 1 0 1 5 3 1 1 1 0 0 0 0 0 1 5 1
0 16 4 3 4 4 3 4 6 7 4 0 0 0 0 0 1 1
0 6 0 0 0 0 0 1
0 27 4 4 4 3 4 4 1 1 1 1 1 0 0 0 1 5 1 1 1 1 1 5 1 1 1 0 0
0 14 4 4 6 7 0 1 1 1 0 0 1 5 1 1
0 9 4 0 0 0 0 0 1 1 1
0 50 4 0 0 0 0 0 0 0 0 0 0 0 0 0 0 0 0 0 0 1 0 1 5 3 1 1 1 1 0 0 0 0 0 1 5 3 1 1 1 1 1 1 0 0 0 0 0 1 5 1
0 34 4 4 4 4 6 7 4 6 7 1 1 1 1 1 0 0 1 5 1 1 1 1 1 1 1 0 0 0 0 0 1 5 1 1
0 7 4 4 4 0 4 0 0
0 9 4 4 4 4 4 3 3 4 6
0 18 4 4 4 4 4 0 0 0 0 0 0 1 1 1 0 1 5 1
0 42 4 3 4 0 0 0 1 1 1 1 1 1 0 0 0 0 1 5 3 1 1 1 1 0 0 0 1 5 1 1 1 1 1 1 0 0 0 1 5 1 1 0
0 28 4 4 4 4 0 0 0 4 6 7 4 1 0 0 0 1 5 1 1 1 1 1 0 0 1 5 3 1
0 16 4 4 4 4 4 0 0 0 0 4 0 0 0 0 0 0
0 9 3 4 6 7 0 0 0 0 0
0 7 4 4 4 4 4 6 7
0 35 4 4 4 0 4 0 0 4 1 1 0 0 0 0 0 1 5 3 1 1 0 0 0 1 5 1 1 1 0 0 1 5 1 1 1
0 29 4 4 4 4 4 0 0 0 4 6 7 4 1 0 0 1 5 1 1 1 1 1 1 0 0 0 0 1 5
0 29 4 4 4 4 4 0 0 0 0 0 0 1 1 1 0 1 5 1 1 1 0 0 1 5 1 1 1 0 1
0 20 4 4 4 4 6 7 4 6 7 1 1 1 1 1 0 0 1 5 1 1
0 24 4 4 4 3 4 4 1 1 1 1 1 0 0 0 1 5 1 1 1 1 1 5 1 1
0 52 4 4 4 4 0 0 0 4 6 7 4 1 0 0 0 1 5 1 1 1 1 1 0 0 1 5 3 1 1 1 1 1 1 0 0 0 0 1 5 3 1 1 1 1 1 1 0 0 0 0 1 5
0 42 4 4 6 7 0 1 1 1 0 0 1 5 1 1 1 1 1 1 0 1 5 3 1 1 1 1 1 0 0 1 5 1 1 1 1 0 0 0 0 0 1 5
0 37 3 3 4 4 4 4 4 1 1 0 0 0 0 1 5 3 1 1 1 1 1 0 0 0 1 5 3 1 1 0 0 0 0 1 5 3 5
0 19 4 4 4 4 4 6 7 1 1 1 1 0 0 1 5 3 1 1 1
0 1 4
0 24 4 4 6 7 0 1 1 1 0 0 1 5 1 1 1 1 1 1 0 1 5 3 1 1
0 18 4 4 4 4 4 4 4 1 1 5 3 1 0 0 0 0 1 5
0 27 1 0 1 5 1 1 1 1 1 0 0 0 0 1 5 1 1 1 1 1 1 1 5 3 1 1 1
0 28 4 4 4 3 4 4 3 0 0 0 0 0 0 0 1 1 1 1 1 1 5 3 1 1 1 1 1 0
0 22 3 4 4 4 3 4 4 4 4 4 0 0 0 0 0 0 0 0 0 1 0 0
0 34 4 4 4 4 0 0 0 4 6 7 4 1 0 0 0 1 5 1 1 1 1 1 0 0 1 5 3 1 1 1 1 1 1 0
0 15 4 4 4 4 4 4 4 1 1 5 3 1 0 0 0
0 4 4 0 0 0
0 7 4 4 4 0 4 6 7
0 48 4 3 4 0 0 0 1 1 1 1 1 1 0 0 0 0 1 5 3 1 1 1 1 0 0 0 1 5 1 1 1 1 1 1 0 0 0 1 5 1 1 0 0 0 1 5 3 1
0 35 4 4 4 3 4 4 1 1 1 1 1 0 0 0 1 5 1 1 1 1 1 5 1 1 1 0 0 0 0 0 1 5 3 1 1
0 17 4 6 7 4 6 7 0 0 0 0 1 1 1 0 1 5 3
0 5 4 3 3 4 4
0 14 4 4 4 0 4 1 1 0 1 5 1 1 1 1
0 33 4 4 4 0 4 6 7 1 1 1 1 1 1 0 0 1 5 1 1 1 1 0 0 1 5 1 1 1 1 1 1 1 1
0 12 4 4 3 4 1 1 1 1 0 1 5 1
0 44 4 4 4 4 4 0 0 0 4 6 7 4 1 0 0 1 5 1 1 1 1 1 1 0 0 0 0 1 5 3 1 1 1 1 1 0 0 0 0 1 5 3 1 1
0 37 4 4 4 4 4 6 7 1 1 1 1 0 0 1 5 3 1 1 1 1 0 0 0 0 1 5 3 1 1 1 0 0 1 5 3 1 1
0 21 4 4 4 4 4 4 4 1 1 5 3 1 0 0 0 0 1 5 1 1 1
0 29 4 3 4 3 0 4 6 7 4 6 7 0 0 4 1 1 0 0 0 1 5 3 1 1 1 1 0 0 0
0 40 4 4 4 3 4 4 3 0 0 0 0 0 0 0 1 1 1 1 1 1 5 3 1 1 1 1 1 0 1 5 1 5 6 7 3 5 1 7 7 1
0 44 4 3 4 3 0 4 6 7 4 6 7 0 0 4 1 1 0 0 0 1 5 3 1 1 1 1 0 0 0 0 1 5 3 1 1 0 0 1 5 3 1 1 0 0
0 35 4 4 4 3 4 4 3 0 0 0 0 0 0 0 1 1 1 1 1 1 5 3 1 1 1 1 1 0 1 5 1 5 6 7 3
0 18 4 6 7 4 6 7 0 0 0 0 1 1 1 0 1 5 3 1
0 31 4 4 4 4 6 7 4 6 7 1 1 1 1 1 0 0 1 5 1 1 1 1 1 1 1 0 0 0 0 0 1
0 16 4 4 4 3 4 4 1 1 1 1 1 0 0 0 1 5
0 12 0 0 0 0 0 1 1 1 1 1 0 0
0 55 4 4 4 3 4 6 7 4 0 0 0 0 0 1 1 0 0 0 0 1 5 3 1 1 1 1 1 1 0 1 5 3 1 0 0 1 5 1 1 0 0 0 0 1 5 3 5 6 7 7 7 3 1 1 1
0 23 4 3 4 4 3 4 6 7 4 0 0 0 0 0 1 1 1 0 0 0 1 5 1
0 24 4 4 4 4 6 7 4 6 7 1 1 1 1 1 0 0 1 5 1 1 1 1 1 1
0 35 3 4 4 4 4 4 0 0 0 0 0 0 0 1 0 0 0 0 0 1 5 1 1 1 1 5 3 5 6 7 1 5 1 7 2
0 59 4 4 0 0 0 0 1 1 0 0 0 0 0 1 5 3 1 1 1 0 1 5 3 1 1 1 1 5 1 1 1 1 0 0 1 5 1 5 6 7 2 6 5 0 0 0 0 0 0 7 2 6 0 0 0 0 4 7 2
0 18 1 0 1 5 1 1 1 1 1 0 0 0 0 1 5 1 1 1
0 4 4 4 4 4
0 11 0 0 0 0 0 1 1 1 1 1 0
0 14 4 4 4 4 4 0 0 0 4 6 7 4 1 0
0 21 4 4 4 3 4 6 7 4 0 0 0 0 0 1 1 0 0 0 0 1 5
0 3 4 6 7
0 42 4 4 4 4 4 0 0 0 4 6 7 4 1 0 0 1 5 1 1 1 1 1 1 0 0 0 0 1 5 3 1 1 1 1 1 0 0 0 0 1 5 3
0 13 4 4 4 4 4 4 0 0 5 6 7 1 1
0 9 4 4 6 7 0 1 1 1 0
0 16 4 4 4 4 0 0 0 4 6 7 4 1 0 0 0 1
0 41 4 0 0 0 0 0 0 0 0 0 0 0 0 0 0 0 0 0 0 1 0 1 5 3 1 1 1 1 0 0 0 0 0 1 5 3 1 1 1 1 1
0 7 4 3 4 3 0 4 6
0 4 0 0 0 0
0 47 4 4 4 4 6 7 4 6 7 1 1 1 1 1 0 0 1 5 1 1 1 1 1 1 1 0 0 0 0 0 1 5 1 1 1 0 0 0 0 1 5 3 1 1 5 1 5
0 35 4 4 6 7 0 1 1 1 0 0 1 5 1 1 1 1 1 1 0 1 5 3 1 1 1 1 1 0 0 1 5 1 1 1 1
0 20 4 4 6 7 0 1 1 1 0 0 1 5 1 1 1 1 1 1 0 1
0 14 3 4 4 4 3 4 4 4 4 4 0 0 0 0
0 24 4 0 0 0 0 0 1 1 1 1 1 1 1 5 1 1 1 1 1 0 1 5 3 5
0 45 4 3 4 3 0 4 6 7 4 6 7 0 0 4 1 1 0 0 0 1 5 3 1 1 1 1 0 0 0 0 1 5 3 1 1 0 0 1 5 3 1 1 0 0 0
0 13 4 4 4 4 0 0 0 4 6 7 4 1 0
0 28 1 0 1 5 1 1 1 1 1 0 0 0 0 1 5 1 1 1 1 1 1 1 5 3 1 1 1 1
0 3 1 1 1
0 28 3 4 4 4 4 4 0 0 0 0 0 0 0 1 0 0 0 0 0 1 5 1 1 1 1 5 3 5
0 15 4 4 4 4 4 0 0 0 0 4 4 1 0 0 0
0 13 4 4 4 4 4 4 4 1 1 5 3 1 0
0 28 4 4 6 7 0 1 1 1 0 0 1 5 1 1 1 1 1 1 0 1 5 3 1 1 1 1 1 0
0 8 1 1 1 5 3 1 0 1
0 37 3 4 6 7 1 0 0 0 0 0 1 5 3 1 1 1 1 0 0 0 0 0 1 5 3 1 1 1 1 1 1 5 3 1 1 0 0
0 11 4 4 4 0 4 1 1 0 1 5 1
0 38 4 4 4 0 4 0 0 4 1 1 0 0 0 0 0 1 5 3 1 1 0 0 0 1 5 1 1 1 0 0 1 5 1 1 1 1 1 1
0 8 4 4 4 0 4 6 7 1
0 68 4 0 0 0 0 0 0 0 0 0 0 0 0 0 0 0 0 0 0 1 0 1 5 3 1 1 1 1 0 0 0 0 0 1 5 3 1 1 1 1 1 1 0 0 0 0 0 1 5 1 1 1 1 1 1 1 0 0 0 0 0 1 5 3 1 1 5 1
0 42 4 4 4 3 4 6 7 4 0 0 0 0 0 1 1 0 0 0 0 1 5 3 1 1 1 1 1 1 0 1 5 3 1 0 0 1 5 1 1 0 0 0
0 40 4 4 4 4 4 4 4 1 1 5 3 1 0 0 0 0 1 5 1 1 1 1 1 1 0 0 0 0 1 5 1 1 1 0 0 0 0 0 1 5
0 36 4 0 0 0 0 0 0 0 0 0 0 0 0 0 0 0 0 0 0 1 0 1 5 3 1 1 1 1 0 0 0 0 0 1 5 3
0 12 3 4 6 7 1 0 0 0 0 0 1 5
0 14 4 0 0 0 0 0 1 1 1 1 1 1 1 5
0 1 1
0 3 0 0 1
0 25 1 0 1 5 1 1 1 1 1 0 0 0 0 1 5 1 1 1 1 1 1 1 5 3 1
0 13 4 6 7 4 6 7 0 0 0 0 1 1 1
0 8 3 4 4 4 4 4 4 4
0 25 4 4 4 3 4 4 1 1 1 1 1 0 0 0 1 5 1 1 1 1 1 5 1 1 1
0 32 4 4 4 0 4 6 7 1 1 1 1 1 1 0 0 1 5 1 1 1 1 0 0 1 5 1 1 1 1 1 1 1
0 12 3 4 4 4 0 0 4 6 7 4 6 7
0 11 3 4 4 4 0 0 4 6 7 4 6
0 17 1 0 1 5 1 1 1 1 1 0 0 0 0 1 5 1 1
0 36 4 4 0 0 0 0 1 1 0 0 0 0 0 1 5 3 1 1 1 0 1 5 3 1 1 1 1 5 1 1 1 1 0 0 1 5
0 9 4 3 4 3 0 4 6 7 4
0 13 4 4 4 4 4 3 3 4 6 7 1 1 1
0 5 4 1 1 1 1
0 50 4 4 4 4 4 6 7 1 1 1 1 0 0 1 5 3 1 1 1 1 0 0 0 0 1 5 3 1 1 1 0 0 1 5 3 1 1 1 1 1 0 0 0 0 0 1 5 1 1 1
0 26 4 0 0 0 0 0 0 0 0 0 0 0 0 0 0 0 0 0 0 1 0 1 5 3 1 1
0 15 4 1 1 1 1 1 1 0 0 0 0 1 5 3 5
0 26 4 3 4 3 0 4 6 7 4 6 7 0 0 4 1 1 0 0 0 1 5 3 1 1 1 1
0 25 4 4 4 4 4 6 7 1 1 1 1 0 0 1 5 3 1 1 1 1 0 0 0 0 1
0 20 4 4 4 4 4 0 0 0 4 6 7 4 1 0 0 1 5 1 1 1
0 31 4 3 4 0 0 0 1 1 1 1 1 1 0 0 0 0 1 5 3 1 1 1 1 0 0 0 1 5 1 1 1
0 51 4 4 4 4 4 0 0 0 4 6 7 4 1 0 0 1 5 1 1 1 1 1 1 0 0 0 0 1 5 3 1 1 1 1 1 0 0 0 0 1 5 3 1 1 0 0 0 0 1 5 3
0 14 4 4 4 4 4 4 0 0 5 6 7 1 1 3
0 6 4 4 4 4 4 0
0 47 4 4 4 0 4 0 0 4 1 1 0 0 0 0 0 1 5 3 1 1 0 0 0 1 5 1 1 1 0 0 1 5 1 1 1 1 1 1 0 0 0 1 5 3 1 1 1
0 24 4 4 4 3 4 4 3 0 0 0 0 0 0 0 1 1 1 1 1 1 5 3 1 1
0 2 0 0
0 6 4 4 4 3 4 6
0 25 4 4 0 0 0 0 1 1 0 0 0 0 0 1 5 3 1 1 1 0 1 5 3 1 1
0 36 4 3 4 3 0 4 6 7 4 6 7 0 0 4 1 1 0 0 0 1 5 3 1 1 1 1 0 0 0 0 1 5 3 1 1 0
0 30 3 3 4 4 4 4 4 1 1 0 0 0 0 1 5 3 1 1 1 1 1 0 0 0 1 5 3 1 1 0
0 12 4 4 4 4 4 6 7 1 1 1 1 0
0 53 4 3 4 3 0 4 6 7 4 6 7 0 0 4 1 1 0 0 0 1 5 3 1 1 1 1 0 0 0 0 1 5 3 1 1 0 0 1 5 3 1 1 0 0 0 0 0 1 5 3 1 1 0
0 23 4 4 0 0 0 0 1 1 0 0 0 0 0 1 5 3 1 1 1 0 1 5 3
0 8 4 1 1 1 1 1 1 0
0 15 3 4 4 4 3 4 4 4 4 4 0 0 0 0 0
0 8 0 0 0 0 0 1 1 1
0 41 4 3 4 4 3 4 6 7 4 0 0 0 0 0 1 1 1 0 0 0 1 5 1 1 1 0 0 0 1 5 3 1 1 0 0 1 5 1 1 1 1
0 20 3 4 6 7 0 0 0 0 0 5 6 7 7 1 1 1 5 1 7 2
0 21 1 0 1 5 1 1 1 1 1 0 0 0 0 1 5 1 1 1 1 1 1
0 19 4 0 0 0 0 0 0 0 0 0 0 0 0 0 0 0 0 0 0
0 32 4 3 4 3 0 4 6 7 4 6 7 0 0 4 1 1 0 0 0 1 5 3 1 1 1 1 0 0 0 0 1 5
0 19 3 4 4 4 0 0 4 6 7 4 6 7 4 4 6 7 1 1 1
0 39 4 4 4 4 6 7 4 6 7 1 1 1 1 1 0 0 1 5 1 1 1 1 1 1 1 0 0 0 0 0 1 5 1 1 1 0 0 0 0
0 6 3 4 4 4 0 0
0 18 4 4 0 0 0 0 1 1 0 0 0 0 0 1 5 3 1 1
0 61 4 0 0 0 0 0 0 0 0 0 0 0 0 0 0 0 0 0 0 1 0 1 5 3 1 1 1 1 0 0 0 0 0 1 5 3 1 1 1 1 1 1 0 0 0 0 0 1 5 1 1 1 1 1 1 1 0 0 0 0 0
0 6 4 3 3 4 4 4
0 30 4 4 4 4 4 0 0 0 0 4 4 1 0 0 0 1 5 3 1 1 1 1 0 0 0 0 0 1 5 3
0 17 4 4 4 0 4 0 0 4 1 1 0 0 0 0 0 1 5
0 20 4 4 4 4 4 0 0 0 0 0 0 1 1 1 0 1 5 1 1 1
0 19 4 1 1 1 1 1 1 0 0 0 0 1 5 3 5 6 7 7 1
0 7 0 0 0 4 0 4 4
0 10 4 4 4 4 6 7 4 6 7 1
0 33 4 3 4 0 0 0 1 1 1 1 1 1 0 0 0 0 1 5 3 1 1 1 1 0 0 0 1 5 1 1 1 1 1
0 37 4 4 4 3 4 6 7 4 0 0 0 0 0 1 1 0 0 0 0 1 5 3 1 1 1 1 1 1 0 1 5 3 1 0 0 1 5
0 37 4 4 0 0 0 0 1 1 0 0 0 0 0 1 5 3 1 1 1 0 1 5 3 1 1 1 1 5 1 1 1 1 0 0 1 5 1
0 19 4 3 4 4 3 4 6 7 4 0 0 0 0 0 1 1 1 0 0
0 28 4 4 4 4 6 7 4 6 7 1 1 1 1 1 0 0 1 5 1 1 1 1 1 1 1 0 0 0
0 62 4 0 0 0 0 0 0 0 0 0 0 0 0 0 0 0 0 0 0 1 0 1 5 3 1 1 1 1 0 0 0 0 0 1 5 3 1 1 1 1 1 1 0 0 0 0 0 1 5 1 1 1 1 1 1 1 0 0 0 0 0 1
0 19 1 0 1 5 1 1 1 1 1 0 0 0 0 1 5 1 1 1 1
0 10 4 3 4 4 3 4 6 7 4 0
0 6 4 3 4 4 3 4
0 5 0 0 0 0 0
0 2 3 3
0 20 0 0 0 4 0 4 4 5 6 7 7 2 6 1 7 3 5 1 7 1
0 38 4 4 4 4 6 7 4 6 7 1 1 1 1 1 0 0 1 5 1 1 1 1 1 1 1 0 0 0 0 0 1 5 1 1 1 0 0 0
0 8 4 4 0 4 1 1 1 1
0 16 3 3 4 4 4 4 4 1 1 0 0 0 0 1 5 3
0 39 4 4 4 0 4 0 0 4 1 1 0 0 0 0 0 1 5 3 1 1 0 0 0 1 5 1 1 1 0 0 1 5 1 1 1 1 1 1 0
0 15 4 4 4 4 6 7 4 6 7 1 1 1 1 1 0
0 9 0 0 1 1 0 0 0 0 0
0 24 4 4 4 0 4 6 7 1 1 1 1 1 1 0 0 1 5 1 1 1 1 0 0 1
0 22 4 4 4 4 0 0 0 4 6 7 4 1 0 0 0 1 5 1 1 1 1 1
0 12 4 3 4 4 3 4 6 7 4 0 0 0
0 53 4 4 4 4 0 0 0 4 6 7 4 1 0 0 0 1 5 1 1 1 1 1 0 0 1 5 3 1 1 1 1 1 1 0 0 0 0 1 5 3 1 1 1 1 1 1 0 0 0 0 1 5 3
0 37 4 4 4 4 6 7 4 6 7 1 1 1 1 1 0 0 1 5 1 1 1 1 1 1 1 0 0 0 0 0 1 5 1 1 1 0 0
0 18 4 4 4 0 4 1 1 0 1 5 1 1 1 1 1 1 1 5
0 29 4 4 4 4 4 6 7 1 1 1 1 0 0 1 5 3 1 1 1 1 0 0 0 0 1 5 3 1 1
0 24 4 4 4 3 4 6 7 4 0 0 0 0 0 1 1 0 0 0 0 1 5 3 1 1
0 28 4 4 4 3 4 6 7 4 0 0 0 0 0 1 1 0 0 0 0 1 5 3 1 1 1 1 1 1
0 16 3 4 4 4 3 4 4 4 4 4 0 0 0 0 0 0
0 24 3 4 4 4 3 4 4 4 4 4 0 0 0 0 0 0 0 0 0 1 0 0 0 0
0 14 4 4 4 0 4 0 0 4 1 1 0 0 0 0
0 21 4 1 1 1 1 0 1 5 1 1 1 1 1 1 5 3 1 1 1 0 1
0 36 4 4 4 4 4 0 0 0 4 6 7 4 1 0 0 1 5 1 1 1 1 1 1 0 0 0 0 1 5 3 1 1 1 1 1 0
0 10 4 4 4 4 4 3 3 4 6 7
0 35 4 3 4 0 0 0 1 1 1 1 1 1 0 0 0 0 1 5 3 1 1 1 1 0 0 0 1 5 1 1 1 1 1 1 0
0 41 4 4 4 3 4 6 7 4 0 0 0 0 0 1 1 0 0 0 0 1 5 3 1 1 1 1 1 1 0 1 5 3 1 0 0 1 5 1 1 0 0
0 38 4 4 4 4 4 4 4 1 1 5 3 1 0 0 0 0 1 5 1 1 1 1 1 1 0 0 0 0 1 5 1 1 1 0 0 0 0 0
0 5 3 4 4 4 4
0 3 4 4 4
0 45 4 3 4 4 3 4 6 7 4 0 0 0 0 0 1 1 1 0 0 0 1 5 1 1 1 0 0 0 1 5 3 1 1 0 0 1 5 1 1 1 1 1 0 0 1
0 27 4 3 4 4 3 4 6 7 4 0 0 0 0 0 1 1 1 0 0 0 1 5 1 1 1 0 0
0 5 3 4 6 7 1
0 19 3 4 6 7 1 0 0 0 0 0 1 5 3 1 1 1 1 0 0
0 5 4 0 0 0 0
0 46 4 4 4 4 0 0 0 4 6 7 4 1 0 0 0 1 5 1 1 1 1 1 0 0 1 5 3 1 1 1 1 1 1 0 0 0 0 1 5 3 1 1 1 1 1 1
0 24 4 6 7 4 6 7 0 0 0 0 1 1 1 0 1 5 3 1 1 1 0 0 0 0
0 58 4 0 0 0 0 0 0 0 0 0 0 0 0 0 0 0 0 0 0 1 0 1 5 3 1 1 1 1 0 0 0 0 0 1 5 3 1 1 1 1 1 1 0 0 0 0 0 1 5 1 1 1 1 1 1 1 0 0
0 5 0 0 1 1 0
0 2 4 6
0 37 4 0 0 0 0 0 0 0 0 0 0 0 0 0 0 0 0 0 0 1 0 1 5 3 1 1 1 1 0 0 0 0 0 1 5 3 1
0 10 4 0 0 0 0 0 1 1 1 1
0 17 4 4 4 0 4 6 7 1 1 1 1 1 1 0 0 1 5
0 8 3 4 4 4 0 0 4 6
0 9 4 4 0 4 1 1 1 1 1
0 35 4 4 0 0 0 0 1 1 0 0 0 0 0 1 5 3 1 1 1 0 1 5 3 1 1 1 1 5 1 1 1 1 0 0 1
0 18 4 4 4 0 4 0 0 4 1 1 0 0 0 0 0 1 5 3
0 4 4 4 4 3
0 56 4 0 0 0 0 0 0 0 0 0 0 0 0 0 0 0 0 0 0 1 0 1 5 3 1 1 1 1 0 0 0 0 0 1 5 3 1 1 1 1 1 1 0 0 0 0 0 1 5 1 1 1 1 1 1 1
0 32 3 3 4 4 4 4 4 1 1 0 0 0 0 1 5 3 1 1 1 1 1 0 0 0 1 5 3 1 1 0 0 0
0 26 3 4 4 4 0 0 4 6 7 4 6 7 4 4 6 7 1 1 1 0 0 0 0 1 5 3
0 46 4 4 4 4 4 0 0 0 4 6 7 4 1 0 0 1 5 1 1 1 1 1 1 0 0 0 0 1 5 3 1 1 1 1 1 0 0 0 0 1 5 3 1 1 0 0
0 21 4 4 0 0 0 0 1 1 0 0 0 0 0 1 5 3 1 1 1 0 1
0 8 4 6 7 4 6 7 0 0
0 1 0
0 16 4 4 0 0 0 0 1 1 0 0 0 0 0 1 5 3
0 16 4 4 4 4 4 0 0 0 0 4 4 1 0 0 0 1
0 19 4 4 4 0 4 0 0 4 1 1 0 0 0 0 0 1 5 3 1
0 23 1 0 1 5 1 1 1 1 1 0 0 0 0 1 5 1 1 1 1 1 1 1 5
0 20 4 4 4 0 4 6 7 1 1 1 1 1 1 0 0 1 5 1 1 1
0 34 4 4 4 4 4 4 4 1 1 5 3 1 0 0 0 0 1 5 1 1 1 1 1 1 0 0 0 0 1 5 1 1 1 0
0 27 4 4 4 4 0 0 0 4 6 7 4 1 0 0 0 1 5 1 1 1 1 1 0 0 1 5 3
0 18 3 4 4 4 3 4 4 4 4 4 0 0 0 0 0 0 0 0
0 52 4 3 4 3 0 4 6 7 4 6 7 0 0 4 1 1 0 0 0 1 5 3 1 1 1 1 0 0 0 0 1 5 3 1 1 0 0 1 5 3 1 1 0 0 0 0 0 1 5 3 1 1
0 35 4 3 4 4 3 4 6 7 4 0 0 0 0 0 1 1 1 0 0 0 1 5 1 1 1 0 0 0 1 5 3 1 1 0 0
0 22 4 4 4 0 4 1 1 0 1 5 1 1 1 1 1 1 1 5 1 1 1 1
0 36 4 3 4 4 3 4 6 7 4 0 0 0 0 0 1 1 1 0 0 0 1 5 1 1 1 0 0 0 1 5 3 1 1 0 0 1
0 11 0 0 1 1 0 0 0 0 0 1 5
0 3 3 4 6
0 12 0 0 0 4 0 4 4 5 6 7 7 2
0 12 4 3 3 4 4 4 1 1 1 1 0 0
0 4 4 4 1 1
0 7 0 0 0 0 0 1 1
0 12 4 4 0 4 1 1 1 1 1 0 0 0
0 25 4 3 4 4 3 4 6 7 4 0 0 0 0 0 1 1 1 0 0 0 1 5 1 1 1
0 16 4 3 4 0 0 0 1 1 1 1 1 1 0 0 0 0
0 35 4 4 4 4 4 0 0 0 0 4 4 1 0 0 0 1 5 3 1 1 1 1 0 0 0 0 0 1 5 3 5 6 7 1 3
0 45 4 4 4 4 4 0 0 0 4 6 7 4 1 0 0 1 5 1 1 1 1 1 1 0 0 0 0 1 5 3 1 1 1 1 1 0 0 0 0 1 5 3 1 1 0
0 7 4 4 4 4 0 0 0
0 38 4 4 0 0 0 0 1 1 0 0 0 0 0 1 5 3 1 1 1 0 1 5 3 1 1 1 1 5 1 1 1 1 0 0 1 5 1 5
0 30 4 3 4 3 0 4 6 7 4 6 7 0 0 4 1 1 0 0 0 1 5 3 1 1 1 1 0 0 0 0
0 18 4 4 4 4 4 6 7 1 1 1 1 0 0 1 5 3 1 1
0 43 4 3 4 0 0 0 1 1 1 1 1 1 0 0 0 0 1 5 3 1 1 1 1 0 0 0 1 5 1 1 1 1 1 1 0 0 0 1 5 1 1 0 0
0 44 4 4 4 4 6 7 4 6 7 1 1 1 1 1 0 0 1 5 1 1 1 1 1 1 1 0 0 0 0 0 1 5 1 1 1 0 0 0 0 1 5 3 1 1
0 21 3 4 4 4 4 4 0 0 0 0 0 0 0 1 0 0 0 0 0 1 5
0 32 4 4 6 7 0 1 1 1 0 0 1 5 1 1 1 1 1 1 0 1 5 3 1 1 1 1 1 0 0 1 5 1
0 16 3 4 4 4 4 4 0 0 0 0 0 0 0 1 0 0
0 2 3 1
0 8 4 4 4 4 4 3 3 4
0 26 3 4 4 4 4 4 0 0 0 0 0 0 0 1 0 0 0 0 0 1 5 1 1 1 1 5
0 18 4 4 4 4 6 7 4 6 7 1 1 1 1 1 0 0 1 5
0 5 1 1 1 5 3
0 17 4 3 3 4 4 4 1 1 1 1 0 0 0 0 0 1 5
0 19 0 0 0 0 0 1 1 1 1 1 0 0 0 0 0 1 5 3 5
0 25 3 4 4 4 3 4 4 4 4 4 0 0 0 0 0 0 0 0 0 1 0 0 0 0 1
0 6 0 0 1 1 0 0
0 42 4 4 4 4 4 0 0 0 0 4 4 1 0 0 0 1 5 3 1 1 1 1 0 0 0 0 0 1 5 3 5 6 7 1 3 3 1 3 5 1 7 2
0 7 4 4 4 0 4 1 1
0 16 3 4 4 4 0 0 4 6 7 4 6 7 4 4 6 7
0 50 4 4 4 0 4 0 0 4 1 1 0 0 0 0 0 1 5 3 1 1 0 0 0 1 5 1 1 1 0 0 1 5 1 1 1 1 1 1 0 0 0 1 5 3 1 1 1 1 0 0
0 26 4 4 4 4 4 0 0 0 4 6 7 4 1 0 0 1 5 1 1 1 1 1 1 0 0 0
0 42 4 4 4 4 6 7 4 6 7 1 1 1 1 1 0 0 1 5 1 1 1 1 1 1 1 0 0 0 0 0 1 5 1 1 1 0 0 0 0 1 5 3
0 17 4 4 4 4 4 6 7 1 1 1 1 0 0 1 5 3 1
0 4 4 4 6 7
0 11 4 4 4 4 4 6 7 1 1 1 1
0 47 4 3 4 3 0 4 6 7 4 6 7 0 0 4 1 1 0 0 0 1 5 3 1 1 1 1 0 0 0 0 1 5 3 1 1 0 0 1 5 3 1 1 0 0 0 0 0
0 9 4 4 4 4 4 0 0 0 0
0 35 4 4 4 4 4 6 7 1 1 1 1 0 0 1 5 3 1 1 1 1 0 0 0 0 1 5 3 1 1 1 0 0 1 5 3
0 9 4 4 4 4 4 0 0 0 4
0 50 4 3 4 3 0 4 6 7 4 6 7 0 0 4 1 1 0 0 0 1 5 3 1 1 1 1 0 0 0 0 1 5 3 1 1 0 0 1 5 3 1 1 0 0 0 0 0 1 5 3
0 28 4 4 4 4 4 4 4 1 1 5 3 1 0 0 0 0 1 5 1 1 1 1 1 1 0 0 0 0
0 8 1 0 1 5 1 1 1 1
0 12 4 4 4 4 4 3 3 4 6 7 1 1
0 57 4 0 0 0 0 0 0 0 0 0 0 0 0 0 0 0 0 0 0 1 0 1 5 3 1 1 1 1 0 0 0 0 0 1 5 3 1 1 1 1 1 1 0 0 0 0 0 1 5 1 1 1 1 1 1 1 0
0 8 4 5 6 7 7 3 1 1
0 8 3 4 4 4 3 4 4 4
0 17 4 4 4 4 4 0 0 0 4 6 7 4 1 0 0 1 5
0 23 4 6 7 4 6 7 0 0 0 0 1 1 1 0 1 5 3 1 1 1 0 0 0
0 14 4 4 4 4 4 3 3 4 6 7 1 1 1 1
0 9 4 3 3 4 4 4 1 1 1
0 17 4 4 4 4 4 4 4 1 1 5 3 1 0 0 0 0 1
0 42 4 4 4 4 0 0 0 4 6 7 4 1 0 0 0 1 5 1 1 1 1 1 0 0 1 5 3 1 1 1 1 1 1 0 0 0 0 1 5 3 1 1
0 17 4 4 3 4 1 1 1 1 0 1 5 1 1 1 5 1 5
0 22 4 1 1 1 1 0 1 5 1 1 1 1 1 1 5 3 1 1 1 0 1 5
0 22 4 4 4 4 6 7 4 6 7 1 1 1 1 1 0 0 1 5 1 1 1 1
0 23 3 4 4 4 3 4 4 4 4 4 0 0 0 0 0 0 0 0 0 1 0 0 0
0 4 4 4 0 0
0 10 0 0 1 1 0 0 0 0 0 1
0 45 4 4 4 4 6 7 4 6 7 1 1 1 1 1 0 0 1 5 1 1 1 1 1 1 1 0 0 0 0 0 1 5 1 1 1 0 0 0 0 1 5 3 1 1 5
0 27 3 4 4 4 4 4 0 0 0 0 0 0 0 1 0 0 0 0 0 1 5 1 1 1 1 5 3
0 46 4 4 4 4 4 6 7 1 1 1 1 0 0 1 5 3 1 1 1 1 0 0 0 0 1 5 3 1 1 1 0 0 1 5 3 1 1 1 1 1 0 0 0 0 0 1
0 45 4 4 4 4 4 0 0 0 0 4 4 1 0 0 0 1 5 3 1 1 1 1 0 0 0 0 0 1 5 3 5 6 7 1 3 3 1 3 5 1 7 2 6 7 2
0 18 4 3 3 4 4 4 1 1 1 1 0 0 0 0 0 1 5 3
0 6 4 4 1 1 1 1
0 36 3 4 6 7 1 0 0 0 0 0 1 5 3 1 1 1 1 0 0 0 0 0 1 5 3 1 1 1 1 1 1 5 3 1 1 0
0 12 4 4 4 0 4 0 0 4 1 1 0 0
0 12 4 4 4 4 4 0 0 0 0 4 0 0
0 12 4 1 1 1 1 0 1 5 1 1 1 1
0 49 4 3 4 3 0 4 6 7 4 6 7 0 0 4 1 1 0 0 0 1 5 3 1 1 1 1 0 0 0 0 1 5 3 1 1 0 0 1 5 3 1 1 0 0 0 0 0 1 5
0 10 4 1 1 1 1 1 1 0 0 0
0 31 1 0 1 5 1 1 1 1 1 0 0 0 0 1 5 1 1 1 1 1 1 1 5 3 1 1 1 1 1 0 0
0 48 4 4 4 4 4 6 7 1 1 1 1 0 0 1 5 3 1 1 1 1 0 0 0 0 1 5 3 1 1 1 0 0 1 5 3 1 1 1 1 1 0 0 0 0 0 1 5 1
0 49 4 4 4 4 0 0 0 4 6 7 4 1 0 0 0 1 5 1 1 1 1 1 0 0 1 5 3 1 1 1 1 1 1 0 0 0 0 1 5 3 1 1 1 1 1 1 0 0 0
0 7 4 4 1 1 1 1 1
0 10 1 0 1 5 1 1 1 1 1 0
0 8 4 4 3 4 1 1 1 1
0 13 1 0 1 5 1 1 1 1 1 0 0 0 0
0 53 4 4 4 4 4 6 7 1 1 1 1 0 0 1 5 3 1 1 1 1 0 0 0 0 1 5 3 1 1 1 0 0 1 5 3 1 1 1 1 1 0 0 0 0 0 1 5 1 1 1 1 1 1
0 28 4 4 4 3 4 4 1 1 1 1 1 0 0 0 1 5 1 1 1 1 1 5 1 1 1 0 0 0
0 7 1 1 1 5 3 1 0
0 21 3 4 4 4 3 4 4 4 4 4 0 0 0 0 0 0 0 0 0 1 0
0 47 4 3 4 4 3 4 6 7 4 0 0 0 0 0 1 1 1 0 0 0 1 5 1 1 1 0 0 0 1 5 3 1 1 0 0 1 5 1 1 1 1 1 0 0 1 5 3
0 16 4 4 4 3 4 4 3 0 0 0 0 0 0 0 1 1
0 4 4 6 7 4
0 46 4 4 4 3 4 4 1 1 1 1 1 0 0 0 1 5 1 1 1 1 1 5 1 1 1 0 0 0 0 0 1 5 3 1 1 0 0 1 5 3 1 1 0 1 5 1
0 13 4 4 4 4 4 0 0 0 4 6 7 4 1
0 5 4 4 3 4 1
0 13 4 4 4 3 4 6 7 4 0 0 0 0 0
0 9 4 4 4 0 4 1 1 0 1
0 32 4 3 4 0 0 0 1 1 1 1 1 1 0 0 0 0 1 5 3 1 1 1 1 0 0 0 1 5 1 1 1 1
0 10 4 4 4 3 4 4 1 1 1 1
0 15 4 3 4 3 0 4 6 7 4 6 7 0 0 4 1
0 27 4 4 4 4 4 0 0 0 0 4 4 1 0 0 0 1 5 3 1 1 1 1 0 0 0 0 0
0 11 4 4 4 3 4 6 7 4 0 0 0
0 6 3 3 4 4 4 4
0 12 4 4 4 3 4 4 3 0 0 0 0 0
0 40 4 4 4 4 0 0 0 4 6 7 4 1 0 0 0 1 5 1 1 1 1 1 0 0 1 5 3 1 1 1 1 1 1 0 0 0 0 1 5 3
0 12 4 3 4 3 0 4 6 7 4 6 7 0
0 14 3 4 6 7 0 0 0 0 0 5 6 7 7 1
0 32 4 6 7 4 6 7 0 0 0 0 1 1 1 0 1 5 3 1 1 1 0 0 0 0 0 1 5 1 5 6 7 2
0 19 4 4 4 4 4 4 4 1 1 5 3 1 0 0 0 0 1 5 1
0 20 4 3 4 4 3 4 6 7 4 0 0 0 0 0 1 1 1 0 0 0
0 5 4 3 4 3 0
0 11 3 4 4 4 4 4 4 4 4 4 5
0 10 4 4 4 4 4 6 7 1 1 1
0 39 4 3 4 3 0 4 6 7 4 6 7 0 0 4 1 1 0 0 0 1 5 3 1 1 1 1 0 0 0 0 1 5 3 1 1 0 0 1 5
0 52 4 3 4 4 3 4 6 7 4 0 0 0 0 0 1 1 1 0 0 0 1 5 1 1 1 0 0 0 1 5 3 1 1 0 0 1 5 1 1 1 1 1 0 0 1 5 3 5 6 7 1 1
0 35 4 4 4 0 4 6 7 1 1 1 1 1 1 0 0 1 5 1 1 1 1 0 0 1 5 1 1 1 1 1 1 1 1 5 3
0 30 4 4 6 7 0 1 1 1 0 0 1 5 1 1 1 1 1 1 0 1 5 3 1 1 1 1 1 0 0 1
0 43 4 4 4 4 4 6 7 1 1 1 1 0 0 1 5 3 1 1 1 1 0 0 0 0 1 5 3 1 1 1 0 0 1 5 3 1 1 1 1 1 0 0 0
0 7 4 4 6 7 0 1 1
0 46 4 3 4 4 3 4 6 7 4 0 0 0 0 0 1 1 1 0 0 0 1 5 1 1 1 0 0 0 1 5 3 1 1 0 0 1 5 1 1 1 1 1 0 0 1 5
0 27 4 4 4 4 4 0 0 0 0 0 0 1 1 1 0 1 5 1 1 1 0 0 1 5 1 1 1
0 56 4 3 4 0 0 0 1 1 1 1 1 1 0 0 0 0 1 5 3 1 1 1 1 0 0 0 1 5 1 1 1 1 1 1 0 0 0 1 5 1 1 0 0 0 1 5 3 1 1 1 1 0 0 0 0 0
0 23 4 4 6 7 0 1 1 1 0 0 1 5 1 1 1 1 1 1 0 1 5 3 1
0 10 4 4 0 0 0 0 1 1 0 0
0 16 4 0 0 0 0 0 0 0 0 0 0 0 0 0 0 0
0 41 4 4 0 0 0 0 1 1 0 0 0 0 0 1 5 3 1 1 1 0 1 5 3 1 1 1 1 5 1 1 1 1 0 0 1 5 1 5 6 7 2
0 40 3 4 6 7 1 0 0 0 0 0 1 5 3 1 1 1 1 0 0 0 0 0 1 5 3 1 1 1 1 1 1 5 3 1 1 0 0 0 1 5
0 20 4 0 0 0 0 0 0 0 0 0 0 0 0 0 0 0 0 0 0 1
0 14 4 4 4 3 4 4 3 0 0 0 0 0 0 0
0 44 4 0 0 0 0 0 0 0 0 0 0 0 0 0 0 0 0 0 0 1 0 1 5 3 1 1 1 1 0 0 0 0 0 1 5 3 1 1 1 1 1 1 0 0
0 21 4 0 0 0 0 0 0 0 0 0 0 0 0 0 0 0 0 0 0 1 0
0 25 4 3 4 3 0 4 6 7 4 6 7 0 0 4 1 1 0 0 0 1 5 3 1 1 1
