981 8
1 0 
1 9 3 3 0 7 6 3 3 6 6
1 15 6 3 7 6 6 3 0 7 6 4 2 2 1 0 5
1 16 6 5 1 0 5 3 3 6 6 4 1 1 0 4 3 5
1 3 6 5 2
1 12 4 1 1 0 5 4 1 1 0 7 2 5
1 21 6 3 0 7 6 6 5 2 6 5 2 5 2 2 2 5 1 0 1 3 5
1 35 4 2 5 2 5 2 5 1 0 1 3 5 3 3 6 6 3 3 0 7 6 4 2 5 2 2 2 2 2 5 1 0 2 4 5
1 9 6 5 2 2 1 0 1 3 5
1 37 6 5 2 4 2 6 5 2 5 1 0 1 3 5 7 1 7 1 6 0 6 2 3 3 3 2 7 1 7 1 7 1 7 0 3 3 6
1 22 6 3 0 7 6 3 3 7 6 4 1 1 0 1 1 4 2 7 5 6 5 2
1 14 4 1 1 0 1 3 5 3 3 0 7 6 4 2
1 5 4 1 1 0 5
1 40 4 1 1 0 1 3 5 4 2 6 3 6 6 7 1 7 1 7 1 7 0 3 2 2 7 1 7 1 7 1 7 2 7 1 6 2 3 3 3 6
1 69 6 2 2 3 7 1 7 1 7 1 7 1 7 2 7 1 6 2 3 6 4 1 1 0 3 3 3 5 6 0 2 2 2 3 7 1 7 1 7 1 6 2 2 2 3 2 7 1 7 1 7 1 6 0 3 2 7 1 7 0 6 6 5 1 1 0 1 3 5
1 31 3 3 6 6 3 3 0 7 6 4 1 0 1 4 1 4 3 5 7 0 2 2 2 3 7 1 6 2 2 2 6
1 2 4 2
1 40 6 5 2 7 1 7 1 7 1 7 1 6 2 2 3 2 3 6 0 3 3 3 7 1 7 2 3 7 1 7 1 7 1 6 0 2 6 6 5 2
1 32 7 1 7 1 7 2 2 3 6 7 2 2 3 3 3 7 1 7 1 7 1 7 1 7 2 2 2 2 2 6 2 6
1 13 4 2 5 2 5 2 2 2 5 1 0 3 5
1 4 6 3 7 6
1 34 4 2 2 2 5 1 0 1 3 5 7 1 7 1 7 2 2 2 3 3 7 2 3 3 3 3 7 0 2 2 6 6 5 2
1 14 4 2 5 2 2 2 5 2 5 1 0 1 3 5
1 7 6 5 2 2 1 0 5
1 8 4 2 5 1 0 1 3 5
1 17 4 1 1 0 1 3 5 6 5 2 2 1 0 1 4 1 5
1 5 6 3 0 7 6
1 11 6 5 2 5 1 0 1 4 4 4 5
1 16 6 5 2 2 2 2 2 5 2 2 1 0 1 3 5 6
1 6 4 2 7 0 2 6
1 6 6 5 2 6 5 2
1 24 6 5 2 2 2 5 2 5 1 0 4 1 5 4 1 0 1 3 5 6 5 2 4 2
1 56 7 1 7 1 7 1 6 2 3 7 1 6 0 2 7 1 7 1 7 1 6 0 7 1 7 0 2 6 7 1 7 1 7 1 7 1 7 2 3 3 7 1 7 1 7 1 7 1 6 0 3 2 3 7 2 6
1 32 3 3 6 6 7 1 7 1 7 1 7 1 6 0 3 2 2 7 1 7 0 3 3 7 1 7 1 7 2 7 0 6
1 5 3 3 0 7 6
1 9 6 5 2 5 2 2 1 0 5
1 38 4 2 7 1 7 0 2 3 3 3 7 1 7 1 7 1 7 1 7 2 3 3 2 2 7 1 7 0 2 2 2 6 0 6 6 3 6 6
1 10 3 3 0 7 6 6 3 0 7 6
1 18 6 5 2 5 2 2 2 5 2 5 1 0 2 1 1 1 4 5
1 54 6 5 2 5 2 2 2 2 2 5 1 0 1 3 5 4 1 0 2 7 5 7 1 7 1 7 2 2 2 2 7 1 6 2 2 3 2 2 6 7 1 7 2 2 2 3 3 7 1 7 1 6 0 6
1 37 7 1 7 1 7 1 7 1 7 0 6 3 3 7 6 6 5 2 5 2 2 2 5 2 5 1 0 1 1 1 4 3 3 5 6 5 2
1 4 7 0 3 6
1 21 6 3 6 6 6 5 2 6 0 3 3 3 7 1 7 2 2 3 6 2 6
1 26 4 1 1 0 1 3 5 4 1 0 1 3 5 4 2 6 5 1 1 0 3 4 4 4 1 5
1 19 7 1 7 1 7 2 3 3 6 3 3 7 6 6 5 2 6 5 2
1 19 6 5 2 6 5 2 2 2 2 1 0 1 3 5 6 3 0 7 6
1 8 6 5 1 1 0 1 3 5
1 35 4 2 6 2 2 2 7 1 7 1 7 1 6 0 3 3 2 3 6 6 5 2 7 1 7 1 7 1 7 1 7 2 2 2 6
1 14 6 5 2 4 2 7 1 6 2 3 3 3 3 6
1 5 6 5 2 6 6
0 2 6 2
0 32 6 3 6 6 4 2 7 1 7 2 6 7 1 6 0 2 3 3 7 1 7 1 7 1 6 2 3 3 7 1 6 2
0 11 6 5 1 1 0 1 3 5 6 3 6
0 22 4 1 1 0 1 3 5 6 5 2 2 2 5 1 0 3 5 4 1 1 0 1
0 18 6 3 6 6 7 1 7 1 7 2 2 3 7 1 7 2 3 2
0 15 6 3 6 6 7 1 7 1 7 2 2 3 7 1 7
0 26 7 2 3 3 7 1 7 1 6 2 2 3 2 2 7 1 7 1 7 1 6 0 3 2 2 3
0 13 4 2 6 5 2 2 1 0 1 3 5 6 0
0 8 6 5 2 4 2 3 3 7
0 18 7 1 7 1 7 1 7 1 6 2 2 3 7 1 7 1 7 1
0 10 7 1 7 1 7 1 7 1 7 0
0 30 7 1 7 1 7 1 7 0 2 2 7 1 7 2 3 2 6 0 3 3 7 1 7 1 7 1 7 1 6 2
0 19 7 1 6 0 3 2 7 1 7 2 7 1 7 1 7 1 7 1 6
0 3 4 2 4
0 10 7 1 7 1 7 1 6 0 3 2
0 6 7 1 7 1 7 1
0 20 7 1 7 1 7 1 7 0 2 2 7 1 7 2 3 2 6 0 3 3
0 7 6 5 2 4 2 3 3
0 27 7 1 6 0 3 2 7 1 7 2 7 1 7 1 7 1 7 1 6 2 6 6 5 2 2 2 2
0 35 6 3 6 6 7 1 7 1 7 2 2 3 7 1 7 2 3 2 2 2 7 1 7 1 7 1 7 1 7 0 3 2 2 7 1
0 23 4 1 1 0 1 3 5 7 1 6 0 2 3 7 1 7 1 7 1 7 1 7 2
0 14 4 2 6 6 3 0 7 6 7 1 6 2 3 7
0 38 4 1 1 0 1 3 5 7 1 6 0 2 3 7 1 7 1 7 1 7 1 7 2 2 2 3 7 2 3 7 1 7 1 6 0 2 6 4
0 35 4 2 2 2 5 2 2 1 0 1 5 7 1 7 1 7 1 7 1 7 2 3 7 1 7 1 6 2 2 2 3 3 7 1 7
0 3 6 5 1
0 30 7 1 7 1 7 1 7 1 6 2 2 3 7 1 7 1 7 1 7 1 7 0 3 7 1 7 1 7 1 6
0 9 7 1 7 0 3 2 3 7 1
0 16 4 1 1 0 1 3 5 7 1 6 0 2 3 7 1 7
0 44 7 1 7 1 7 1 7 1 7 0 2 6 0 3 3 3 3 7 1 7 1 6 0 3 3 3 3 6 7 1 7 1 6 0 3 7 1 6 2 6 7 1 7 0
0 21 7 1 7 1 7 1 7 0 2 2 7 1 7 2 3 2 6 0 3 3 7
0 36 3 3 0 7 6 6 3 0 7 6 7 1 6 2 3 7 1 7 1 7 1 7 2 7 1 7 1 7 1 6 0 7 1 6 2 2
0 49 6 2 2 2 3 7 1 7 1 7 1 7 1 7 2 3 2 2 3 7 1 7 1 7 1 7 1 7 2 2 2 6 2 2 2 3 6 6 5 1 1 0 1 3 5 7 1 7 1
0 12 6 5 2 5 2 2 2 2 2 2 1 0
0 27 6 2 2 2 3 7 1 7 1 7 1 7 1 7 2 3 2 2 3 7 1 7 1 7 1 7 1
0 49 7 1 7 1 7 1 7 1 7 0 2 6 0 3 3 3 3 7 1 7 1 6 0 3 3 3 3 6 7 1 7 1 6 0 3 7 1 6 2 6 7 1 7 0 7 1 7 1 7
0 35 3 3 7 6 6 7 1 7 1 7 1 7 2 2 3 2 7 1 7 1 7 1 7 1 7 2 2 3 3 3 7 1 7 1 6
0 9 6 0 6 6 5 1 1 0 1
0 23 6 3 6 6 4 2 7 1 7 2 6 7 1 6 0 2 3 3 7 1 7 1 7
0 28 7 1 7 1 7 1 7 0 2 2 7 1 7 2 3 2 6 0 3 3 7 1 7 1 7 1 7 1
0 39 6 3 6 6 4 2 7 1 7 2 6 7 1 6 0 2 3 3 7 1 7 1 7 1 6 2 3 3 7 1 6 2 3 2 7 1 7 1 7
0 2 6 3
0 25 3 3 7 6 6 7 1 7 1 7 1 7 2 2 3 2 7 1 7 1 7 1 7 1 7
0 7 3 3 0 7 6 6 3
0 16 6 2 2 2 3 7 1 7 1 7 1 7 1 7 2 3
0 33 3 3 7 6 7 1 7 1 7 1 7 0 2 3 2 3 7 1 6 0 2 3 7 1 7 1 7 2 6 3 3 0 7
0 27 7 1 7 1 7 1 6 0 3 2 2 7 1 7 1 6 0 3 3 6 0 2 7 1 7 1 7
0 20 7 1 7 1 7 1 7 1 6 2 2 3 7 1 7 1 7 1 7 1
0 33 7 1 7 1 7 1 7 1 6 2 2 3 7 1 7 1 7 1 7 1 7 0 3 7 1 7 1 7 1 6 2 6 0
0 22 4 2 5 2 2 2 2 1 0 4 1 4 4 5 4 2 4 1 1 0 1 3
0 12 7 1 7 1 7 1 7 1 7 0 7 1
0 24 7 1 7 1 7 1 7 1 7 0 7 1 7 1 7 2 6 6 5 2 6 3 0 7
0 12 4 1 1 0 3 5 6 3 6 6 4 1
0 18 4 1 1 0 1 3 5 6 5 2 2 2 5 1 0 3 5 4
0 31 7 1 7 1 7 1 7 1 7 2 2 2 6 6 3 7 6 7 1 7 1 7 1 7 1 6 0 2 2 2 3
0 42 3 3 0 7 6 6 3 0 7 6 7 1 6 2 3 7 1 7 1 7 1 7 2 7 1 7 1 7 1 6 0 7 1 6 2 2 3 3 6 6 3 0
0 46 6 3 6 6 4 2 7 1 7 2 6 7 1 6 0 2 3 3 7 1 7 1 7 1 6 2 3 3 7 1 6 2 3 2 7 1 7 1 7 1 7 1 6 2 3 2
0 36 3 3 7 6 6 7 1 7 1 7 1 7 2 2 3 2 7 1 7 1 7 1 7 1 7 2 2 3 3 3 7 1 7 1 6 2
0 9 6 5 2 5 1 0 1 1 2
0 7 7 1 6 0 3 2 7
0 5 3 3 7 6 7
0 13 3 3 7 6 6 7 1 7 1 7 1 7 2
0 21 3 3 7 6 6 7 1 7 1 7 1 7 2 2 3 2 7 1 7 1 7
0 7 6 0 6 6 5 1 1
0 6 4 2 5 2 2 2
0 10 3 3 7 6 6 7 1 7 1 7
0 29 7 1 7 1 7 1 7 1 6 2 2 3 7 1 7 1 7 1 7 1 7 0 3 7 1 7 1 7 1
0 23 7 1 7 1 7 1 7 0 2 2 7 1 7 2 3 2 6 0 3 3 7 1 7
0 12 4 1 1 0 1 3 5 6 5 2 2 2
0 10 7 1 7 0 3 2 3 7 1 7
0 9 6 5 2 6 3 6 6 6 5
0 31 3 3 7 6 6 7 1 7 1 7 1 7 2 2 3 2 7 1 7 1 7 1 7 1 7 2 2 3 3 3 7
0 33 6 3 6 6 4 2 7 1 7 2 6 7 1 6 0 2 3 3 7 1 7 1 7 1 6 2 3 3 7 1 6 2 3
0 15 4 1 1 0 1 3 5 6 5 2 2 2 5 1 0
0 9 6 3 6 6 4 2 7 1 7
0 28 6 3 6 6 4 2 7 1 7 2 6 7 1 6 0 2 3 3 7 1 7 1 7 1 6 2 3 3
0 23 3 3 7 6 7 1 7 1 7 1 7 0 2 3 2 3 7 1 6 0 2 3 7
0 17 7 1 7 1 7 1 6 0 3 2 2 7 1 7 1 6 0
0 1 3
0 7 6 3 0 7 6 7 1
0 17 3 3 7 6 6 7 1 7 1 7 1 7 2 2 3 2 7
0 11 7 1 7 0 3 2 3 7 1 7 1
0 28 6 3 0 7 6 7 1 7 1 7 1 6 2 3 6 2 2 2 7 1 7 1 7 1 7 0 3 3
0 9 4 1 1 0 1 4 1 4 3
0 27 7 1 7 1 7 1 7 1 6 2 2 3 7 1 7 1 7 1 7 1 7 0 3 7 1 7 1
0 13 6 5 2 5 2 2 2 2 2 2 1 0 2
0 32 6 3 6 6 7 1 7 1 7 2 2 3 7 1 7 2 3 2 2 2 7 1 7 1 7 1 7 1 7 0 3 2
0 6 3 3 7 6 6 7
0 13 6 5 2 6 2 3 3 2 7 1 6 0 2
0 16 4 2 6 5 2 2 1 0 1 3 5 6 0 3 6 3
0 16 6 5 2 7 1 7 1 7 1 7 1 6 2 3 7 1
0 11 7 1 7 1 7 1 7 1 6 2 2
0 9 3 3 0 7 6 6 5 2 5
0 14 3 3 0 7 6 6 3 0 7 6 7 1 6 2
0 31 7 1 7 1 7 1 7 1 7 0 2 6 0 3 3 3 3 7 1 7 1 6 0 3 3 3 3 6 7 1 7
0 8 3 3 0 7 6 6 3 3
0 18 6 5 2 6 2 3 3 2 7 1 6 0 2 3 2 6 6 5
0 12 3 3 7 6 6 7 1 7 1 7 1 7
0 24 3 3 7 6 6 7 1 7 1 7 1 7 2 2 3 2 7 1 7 1 7 1 7 1
0 19 3 3 7 6 7 1 7 1 7 1 7 0 2 3 2 3 7 1 6
0 14 6 5 1 1 0 1 3 5 7 1 7 1 7 1
0 40 3 3 7 6 6 7 1 7 1 7 1 7 2 2 3 2 7 1 7 1 7 1 7 1 7 2 2 3 3 3 7 1 7 1 6 2 2 2 3 2
0 25 7 1 7 1 7 1 7 1 7 2 3 2 3 7 1 7 0 3 3 3 2 6 3 3 7
0 18 3 3 7 6 7 1 7 1 7 1 7 0 2 3 2 3 7 1
0 26 6 2 2 2 3 7 1 7 1 7 1 7 1 7 2 3 2 2 3 7 1 7 1 7 1 7
0 19 3 3 7 6 7 1 7 1 6 2 3 2 2 2 7 1 7 1 7
0 12 6 5 2 6 2 3 3 2 7 1 6 0
0 22 7 1 7 1 7 1 7 1 7 2 2 2 6 6 3 7 6 7 1 7 1 7
0 55 7 1 7 1 7 1 7 1 7 0 2 6 0 3 3 3 3 7 1 7 1 6 0 3 3 3 3 6 7 1 7 1 6 0 3 7 1 6 2 6 7 1 7 0 7 1 7 1 7 1 7 0 2 3 3
0 15 4 2 5 2 2 2 2 1 0 4 1 4 4 5 4
0 10 4 2 5 2 2 2 5 1 0 1
0 29 4 2 2 2 5 2 2 1 0 1 5 7 1 7 1 7 1 7 1 7 2 3 7 1 7 1 6 2 2
0 15 6 2 2 2 3 7 1 7 1 7 1 7 1 7 2
0 10 3 3 7 6 7 1 7 1 6 2
0 29 7 1 7 1 7 1 7 1 7 2 2 2 6 6 3 7 6 7 1 7 1 7 1 7 1 6 0 2 2
0 12 4 1 1 0 1 3 5 7 1 6 0 2
0 7 3 3 0 7 6 6 5
0 9 6 3 6 6 7 1 7 1 7
0 28 4 2 2 2 5 2 2 1 0 1 5 7 1 7 1 7 1 7 1 7 2 3 7 1 7 1 6 2
0 32 7 2 3 3 7 1 7 1 6 2 2 3 2 2 7 1 7 1 7 1 6 0 3 2 2 3 7 1 7 1 7 1
0 47 6 2 2 2 3 7 1 7 1 7 1 7 1 7 2 3 2 2 3 7 1 7 1 7 1 7 1 7 2 2 2 6 2 2 2 3 6 6 5 1 1 0 1 3 5 7 1
0 34 6 3 6 6 7 1 7 1 7 2 2 3 7 1 7 2 3 2 2 2 7 1 7 1 7 1 7 1 7 0 3 2 2 7
0 7 6 5 2 6 2 3 3
0 25 7 1 7 1 7 1 6 0 3 2 2 7 1 7 1 6 0 3 3 6 0 2 7 1 7
0 17 3 3 7 6 7 1 7 1 6 2 3 2 2 2 7 1 7
0 26 6 5 2 7 1 7 1 7 1 7 1 6 2 3 7 1 7 1 7 1 7 1 6 0 2 3
0 6 6 3 6 6 7 1
0 6 4 1 1 0 1 3
0 33 3 3 7 6 6 7 1 7 1 7 1 7 2 2 3 2 7 1 7 1 7 1 7 1 7 2 2 3 3 3 7 1 7
0 17 6 3 0 7 6 7 1 7 1 7 1 6 2 3 6 2 2
0 13 6 2 2 2 3 7 1 7 1 7 1 7 1
0 53 7 1 7 1 7 1 7 1 7 0 2 6 0 3 3 3 3 7 1 7 1 6 0 3 3 3 3 6 7 1 7 1 6 0 3 7 1 6 2 6 7 1 7 0 7 1 7 1 7 1 7 0 2
0 7 6 5 2 2 2 2 1
0 21 4 1 1 0 1 3 5 7 1 6 0 2 3 7 1 7 1 7 1 7 1
0 58 6 2 2 2 3 7 1 7 1 7 1 7 1 7 2 3 2 2 3 7 1 7 1 7 1 7 1 7 2 2 2 6 2 2 2 3 6 6 5 1 1 0 1 3 5 7 1 7 1 7 1 7 2 3 2 2 2 7
0 19 7 1 7 1 7 1 7 1 6 2 2 3 7 1 7 1 7 1 7
0 13 6 3 0 7 6 7 1 7 1 7 1 6 2
0 15 7 1 7 1 7 1 7 1 7 0 7 1 7 1 7
0 16 7 1 7 1 7 1 7 1 7 0 2 6 0 3 3 3
0 33 6 3 6 6 7 1 7 1 7 2 2 3 7 1 7 2 3 2 2 2 7 1 7 1 7 1 7 1 7 0 3 2 2
0 24 7 2 3 3 7 1 7 1 6 2 2 3 2 2 7 1 7 1 7 1 6 0 3 2
0 26 7 1 7 1 7 1 6 0 3 2 2 7 1 7 1 6 0 3 3 6 0 2 7 1 7 1
0 32 7 1 6 0 3 2 7 1 7 2 7 1 7 1 7 1 7 1 6 2 6 6 5 2 2 2 2 2 2 2 2 1
0 9 6 3 0 7 6 7 1 7 1
0 5 6 5 1 1 0
0 14 7 1 6 0 3 2 7 1 7 2 7 1 7 1
0 17 6 5 2 5 1 0 1 1 2 5 3 3 6 6 3 3 6
0 7 4 2 6 6 3 0 7
0 24 4 2 2 2 5 2 2 1 0 1 5 7 1 7 1 7 1 7 1 7 2 3 7 1
0 13 4 1 1 0 1 3 5 7 1 6 0 2 3
0 10 4 1 1 0 1 3 5 7 1 6
0 30 4 2 2 2 5 2 2 1 0 1 5 7 1 7 1 7 1 7 1 7 2 3 7 1 7 1 6 2 2 2
0 8 6 3 0 7 6 4 1 1
0 9 3 3 0 7 6 6 3 3 7
0 19 7 1 7 1 7 1 7 0 2 2 7 1 7 2 3 2 6 0 3
0 23 7 1 7 1 7 1 7 1 7 2 2 2 6 6 3 7 6 7 1 7 1 7 1
0 31 3 3 7 6 7 1 7 1 7 1 7 0 2 3 2 3 7 1 6 0 2 3 7 1 7 1 7 2 6 3 3
0 30 7 1 7 1 7 1 7 1 7 2 3 2 3 7 1 7 0 3 3 3 2 6 3 3 7 6 3 3 0 7
0 10 7 1 7 1 7 1 7 1 6 2
0 67 6 2 2 2 3 7 1 7 1 7 1 7 1 7 2 3 2 2 3 7 1 7 1 7 1 7 1 7 2 2 2 6 2 2 2 3 6 6 5 1 1 0 1 3 5 7 1 7 1 7 1 7 2 3 2 2 2 7 1 7 1 7 1 7 1 7 2
0 13 3 3 0 7 6 6 3 0 7 6 7 1 6
0 4 6 3 3 6
0 12 6 3 6 6 4 2 7 1 7 2 6 7
0 5 6 5 2 5 1
0 59 7 1 7 1 7 1 7 1 7 0 2 6 0 3 3 3 3 7 1 7 1 6 0 3 3 3 3 6 7 1 7 1 6 0 3 7 1 6 2 6 7 1 7 0 7 1 7 1 7 1 7 0 2 3 3 3 6 4 1
0 9 6 3 6 6 4 2 5 2 2
0 43 3 3 0 7 6 6 3 0 7 6 7 1 6 2 3 7 1 7 1 7 1 7 2 7 1 7 1 7 1 6 0 7 1 6 2 2 3 3 6 6 3 0 7
0 24 7 1 7 1 7 1 7 1 7 0 2 6 0 3 3 3 3 7 1 7 1 6 0 3
0 18 4 1 1 0 1 3 5 7 1 6 0 2 3 7 1 7 1 7
0 13 4 1 1 0 1 3 5 6 5 2 2 2 5
0 34 7 1 7 1 7 1 7 0 2 2 7 1 7 2 3 2 6 0 3 3 7 1 7 1 7 1 7 1 6 2 3 6 6 5
0 18 4 2 6 6 3 0 7 6 7 1 6 2 3 7 1 7 1 7
0 21 6 5 2 6 2 3 3 2 7 1 6 0 2 3 2 6 6 5 2 6 5
0 30 6 3 6 6 4 2 7 1 7 2 6 7 1 6 0 2 3 3 7 1 7 1 7 1 6 2 3 3 7 1
0 14 7 1 7 0 3 2 3 7 1 7 1 7 2 2
0 29 6 2 2 2 3 7 1 7 1 7 1 7 1 7 2 3 2 2 3 7 1 7 1 7 1 7 1 7 2
0 37 6 3 6 6 7 1 7 1 7 2 2 3 7 1 7 2 3 2 2 2 7 1 7 1 7 1 7 1 7 0 3 2 2 7 1 7 1
0 33 7 1 6 0 3 2 7 1 7 2 7 1 7 1 7 1 7 1 6 2 6 6 5 2 2 2 2 2 2 2 2 1 0
0 40 7 1 6 0 3 2 7 1 7 2 7 1 7 1 7 1 7 1 6 2 6 6 5 2 2 2 2 2 2 2 2 1 0 3 5 4 2 5 2 2
0 20 6 3 6 6 4 2 7 1 7 2 6 7 1 6 0 2 3 3 7 1
0 6 6 3 0 7 6 4
0 14 6 5 2 5 2 2 2 2 2 2 1 0 2 4
0 16 6 5 1 1 0 1 3 5 7 1 7 1 7 1 6 2
0 40 4 2 2 2 5 2 2 1 0 1 5 7 1 7 1 7 1 7 1 7 2 3 7 1 7 1 6 2 2 2 3 3 7 1 7 1 7 0 2 3
0 20 3 3 7 6 7 1 7 1 7 1 7 0 2 3 2 3 7 1 6 0
0 23 3 3 0 7 6 6 3 0 7 6 7 1 6 2 3 7 1 7 1 7 1 7 2
0 12 6 3 0 7 6 7 1 7 1 7 1 6
0 19 6 5 2 7 1 7 1 7 1 7 1 6 2 3 7 1 7 1 7
0 9 4 1 1 0 1 3 5 7 1
0 60 7 1 7 1 7 1 7 1 7 0 2 6 0 3 3 3 3 7 1 7 1 6 0 3 3 3 3 6 7 1 7 1 6 0 3 7 1 6 2 6 7 1 7 0 7 1 7 1 7 1 7 0 2 3 3 3 6 4 1 0
0 15 7 1 7 1 7 1 7 1 7 2 3 2 3 7 1
0 27 4 1 1 0 1 3 5 7 1 6 0 2 3 7 1 7 1 7 1 7 1 7 2 2 2 3 7
0 35 6 2 2 2 3 7 1 7 1 7 1 7 1 7 2 3 2 2 3 7 1 7 1 7 1 7 1 7 2 2 2 6 2 2 2
0 18 7 1 7 1 7 1 6 0 3 2 2 7 1 7 1 6 0 3
0 19 7 2 3 3 7 1 7 1 6 2 2 3 2 2 7 1 7 1 7
0 25 4 2 2 2 5 2 2 1 0 1 5 7 1 7 1 7 1 7 1 7 2 3 7 1 7
0 3 6 3 6
0 16 3 3 0 7 6 6 3 0 7 6 7 1 6 2 3 7
0 17 4 2 6 6 3 0 7 6 7 1 6 2 3 7 1 7 1
0 16 6 5 1 1 0 5 6 3 0 7 6 6 5 2 5 1
0 31 3 3 0 7 6 6 3 0 7 6 7 1 6 2 3 7 1 7 1 7 1 7 2 7 1 7 1 7 1 6 0
0 21 3 3 7 6 7 1 7 1 6 2 3 2 2 2 7 1 7 1 7 1 7
0 34 6 3 6 6 4 2 7 1 7 2 6 7 1 6 0 2 3 3 7 1 7 1 7 1 6 2 3 3 7 1 6 2 3 2
0 45 7 1 6 0 3 2 7 1 7 2 7 1 7 1 7 1 7 1 6 2 6 6 5 2 2 2 2 2 2 2 2 1 0 3 5 4 2 5 2 2 2 5 1 0 1
0 11 4 1 1 0 1 3 5 4 2 6 5
0 17 4 2 5 2 2 2 2 1 0 4 1 4 4 5 4 2 4
0 9 6 5 2 7 1 7 1 7 1
0 16 7 1 7 1 7 1 7 0 2 2 7 1 7 2 3 2
0 13 4 1 1 0 4 1 1 4 7 5 3 3 6
0 23 4 2 2 2 5 2 2 1 0 1 5 7 1 7 1 7 1 7 1 7 2 3 7
0 44 6 3 6 6 4 2 7 1 7 2 6 7 1 6 0 2 3 3 7 1 7 1 7 1 6 2 3 3 7 1 6 2 3 2 7 1 7 1 7 1 7 1 6 2
0 4 6 5 1 1
0 32 4 1 1 0 1 3 5 7 1 6 0 2 3 7 1 7 1 7 1 7 1 7 2 2 2 3 7 2 3 7 1 7
0 10 7 1 6 0 3 2 7 1 7 2
0 27 6 5 2 7 1 7 1 7 1 7 1 6 2 3 7 1 7 1 7 1 7 1 6 0 2 3 2
0 20 7 2 3 3 7 1 7 1 6 2 2 3 2 2 7 1 7 1 7 1
0 28 7 1 6 0 3 2 7 1 7 2 7 1 7 1 7 1 7 1 6 2 6 6 5 2 2 2 2 2
0 12 7 1 7 1 7 1 6 0 3 2 2 7
0 64 6 2 2 2 3 7 1 7 1 7 1 7 1 7 2 3 2 2 3 7 1 7 1 7 1 7 1 7 2 2 2 6 2 2 2 3 6 6 5 1 1 0 1 3 5 7 1 7 1 7 1 7 2 3 2 2 2 7 1 7 1 7 1 7
0 13 7 1 7 1 7 1 6 0 3 2 2 7 1
0 20 6 5 2 5 2 2 2 2 2 2 1 0 2 4 4 4 1 1 4 1
0 31 7 1 6 0 3 2 7 1 7 2 7 1 7 1 7 1 7 1 6 2 6 6 5 2 2 2 2 2 2 2 2
0 50 4 1 1 0 1 3 5 7 1 6 0 2 3 7 1 7 1 7 1 7 1 7 2 2 2 3 7 2 3 7 1 7 1 6 0 2 6 4 2 2 2 5 1 0 2 5 4 1 1 0
0 22 6 3 6 6 4 2 7 1 7 2 6 7 1 6 0 2 3 3 7 1 7 1
0 15 4 2 2 2 5 2 2 1 0 1 5 7 1 7 1
0 20 4 2 5 2 2 2 2 1 0 4 1 4 4 5 4 2 4 1 1 0
0 7 3 3 7 6 6 7 1
0 17 3 3 7 6 7 1 7 1 7 1 7 0 2 3 2 3 7
0 6 6 5 2 6 3 6
0 44 4 1 1 0 1 3 5 7 1 6 0 2 3 7 1 7 1 7 1 7 1 7 2 2 2 3 7 2 3 7 1 7 1 6 0 2 6 4 2 2 2 5 1 0
0 20 6 5 2 2 2 5 2 5 2 2 1 0 3 5 4 2 6 3 0 7
0 20 6 2 2 2 3 7 1 7 1 7 1 7 1 7 2 3 2 2 3 7
0 31 7 1 7 1 7 1 6 0 3 2 2 7 1 7 1 6 0 3 3 6 0 2 7 1 7 1 7 1 7 2 2
0 36 4 2 2 2 5 2 2 1 0 1 5 7 1 7 1 7 1 7 1 7 2 3 7 1 7 1 6 2 2 2 3 3 7 1 7 1
0 45 7 1 7 1 7 1 7 1 7 0 2 6 0 3 3 3 3 7 1 7 1 6 0 3 3 3 3 6 7 1 7 1 6 0 3 7 1 6 2 6 7 1 7 0 7
0 42 4 2 2 2 5 2 2 1 0 1 5 7 1 7 1 7 1 7 1 7 2 3 7 1 7 1 6 2 2 2 3 3 7 1 7 1 7 0 2 3 2 3
0 16 4 1 1 0 1 3 5 6 5 2 2 2 5 1 0 3
0 12 6 5 2 7 1 7 1 7 1 7 1 6
0 23 4 2 6 6 3 0 7 6 7 1 6 2 3 7 1 7 1 7 1 6 2 3 2
0 38 6 3 6 6 7 1 7 1 7 2 2 3 7 1 7 2 3 2 2 2 7 1 7 1 7 1 7 1 7 0 3 2 2 7 1 7 1 7
0 7 6 5 2 5 1 0 1
0 28 7 1 7 1 7 1 7 1 7 2 3 2 3 7 1 7 0 3 3 3 2 6 3 3 7 6 3 3
0 50 7 1 7 1 7 1 7 1 7 0 2 6 0 3 3 3 3 7 1 7 1 6 0 3 3 3 3 6 7 1 7 1 6 0 3 7 1 6 2 6 7 1 7 0 7 1 7 1 7 1
0 15 6 3 6 6 4 2 7 1 7 2 6 7 1 6 0
0 15 7 1 7 1 7 1 7 1 7 0 2 6 0 3 3
0 21 6 3 0 7 6 7 1 7 1 7 1 6 2 3 6 2 2 2 7 1 7
0 4 7 1 7 0
0 1 7
0 21 6 5 2 5 1 0 1 1 2 5 3 3 6 6 3 3 6 6 3 3 0
0 21 4 1 1 0 1 3 5 6 5 2 2 2 5 1 0 3 5 4 1 1 0
0 29 7 1 7 1 7 1 7 1 7 2 3 2 3 7 1 7 0 3 3 3 2 6 3 3 7 6 3 3 0
0 19 6 2 2 2 3 7 1 7 1 7 1 7 1 7 2 3 2 2 3
0 9 4 2 6 6 3 0 7 6 7
0 31 7 1 7 1 7 1 7 0 2 2 7 1 7 2 3 2 6 0 3 3 7 1 7 1 7 1 7 1 6 2 3
0 11 3 3 0 7 6 6 5 2 5 2 2
0 12 7 1 7 1 7 1 7 1 7 2 3 2
0 15 4 1 1 0 1 3 5 4 2 6 5 1 1 0 1
0 19 3 3 0 7 6 6 3 0 7 6 7 1 6 2 3 7 1 7 1
0 7 6 5 2 5 2 2 2
0 23 7 1 7 1 7 1 7 1 7 0 7 1 7 1 7 2 6 6 5 2 6 3 0
0 20 6 3 6 6 7 1 7 1 7 2 2 3 7 1 7 2 3 2 2 2
0 20 4 1 1 0 1 3 5 7 1 6 0 2 3 7 1 7 1 7 1 7
0 4 7 1 6 0
0 13 4 2 5 2 2 2 2 1 0 4 1 4 4
0 20 7 1 7 0 3 2 3 7 1 7 1 7 2 2 2 3 3 6 6 3
0 20 7 1 7 1 7 1 7 1 7 0 2 6 0 3 3 3 3 7 1 7
0 47 7 1 7 1 7 1 7 1 7 0 2 6 0 3 3 3 3 7 1 7 1 6 0 3 3 3 3 6 7 1 7 1 6 0 3 7 1 6 2 6 7 1 7 0 7 1 7
0 17 6 5 2 5 2 2 2 2 2 2 1 0 2 4 4 4 1
0 17 4 1 1 0 1 3 5 7 1 6 0 2 3 7 1 7 1
0 13 6 5 2 5 1 0 1 1 2 5 3 3 6
0 16 3 3 7 6 7 1 7 1 6 2 3 2 2 2 7 1
0 14 6 3 0 7 6 4 1 1 0 3 4 4 1 4
0 12 4 1 1 0 1 3 5 4 2 6 5 1
0 15 4 1 1 0 3 5 6 3 6 6 4 1 1 0 1
0 39 6 3 6 6 7 1 7 1 7 2 2 3 7 1 7 2 3 2 2 2 7 1 7 1 7 1 7 1 7 0 3 2 2 7 1 7 1 7 1
0 65 6 2 2 2 3 7 1 7 1 7 1 7 1 7 2 3 2 2 3 7 1 7 1 7 1 7 1 7 2 2 2 6 2 2 2 3 6 6 5 1 1 0 1 3 5 7 1 7 1 7 1 7 2 3 2 2 2 7 1 7 1 7 1 7 1
0 5 4 2 6 3 6
0 6 7 1 6 0 3 2
0 20 3 3 7 6 7 1 7 1 6 2 3 2 2 2 7 1 7 1 7 1
0 15 4 2 6 6 3 0 7 6 7 1 6 2 3 7 1
0 23 7 1 7 1 7 1 6 0 3 2 2 7 1 7 1 6 0 3 3 6 0 2 7
0 18 3 3 7 6 7 1 7 1 6 2 3 2 2 2 7 1 7 1
0 30 3 3 7 6 6 7 1 7 1 7 1 7 2 2 3 2 7 1 7 1 7 1 7 1 7 2 2 3 3 3
0 12 7 1 6 0 3 2 7 1 7 2 7 1
0 27 3 3 7 6 6 7 1 7 1 7 1 7 2 2 3 2 7 1 7 1 7 1 7 1 7 2 2
0 13 7 2 3 3 7 1 7 1 6 2 2 3 2
0 29 7 1 7 1 7 1 7 1 7 0 2 6 0 3 3 3 3 7 1 7 1 6 0 3 3 3 3 6 7
0 25 7 1 6 0 3 2 7 1 7 2 7 1 7 1 7 1 7 1 6 2 6 6 5 2 2
0 19 6 5 2 5 1 0 1 1 2 5 3 3 6 6 3 3 6 6 3
0 17 7 2 3 3 7 1 7 1 6 2 2 3 2 2 7 1 7
0 16 3 3 7 6 7 1 7 1 7 1 7 0 2 3 2 3
0 22 6 3 6 6 7 1 7 1 7 2 2 3 7 1 7 2 3 2 2 2 7 1
0 6 6 5 1 1 0 1
0 5 7 1 7 0 3
0 24 6 3 6 6 7 1 7 1 7 2 2 3 7 1 7 2 3 2 2 2 7 1 7 1
0 26 7 1 7 1 7 1 7 1 7 2 2 2 6 6 3 7 6 7 1 7 1 7 1 7 1 6
0 36 6 3 6 6 4 2 7 1 7 2 6 7 1 6 0 2 3 3 7 1 7 1 7 1 6 2 3 3 7 1 6 2 3 2 7 1
0 9 4 1 1 0 1 3 5 6 5
0 7 6 5 1 1 0 3 1
0 12 6 5 2 2 2 5 2 5 2 2 1 0
0 29 4 1 1 0 1 3 5 7 1 6 0 2 3 7 1 7 1 7 1 7 1 7 2 2 2 3 7 2 3
0 22 6 3 0 7 6 7 1 7 1 7 1 6 2 3 6 2 2 2 7 1 7 1
0 15 7 1 7 1 7 1 7 0 2 2 7 1 7 2 3
0 8 3 3 0 7 6 6 3 0
0 17 6 5 1 1 0 5 6 3 0 7 6 6 5 2 5 1 0
0 20 6 5 2 7 1 7 1 7 1 7 1 6 2 3 7 1 7 1 7 1
0 13 7 1 7 1 7 1 7 1 6 2 2 3 7
0 12 4 1 1 0 4 1 1 4 7 5 3 3
0 28 7 1 7 1 7 1 7 1 6 2 2 3 7 1 7 1 7 1 7 1 7 0 3 7 1 7 1 7
0 8 6 5 2 2 2 5 2 5
0 16 7 1 7 1 7 1 7 1 6 2 2 3 7 1 7 1
0 18 6 2 2 2 3 7 1 7 1 7 1 7 1 7 2 3 2 2
0 15 3 3 0 7 6 6 5 2 5 2 2 1 0 1 3
0 3 7 1 6
0 23 6 5 2 6 2 3 3 2 7 1 6 0 2 3 2 6 6 5 2 6 5 1 1
0 5 6 5 2 6 3
0 8 4 2 6 5 2 2 1 0
0 10 6 3 0 7 6 4 1 1 0 3
0 6 6 0 6 6 5 1
0 11 3 3 7 6 7 1 7 1 7 1 7
0 14 6 5 2 2 2 2 1 0 5 6 0 2 7 1
0 5 4 2 6 3 7
0 21 6 5 2 7 1 7 1 7 1 7 1 6 2 3 7 1 7 1 7 1 7
0 23 4 1 1 0 1 3 5 6 5 2 2 2 5 1 0 3 5 4 1 1 0 1 3
0 17 6 3 6 6 7 1 7 1 7 2 2 3 7 1 7 2 3
0 16 7 1 6 0 3 2 7 1 7 2 7 1 7 1 7 1
0 12 7 1 7 1 7 1 7 1 6 2 2 3
0 22 6 2 2 2 3 7 1 7 1 7 1 7 1 7 2 3 2 2 3 7 1 7
0 5 6 3 6 6 7
0 8 6 3 6 6 4 2 7 1
0 19 4 1 1 0 1 3 5 6 5 2 2 2 5 1 0 3 5 4 1
0 16 6 3 6 6 7 1 7 1 7 2 2 3 7 1 7 2
0 11 7 2 3 3 7 1 7 1 6 2 2
0 25 7 1 7 1 7 1 7 1 7 2 2 2 6 6 3 7 6 7 1 7 1 7 1 7 1
0 47 6 3 6 6 4 2 7 1 7 2 6 7 1 6 0 2 3 3 7 1 7 1 7 1 6 2 3 3 7 1 6 2 3 2 7 1 7 1 7 1 7 1 6 2 3 2 3
0 42 4 1 1 0 1 3 5 7 1 6 0 2 3 7 1 7 1 7 1 7 1 7 2 2 2 3 7 2 3 7 1 7 1 6 0 2 6 4 2 2 2 5
0 5 7 1 7 1 7
0 30 7 1 7 1 7 1 6 0 3 2 2 7 1 7 1 6 0 3 3 6 0 2 7 1 7 1 7 1 7 2
0 12 4 2 6 6 3 0 7 6 7 1 6 2
0 6 4 2 2 2 5 2
0 14 4 1 1 0 1 3 5 7 1 6 0 2 3 7
0 4 6 2 2 2
0 14 4 1 1 0 1 3 5 6 5 2 2 2 5 1
0 4 4 2 6 3
0 42 6 2 2 2 3 7 1 7 1 7 1 7 1 7 2 3 2 2 3 7 1 7 1 7 1 7 1 7 2 2 2 6 2 2 2 3 6 6 5 1 1 0
0 36 6 2 2 2 3 7 1 7 1 7 1 7 1 7 2 3 2 2 3 7 1 7 1 7 1 7 1 7 2 2 2 6 2 2 2 3
0 23 7 2 3 3 7 1 7 1 6 2 2 3 2 2 7 1 7 1 7 1 6 0 3
0 46 7 1 6 0 3 2 7 1 7 2 7 1 7 1 7 1 7 1 6 2 6 6 5 2 2 2 2 2 2 2 2 1 0 3 5 4 2 5 2 2 2 5 1 0 1 3
0 54 7 1 7 1 7 1 7 1 7 0 2 6 0 3 3 3 3 7 1 7 1 6 0 3 3 3 3 6 7 1 7 1 6 0 3 7 1 6 2 6 7 1 7 0 7 1 7 1 7 1 7 0 2 3
0 38 6 3 6 6 4 2 7 1 7 2 6 7 1 6 0 2 3 3 7 1 7 1 7 1 6 2 3 3 7 1 6 2 3 2 7 1 7 1
0 27 4 2 2 2 5 2 2 1 0 1 5 7 1 7 1 7 1 7 1 7 2 3 7 1 7 1 6
0 42 7 1 7 1 7 1 7 1 7 0 2 6 0 3 3 3 3 7 1 7 1 6 0 3 3 3 3 6 7 1 7 1 6 0 3 7 1 6 2 6 7 1
0 9 7 2 3 3 7 1 7 1 6
0 22 3 3 0 7 6 6 3 0 7 6 7 1 6 2 3 7 1 7 1 7 1 7
0 24 4 1 1 0 1 3 5 7 1 6 0 2 3 7 1 7 1 7 1 7 1 7 2 2
0 27 7 2 3 3 7 1 7 1 6 2 2 3 2 2 7 1 7 1 7 1 6 0 3 2 2 3 7
0 24 6 3 6 6 4 2 7 1 7 2 6 7 1 6 0 2 3 3 7 1 7 1 7 1
0 5 4 1 1 0 4
0 24 7 1 7 1 7 1 7 1 7 2 2 2 6 6 3 7 6 7 1 7 1 7 1 7
0 21 3 3 7 6 7 1 7 1 7 1 7 0 2 3 2 3 7 1 6 0 2
0 9 4 2 2 2 5 2 2 1 0
0 17 4 2 6 5 2 2 1 0 1 3 5 6 0 3 6 3 3
0 7 4 2 6 5 2 2 1
0 9 4 1 1 0 4 1 1 4 7
0 24 6 5 2 7 1 7 1 7 1 7 1 6 2 3 7 1 7 1 7 1 7 1 6 0
0 7 7 1 7 1 7 1 7
0 9 7 1 7 1 7 1 7 1 6
0 7 3 3 7 6 7 1 7
0 7 4 1 1 0 1 4 1
0 39 4 2 2 2 5 2 2 1 0 1 5 7 1 7 1 7 1 7 1 7 2 3 7 1 7 1 6 2 2 2 3 3 7 1 7 1 7 0 2
0 8 6 3 0 7 6 7 1 7
0 6 6 5 2 6 2 3
0 11 6 5 2 5 2 2 2 2 2 2 1
0 9 7 1 7 1 7 1 7 1 7
0 69 6 2 2 2 3 7 1 7 1 7 1 7 1 7 2 3 2 2 3 7 1 7 1 7 1 7 1 7 2 2 2 6 2 2 2 3 6 6 5 1 1 0 1 3 5 7 1 7 1 7 1 7 2 3 2 2 2 7 1 7 1 7 1 7 1 7 2 2 2
0 11 6 5 2 7 1 7 1 7 1 7 1
0 12 6 5 2 2 2 2 1 0 5 6 0 2
0 70 6 2 2 2 3 7 1 7 1 7 1 7 1 7 2 3 2 2 3 7 1 7 1 7 1 7 1 7 2 2 2 6 2 2 2 3 6 6 5 1 1 0 1 3 5 7 1 7 1 7 1 7 2 3 2 2 2 7 1 7 1 7 1 7 1 7 2 2 2 3
0 50 6 2 2 2 3 7 1 7 1 7 1 7 1 7 2 3 2 2 3 7 1 7 1 7 1 7 1 7 2 2 2 6 2 2 2 3 6 6 5 1 1 0 1 3 5 7 1 7 1 7
0 19 6 5 2 5 2 2 2 2 2 2 1 0 2 4 4 4 1 1 4
0 13 7 1 6 0 3 2 7 1 7 2 7 1 7
0 26 4 2 2 2 5 2 2 1 0 1 5 7 1 7 1 7 1 7 1 7 2 3 7 1 7 1
0 4 6 5 2 2
0 13 7 1 7 0 3 2 3 7 1 7 1 7 2
0 21 7 1 7 1 7 1 7 1 7 0 2 6 0 3 3 3 3 7 1 7 1
0 39 7 1 6 0 3 2 7 1 7 2 7 1 7 1 7 1 7 1 6 2 6 6 5 2 2 2 2 2 2 2 2 1 0 3 5 4 2 5 2
0 9 4 2 6 5 2 2 1 0 1
0 11 7 1 7 1 7 1 7 1 7 0 7
0 19 7 1 7 1 7 1 7 1 7 2 3 2 3 7 1 7 0 3 3
0 52 7 1 7 1 7 1 7 1 7 0 2 6 0 3 3 3 3 7 1 7 1 6 0 3 3 3 3 6 7 1 7 1 6 0 3 7 1 6 2 6 7 1 7 0 7 1 7 1 7 1 7 0
0 15 6 5 1 1 0 1 3 5 7 1 7 1 7 1 6
0 46 6 2 2 2 3 7 1 7 1 7 1 7 1 7 2 3 2 2 3 7 1 7 1 7 1 7 1 7 2 2 2 6 2 2 2 3 6 6 5 1 1 0 1 3 5 7
0 12 6 3 0 7 6 4 1 1 0 3 4 4
0 17 4 2 2 2 5 2 2 1 0 1 5 7 1 7 1 7 1
0 6 6 5 2 7 1 7
0 27 3 3 7 6 7 1 7 1 7 1 7 0 2 3 2 3 7 1 6 0 2 3 7 1 7 1 7
0 7 6 5 2 7 1 7 1
0 2 7 2
0 16 4 1 1 0 4 1 1 4 7 5 3 3 6 6 3 3
0 8 7 1 7 1 7 1 7 0
0 17 4 1 1 0 4 1 1 4 7 5 3 3 6 6 3 3 7
0 34 6 2 2 2 3 7 1 7 1 7 1 7 1 7 2 3 2 2 3 7 1 7 1 7 1 7 1 7 2 2 2 6 2 2
0 24 3 3 0 7 6 6 3 0 7 6 7 1 6 2 3 7 1 7 1 7 1 7 2 7
0 39 7 1 7 1 7 1 7 1 7 0 2 6 0 3 3 3 3 7 1 7 1 6 0 3 3 3 3 6 7 1 7 1 6 0 3 7 1 6 2
0 26 3 3 7 6 6 7 1 7 1 7 1 7 2 2 3 2 7 1 7 1 7 1 7 1 7 2
0 29 7 1 6 0 3 2 7 1 7 2 7 1 7 1 7 1 7 1 6 2 6 6 5 2 2 2 2 2 2
0 43 7 1 6 0 3 2 7 1 7 2 7 1 7 1 7 1 7 1 6 2 6 6 5 2 2 2 2 2 2 2 2 1 0 3 5 4 2 5 2 2 2 5 1
0 24 6 5 2 6 2 3 3 2 7 1 6 0 2 3 2 6 6 5 2 6 5 1 1 0
0 63 6 2 2 2 3 7 1 7 1 7 1 7 1 7 2 3 2 2 3 7 1 7 1 7 1 7 1 7 2 2 2 6 2 2 2 3 6 6 5 1 1 0 1 3 5 7 1 7 1 7 1 7 2 3 2 2 2 7 1 7 1 7 1
0 46 7 1 7 1 7 1 7 1 7 0 2 6 0 3 3 3 3 7 1 7 1 6 0 3 3 3 3 6 7 1 7 1 6 0 3 7 1 6 2 6 7 1 7 0 7 1
0 23 6 3 6 6 7 1 7 1 7 2 2 3 7 1 7 2 3 2 2 2 7 1 7
0 11 7 1 7 1 7 1 6 0 3 2 2
0 31 4 1 1 0 1 3 5 7 1 6 0 2 3 7 1 7 1 7 1 7 1 7 2 2 2 3 7 2 3 7 1
0 18 7 1 6 0 3 2 7 1 7 2 7 1 7 1 7 1 7 1
0 6 4 1 1 0 1 4
0 16 6 3 0 7 6 4 1 1 0 3 4 4 1 4 5 4
0 30 4 1 1 0 1 3 5 7 1 6 0 2 3 7 1 7 1 7 1 7 1 7 2 2 2 3 7 2 3 7
0 15 3 3 7 6 7 1 7 1 6 2 3 2 2 2 7
0 22 3 3 7 6 7 1 7 1 7 1 7 0 2 3 2 3 7 1 6 0 2 3
0 23 7 1 7 1 7 1 7 1 7 2 3 2 3 7 1 7 0 3 3 3 2 6 3
0 14 6 3 6 6 7 1 7 1 7 2 2 3 7 1
0 15 7 1 7 1 7 1 7 1 6 2 2 3 7 1 7
0 21 7 1 7 1 7 1 6 0 3 2 2 7 1 7 1 6 0 3 3 6 0
0 19 7 1 7 1 7 1 7 1 7 0 7 1 7 1 7 2 6 6 5
0 30 6 2 2 2 3 7 1 7 1 7 1 7 1 7 2 3 2 2 3 7 1 7 1 7 1 7 1 7 2 2
0 13 7 1 7 1 7 1 7 1 7 0 2 6 0
0 59 6 2 2 2 3 7 1 7 1 7 1 7 1 7 2 3 2 2 3 7 1 7 1 7 1 7 1 7 2 2 2 6 2 2 2 3 6 6 5 1 1 0 1 3 5 7 1 7 1 7 1 7 2 3 2 2 2 7 1
0 28 6 3 6 6 7 1 7 1 7 2 2 3 7 1 7 2 3 2 2 2 7 1 7 1 7 1 7 1
0 33 6 2 2 2 3 7 1 7 1 7 1 7 1 7 2 3 2 2 3 7 1 7 1 7 1 7 1 7 2 2 2 6 2
0 26 6 3 6 6 4 2 7 1 7 2 6 7 1 6 0 2 3 3 7 1 7 1 7 1 6 2
0 30 7 1 6 0 3 2 7 1 7 2 7 1 7 1 7 1 7 1 6 2 6 6 5 2 2 2 2 2 2 2
0 6 4 2 6 3 0 7
0 16 7 1 7 1 7 1 7 1 7 0 7 1 7 1 7 2
0 3 6 3 3
0 15 6 5 2 2 2 2 1 0 5 6 0 2 7 1 7
0 26 4 1 1 0 1 3 5 7 1 6 0 2 3 7 1 7 1 7 1 7 1 7 2 2 2 3
0 15 7 1 7 0 3 2 3 7 1 7 1 7 2 2 2
0 20 7 1 6 0 3 2 7 1 7 2 7 1 7 1 7 1 7 1 6 2
0 10 7 1 7 1 7 1 7 1 7 2
0 5 6 5 2 2 2
0 33 7 1 7 1 7 1 6 0 3 2 2 7 1 7 1 6 0 3 3 6 0 2 7 1 7 1 7 1 7 2 2 3 2
0 8 6 5 1 1 0 5 6 3
0 5 6 0 6 6 5
0 27 7 1 7 1 7 1 7 1 7 2 3 2 3 7 1 7 0 3 3 3 2 6 3 3 7 6 3
0 25 7 1 7 1 7 1 7 1 6 2 2 3 7 1 7 1 7 1 7 1 7 0 3 7 1
0 17 6 3 6 6 4 2 7 1 7 2 6 7 1 6 0 2 3
0 22 7 1 7 1 7 1 7 1 7 0 2 6 0 3 3 3 3 7 1 7 1 6
0 19 3 3 7 6 6 7 1 7 1 7 1 7 2 2 3 2 7 1 7
0 36 4 1 1 0 1 3 5 7 1 6 0 2 3 7 1 7 1 7 1 7 1 7 2 2 2 3 7 2 3 7 1 7 1 6 0 2
0 33 7 1 7 1 7 1 7 1 7 0 2 6 0 3 3 3 3 7 1 7 1 6 0 3 3 3 3 6 7 1 7 1 6
0 8 6 5 2 5 2 2 2 2
0 9 3 3 7 6 7 1 7 1 6
0 18 7 1 7 1 7 1 7 1 7 2 2 2 6 6 3 7 6 7
0 13 7 1 7 1 7 1 7 1 7 0 7 1 7
0 22 7 1 7 1 7 1 7 1 6 2 2 3 7 1 7 1 7 1 7 1 7 0
0 8 4 1 1 0 4 1 1 4
0 29 7 1 7 1 7 1 7 0 2 2 7 1 7 2 3 2 6 0 3 3 7 1 7 1 7 1 7 1 6
0 37 7 1 7 1 7 1 7 1 7 0 2 6 0 3 3 3 3 7 1 7 1 6 0 3 3 3 3 6 7 1 7 1 6 0 3 7 1
0 17 6 5 1 1 0 1 3 5 7 1 7 1 7 1 6 2 3
0 4 6 5 2 4
0 19 4 2 5 2 2 2 2 1 0 4 1 4 4 5 4 2 4 1 1
0 22 7 1 7 0 3 2 3 7 1 7 1 7 2 2 2 3 3 6 6 3 0 7
0 29 7 2 3 3 7 1 7 1 6 2 2 3 2 2 7 1 7 1 7 1 6 0 3 2 2 3 7 1 7
0 16 7 1 7 1 7 1 7 1 7 2 2 2 6 6 3 7
0 15 6 5 2 7 1 7 1 7 1 7 1 6 2 3 7
0 24 6 3 0 7 6 7 1 7 1 7 1 6 2 3 6 2 2 2 7 1 7 1 7 1
0 9 4 1 1 0 3 5 6 3 6
0 11 6 5 1 1 0 1 3 5 7 1 7
0 44 7 1 6 0 3 2 7 1 7 2 7 1 7 1 7 1 7 1 6 2 6 6 5 2 2 2 2 2 2 2 2 1 0 3 5 4 2 5 2 2 2 5 1 0
0 8 4 1 1 0 3 5 6 3
0 13 4 2 2 2 5 2 2 1 0 1 5 7 1
0 4 3 3 0 7
0 14 7 1 7 1 7 1 7 0 2 2 7 1 7 2
0 18 6 3 6 6 4 2 7 1 7 2 6 7 1 6 0 2 3 3
0 34 4 2 2 2 5 2 2 1 0 1 5 7 1 7 1 7 1 7 1 7 2 3 7 1 7 1 6 2 2 2 3 3 7 1
0 25 6 5 2 7 1 7 1 7 1 7 1 6 2 3 7 1 7 1 7 1 7 1 6 0 2
0 10 6 3 0 7 6 7 1 7 1 7
0 12 3 3 7 6 7 1 7 1 7 1 7 0
0 23 3 3 7 6 6 7 1 7 1 7 1 7 2 2 3 2 7 1 7 1 7 1 7
0 10 4 2 6 5 2 2 1 0 1 3
0 5 4 2 2 2 5
0 2 7 1
0 8 4 2 6 3 6 6 6 5
0 20 4 2 6 6 3 0 7 6 7 1 6 2 3 7 1 7 1 7 1 6
0 25 4 1 1 0 1 3 5 7 1 6 0 2 3 7 1 7 1 7 1 7 1 7 2 2 2
0 8 7 1 6 0 3 2 7 1
0 7 6 3 6 6 4 2 5
0 14 6 3 6 6 4 2 7 1 7 2 6 7 1 6
0 7 4 2 5 2 2 2 5
0 4 7 1 7 1
0 30 7 1 7 1 7 1 7 1 7 2 2 2 6 6 3 7 6 7 1 7 1 7 1 7 1 6 0 2 2 2
0 5 6 2 2 2 3
0 40 6 2 2 2 3 7 1 7 1 7 1 7 1 7 2 3 2 2 3 7 1 7 1 7 1 7 1 7 2 2 2 6 2 2 2 3 6 6 5 1
0 43 6 3 6 6 4 2 7 1 7 2 6 7 1 6 0 2 3 3 7 1 7 1 7 1 6 2 3 3 7 1 6 2 3 2 7 1 7 1 7 1 7 1 6
0 10 6 5 2 6 2 3 3 2 7 1
0 40 6 3 6 6 4 2 7 1 7 2 6 7 1 6 0 2 3 3 7 1 7 1 7 1 6 2 3 3 7 1 6 2 3 2 7 1 7 1 7 1
0 38 3 3 7 6 6 7 1 7 1 7 1 7 2 2 3 2 7 1 7 1 7 1 7 1 7 2 2 3 3 3 7 1 7 1 6 2 2 2
0 5 6 5 2 6 2
0 43 6 2 2 2 3 7 1 7 1 7 1 7 1 7 2 3 2 2 3 7 1 7 1 7 1 7 1 7 2 2 2 6 2 2 2 3 6 6 5 1 1 0 1
0 7 7 2 3 3 7 1 7
0 41 3 3 0 7 6 6 3 0 7 6 7 1 6 2 3 7 1 7 1 7 1 7 2 7 1 7 1 7 1 6 0 7 1 6 2 2 3 3 6 6 3
0 21 7 1 7 1 7 1 7 1 7 2 3 2 3 7 1 7 0 3 3 3 2
0 20 7 1 7 1 7 1 7 1 7 2 2 2 6 6 3 7 6 7 1 7
0 7 6 3 6 6 4 2 7
0 11 6 3 0 7 6 7 1 7 1 7 1
0 20 3 3 7 6 6 7 1 7 1 7 1 7 2 2 3 2 7 1 7 1
0 10 3 3 0 7 6 6 5 2 5 2
0 8 7 1 7 1 7 1 7 1
0 13 4 1 1 0 3 5 6 3 6 6 4 1 1
0 7 4 2 2 2 5 2 2
0 10 6 3 6 6 7 1 7 1 7 2
0 18 7 2 3 3 7 1 7 1 6 2 2 3 2 2 7 1 7 1
0 13 6 3 6 6 4 2 5 2 2 2 2 1 0
0 25 6 2 2 2 3 7 1 7 1 7 1 7 1 7 2 3 2 2 3 7 1 7 1 7 1
0 38 3 3 0 7 6 6 3 0 7 6 7 1 6 2 3 7 1 7 1 7 1 7 2 7 1 7 1 7 1 6 0 7 1 6 2 2 3 3
0 10 4 2 5 2 2 2 2 1 0 4
0 34 7 2 3 3 7 1 7 1 6 2 2 3 2 2 7 1 7 1 7 1 6 0 3 2 2 3 7 1 7 1 7 1 7 2
0 10 6 3 6 6 4 2 5 2 2 2
0 26 7 1 6 0 3 2 7 1 7 2 7 1 7 1 7 1 7 1 6 2 6 6 5 2 2 2
0 11 6 2 2 2 3 7 1 7 1 7 1
0 6 6 5 2 5 2 2
0 18 4 2 6 5 2 2 1 0 1 3 5 6 0 3 6 3 3 7
0 40 6 3 6 6 7 1 7 1 7 2 2 3 7 1 7 2 3 2 2 2 7 1 7 1 7 1 7 1 7 0 3 2 2 7 1 7 1 7 1 7
0 32 3 3 0 7 6 6 3 0 7 6 7 1 6 2 3 7 1 7 1 7 1 7 2 7 1 7 1 7 1 6 0 7
0 28 3 3 0 7 6 6 3 0 7 6 7 1 6 2 3 7 1 7 1 7 1 7 2 7 1 7 1 7
0 23 6 3 0 7 6 7 1 7 1 7 1 6 2 3 6 2 2 2 7 1 7 1 7
0 10 6 3 6 6 4 2 7 1 7 2
0 24 7 1 7 1 7 1 7 1 6 2 2 3 7 1 7 1 7 1 7 1 7 0 3 7
0 3 4 2 5
0 18 3 3 0 7 6 6 3 0 7 6 7 1 6 2 3 7 1 7
0 6 7 1 6 0 2 2
0 14 3 3 7 6 6 7 1 7 1 7 1 7 2 2
0 8 4 1 1 0 1 3 5 4
0 14 4 2 6 5 2 2 1 0 1 3 5 6 0 3
0 6 6 5 2 5 1 0
0 25 7 2 3 3 7 1 7 1 6 2 2 3 2 2 7 1 7 1 7 1 6 0 3 2 2
0 14 4 1 1 0 1 3 5 4 2 6 5 1 1 0
0 44 6 2 2 2 3 7 1 7 1 7 1 7 1 7 2 3 2 2 3 7 1 7 1 7 1 7 1 7 2 2 2 6 2 2 2 3 6 6 5 1 1 0 1 3
0 19 4 1 1 0 1 3 5 7 1 6 0 2 3 7 1 7 1 7 1
0 11 7 1 6 0 3 2 7 1 7 2 7
0 35 4 1 1 0 1 3 5 7 1 6 0 2 3 7 1 7 1 7 1 7 1 7 2 2 2 3 7 2 3 7 1 7 1 6 0
0 11 4 1 1 0 4 1 1 4 7 5 3
0 51 7 1 7 1 7 1 7 1 7 0 2 6 0 3 3 3 3 7 1 7 1 6 0 3 3 3 3 6 7 1 7 1 6 0 3 7 1 6 2 6 7 1 7 0 7 1 7 1 7 1 7
0 34 7 1 6 0 3 2 7 1 7 2 7 1 7 1 7 1 7 1 6 2 6 6 5 2 2 2 2 2 2 2 2 1 0 3
0 16 7 1 7 1 7 1 6 0 3 2 2 7 1 7 1 6
0 26 7 1 7 1 7 1 7 1 7 0 2 6 0 3 3 3 3 7 1 7 1 6 0 3 3 3
0 8 6 3 6 6 7 1 7 1
0 10 4 2 6 6 3 0 7 6 7 1
0 8 6 3 6 6 4 2 5 2
0 13 6 5 1 1 0 5 6 3 0 7 6 6 5
0 11 6 5 2 2 2 2 1 0 5 6 0
0 6 7 1 7 0 3 2
0 17 7 1 7 1 7 1 7 1 7 2 3 2 3 7 1 7 0
0 7 7 1 7 1 7 1 6
0 26 7 1 7 1 7 1 7 1 6 2 2 3 7 1 7 1 7 1 7 1 7 0 3 7 1 7
0 13 6 5 2 2 2 5 2 5 2 2 1 0 3
0 11 6 3 6 6 4 2 5 2 2 2 2
0 16 4 2 2 2 5 2 2 1 0 1 5 7 1 7 1 7
0 33 3 3 0 7 6 6 3 0 7 6 7 1 6 2 3 7 1 7 1 7 1 7 2 7 1 7 1 7 1 6 0 7 1
0 12 6 5 1 1 0 1 3 5 7 1 7 1
0 2 6 0
0 8 7 1 7 1 7 1 6 0
0 7 7 1 7 0 3 2 3
0 25 6 3 0 7 6 7 1 7 1 7 1 6 2 3 6 2 2 2 7 1 7 1 7 1 7
0 39 6 2 2 2 3 7 1 7 1 7 1 7 1 7 2 3 2 2 3 7 1 7 1 7 1 7 1 7 2 2 2 6 2 2 2 3 6 6 5
0 9 6 5 2 5 2 2 2 2 2
0 41 4 2 2 2 5 2 2 1 0 1 5 7 1 7 1 7 1 7 1 7 2 3 7 1 7 1 6 2 2 2 3 3 7 1 7 1 7 0 2 3 2
0 36 6 3 6 6 7 1 7 1 7 2 2 3 7 1 7 2 3 2 2 2 7 1 7 1 7 1 7 1 7 0 3 2 2 7 1 7
0 4 7 2 3 3
0 18 6 5 2 2 2 5 2 5 2 2 1 0 3 5 4 2 6 3
0 21 7 1 7 1 7 1 7 1 6 2 2 3 7 1 7 1 7 1 7 1 7
0 61 6 2 2 2 3 7 1 7 1 7 1 7 1 7 2 3 2 2 3 7 1 7 1 7 1 7 1 7 2 2 2 6 2 2 2 3 6 6 5 1 1 0 1 3 5 7 1 7 1 7 1 7 2 3 2 2 2 7 1 7 1
0 7 6 3 6 6 7 1 7
0 7 4 2 5 2 2 2 2
0 16 6 5 2 5 2 2 2 2 2 2 1 0 2 4 4 4
0 6 6 2 2 2 3 7
0 11 7 1 7 1 7 1 7 0 2 2 7
0 25 6 5 2 6 2 3 3 2 7 1 6 0 2 3 2 6 6 5 2 6 5 1 1 0 1
0 51 6 2 2 2 3 7 1 7 1 7 1 7 1 7 2 3 2 2 3 7 1 7 1 7 1 7 1 7 2 2 2 6 2 2 2 3 6 6 5 1 1 0 1 3 5 7 1 7 1 7 1
0 62 6 2 2 2 3 7 1 7 1 7 1 7 1 7 2 3 2 2 3 7 1 7 1 7 1 7 1 7 2 2 2 6 2 2 2 3 6 6 5 1 1 0 1 3 5 7 1 7 1 7 1 7 2 3 2 2 2 7 1 7 1 7
0 48 6 2 2 2 3 7 1 7 1 7 1 7 1 7 2 3 2 2 3 7 1 7 1 7 1 7 1 7 2 2 2 6 2 2 2 3 6 6 5 1 1 0 1 3 5 7 1 7
0 30 3 3 7 6 7 1 7 1 7 1 7 0 2 3 2 3 7 1 6 0 2 3 7 1 7 1 7 2 6 3
0 26 6 5 2 6 2 3 3 2 7 1 6 0 2 3 2 6 6 5 2 6 5 1 1 0 1 3
0 13 6 5 2 7 1 7 1 7 1 7 1 6 2
0 3 3 3 7
0 35 7 1 7 1 7 1 7 1 7 0 2 6 0 3 3 3 3 7 1 7 1 6 0 3 3 3 3 6 7 1 7 1 6 0 3
0 30 6 3 6 6 7 1 7 1 7 2 2 3 7 1 7 2 3 2 2 2 7 1 7 1 7 1 7 1 7 0
0 47 4 1 1 0 1 3 5 7 1 6 0 2 3 7 1 7 1 7 1 7 1 7 2 2 2 3 7 2 3 7 1 7 1 6 0 2 6 4 2 2 2 5 1 0 2 5 4
0 23 7 1 7 1 7 1 7 1 6 2 2 3 7 1 7 1 7 1 7 1 7 0 3
0 16 4 1 1 0 3 5 6 3 6 6 4 1 1 0 1 3
0 21 7 2 3 3 7 1 7 1 6 2 2 3 2 2 7 1 7 1 7 1 6
0 42 6 3 6 6 7 1 7 1 7 2 2 3 7 1 7 2 3 2 2 2 7 1 7 1 7 1 7 1 7 0 3 2 2 7 1 7 1 7 1 7 2 2
0 4 4 2 6 5
0 14 7 1 7 1 7 1 7 1 7 0 7 1 7 1
0 68 6 2 2 2 3 7 1 7 1 7 1 7 1 7 2 3 2 2 3 7 1 7 1 7 1 7 1 7 2 2 2 6 2 2 2 3 6 6 5 1 1 0 1 3 5 7 1 7 1 7 1 7 2 3 2 2 2 7 1 7 1 7 1 7 1 7 2 2
0 8 3 3 7 6 7 1 7 1
0 18 3 3 7 6 6 7 1 7 1 7 1 7 2 2 3 2 7 1
0 8 4 1 1 0 1 4 1 4
0 9 6 5 1 1 0 3 1 1 1
0 22 3 3 7 6 7 1 7 1 6 2 3 2 2 2 7 1 7 1 7 1 7 1
0 26 3 3 7 6 7 1 7 1 7 1 7 0 2 3 2 3 7 1 6 0 2 3 7 1 7 1
0 15 6 5 2 5 2 2 2 2 2 2 1 0 2 4 4
0 1 4
0 39 3 3 7 6 6 7 1 7 1 7 1 7 2 2 3 2 7 1 7 1 7 1 7 1 7 2 2 3 3 3 7 1 7 1 6 2 2 2 3
0 23 7 1 7 1 7 1 7 1 7 0 2 6 0 3 3 3 3 7 1 7 1 6 0
0 13 6 3 6 6 7 1 7 1 7 2 2 3 7
0 14 7 1 7 1 7 1 7 1 7 0 2 6 0 3
0 22 7 1 7 1 7 1 6 0 3 2 2 7 1 7 1 6 0 3 3 6 0 2
0 52 6 2 2 2 3 7 1 7 1 7 1 7 1 7 2 3 2 2 3 7 1 7 1 7 1 7 1 7 2 2 2 6 2 2 2 3 6 6 5 1 1 0 1 3 5 7 1 7 1 7 1 7
0 14 3 3 7 6 7 1 7 1 7 1 7 0 2 3
0 8 6 5 2 6 2 3 3 2
0 6 6 5 1 1 0 3
0 13 7 1 7 1 7 1 7 0 2 2 7 1 7
0 5 4 2 6 6 3
0 20 4 1 1 0 1 3 5 6 5 2 2 2 5 1 0 3 5 4 1 1
0 13 4 1 1 0 1 3 5 4 2 6 5 1 1
0 11 3 3 7 6 6 7 1 7 1 7 1
0 8 6 5 1 1 0 3 1 1
0 21 4 2 2 2 5 2 2 1 0 1 5 7 1 7 1 7 1 7 1 7 2
0 12 6 3 6 6 4 2 5 2 2 2 2 1
0 24 6 2 2 2 3 7 1 7 1 7 1 7 1 7 2 3 2 2 3 7 1 7 1 7
0 11 6 5 2 6 3 6 6 6 5 2 4
0 5 4 1 1 0 1
0 32 7 1 7 1 7 1 7 1 7 0 2 6 0 3 3 3 3 7 1 7 1 6 0 3 3 3 3 6 7 1 7 1
0 37 3 3 0 7 6 6 3 0 7 6 7 1 6 2 3 7 1 7 1 7 1 7 2 7 1 7 1 7 1 6 0 7 1 6 2 2 3
0 5 6 3 6 6 4
0 23 6 2 2 2 3 7 1 7 1 7 1 7 1 7 2 3 2 2 3 7 1 7 1
0 19 7 1 7 1 7 1 7 1 7 2 2 2 6 6 3 7 6 7 1
0 27 6 3 0 7 6 7 1 7 1 7 1 6 2 3 6 2 2 2 7 1 7 1 7 1 7 0 3
0 10 7 2 3 3 7 1 7 1 6 2
0 9 3 3 7 6 6 7 1 7 1
0 32 4 2 2 2 5 2 2 1 0 1 5 7 1 7 1 7 1 7 1 7 2 3 7 1 7 1 6 2 2 2 3 3
0 10 4 2 2 2 5 2 2 1 0 1
0 28 4 1 1 0 1 3 5 7 1 6 0 2 3 7 1 7 1 7 1 7 1 7 2 2 2 3 7 2
0 18 6 3 0 7 6 7 1 7 1 7 1 6 2 3 6 2 2 2
0 11 6 3 6 6 7 1 7 1 7 2 2
0 11 6 5 2 6 2 3 3 2 7 1 6
0 9 4 2 5 2 2 2 2 1 0
0 11 3 3 0 7 6 6 3 0 7 6 7
0 5 6 5 2 5 2
0 16 6 3 0 7 6 7 1 7 1 7 1 6 2 3 6 2
0 15 3 3 0 7 6 6 3 0 7 6 7 1 6 2 3
0 29 3 3 0 7 6 6 3 0 7 6 7 1 6 2 3 7 1 7 1 7 1 7 2 7 1 7 1 7 1
0 12 7 1 7 1 7 1 7 0 2 2 7 1
0 13 6 3 6 6 4 2 7 1 7 2 6 7 1
0 4 6 5 2 7
0 34 4 1 1 0 1 3 5 7 1 6 0 2 3 7 1 7 1 7 1 7 1 7 2 2 2 3 7 2 3 7 1 7 1 6
0 21 4 2 6 6 3 0 7 6 7 1 6 2 3 7 1 7 1 7 1 6 2
0 12 7 1 7 1 7 1 7 1 7 2 2 2
0 54 6 2 2 2 3 7 1 7 1 7 1 7 1 7 2 3 2 2 3 7 1 7 1 7 1 7 1 7 2 2 2 6 2 2 2 3 6 6 5 1 1 0 1 3 5 7 1 7 1 7 1 7 2 3
0 5 7 1 6 0 2
0 7 4 1 1 0 4 1 1
0 28 7 2 3 3 7 1 7 1 6 2 2 3 2 2 7 1 7 1 7 1 6 0 3 2 2 3 7 1
0 6 4 1 1 0 4 1
0 11 6 5 2 2 2 5 2 5 2 2 1
0 19 6 5 2 2 2 5 2 5 2 2 1 0 3 5 4 2 6 3 0
0 9 6 5 1 1 0 5 6 3 0
0 56 6 2 2 2 3 7 1 7 1 7 1 7 1 7 2 3 2 2 3 7 1 7 1 7 1 7 1 7 2 2 2 6 2 2 2 3 6 6 5 1 1 0 1 3 5 7 1 7 1 7 1 7 2 3 2 2
0 25 3 3 0 7 6 6 3 0 7 6 7 1 6 2 3 7 1 7 1 7 1 7 2 7 1
0 18 7 1 7 1 7 1 7 0 2 2 7 1 7 2 3 2 6 0
0 33 4 1 1 0 1 3 5 7 1 6 0 2 3 7 1 7 1 7 1 7 1 7 2 2 2 3 7 2 3 7 1 7 1
0 36 7 2 3 3 7 1 7 1 6 2 2 3 2 2 7 1 7 1 7 1 6 0 3 2 2 3 7 1 7 1 7 1 7 2 2 2
0 41 6 2 2 2 3 7 1 7 1 7 1 7 1 7 2 3 2 2 3 7 1 7 1 7 1 7 1 7 2 2 2 6 2 2 2 3 6 6 5 1 1
0 12 4 2 2 2 5 2 2 1 0 1 5 7
0 11 6 5 2 5 1 0 1 1 2 5 3
0 28 7 1 7 1 7 1 7 1 7 2 2 2 6 6 3 7 6 7 1 7 1 7 1 7 1 6 0 2
0 40 4 1 1 0 1 3 5 7 1 6 0 2 3 7 1 7 1 7 1 7 1 7 2 2 2 3 7 2 3 7 1 7 1 6 0 2 6 4 2 2
0 27 6 3 6 6 4 2 7 1 7 2 6 7 1 6 0 2 3 3 7 1 7 1 7 1 6 2 3
0 11 4 1 1 0 3 5 6 3 6 6 4
0 22 4 2 6 6 3 0 7 6 7 1 6 2 3 7 1 7 1 7 1 6 2 3
0 14 6 2 2 2 3 7 1 7 1 7 1 7 1 7
0 34 7 1 7 1 7 1 7 1 7 0 2 6 0 3 3 3 3 7 1 7 1 6 0 3 3 3 3 6 7 1 7 1 6 0
0 25 6 3 6 6 7 1 7 1 7 2 2 3 7 1 7 2 3 2 2 2 7 1 7 1 7
0 45 4 1 1 0 1 3 5 7 1 6 0 2 3 7 1 7 1 7 1 7 1 7 2 2 2 3 7 2 3 7 1 7 1 6 0 2 6 4 2 2 2 5 1 0 2
0 15 6 5 2 6 2 3 3 2 7 1 6 0 2 3 2
0 31 6 3 6 6 7 1 7 1 7 2 2 3 7 1 7 2 3 2 2 2 7 1 7 1 7 1 7 1 7 0 3
0 31 7 2 3 3 7 1 7 1 6 2 2 3 2 2 7 1 7 1 7 1 6 0 3 2 2 3 7 1 7 1 7
0 8 7 1 7 0 3 2 3 7
0 11 4 2 5 2 2 2 2 1 0 4 1
0 6 6 5 2 2 2 5
0 12 6 5 2 5 1 0 1 1 2 5 3 3
0 27 3 3 0 7 6 6 3 0 7 6 7 1 6 2 3 7 1 7 1 7 1 7 2 7 1 7 1
0 8 6 2 2 2 3 7 1 7
0 56 7 1 7 1 7 1 7 1 7 0 2 6 0 3 3 3 3 7 1 7 1 6 0 3 3 3 3 6 7 1 7 1 6 0 3 7 1 6 2 6 7 1 7 0 7 1 7 1 7 1 7 0 2 3 3 3
0 24 3 3 7 6 7 1 7 1 7 1 7 0 2 3 2 3 7 1 6 0 2 3 7 1
0 37 6 3 6 6 4 2 7 1 7 2 6 7 1 6 0 2 3 3 7 1 7 1 7 1 6 2 3 3 7 1 6 2 3 2 7 1 7
0 19 6 3 6 6 4 2 7 1 7 2 6 7 1 6 0 2 3 3 7
0 12 3 3 0 7 6 6 3 0 7 6 7 1
0 2 4 1
0 27 7 1 7 1 7 1 7 0 2 2 7 1 7 2 3 2 6 0 3 3 7 1 7 1 7 1 7
0 25 7 1 7 1 7 1 7 0 2 2 7 1 7 2 3 2 6 0 3 3 7 1 7 1 7
0 15 6 5 1 1 0 5 6 3 0 7 6 6 5 2 5
0 21 7 1 7 0 3 2 3 7 1 7 1 7 2 2 2 3 3 6 6 3 0
0 15 7 1 6 0 3 2 7 1 7 2 7 1 7 1 7
0 10 6 5 2 7 1 7 1 7 1 7
0 14 6 5 2 7 1 7 1 7 1 7 1 6 2 3
0 31 6 2 2 2 3 7 1 7 1 7 1 7 1 7 2 3 2 2 3 7 1 7 1 7 1 7 1 7 2 2 2
0 22 3 3 7 6 6 7 1 7 1 7 1 7 2 2 3 2 7 1 7 1 7 1
0 6 7 2 3 3 7 1
0 9 6 5 2 6 2 3 3 2 7
0 3 6 2 2
0 36 7 1 6 0 3 2 7 1 7 2 7 1 7 1 7 1 7 1 6 2 6 6 5 2 2 2 2 2 2 2 2 1 0 3 5 4
0 16 7 1 7 0 3 2 3 7 1 7 1 7 2 2 2 3
0 62 7 1 7 1 7 1 7 1 7 0 2 6 0 3 3 3 3 7 1 7 1 6 0 3 3 3 3 6 7 1 7 1 6 0 3 7 1 6 2 6 7 1 7 0 7 1 7 1 7 1 7 0 2 3 3 3 6 4 1 0 3 7
0 41 6 3 6 6 7 1 7 1 7 2 2 3 7 1 7 2 3 2 2 2 7 1 7 1 7 1 7 1 7 0 3 2 2 7 1 7 1 7 1 7 2
0 53 6 2 2 2 3 7 1 7 1 7 1 7 1 7 2 3 2 2 3 7 1 7 1 7 1 7 1 7 2 2 2 6 2 2 2 3 6 6 5 1 1 0 1 3 5 7 1 7 1 7 1 7 2
0 24 7 1 7 1 7 1 6 0 3 2 2 7 1 7 1 6 0 3 3 6 0 2 7 1
0 28 3 3 7 6 6 7 1 7 1 7 1 7 2 2 3 2 7 1 7 1 7 1 7 1 7 2 2 3
0 15 4 1 1 0 4 1 1 4 7 5 3 3 6 6 3
0 36 7 1 7 1 7 1 7 1 7 0 2 6 0 3 3 3 3 7 1 7 1 6 0 3 3 3 3 6 7 1 7 1 6 0 3 7
0 15 3 3 7 6 6 7 1 7 1 7 1 7 2 2 3
0 16 6 5 2 5 1 0 1 1 2 5 3 3 6 6 3 3
0 3 3 3 0
0 14 3 3 7 6 7 1 7 1 6 2 3 2 2 2
0 14 4 2 2 2 5 2 2 1 0 1 5 7 1 7
0 14 6 3 0 7 6 7 1 7 1 7 1 6 2 3
0 48 6 3 6 6 4 2 7 1 7 2 6 7 1 6 0 2 3 3 7 1 7 1 7 1 6 2 3 3 7 1 6 2 3 2 7 1 7 1 7 1 7 1 6 2 3 2 3 2
0 10 6 5 1 1 0 1 3 5 6 3
0 6 4 2 6 5 2 2
0 15 7 1 7 1 7 1 6 0 3 2 2 7 1 7 1
0 22 6 5 2 5 1 0 1 1 2 5 3 3 6 6 3 3 6 6 3 3 0 7
0 14 7 1 7 1 7 1 7 1 7 2 3 2 3 7
0 25 3 3 7 6 7 1 7 1 7 1 7 0 2 3 2 3 7 1 6 0 2 3 7 1 7
0 21 6 5 2 5 2 2 2 2 2 2 1 0 2 4 4 4 1 1 4 1 4
0 3 4 1 1
0 7 6 5 2 2 2 5 2
0 6 4 2 6 6 3 0
0 20 6 3 0 7 6 7 1 7 1 7 1 6 2 3 6 2 2 2 7 1
0 22 6 5 2 7 1 7 1 7 1 7 1 6 2 3 7 1 7 1 7 1 7 1
0 11 7 1 7 1 7 1 7 1 7 2 2
0 23 7 1 6 0 3 2 7 1 7 2 7 1 7 1 7 1 7 1 6 2 6 6 5
0 41 4 1 1 0 1 3 5 7 1 6 0 2 3 7 1 7 1 7 1 7 1 7 2 2 2 3 7 2 3 7 1 7 1 6 0 2 6 4 2 2 2
0 21 6 3 6 6 7 1 7 1 7 2 2 3 7 1 7 2 3 2 2 2 7
0 27 7 1 7 1 7 1 7 1 7 2 2 2 6 6 3 7 6 7 1 7 1 7 1 7 1 6 0
0 14 3 3 0 7 6 6 5 2 5 2 2 1 0 1
0 5 4 2 5 2 2
0 20 3 3 0 7 6 6 3 0 7 6 7 1 6 2 3 7 1 7 1 7
0 8 6 5 2 5 1 0 1 1
0 29 6 3 6 6 7 1 7 1 7 2 2 3 7 1 7 2 3 2 2 2 7 1 7 1 7 1 7 1 7
0 8 4 2 2 2 5 2 2 1
0 22 7 2 3 3 7 1 7 1 6 2 2 3 2 2 7 1 7 1 7 1 6 0
0 14 7 1 7 1 7 1 7 1 6 2 2 3 7 1
0 17 7 1 7 0 3 2 3 7 1 7 1 7 2 2 2 3 3
0 25 6 3 6 6 4 2 7 1 7 2 6 7 1 6 0 2 3 3 7 1 7 1 7 1 6
0 25 7 1 7 1 7 1 7 1 7 0 2 6 0 3 3 3 3 7 1 7 1 6 0 3 3
0 4 4 1 1 0
0 34 3 3 7 6 6 7 1 7 1 7 1 7 2 2 3 2 7 1 7 1 7 1 7 1 7 2 2 3 3 3 7 1 7 1
0 15 6 5 2 2 2 5 2 5 2 2 1 0 3 5 4
0 31 7 1 7 1 7 1 7 1 6 2 2 3 7 1 7 1 7 1 7 1 7 0 3 7 1 7 1 7 1 6 2
0 58 7 1 7 1 7 1 7 1 7 0 2 6 0 3 3 3 3 7 1 7 1 6 0 3 3 3 3 6 7 1 7 1 6 0 3 7 1 6 2 6 7 1 7 0 7 1 7 1 7 1 7 0 2 3 3 3 6 4
0 20 7 1 7 1 7 1 7 1 7 2 3 2 3 7 1 7 0 3 3 3
0 4 6 5 2 5
0 61 7 1 7 1 7 1 7 1 7 0 2 6 0 3 3 3 3 7 1 7 1 6 0 3 3 3 3 6 7 1 7 1 6 0 3 7 1 6 2 6 7 1 7 0 7 1 7 1 7 1 7 0 2 3 3 3 6 4 1 0 3
0 11 4 2 6 6 3 0 7 6 7 1 6
0 16 4 1 1 0 1 3 5 4 2 6 5 1 1 0 1 3
0 13 3 3 0 7 6 6 5 2 5 2 2 1 0
0 8 3 3 7 6 6 7 1 7
0 35 3 3 0 7 6 6 3 0 7 6 7 1 6 2 3 7 1 7 1 7 1 7 2 7 1 7 1 7 1 6 0 7 1 6 2
0 66 6 2 2 2 3 7 1 7 1 7 1 7 1 7 2 3 2 2 3 7 1 7 1 7 1 7 1 7 2 2 2 6 2 2 2 3 6 6 5 1 1 0 1 3 5 7 1 7 1 7 1 7 2 3 2 2 2 7 1 7 1 7 1 7 1 7
0 19 4 2 6 6 3 0 7 6 7 1 6 2 3 7 1 7 1 7 1
0 27 6 3 6 6 7 1 7 1 7 2 2 3 7 1 7 2 3 2 2 2 7 1 7 1 7 1 7
0 10 6 5 1 1 0 5 6 3 0 7
0 28 3 3 7 6 7 1 7 1 7 1 7 0 2 3 2 3 7 1 6 0 2 3 7 1 7 1 7 2
0 13 4 2 6 6 3 0 7 6 7 1 6 2 3
0 30 7 2 3 3 7 1 7 1 6 2 2 3 2 2 7 1 7 1 7 1 6 0 3 2 2 3 7 1 7 1
0 28 7 1 7 1 7 1 6 0 3 2 2 7 1 7 1 6 0 3 3 6 0 2 7 1 7 1 7 1
0 19 6 3 6 6 7 1 7 1 7 2 2 3 7 1 7 2 3 2 2
0 9 6 5 1 1 0 1 3 5 7
0 3 7 1 7
0 5 4 1 1 0 3
0 48 4 1 1 0 1 3 5 7 1 6 0 2 3 7 1 7 1 7 1 7 1 7 2 2 2 3 7 2 3 7 1 7 1 6 0 2 6 4 2 2 2 5 1 0 2 5 4 1
0 41 7 1 7 1 7 1 7 1 7 0 2 6 0 3 3 3 3 7 1 7 1 6 0 3 3 3 3 6 7 1 7 1 6 0 3 7 1 6 2 6 7
0 3 6 3 0
0 12 6 2 2 2 3 7 1 7 1 7 1 7
0 21 7 1 7 1 7 1 7 1 7 2 2 2 6 6 3 7 6 7 1 7 1
0 33 7 2 3 3 7 1 7 1 6 2 2 3 2 2 7 1 7 1 7 1 6 0 3 2 2 3 7 1 7 1 7 1 7
0 19 6 3 0 7 6 7 1 7 1 7 1 6 2 3 6 2 2 2 7
0 11 3 3 7 6 7 1 7 1 6 2 3
0 10 6 0 6 6 5 1 1 0 1 3
0 30 3 3 0 7 6 6 3 0 7 6 7 1 6 2 3 7 1 7 1 7 1 7 2 7 1 7 1 7 1 6
0 11 4 1 1 0 1 3 5 6 5 2 2
0 42 7 1 6 0 3 2 7 1 7 2 7 1 7 1 7 1 7 1 6 2 6 6 5 2 2 2 2 2 2 2 2 1 0 3 5 4 2 5 2 2 2 5
0 32 3 3 7 6 6 7 1 7 1 7 1 7 2 2 3 2 7 1 7 1 7 1 7 1 7 2 2 3 3 3 7 1
0 5 7 1 6 0 3
0 20 4 2 2 2 5 2 2 1 0 1 5 7 1 7 1 7 1 7 1 7
0 13 7 1 7 1 7 1 7 1 7 2 3 2 3
0 8 6 5 2 2 2 2 1 0
0 14 6 5 2 6 2 3 3 2 7 1 6 0 2 3
0 28 6 2 2 2 3 7 1 7 1 7 1 7 1 7 2 3 2 2 3 7 1 7 1 7 1 7 1 7
0 23 3 3 7 6 7 1 7 1 6 2 3 2 2 2 7 1 7 1 7 1 7 1 6
0 24 3 3 7 6 7 1 7 1 6 2 3 2 2 2 7 1 7 1 7 1 7 1 6 2
0 37 7 2 3 3 7 1 7 1 6 2 2 3 2 2 7 1 7 1 7 1 6 0 3 2 2 3 7 1 7 1 7 1 7 2 2 2 3
0 10 6 5 2 5 2 2 2 2 2 2
0 24 4 2 6 6 3 0 7 6 7 1 6 2 3 7 1 7 1 7 1 6 2 3 2 2
0 18 4 1 1 0 1 3 5 4 2 6 5 1 1 0 1 3 5 4
0 2 6 5
0 21 3 3 0 7 6 6 3 0 7 6 7 1 6 2 3 7 1 7 1 7 1
0 21 6 2 2 2 3 7 1 7 1 7 1 7 1 7 2 3 2 2 3 7 1
0 30 7 1 7 1 7 1 7 1 7 0 2 6 0 3 3 3 3 7 1 7 1 6 0 3 3 3 3 6 7 1
0 16 4 2 6 6 3 0 7 6 7 1 6 2 3 7 1 7
0 35 7 2 3 3 7 1 7 1 6 2 2 3 2 2 7 1 7 1 7 1 6 0 3 2 2 3 7 1 7 1 7 1 7 2 2
0 9 3 3 7 6 7 1 7 1 7
0 17 6 5 2 7 1 7 1 7 1 7 1 6 2 3 7 1 7
0 3 4 2 2
0 22 4 2 2 2 5 2 2 1 0 1 5 7 1 7 1 7 1 7 1 7 2 3
0 3 7 2 3
0 22 4 1 1 0 1 3 5 7 1 6 0 2 3 7 1 7 1 7 1 7 1 7
0 16 3 3 7 6 6 7 1 7 1 7 1 7 2 2 3 2
0 41 6 3 6 6 4 2 7 1 7 2 6 7 1 6 0 2 3 3 7 1 7 1 7 1 6 2 3 3 7 1 6 2 3 2 7 1 7 1 7 1 7
0 33 4 2 2 2 5 2 2 1 0 1 5 7 1 7 1 7 1 7 1 7 2 3 7 1 7 1 6 2 2 2 3 3 7
0 18 6 5 2 5 2 2 2 2 2 2 1 0 2 4 4 4 1 1
0 15 3 3 7 6 7 1 7 1 7 1 7 0 2 3 2
0 10 3 3 7 6 7 1 7 1 7 1
0 8 4 2 5 2 2 2 5 1
0 13 3 3 7 6 7 1 7 1 6 2 3 2 2
0 12 6 3 6 6 7 1 7 1 7 2 2 3
0 55 6 2 2 2 3 7 1 7 1 7 1 7 1 7 2 3 2 2 3 7 1 7 1 7 1 7 1 7 2 2 2 6 2 2 2 3 6 6 5 1 1 0 1 3 5 7 1 7 1 7 1 7 2 3 2
0 8 6 0 6 6 5 1 1 0
0 16 6 3 6 6 4 2 7 1 7 2 6 7 1 6 0 2
0 17 3 3 0 7 6 6 3 0 7 6 7 1 6 2 3 7 1
0 6 6 5 2 4 2 3
0 43 7 1 7 1 7 1 7 1 7 0 2 6 0 3 3 3 3 7 1 7 1 6 0 3 3 3 3 6 7 1 7 1 6 0 3 7 1 6 2 6 7 1 7
0 10 7 1 7 1 7 1 7 0 2 2
0 8 6 5 2 7 1 7 1 7
0 38 4 2 2 2 5 2 2 1 0 1 5 7 1 7 1 7 1 7 1 7 2 3 7 1 7 1 6 2 2 2 3 3 7 1 7 1 7 0
0 18 6 5 2 7 1 7 1 7 1 7 1 6 2 3 7 1 7 1
0 51 4 1 1 0 1 3 5 7 1 6 0 2 3 7 1 7 1 7 1 7 1 7 2 2 2 3 7 2 3 7 1 7 1 6 0 2 6 4 2 2 2 5 1 0 2 5 4 1 1 0 1
0 34 3 3 0 7 6 6 3 0 7 6 7 1 6 2 3 7 1 7 1 7 1 7 2 7 1 7 1 7 1 6 0 7 1 6
0 2 3 3
0 9 3 3 0 7 6 6 3 0 7
0 18 4 2 2 2 5 2 2 1 0 1 5 7 1 7 1 7 1 7
0 23 6 5 2 7 1 7 1 7 1 7 1 6 2 3 7 1 7 1 7 1 7 1 6
0 48 7 1 7 1 7 1 7 1 7 0 2 6 0 3 3 3 3 7 1 7 1 6 0 3 3 3 3 6 7 1 7 1 6 0 3 7 1 6 2 6 7 1 7 0 7 1 7 1
0 21 4 2 5 2 2 2 2 1 0 4 1 4 4 5 4 2 4 1 1 0 1
0 12 4 2 5 2 2 2 2 1 0 4 1 4
0 10 6 5 1 1 0 1 3 5 7 1
0 38 7 1 7 1 7 1 7 1 7 0 2 6 0 3 3 3 3 7 1 7 1 6 0 3 3 3 3 6 7 1 7 1 6 0 3 7 1 6
0 5 7 2 3 3 7
0 31 6 3 6 6 4 2 7 1 7 2 6 7 1 6 0 2 3 3 7 1 7 1 7 1 6 2 3 3 7 1 6
0 13 6 5 2 2 2 2 1 0 5 6 0 2 7
0 8 4 1 1 0 1 3 5 7
0 7 6 2 2 2 3 7 1
0 29 6 3 6 6 4 2 7 1 7 2 6 7 1 6 0 2 3 3 7 1 7 1 7 1 6 2 3 3 7
0 9 6 2 2 2 3 7 1 7 1
0 43 4 1 1 0 1 3 5 7 1 6 0 2 3 7 1 7 1 7 1 7 1 7 2 2 2 3 7 2 3 7 1 7 1 6 0 2 6 4 2 2 2 5 1
0 18 7 1 7 1 7 1 7 1 7 0 2 6 0 3 3 3 3 7
0 14 4 1 1 0 3 5 6 3 6 6 4 1 1 0
0 24 7 1 7 1 7 1 7 0 2 2 7 1 7 2 3 2 6 0 3 3 7 1 7 1
0 15 7 2 3 3 7 1 7 1 6 2 2 3 2 2 7
0 11 3 3 0 7 6 6 3 0 7 6 4
0 11 7 1 7 1 7 1 7 1 7 2 3
0 11 4 1 1 0 1 3 5 7 1 6 0
0 31 4 2 2 2 5 2 2 1 0 1 5 7 1 7 1 7 1 7 1 7 2 3 7 1 7 1 6 2 2 2 3
0 6 6 3 0 7 6 7
0 17 7 1 6 0 3 2 7 1 7 2 7 1 7 1 7 1 7
0 45 6 3 6 6 4 2 7 1 7 2 6 7 1 6 0 2 3 3 7 1 7 1 7 1 6 2 3 3 7 1 6 2 3 2 7 1 7 1 7 1 7 1 6 2 3
0 2 6 4
0 57 6 2 2 2 3 7 1 7 1 7 1 7 1 7 2 3 2 2 3 7 1 7 1 7 1 7 1 7 2 2 2 6 2 2 2 3 6 6 5 1 1 0 1 3 5 7 1 7 1 7 1 7 2 3 2 2 2
0 20 6 5 2 5 1 0 1 1 2 5 3 3 6 6 3 3 6 6 3 3
0 38 7 1 6 0 3 2 7 1 7 2 7 1 7 1 7 1 7 1 6 2 6 6 5 2 2 2 2 2 2 2 2 1 0 3 5 4 2 5
0 16 7 1 7 1 7 1 7 1 7 2 3 2 3 7 1 7
0 9 7 1 7 1 7 1 6 0 3
0 49 4 1 1 0 1 3 5 7 1 6 0 2 3 7 1 7 1 7 1 7 1 7 2 2 2 3 7 2 3 7 1 7 1 6 0 2 6 4 2 2 2 5 1 0 2 5 4 1 1
0 42 6 3 6 6 4 2 7 1 7 2 6 7 1 6 0 2 3 3 7 1 7 1 7 1 6 2 3 3 7 1 6 2 3 2 7 1 7 1 7 1 7 1
0 4 4 2 2 2
0 13 3 3 7 6 7 1 7 1 7 1 7 0 2
0 15 7 1 7 1 7 1 7 1 7 2 2 2 6 6 3
0 19 7 1 7 1 7 1 7 1 7 0 2 6 0 3 3 3 3 7 1
0 15 4 1 1 0 1 3 5 7 1 6 0 2 3 7 1
0 15 6 5 2 5 1 0 1 1 2 5 3 3 6 6 3
0 26 7 1 7 1 7 1 7 0 2 2 7 1 7 2 3 2 6 0 3 3 7 1 7 1 7 1
0 16 6 5 2 2 2 2 1 0 5 6 0 2 7 1 7 0
0 17 7 1 7 1 7 1 7 1 7 0 2 6 0 3 3 3 3
0 7 6 3 0 7 6 4 1
0 22 7 1 7 1 7 1 7 0 2 2 7 1 7 2 3 2 6 0 3 3 7 1
0 60 6 2 2 2 3 7 1 7 1 7 1 7 1 7 2 3 2 2 3 7 1 7 1 7 1 7 1 7 2 2 2 6 2 2 2 3 6 6 5 1 1 0 1 3 5 7 1 7 1 7 1 7 2 3 2 2 2 7 1 7
0 41 7 1 6 0 3 2 7 1 7 2 7 1 7 1 7 1 7 1 6 2 6 6 5 2 2 2 2 2 2 2 2 1 0 3 5 4 2 5 2 2 2
0 37 4 2 2 2 5 2 2 1 0 1 5 7 1 7 1 7 1 7 1 7 2 3 7 1 7 1 6 2 2 2 3 3 7 1 7 1 7
0 36 3 3 7 6 7 1 7 1 7 1 7 0 2 3 2 3 7 1 6 0 2 3 7 1 7 1 7 2 6 3 3 0 7 6 6 5
0 9 6 3 0 7 6 4 1 1 0
0 8 4 2 5 2 2 2 2 1
0 27 7 1 7 1 7 1 7 1 7 0 2 6 0 3 3 3 3 7 1 7 1 6 0 3 3 3 3
0 12 3 3 7 6 7 1 7 1 6 2 3 2
0 9 7 1 7 1 7 1 7 0 2
0 26 3 3 0 7 6 6 3 0 7 6 7 1 6 2 3 7 1 7 1 7 1 7 2 7 1 7
0 4 4 2 5 2
0 14 7 1 7 1 7 1 6 0 3 2 2 7 1 7
0 20 6 5 2 2 2 2 1 0 5 6 0 2 7 1 7 0 6 6 6 5
0 11 6 3 0 7 6 4 1 1 0 3 4
0 26 6 3 6 6 7 1 7 1 7 2 2 3 7 1 7 2 3 2 2 2 7 1 7 1 7 1
0 52 4 1 1 0 1 3 5 7 1 6 0 2 3 7 1 7 1 7 1 7 1 7 2 2 2 3 7 2 3 7 1 7 1 6 0 2 6 4 2 2 2 5 1 0 2 5 4 1 1 0 1 3
0 11 6 5 1 1 0 3 1 1 1 1 3
0 19 4 2 2 2 5 2 2 1 0 1 5 7 1 7 1 7 1 7 1
0 18 4 2 5 2 2 2 2 1 0 4 1 4 4 5 4 2 4 1
0 37 3 3 7 6 6 7 1 7 1 7 1 7 2 2 3 2 7 1 7 1 7 1 7 1 7 2 2 3 3 3 7 1 7 1 6 2 2
0 5 4 2 6 3 0
0 22 6 5 2 6 2 3 3 2 7 1 6 0 2 3 2 6 6 5 2 6 5 1
0 21 6 3 6 6 4 2 7 1 7 2 6 7 1 6 0 2 3 3 7 1 7
0 9 6 5 2 2 2 5 2 5 2
0 12 7 2 3 3 7 1 7 1 6 2 2 3
0 12 7 1 7 0 3 2 3 7 1 7 1 7
0 6 6 5 2 2 2 2
0 10 6 2 2 2 3 7 1 7 1 7
0 17 6 2 2 2 3 7 1 7 1 7 1 7 1 7 2 3 2
0 17 7 1 7 1 7 1 7 1 6 2 2 3 7 1 7 1 7
0 8 7 2 3 3 7 1 7 1
0 5 6 5 2 7 1
0 14 7 2 3 3 7 1 7 1 6 2 2 3 2 2
0 10 6 5 2 2 2 5 2 5 2 2
0 32 7 1 7 1 7 1 6 0 3 2 2 7 1 7 1 6 0 3 3 6 0 2 7 1 7 1 7 1 7 2 2 3
0 11 7 1 7 1 7 1 7 1 7 0 2
0 18 7 1 7 1 7 1 7 1 7 2 3 2 3 7 1 7 0 3
0 19 7 1 7 1 7 1 6 0 3 2 2 7 1 7 1 6 0 3 3
0 35 6 3 6 6 4 2 7 1 7 2 6 7 1 6 0 2 3 3 7 1 7 1 7 1 6 2 3 3 7 1 6 2 3 2 7
0 10 6 5 1 1 0 3 1 1 1 1
0 16 7 2 3 3 7 1 7 1 6 2 2 3 2 2 7 1
0 5 6 4 2 6 5
0 24 7 1 7 1 7 1 7 1 7 2 3 2 3 7 1 7 0 3 3 3 2 6 3 3
0 7 6 5 1 1 0 1 3
0 13 6 3 0 7 6 4 1 1 0 3 4 4 1
0 9 7 1 6 0 3 2 7 1 7
0 22 7 1 7 1 7 1 7 1 7 0 7 1 7 1 7 2 6 6 5 2 6 3
0 12 3 3 0 7 6 6 5 2 5 2 2 1
0 6 3 3 7 6 7 1
0 34 7 1 7 1 7 1 6 0 3 2 2 7 1 7 1 6 0 3 3 6 0 2 7 1 7 1 7 1 7 2 2 3 2 3
0 32 3 3 7 6 7 1 7 1 7 1 7 0 2 3 2 3 7 1 6 0 2 3 7 1 7 1 7 2 6 3 3 0
0 9 4 2 5 2 2 2 5 1 0
0 13 6 5 1 1 0 1 3 5 7 1 7 1 7
0 4 6 3 0 7
0 29 7 1 7 1 7 1 6 0 3 2 2 7 1 7 1 6 0 3 3 6 0 2 7 1 7 1 7 1 7
0 26 6 3 0 7 6 7 1 7 1 7 1 6 2 3 6 2 2 2 7 1 7 1 7 1 7 0
0 29 3 3 7 6 6 7 1 7 1 7 1 7 2 2 3 2 7 1 7 1 7 1 7 1 7 2 2 3 3
